#!ascii label  , from subject sub-v1s14x0051569_ses-1 vox2ras=TkReg
2162
141164  -5.167  -81.554  -28.520 0.5000000000
7962  -9.301  -81.205  -23.223 0.5000000000
8665  -10.108  -80.955  -22.836 0.5000000000
7951  -10.388  -81.180  -21.875 0.5000000000
8079  -3.586  -81.033  -30.452 0.5000000000
8046  -4.624  -81.747  -29.348 0.5000000000
7406  -4.935  -82.134  -30.166 0.5000000000
7396  -5.430  -82.142  -29.379 0.5000000000
7407  -5.778  -82.467  -30.267 0.6000000238
154778  -6.577  -81.561  -27.813 0.5000000000
7934  -11.392  -81.203  -20.522 0.5000000000
8714  -8.225  -80.543  -25.244 0.5000000000
8640  -12.662  -81.036  -20.383 0.5000000000
8681  -9.033  -80.797  -24.070 0.6000000238
8655  -11.211  -80.836  -21.320 0.6000000238
8700  -9.656  -80.305  -24.707 0.6000000238
8666  -10.954  -80.637  -22.395 0.6000000238
8668  -12.807  -80.258  -21.490 0.6999999881
8716  -10.611  -80.169  -25.098 0.6999999881
8667  -11.867  -80.388  -21.902 0.6999999881
8702  -11.319  -80.124  -24.572 0.6999999881
154078  -12.610  -80.036  -22.640 0.6999999881
155576  -13.377  -80.022  -21.967 0.6999999881
8080  -4.317  -81.263  -30.847 0.5000000000
7420  -5.349  -82.173  -30.920 0.6000000238
8093  -5.287  -80.772  -31.809 0.6000000238
8094  -5.880  -81.426  -31.908 0.6000000238
8024  -8.181  -81.378  -27.321 0.5000000000
8641  -13.201  -81.072  -20.563 0.5000000000
7288  -14.114  -81.577  -21.525 0.5000000000
7323  -15.684  -82.436  -23.147 0.6999999881
7936  -14.391  -81.005  -21.308 0.6999999881
7308  -15.495  -81.832  -22.417 0.6999999881
8730  -8.433  -80.456  -26.014 0.6000000238
8003  -8.764  -80.911  -26.722 0.6999999881
7937  -15.079  -80.776  -21.801 0.6999999881
145627  -9.954  -80.328  -25.638 0.6999999881
139766  -10.856  -80.398  -25.905 0.6999999881
8671  -15.599  -80.624  -22.341 0.6999999881
145846  -12.154  -80.308  -25.630 0.6999999881
8703  -12.715  -80.070  -24.470 0.6999999881
8685  -13.589  -79.943  -22.712 0.6999999881
143168  -15.842  -80.372  -23.551 0.6999999881
8718  -12.914  -80.271  -25.363 0.6999999881
8719  -13.878  -80.387  -25.442 0.6999999881
8705  -14.400  -80.094  -23.913 0.6999999881
8720  -14.740  -80.514  -25.409 0.6999999881
9433  -3.832  -79.213  -30.714 0.5000000000
9440  -5.246  -79.295  -31.373 0.6000000238
10175  -5.675  -78.532  -30.996 0.6000000238
9454  -5.686  -79.936  -31.814 0.6000000238
9442  -6.902  -79.278  -31.873 0.6000000238
7422  -7.022  -82.720  -31.174 0.6000000238
8095  -6.703  -81.290  -32.286 0.6000000238
154607  -7.165  -82.940  -29.561 0.6000000238
7340  -15.816  -82.897  -23.993 0.6999999881
8049  -8.514  -82.199  -28.085 0.6999999881
7309  -16.396  -82.011  -22.713 0.6999999881
160122  -16.903  -83.452  -24.621 0.6999999881
6712  -17.647  -83.644  -25.011 0.6999999881
7399  -8.861  -82.680  -29.198 0.6999999881
7324  -16.973  -82.516  -23.259 0.6999999881
6034  -18.183  -83.934  -25.909 0.6999999881
8025  -9.093  -81.592  -27.463 0.6999999881
8050  -9.398  -82.118  -28.292 0.6999999881
7953  -15.887  -81.205  -22.204 0.6999999881
7310  -17.200  -81.907  -22.915 0.6999999881
6692  -17.519  -83.301  -24.097 0.6999999881
6713  -18.780  -83.691  -24.918 0.6999999881
8005  -10.500  -81.215  -27.166 0.6999999881
8051  -10.643  -81.521  -28.086 0.6999999881
8672  -16.289  -80.832  -22.657 0.6999999881
152581  -19.293  -83.300  -24.202 0.6999999881
8734  -12.569  -80.546  -26.250 0.6999999881
8688  -16.983  -80.990  -23.481 0.6999999881
7311  -17.777  -81.861  -23.245 0.6999999881
8735  -13.452  -80.614  -26.222 0.6999999881
142195  -15.945  -80.536  -24.492 0.6999999881
160258  -18.119  -81.587  -23.883 0.6999999881
8736  -14.342  -80.754  -26.187 0.6999999881
8707  -16.668  -80.731  -24.027 0.6999999881
8737  -15.212  -80.911  -26.078 0.6999999881
10162  -4.261  -78.442  -29.942 0.5000000000
10163  -5.290  -78.187  -30.217 0.6000000238
165221  -6.582  -77.338  -30.498 0.6000000238
11886  -5.771  -76.205  -29.630 0.5000000000
11906  -7.345  -76.312  -30.360 0.6000000238
11868  -4.849  -76.329  -28.664 0.5000000000
10995  -4.822  -77.069  -29.088 0.5000000000
11026  -6.790  -77.727  -30.871 0.6000000238
12693  -8.003  -76.067  -30.307 0.6000000238
149553  -7.464  -79.193  -31.661 0.6000000238
11028  -7.925  -77.724  -30.611 0.6000000238
7433  -7.531  -82.346  -31.910 0.6000000238
7423  -7.979  -82.841  -31.103 0.6999999881
8798  -7.538  -81.165  -32.529 0.6999999881
142106  -8.776  -82.796  -30.429 0.6999999881
7434  -8.412  -82.372  -32.034 0.6999999881
6051  -19.714  -84.352  -26.673 0.6999999881
8068  -9.819  -82.303  -29.180 0.6999999881
7424  -9.516  -82.582  -30.954 0.6999999881
6035  -19.227  -84.006  -25.777 0.6999999881
5422  -20.113  -84.990  -27.986 0.6999999881
7425  -10.261  -82.307  -31.511 0.6999999881
6714  -19.781  -83.666  -24.893 0.6999999881
6052  -20.898  -84.171  -26.310 0.6999999881
5433  -19.750  -85.508  -28.623 0.6999999881
8052  -11.464  -81.480  -28.642 0.6000000238
7341  -19.531  -82.639  -23.932 0.6999999881
6037  -21.126  -83.642  -25.609 0.6999999881
5423  -21.077  -84.796  -27.770 0.6999999881
5434  -20.667  -85.432  -28.425 0.6999999881
5446  -20.346  -85.915  -29.093 0.6999999881
160733  -12.012  -81.197  -27.937 0.6999999881
7977  -18.833  -81.742  -24.043 0.6999999881
7979  -20.212  -81.953  -24.825 0.6000000238
6734  -21.638  -83.194  -25.616 0.6999999881
6068  -21.541  -84.292  -26.943 0.6999999881
8006  -13.963  -81.054  -26.968 0.6000000238
8721  -15.587  -80.658  -25.281 0.6999999881
7991  -16.921  -81.252  -25.730 0.6999999881
7976  -18.218  -81.497  -24.543 0.6999999881
7993  -18.760  -81.578  -25.292 0.6000000238
7356  -20.927  -82.357  -25.133 0.6000000238
8007  -14.849  -81.184  -26.882 0.6000000238
8738  -16.067  -81.068  -25.923 0.6000000238
7992  -17.824  -81.445  -25.505 0.6000000238
8012  -19.392  -81.710  -25.900 0.5000000000
8013  -20.313  -81.837  -25.540 0.5000000000
7373  -21.178  -82.024  -26.009 0.5000000000
8031  -16.236  -81.446  -27.365 0.6000000238
8032  -17.083  -81.502  -27.246 0.5000000000
8033  -17.983  -81.657  -27.102 0.5000000000
11887  -6.653  -76.027  -29.996 0.6000000238
12677  -6.212  -75.543  -29.201 0.6000000238
138294  -8.951  -75.186  -29.929 0.5000000000
137628  -9.303  -74.086  -29.658 0.6999999881
12666  -5.444  -75.814  -28.933 0.5000000000
14242  -6.019  -74.558  -27.702 0.6000000238
14243  -7.000  -74.289  -27.676 0.6000000238
13458  -4.557  -74.386  -26.889 0.6000000238
13476  -5.227  -74.825  -27.554 0.6000000238
11890  -9.216  -76.560  -29.512 0.4000000060
155972  -5.315  -74.222  -26.968 0.6000000238
11889  -8.524  -77.107  -30.108 0.5000000000
10178  -8.353  -78.660  -30.313 0.6000000238
9443  -8.224  -79.142  -31.157 0.6000000238
7441  -8.817  -81.755  -32.656 0.6999999881
8783  -7.864  -80.434  -32.481 0.6000000238
8115  -9.669  -81.584  -32.743 0.6999999881
8082  -11.169  -82.128  -31.033 0.6000000238
8116  -10.498  -81.406  -32.760 0.6000000238
8053  -12.417  -81.385  -28.641 0.6000000238
165411  -22.381  -83.405  -26.539 0.6000000238
6083  -22.132  -84.446  -27.568 0.6000000238
165196  -22.280  -85.303  -28.632 0.6999999881
5447  -21.405  -85.837  -28.885 0.6999999881
4770  -21.859  -86.497  -29.373 0.6999999881
8054  -13.283  -81.353  -28.552 0.6000000238
7374  -21.978  -82.425  -26.440 0.6000000238
4783  -21.370  -86.938  -29.913 0.6999999881
8055  -14.627  -81.445  -28.723 0.6000000238
8035  -20.198  -81.895  -26.567 0.4000000060
150758  -22.191  -82.433  -27.388 0.4000000060
7390  -22.974  -82.847  -27.436 0.5000000000
165246  -23.425  -83.762  -27.990 0.6000000238
5436  -23.130  -85.025  -28.769 0.6000000238
4159  -22.289  -87.082  -29.815 0.6000000238
147084  -15.937  -81.536  -28.018 0.5000000000
140745  -16.068  -81.581  -28.783 0.5000000000
145231  -17.560  -81.712  -27.961 0.5000000000
140632  -18.969  -81.863  -26.866 0.5000000000
7417  -23.547  -83.213  -28.783 0.4000000060
6098  -24.055  -84.012  -28.947 0.6000000238
14246  -9.094  -73.544  -28.926 0.6000000238
144234  -8.346  -74.746  -29.323 0.6000000238
13510  -10.953  -74.534  -30.154 0.6000000238
14223  -6.813  -73.665  -27.000 0.6000000238
15030  -7.556  -73.660  -27.306 0.5000000000
15835  -7.855  -72.343  -26.532 0.6000000238
16629  -7.411  -71.477  -25.958 0.6000000238
12681  -10.283  -75.109  -30.034 0.6000000238
152954  -4.552  -73.378  -26.261 0.6999999881
15820  -5.943  -71.782  -25.895 0.6000000238
16611  -6.173  -70.929  -25.502 0.6000000238
144871  -9.096  -76.989  -28.286 0.5000000000
163412  -9.785  -76.435  -28.959 0.6000000238
14999  -4.442  -72.412  -25.495 0.6000000238
15801  -5.531  -71.336  -25.424 0.6999999881
10139  -8.705  -78.281  -28.328 0.5000000000
15786  -4.767  -71.588  -25.052 0.6999999881
9434  -8.779  -79.048  -30.272 0.6000000238
14982  -5.559  -71.845  -23.617 0.6000000238
8800  -9.162  -80.954  -32.938 0.6000000238
9444  -8.744  -79.403  -31.320 0.6000000238
9445  -9.361  -79.374  -31.694 0.6000000238
8801  -9.989  -80.769  -32.989 0.6000000238
8117  -11.365  -81.303  -32.644 0.6000000238
8118  -12.348  -81.085  -32.467 0.6000000238
8804  -13.701  -80.025  -32.583 0.6000000238
149428  -13.639  -81.470  -30.162 0.6000000238
8805  -14.416  -79.892  -32.563 0.6000000238
8072  -14.716  -81.382  -29.530 0.6000000238
150306  -23.893  -84.611  -29.169 0.6000000238
163510  -23.503  -85.946  -29.914 0.6000000238
4161  -23.326  -86.809  -30.210 0.6000000238
146517  -15.303  -81.294  -29.931 0.5000000000
155669  -17.076  -81.817  -28.866 0.5000000000
8058  -18.065  -82.022  -28.619 0.5000000000
3119  -24.235  -88.904  -30.885 0.6000000238
6780  -23.836  -83.643  -30.100 0.4000000060
5461  -24.096  -85.270  -30.663 0.6000000238
149220  -23.885  -86.142  -30.978 0.6000000238
15033  -9.402  -72.786  -28.565 0.6000000238
15850  -9.670  -72.171  -28.054 0.5000000000
15034  -10.120  -72.426  -29.006 0.6000000238
15047  -11.486  -72.964  -30.070 0.5000000000
15848  -8.524  -72.805  -27.296 0.6000000238
15836  -9.234  -71.859  -27.090 0.6000000238
14269  -9.934  -73.317  -29.475 0.5000000000
14270  -10.824  -73.641  -30.104 0.5000000000
13511  -11.682  -74.805  -30.004 0.5000000000
161330  -8.107  -71.588  -26.225 0.5000000000
141262  -8.627  -72.125  -26.808 0.6000000238
16613  -7.868  -70.671  -25.730 0.5000000000
12682  -10.952  -75.277  -29.679 0.6000000238
16571  -5.663  -70.567  -24.189 0.6999999881
17443  -5.991  -69.746  -25.011 0.6000000238
16572  -6.211  -70.257  -23.500 0.6000000238
10153  -9.001  -78.583  -28.081 0.5000000000
14983  -6.307  -72.284  -23.160 0.5000000000
15777  -6.069  -71.253  -23.366 0.6999999881
10165  -9.080  -79.056  -29.591 0.5000000000
10180  -9.995  -78.872  -31.561 0.5000000000
8802  -10.861  -80.630  -33.026 0.6000000238
9478  -12.315  -79.173  -32.748 0.6000000238
8803  -12.324  -80.165  -32.967 0.5000000000
141731  -13.242  -78.870  -32.636 0.6000000238
150707  -13.104  -80.467  -32.547 0.6000000238
8087  -15.270  -80.922  -30.940 0.5000000000
6111  -23.259  -84.029  -30.720 0.5000000000
6126  -24.063  -84.879  -31.090 0.5000000000
4797  -23.673  -86.503  -31.570 0.6000000238
4813  -23.846  -87.702  -31.687 0.6000000238
15837  -9.958  -71.504  -27.418 0.6000000238
15851  -10.422  -71.835  -28.353 0.6000000238
17477  -9.647  -70.014  -26.277 0.6000000238
14272  -12.332  -73.499  -30.299 0.5000000000
16614  -8.498  -70.280  -25.752 0.6000000238
140455  -8.157  -69.570  -25.518 0.6999999881
160189  -11.685  -75.373  -29.023 0.6000000238
17444  -6.518  -69.266  -24.628 0.6000000238
17459  -6.750  -69.399  -25.072 0.6000000238
12660  -11.139  -75.419  -27.696 0.6000000238
15778  -6.714  -70.846  -22.729 0.6000000238
159406  -6.827  -69.857  -22.829 0.6000000238
11846  -8.798  -77.583  -27.725 0.5000000000
10166  -9.809  -78.753  -29.728 0.5000000000
148435  -7.468  -73.003  -22.381 0.5000000000
14984  -6.825  -71.901  -22.732 0.6000000238
10190  -10.664  -78.728  -32.145 0.5000000000
11030  -12.233  -77.056  -31.017 0.6000000238
10208  -11.403  -78.896  -32.546 0.5000000000
144879  -13.678  -77.186  -32.094 0.5000000000
10210  -13.999  -78.643  -32.495 0.5000000000
5487  -22.473  -85.956  -32.405 0.6000000238
5488  -23.258  -86.366  -32.216 0.6000000238
16632  -10.249  -70.629  -26.856 0.6000000238
15838  -10.792  -71.138  -27.688 0.5000000000
15036  -11.781  -72.109  -29.284 0.5000000000
17469  -9.709  -68.894  -26.261 0.6999999881
15048  -12.413  -72.613  -29.915 0.5000000000
18355  -8.410  -68.113  -25.408 0.6999999881
17468  -8.960  -69.413  -25.766 0.6000000238
14273  -13.090  -73.987  -30.267 0.5000000000
18336  -7.125  -68.791  -24.813 0.6000000238
139010  -12.953  -74.553  -29.745 0.5000000000
12661  -12.017  -75.243  -27.987 0.6000000238
17415  -8.493  -69.248  -21.969 0.6999999881
159390  -10.745  -75.290  -26.594 0.6000000238
16555  -8.065  -70.020  -21.495 0.6000000238
11809  -9.613  -75.996  -25.845 0.6000000238
15755  -8.425  -71.668  -20.758 0.6999999881
15767  -7.834  -71.023  -21.365 0.6999999881
10154  -9.798  -78.569  -28.044 0.5000000000
10125  -9.159  -77.760  -26.777 0.5000000000
14970  -7.774  -72.061  -21.495 0.6000000238
149183  -10.334  -78.498  -28.953 0.5000000000
14133  -8.744  -73.202  -20.369 0.5000000000
140919  -11.328  -77.891  -29.153 0.6000000238
10167  -10.815  -78.146  -30.151 0.5000000000
13360  -8.612  -74.098  -20.590 0.6000000238
11029  -11.471  -77.645  -31.155 0.5000000000
11043  -12.869  -76.989  -31.660 0.6000000238
11908  -13.753  -76.524  -30.801 0.5000000000
150251  -10.974  -69.203  -27.076 0.6999999881
148723  -11.122  -70.138  -27.315 0.5000000000
156634  -12.681  -71.141  -28.830 0.5000000000
19251  -9.510  -67.185  -26.038 0.8000000119
143040  -9.762  -67.948  -26.369 0.6999999881
15049  -13.210  -72.181  -29.832 0.5000000000
14298  -13.891  -73.600  -30.388 0.5000000000
19215  -8.897  -67.527  -23.885 0.6999999881
19242  -8.488  -67.666  -25.096 0.6999999881
139003  -8.989  -68.128  -25.972 0.8000000119
18338  -8.186  -67.865  -24.132 0.6999999881
13513  -14.554  -74.442  -29.795 0.5000000000
17416  -9.492  -69.116  -21.899 0.6999999881
18316  -8.514  -68.175  -23.341 0.6999999881
157972  -13.260  -74.792  -28.194 0.6000000238
13494  -13.493  -74.752  -29.140 0.5000000000
16537  -9.688  -70.413  -20.623 0.6000000238
17400  -9.017  -69.731  -21.200 0.6000000238
164151  -10.446  -75.467  -25.455 0.6000000238
14954  -9.136  -71.796  -20.195 0.6999999881
16536  -8.614  -70.616  -20.864 0.6999999881
10972  -10.299  -77.951  -26.861 0.6000000238
10935  -9.660  -76.880  -25.753 0.6000000238
14937  -9.244  -72.508  -19.938 0.6000000238
10973  -11.246  -77.802  -27.315 0.6000000238
150359  -12.178  -77.403  -29.231 0.6000000238
12570  -9.112  -74.757  -19.188 0.6000000238
11015  -12.560  -77.011  -30.059 0.6000000238
11016  -13.317  -76.662  -29.962 0.5000000000
19252  -10.417  -67.201  -26.539 0.6000000238
146122  -11.128  -67.755  -26.964 0.5000000000
17479  -11.691  -69.307  -27.398 0.5000000000
15050  -13.920  -72.109  -30.058 0.5000000000
19232  -9.261  -66.870  -24.445 0.8000000119
14299  -14.701  -73.537  -30.421 0.5000000000
18305  -9.932  -68.540  -22.577 0.6999999881
145886  -13.366  -74.532  -27.296 0.6000000238
14087  -8.669  -73.380  -16.003 0.6000000238
17401  -10.106  -69.593  -21.285 0.8000000119
14074  -9.934  -73.528  -14.955 0.6000000238
158727  -10.406  -71.480  -19.947 0.6999999881
16538  -10.805  -70.151  -20.848 0.8000000119
13477  -11.698  -74.957  -26.767 0.6000000238
158342  -9.649  -75.186  -15.407 0.6000000238
14938  -9.832  -71.903  -19.810 0.6000000238
10936  -10.410  -77.068  -25.553 0.6000000238
10956  -11.935  -77.303  -26.601 0.6000000238
13327  -9.870  -74.758  -17.727 0.6000000238
13342  -9.705  -74.393  -18.572 0.6000000238
14125  -9.853  -73.220  -19.190 0.6000000238
10996  -11.803  -77.656  -28.350 0.6000000238
10957  -12.922  -76.908  -26.922 0.6000000238
13361  -9.008  -73.841  -19.999 0.5000000000
10998  -13.178  -77.032  -28.386 0.5000000000
152078  -13.704  -76.771  -29.073 0.5000000000
11872  -14.029  -76.732  -28.157 0.5000000000
19253  -11.369  -66.847  -26.865 0.5000000000
18378  -12.752  -68.362  -27.595 0.5000000000
20148  -10.010  -65.906  -25.589 0.6000000238
147793  -10.726  -66.097  -26.498 0.5000000000
19216  -9.702  -67.237  -23.718 0.8000000119
19233  -10.172  -66.431  -24.284 0.6999999881
18306  -10.920  -68.751  -22.963 0.8000000119
17417  -10.516  -69.143  -22.162 0.8000000119
13479  -13.991  -74.614  -28.226 0.6000000238
13514  -15.322  -74.365  -29.499 0.5000000000
143218  -8.916  -72.164  -17.477 0.6000000238
17402  -11.132  -69.637  -21.689 0.8000000119
13480  -14.710  -74.292  -27.767 0.5000000000
14895  -10.030  -72.459  -16.123 0.6999999881
14906  -9.063  -72.747  -16.738 0.6000000238
15738  -12.109  -71.550  -20.234 0.8000000119
13459  -11.901  -74.652  -25.560 0.6000000238
147244  -12.904  -74.347  -25.628 0.6000000238
159504  -14.084  -74.285  -27.126 0.6000000238
14075  -10.760  -73.549  -14.935 0.6000000238
11793  -11.654  -76.130  -24.493 0.6000000238
11792  -10.759  -76.013  -24.773 0.6000000238
13443  -13.252  -74.349  -25.032 0.6000000238
12538  -10.232  -75.029  -16.162 0.6000000238
14126  -10.586  -72.928  -18.932 0.6000000238
15719  -11.511  -71.985  -19.876 0.5000000000
11794  -12.595  -76.330  -24.475 0.6000000238
14116  -10.100  -73.600  -18.641 0.6000000238
10975  -13.304  -76.923  -27.682 0.6000000238
158323  -13.488  -76.679  -26.264 0.6000000238
11830  -14.409  -76.610  -26.647 0.5000000000
161979  -15.053  -76.581  -27.048 0.5000000000
11873  -14.949  -76.561  -28.256 0.5000000000
146197  -15.608  -76.570  -27.051 0.5000000000
20138  -10.322  -65.740  -24.953 0.6000000238
19217  -10.687  -67.293  -23.702 0.6999999881
16487  -7.824  -70.695  -18.544 0.6000000238
15710  -7.988  -71.457  -18.421 0.6000000238
17418  -11.447  -69.324  -22.612 0.8000000119
14247  -16.005  -74.130  -28.056 0.5000000000
15698  -9.148  -71.338  -17.726 0.6000000238
16540  -12.641  -70.267  -21.760 0.8000000119
14225  -16.374  -73.818  -27.354 0.5000000000
14907  -9.633  -72.022  -17.062 0.6999999881
15739  -13.246  -71.384  -20.495 0.8000000119
14190  -13.728  -74.187  -25.608 0.6000000238
14204  -15.051  -73.849  -26.357 0.6000000238
14896  -10.975  -72.353  -15.653 0.8000000119
154862  -12.101  -72.194  -19.755 0.6999999881
12629  -12.057  -75.577  -24.325 0.6000000238
13444  -14.008  -74.263  -24.713 0.6000000238
14089  -12.271  -73.422  -15.572 0.6999999881
14105  -12.103  -74.076  -16.836 0.6999999881
14915  -12.274  -73.163  -18.610 0.6000000238
165184  -12.417  -76.012  -24.193 0.6000000238
13423  -14.562  -74.365  -24.012 0.6000000238
13344  -11.292  -74.098  -17.316 0.6000000238
156429  -14.113  -75.172  -23.483 0.5000000000
11796  -14.657  -76.394  -24.390 0.5000000000
19234  -11.095  -66.689  -23.992 0.6000000238
21122  -11.618  -65.186  -24.833 0.5000000000
17389  -6.400  -69.092  -20.342 0.6000000238
18320  -12.345  -68.574  -23.743 0.6999999881
16506  -6.829  -70.021  -19.756 0.6000000238
17430  -11.881  -69.023  -23.328 0.6999999881
17431  -12.855  -69.425  -23.522 0.6000000238
15711  -8.459  -70.919  -18.204 0.6000000238
145778  -7.628  -69.877  -18.526 0.6000000238
17419  -12.806  -69.943  -22.714 0.6000000238
16556  -13.470  -70.418  -22.276 0.6999999881
15699  -10.051  -71.284  -17.351 0.8000000119
16527  -13.292  -70.711  -21.315 0.6999999881
15758  -14.670  -70.982  -21.042 0.6000000238
15689  -10.539  -71.843  -16.551 0.8000000119
147501  -13.482  -72.736  -19.305 0.8000000119
14928  -14.476  -72.790  -19.073 0.6999999881
14898  -12.763  -72.708  -15.699 0.6999999881
14090  -13.074  -73.360  -16.055 0.6999999881
14107  -13.799  -73.333  -16.852 0.6000000238
14916  -13.923  -73.098  -18.668 0.8000000119
18275  -6.012  -68.631  -21.344 0.6000000238
17382  -7.179  -68.562  -18.859 0.6000000238
17346  -8.809  -69.235  -18.083 0.6999999881
15759  -15.537  -70.934  -21.114 0.6000000238
16473  -8.941  -70.301  -17.967 0.6999999881
16475  -10.470  -70.531  -17.801 0.6999999881
15741  -15.214  -71.462  -20.394 0.6999999881
14929  -15.389  -72.470  -18.953 0.6000000238
15700  -11.010  -71.256  -17.035 0.8000000119
15701  -12.034  -71.313  -16.741 0.6000000238
15691  -12.568  -71.915  -15.883 0.5000000000
14917  -15.038  -72.833  -18.203 0.6999999881
14918  -15.527  -72.354  -18.276 0.6999999881
15712  -16.439  -71.331  -18.698 0.6000000238
15690  -11.526  -71.810  -16.106 0.8000000119
14900  -14.286  -72.146  -16.660 0.6000000238
14908  -14.348  -72.676  -16.815 0.6000000238
19180  -5.920  -67.175  -21.861 0.6000000238
19162  -6.533  -67.336  -20.921 0.6000000238
18266  -7.205  -67.814  -19.140 0.6999999881
18265  -6.753  -68.329  -19.617 0.6000000238
18253  -7.698  -68.067  -18.524 0.6999999881
18254  -8.443  -68.345  -18.298 0.6999999881
17362  -9.617  -69.203  -18.240 0.6999999881
17363  -10.387  -69.670  -18.333 0.6000000238
15742  -16.053  -71.248  -20.369 0.6000000238
16476  -11.535  -70.751  -17.598 0.6000000238
15702  -13.091  -71.405  -16.635 0.6000000238
16508  -17.044  -70.823  -18.993 0.5000000000
16480  -15.973  -71.038  -17.920 0.6000000238
16481  -16.547  -70.399  -17.978 0.5000000000
17349  -16.368  -69.673  -17.613 0.5000000000
16492  -14.675  -69.939  -18.217 0.6000000238
17348  -15.522  -69.700  -17.832 0.5000000000
21077  -5.544  -65.696  -22.036 0.6000000238
20110  -6.042  -66.189  -22.070 0.6000000238
20072  -7.040  -66.978  -20.518 0.6999999881
20071  -6.588  -66.602  -21.437 0.6999999881
20073  -8.103  -67.135  -19.652 0.6999999881
19145  -8.256  -67.772  -18.610 0.6999999881
19154  -9.324  -67.662  -19.519 0.6000000238
18256  -10.212  -68.946  -18.737 0.5000000000
146120  -10.999  -68.740  -19.602 0.6999999881
19155  -10.850  -68.227  -20.282 0.6000000238
18257  -11.345  -69.384  -19.021 0.6000000238
17364  -12.246  -69.848  -18.774 0.6000000238
18270  -12.701  -68.568  -19.959 0.6000000238
16491  -13.904  -70.101  -18.520 0.6000000238
17366  -13.957  -69.268  -19.042 0.5000000000
18258  -14.084  -68.529  -18.824 0.5000000000
18236  -14.484  -68.426  -17.911 0.5000000000
24999  -5.888  -61.852  -19.594 0.6999999881
25000  -6.740  -61.820  -20.144 0.6999999881
25986  -6.435  -61.090  -19.490 0.6999999881
22045  -6.345  -64.401  -21.476 0.6000000238
24047  -6.894  -62.643  -20.853 0.6999999881
25001  -7.257  -60.993  -20.020 0.6999999881
25988  -8.341  -60.294  -20.166 0.6999999881
27002  -8.898  -59.890  -20.210 0.6000000238
159277  -6.230  -65.480  -22.032 0.6999999881
23045  -7.127  -63.970  -21.699 0.6999999881
23046  -7.452  -63.227  -21.580 0.6999999881
147227  -8.425  -61.345  -20.959 0.6999999881
21051  -7.640  -65.692  -21.841 0.6999999881
22060  -6.768  -64.561  -21.811 0.6999999881
24049  -8.386  -62.011  -21.437 0.6999999881
158036  -8.844  -67.263  -19.928 0.6999999881
19164  -9.630  -67.482  -20.421 0.6000000238
18268  -9.920  -68.284  -19.292 0.6000000238
19166  -11.765  -67.696  -20.796 0.6000000238
21036  -12.236  -66.104  -21.235 0.6000000238
18269  -11.903  -68.942  -19.790 0.6000000238
18278  -12.419  -67.919  -20.299 0.6000000238
19167  -12.573  -67.301  -20.453 0.6000000238
19156  -13.106  -67.606  -19.906 0.5000000000
20065  -12.809  -66.417  -19.872 0.6000000238
142156  -12.487  -65.582  -19.078 0.6000000238
18271  -13.415  -68.469  -19.426 0.5000000000
19146  -13.101  -66.945  -19.197 0.5000000000
20055  -12.774  -66.137  -18.712 0.5000000000
25985  -5.733  -61.183  -19.083 0.6999999881
25987  -7.670  -60.256  -19.827 0.6999999881
27001  -8.146  -59.640  -19.771 0.6000000238
27961  -8.849  -58.957  -19.738 0.6000000238
27003  -9.637  -59.393  -20.407 0.6000000238
27974  -10.375  -58.858  -20.875 0.4000000060
25009  -9.113  -61.379  -21.507 0.6000000238
25999  -8.844  -60.679  -20.711 0.5000000000
27016  -9.416  -60.122  -20.714 0.5000000000
27018  -10.676  -59.230  -21.661 0.4000000060
27986  -11.797  -58.220  -22.451 0.5000000000
20087  -7.344  -66.356  -21.214 0.6999999881
21078  -7.956  -64.931  -22.226 0.8000000119
24065  -8.280  -62.841  -21.998 0.6999999881
25020  -9.570  -61.740  -22.399 0.5000000000
25010  -9.895  -60.840  -22.028 0.4000000060
27031  -10.506  -60.074  -22.153 0.4000000060
27033  -11.653  -59.112  -22.896 0.4000000060
27044  -12.395  -59.198  -23.592 0.4000000060
21052  -8.419  -65.620  -22.057 0.8000000119
21079  -8.997  -65.017  -22.469 0.8000000119
22062  -8.385  -64.151  -22.452 0.8000000119
157129  -8.941  -62.792  -22.510 0.8000000119
143667  -9.363  -62.406  -22.773 0.6000000238
25021  -10.117  -61.401  -22.964 0.5000000000
26011  -10.470  -60.744  -22.716 0.4000000060
26012  -11.093  -60.201  -23.057 0.4000000060
20088  -8.403  -66.358  -21.277 0.6999999881
20074  -9.127  -67.032  -20.817 0.8000000119
21054  -10.321  -66.008  -22.166 0.6999999881
20091  -11.407  -66.131  -21.774 0.5000000000
25033  -10.517  -61.991  -23.567 0.5000000000
149881  -11.712  -60.926  -23.935 0.4000000060
152314  -12.405  -60.160  -24.062 0.4000000060
20075  -9.995  -67.219  -21.218 0.6000000238
20076  -11.432  -66.973  -21.363 0.5000000000
156823  -12.203  -65.380  -21.620 0.5000000000
21037  -12.496  -65.134  -20.681 0.6000000238
138372  -12.581  -65.960  -20.523 0.6000000238
151498  -12.246  -64.435  -19.736 0.6000000238
25975  -6.827  -60.307  -19.340 0.6000000238
26988  -6.326  -59.715  -18.585 0.5000000000
156125  -7.942  -58.944  -19.373 0.5000000000
28869  -9.121  -57.972  -19.441 0.4000000060
27962  -9.924  -58.344  -20.041 0.5000000000
27963  -10.748  -57.805  -20.677 0.5000000000
27975  -10.984  -58.332  -21.370 0.5000000000
28893  -11.914  -56.870  -21.636 0.5000000000
28910  -12.190  -57.419  -22.406 0.5000000000
28911  -12.912  -57.136  -23.046 0.5000000000
27994  -12.403  -58.106  -23.147 0.5000000000
28924  -13.492  -57.471  -23.690 0.5000000000
22063  -9.364  -64.000  -23.042 0.6999999881
23071  -9.931  -63.300  -23.354 0.6000000238
23072  -10.739  -63.327  -23.539 0.5000000000
24080  -10.253  -62.680  -23.527 0.5000000000
145443  -13.059  -58.321  -23.927 0.5000000000
27995  -13.915  -57.888  -24.410 0.5000000000
21053  -9.258  -65.972  -22.089 0.8000000119
148385  -9.715  -65.557  -22.405 0.6999999881
21080  -10.220  -65.030  -22.761 0.6000000238
24081  -10.996  -62.638  -23.799 0.5000000000
25034  -11.292  -61.881  -23.971 0.4000000060
26023  -12.616  -61.081  -24.458 0.5000000000
150756  -12.959  -59.437  -24.206 0.4000000060
27045  -13.592  -58.879  -24.563 0.5000000000
21055  -11.377  -65.395  -22.317 0.5000000000
22065  -12.006  -64.179  -22.790 0.5000000000
23057  -11.377  -63.894  -23.278 0.6000000238
24082  -11.783  -62.545  -23.915 0.5000000000
25035  -12.114  -61.845  -24.242 0.5000000000
25036  -12.960  -61.935  -24.305 0.5000000000
152429  -12.248  -64.624  -22.139 0.5000000000
22066  -12.477  -63.790  -22.291 0.5000000000
23058  -12.126  -63.632  -23.102 0.5000000000
23074  -12.300  -63.038  -23.438 0.5000000000
22046  -12.437  -63.801  -21.292 0.6000000238
23047  -12.593  -62.947  -21.404 0.6000000238
27938  -6.621  -58.883  -18.318 0.5000000000
28852  -7.775  -57.680  -18.432 0.5000000000
27951  -8.207  -58.199  -19.161 0.5000000000
28870  -9.611  -57.130  -19.216 0.4000000060
163050  -9.844  -57.752  -19.559 0.4000000060
27928  -7.244  -58.063  -17.496 0.5000000000
28853  -8.586  -57.361  -18.865 0.4000000060
28871  -10.440  -57.236  -19.917 0.5000000000
29819  -11.289  -56.762  -20.702 0.6000000238
29820  -11.938  -56.307  -21.065 0.5000000000
28894  -12.590  -56.828  -22.253 0.5000000000
29822  -13.547  -56.658  -21.739 0.4000000060
28895  -14.146  -56.945  -22.413 0.4000000060
28913  -14.839  -57.339  -23.033 0.4000000060
29747  -8.876  -56.265  -17.899 0.4000000060
29758  -9.044  -56.575  -18.609 0.4000000060
29796  -10.344  -56.669  -19.357 0.4000000060
29797  -10.879  -56.362  -19.905 0.5000000000
29799  -12.407  -55.985  -20.759 0.5000000000
29781  -11.228  -55.878  -19.490 0.4000000060
159424  -11.933  -55.709  -19.179 0.4000000060
156777  -12.767  -55.978  -20.028 0.5000000000
142718  -13.293  -56.392  -20.408 0.4000000060
29800  -13.979  -56.817  -20.895 0.4000000060
29801  -14.575  -57.195  -21.495 0.4000000060
139607  -15.600  -57.713  -21.073 0.4000000060
158769  -9.287  -56.460  -16.990 0.4000000060
29759  -9.535  -56.068  -18.358 0.4000000060
160464  -10.091  -56.010  -18.699 0.4000000060
29732  -10.574  -56.127  -15.932 0.4000000060
29750  -11.098  -56.125  -16.820 0.4000000060
29761  -11.380  -55.770  -18.592 0.4000000060
29762  -12.381  -56.393  -18.293 0.4000000060
29763  -13.288  -57.048  -18.483 0.5000000000
29783  -13.420  -56.717  -19.450 0.5000000000
28872  -14.312  -57.241  -19.762 0.4000000060
28873  -14.938  -57.512  -20.489 0.4000000060
28836  -13.157  -57.250  -17.693 0.4000000060
28838  -14.589  -57.464  -18.096 0.4000000060
28855  -14.883  -57.538  -18.987 0.4000000060
144547  -15.147  -57.577  -19.714 0.4000000060
28874  -15.748  -57.632  -20.202 0.4000000060
29718  -9.734  -56.092  -15.770 0.4000000060
145237  -10.307  -55.807  -15.242 0.3000000119
29751  -12.117  -56.716  -16.479 0.3000000119
28822  -12.635  -57.069  -17.164 0.4000000060
30651  -11.078  -54.955  -14.726 0.4000000060
29719  -11.223  -55.972  -15.184 0.3000000119
29720  -12.105  -56.202  -15.220 0.3000000119
29734  -12.528  -56.701  -15.810 0.4000000060
30673  -14.090  -56.072  -16.214 0.5000000000
29752  -14.801  -56.854  -17.286 0.4000000060
29753  -15.341  -56.894  -17.987 0.4000000060
29764  -15.766  -56.929  -18.744 0.4000000060
29802  -16.827  -56.990  -20.479 0.3000000119
31516  -13.598  -55.256  -16.308 0.5000000000
31525  -14.315  -55.494  -16.842 0.5000000000
30684  -15.154  -56.284  -17.617 0.4000000060
30697  -15.680  -56.192  -18.452 0.4000000060
30698  -16.054  -56.523  -19.105 0.3000000119
30663  -10.760  -55.484  -14.876 0.4000000060
31505  -10.491  -54.335  -14.812 0.4000000060
31514  -11.824  -54.781  -15.003 0.4000000060
30665  -12.486  -55.580  -15.165 0.5000000000
29722  -13.344  -55.826  -15.620 0.5000000000
141341  -11.110  -54.005  -15.281 0.4000000060
31515  -12.697  -54.852  -15.646 0.5000000000
31532  -12.960  -54.460  -16.806 0.5000000000
31533  -13.778  -54.774  -17.200 0.4000000060
31546  -14.866  -54.764  -18.212 0.4000000060
138864  -15.548  -55.072  -18.787 0.3000000119
32403  -11.487  -53.270  -17.281 0.3000000119
32404  -12.278  -53.751  -17.578 0.3000000119
32405  -13.121  -54.139  -17.842 0.3000000119
30650  -10.212  -55.005  -14.566 0.4000000060
32393  -9.997  -52.594  -15.899 0.3000000119
33312  -10.174  -52.042  -16.800 0.4000000060
32413  -14.479  -53.829  -18.623 0.3000000119
151432  -9.282  -52.606  -15.310 0.3000000119
34275  -9.792  -51.590  -15.604 0.3000000119
13507  -7.653  -74.999  -29.215 0.6000000238
14244  -7.938  -74.141  -28.006 0.5000000000
154007  -14.814  -71.576  -17.267 0.6000000238
15703  -14.034  -71.495  -16.824 0.6000000238
7950  -9.520  -81.549  -22.265 0.5000000000
8682  -10.681  -80.406  -23.377 0.6000000238
8048  -6.904  -82.349  -28.645 0.5000000000
146595  -11.214  -80.148  -23.847 0.6999999881
140171  -13.608  -80.332  -21.418 0.6999999881
8669  -14.112  -80.047  -21.982 0.6999999881
8747  -11.133  -80.800  -26.696 0.6999999881
9374  -14.509  -80.036  -22.830 0.6999999881
8704  -13.557  -80.128  -24.474 0.6999999881
9456  -7.391  -79.775  -32.110 0.5000000000
6678  -18.045  -83.007  -23.602 0.6999999881
8069  -10.601  -81.852  -29.068 0.6999999881
8026  -11.311  -81.181  -27.581 0.6999999881
7327  -18.910  -82.364  -23.672 0.6999999881
8749  -13.072  -80.908  -27.000 0.6999999881
11888  -7.413  -75.542  -29.980 0.6000000238
6694  -20.831  -83.017  -24.777 0.6999999881
8083  -12.139  -81.736  -30.514 0.6000000238
147271  -13.997  -81.373  -28.401 0.6000000238
8009  -16.578  -81.333  -26.568 0.5000000000
15009  -5.549  -72.621  -26.202 0.6999999881
159371  -12.916  -81.490  -29.565 0.6000000238
6085  -23.545  -84.174  -28.381 0.6000000238
4771  -22.837  -86.426  -29.637 0.6000000238
150347  -14.269  -81.394  -29.969 0.5000000000
8074  -16.391  -81.669  -29.592 0.5000000000
6769  -24.270  -83.941  -30.035 0.5000000000
15020  -7.109  -72.993  -26.632 0.6000000238
15819  -5.082  -72.052  -25.724 0.6999999881
11848  -9.653  -76.377  -27.797 0.6000000238
148450  -11.649  -80.609  -32.958 0.5000000000
8084  -12.981  -81.564  -30.542 0.5000000000
8085  -14.181  -81.177  -30.742 0.6000000238
8100  -13.477  -81.297  -31.149 0.5000000000
8101  -14.653  -80.812  -31.112 0.5000000000
4174  -23.572  -87.662  -30.662 0.6000000238
5473  -23.899  -85.592  -31.140 0.6000000238
6125  -22.633  -84.545  -31.315 0.5000000000
18315  -7.726  -68.434  -23.659 0.6000000238
13495  -14.699  -74.530  -28.829 0.5000000000
13296  -9.396  -74.473  -14.702 0.6000000238
12558  -9.275  -75.090  -18.354 0.6000000238
10997  -12.536  -77.315  -28.564 0.6000000238
13297  -10.137  -74.059  -14.767 0.6000000238
16526  -12.436  -70.738  -20.876 0.8000000119
13313  -11.679  -74.099  -15.601 0.6000000238
13393  -13.347  -75.134  -23.841 0.6000000238
144843  -10.950  -73.552  -18.195 0.6000000238
11795  -13.576  -76.379  -24.471 0.6000000238
15740  -14.290  -71.522  -20.439 0.8000000119
14192  -15.589  -73.734  -25.492 0.6000000238
160236  -13.209  -73.169  -18.643 0.6000000238
14117  -12.031  -73.683  -17.724 0.6999999881
14899  -13.645  -72.675  -16.301 0.6000000238
153618  -12.093  -70.361  -18.113 0.6000000238
14909  -15.119  -72.295  -17.385 0.6999999881
16490  -12.977  -70.297  -18.386 0.6000000238
17367  -14.652  -69.162  -18.316 0.5000000000
19165  -10.598  -67.665  -20.933 0.5000000000
17365  -13.230  -69.642  -19.100 0.6000000238
20056  -13.249  -66.782  -18.092 0.5000000000
24046  -5.931  -63.124  -20.520 0.6999999881
23044  -5.794  -64.002  -20.901 0.6000000238
25008  -7.675  -61.741  -20.742 0.6999999881
23055  -7.921  -63.631  -22.101 0.8000000119
25019  -8.970  -62.217  -22.085 0.6000000238
26989  -7.240  -59.437  -19.160 0.6000000238
27017  -10.066  -59.920  -21.223 0.5000000000
26000  -9.491  -60.617  -21.203 0.5000000000
26034  -13.018  -60.334  -24.483 0.5000000000
27950  -7.411  -58.506  -18.721 0.5000000000
159100  -12.956  -57.706  -23.490 0.5000000000
21081  -11.328  -64.629  -22.874 0.6000000238
23059  -12.677  -63.205  -22.634 0.5000000000
28834  -7.660  -57.481  -17.809 0.5000000000
29821  -12.611  -56.415  -21.622 0.5000000000
29798  -11.581  -56.070  -20.390 0.6000000238
29731  -9.828  -56.026  -16.622 0.4000000060
29749  -10.260  -55.897  -17.261 0.4000000060
30682  -10.781  -55.787  -17.929 0.4000000060
29733  -11.641  -56.386  -15.748 0.3000000119
139064  -11.709  -56.247  -17.538 0.4000000060
28837  -13.840  -57.512  -17.798 0.5000000000
28854  -14.095  -57.458  -18.690 0.4000000060
28823  -13.451  -57.355  -17.056 0.4000000060
28824  -14.260  -57.275  -17.217 0.4000000060
28856  -15.570  -57.433  -19.414 0.4000000060
28857  -16.303  -57.326  -19.997 0.4000000060
30664  -11.641  -55.532  -14.857 0.3000000119
29721  -12.908  -56.402  -15.497 0.5000000000
29735  -13.586  -56.572  -15.996 0.4000000060
30683  -14.652  -56.226  -16.891 0.5000000000
29736  -14.233  -56.744  -16.586 0.4000000060
29765  -16.143  -57.018  -19.314 0.4000000060
31545  -14.012  -54.366  -18.035 0.5000000000
139174  -14.835  -55.610  -17.467 0.4000000060
30696  -15.283  -55.589  -18.056 0.4000000060
31524  -11.866  -54.283  -15.607 0.5000000000
32394  -11.340  -53.575  -16.223 0.5000000000
32395  -12.112  -54.060  -16.497 0.4000000060
32412  -13.582  -53.603  -18.465 0.4000000060
33313  -10.686  -52.666  -16.854 0.4000000060
33311  -9.789  -52.051  -15.933 0.3000000119
34298  -10.188  -51.588  -16.516 0.3000000119
33321  -10.563  -52.050  -17.542 0.3000000119
3630  -20.116  -89.073  -34.720 0.5000000000
3151  -20.739  -89.655  -34.994 0.5000000000
2235  -22.124  -90.168  -32.771 0.5000000000
2690  -21.911  -90.125  -33.322 0.5000000000
2222  -22.427  -90.256  -32.046 0.5000000000
2236  -22.621  -90.157  -32.906 0.5000000000
2209  -23.891  -90.215  -30.643 0.6000000238
4203  -20.254  -87.826  -33.390 0.5000000000
3138  -21.013  -89.162  -34.053 0.5000000000
3152  -21.199  -89.522  -34.258 0.5000000000
2691  -22.035  -89.379  -32.689 0.5000000000
1784  -25.431  -90.670  -30.585 0.6000000238
2692  -22.949  -89.886  -33.364 0.6000000238
2224  -25.130  -89.819  -32.039 0.6000000238
4192  -19.778  -86.975  -33.012 0.4000000060
6096  -17.585  -84.538  -29.529 0.4000000060
6097  -18.281  -85.063  -29.640 0.4000000060
5469  -18.085  -84.846  -31.328 0.5000000000
5470  -18.699  -85.541  -31.355 0.5000000000
4809  -18.697  -85.721  -33.063 0.5000000000
4810  -19.370  -86.242  -32.560 0.5000000000
4795  -19.386  -86.260  -31.394 0.5000000000
4180  -19.960  -86.876  -31.931 0.5000000000
154818  -25.789  -91.448  -30.641 0.6000000238
1772  -26.910  -91.236  -30.616 0.6000000238
3612  -20.857  -88.122  -32.548 0.5000000000
3620  -21.006  -88.535  -33.178 0.5000000000
3613  -21.545  -88.708  -32.047 0.5000000000
2211  -25.894  -90.122  -31.324 0.6000000238
3621  -21.623  -89.016  -32.720 0.5000000000
2704  -22.793  -89.030  -33.323 0.6000000238
2683  -25.186  -89.697  -32.403 0.6000000238
2203  -26.621  -90.624  -30.881 0.6000000238
2694  -25.641  -90.294  -34.038 0.6000000238
2227  -26.400  -89.468  -32.228 0.6000000238
2675  -26.930  -89.424  -31.822 0.6999999881
2695  -26.361  -90.124  -33.820 0.6000000238
2686  -26.784  -89.278  -32.323 0.6999999881
6048  -16.851  -84.124  -26.896 0.6000000238
6064  -17.311  -84.342  -27.529 0.6000000238
6050  -18.610  -84.300  -26.694 0.6000000238
147559  -17.444  -84.473  -28.800 0.5000000000
141075  -18.049  -84.820  -28.852 0.5000000000
5432  -18.852  -85.341  -28.904 0.6000000238
5459  -18.467  -85.295  -30.487 0.5000000000
5444  -18.941  -85.608  -29.801 0.5000000000
149328  -19.477  -85.986  -29.973 0.5000000000
4796  -20.145  -86.854  -30.969 0.5000000000
4782  -20.482  -86.734  -30.164 0.5000000000
4181  -20.617  -87.420  -31.397 0.5000000000
2191  -27.570  -91.641  -29.148 0.6999999881
2199  -27.712  -91.180  -30.490 0.6000000238
2200  -28.420  -91.184  -30.118 0.8000000119
3133  -22.192  -89.227  -31.819 0.5000000000
3140  -22.995  -89.620  -31.968 0.5000000000
3164  -22.759  -88.556  -34.145 0.6000000238
2204  -27.373  -90.355  -30.804 0.6999999881
2205  -28.346  -90.716  -30.739 0.6999999881
146949  -24.085  -88.997  -33.135 0.6000000238
2687  -27.478  -89.140  -31.803 0.6999999881
2707  -25.090  -90.097  -34.561 0.6000000238
161093  -26.178  -89.578  -34.633 0.6000000238
3168  -26.735  -88.297  -34.399 0.6999999881
3156  -27.509  -88.211  -32.810 0.6999999881
3157  -28.357  -87.811  -32.559 0.6000000238
145782  -16.287  -83.855  -26.259 0.5000000000
6049  -17.691  -84.233  -26.773 0.6000000238
6082  -19.258  -85.001  -28.130 0.6000000238
5445  -19.550  -85.807  -29.353 0.6000000238
4769  -20.865  -86.459  -29.466 0.6000000238
4170  -20.949  -87.236  -30.580 0.5000000000
4171  -21.845  -87.543  -30.213 0.6000000238
2185  -27.991  -91.153  -28.956 0.6999999881
3606  -21.850  -88.484  -31.127 0.5000000000
3598  -23.229  -88.428  -30.484 0.5000000000
2660  -29.372  -90.344  -29.908 0.5000000000
3592  -29.000  -88.799  -29.208 0.6000000238
3124  -22.307  -88.938  -31.198 0.6000000238
3141  -23.503  -89.668  -31.832 0.5000000000
2668  -29.075  -90.375  -30.793 0.6000000238
3170  -22.342  -89.277  -36.000 0.5000000000
146434  -28.276  -89.368  -31.390 0.6999999881
151436  -29.211  -90.019  -31.499 0.6000000238
3172  -24.331  -89.124  -36.180 0.5000000000
2688  -28.341  -88.822  -31.693 0.6000000238
3624  -29.303  -87.432  -32.601 0.6000000238
140876  -24.945  -88.290  -36.413 0.5000000000
159240  -26.177  -88.119  -35.943 0.6000000238
3638  -27.528  -86.975  -33.586 0.5000000000
4223  -26.101  -85.991  -34.716 0.5000000000
138781  -29.632  -85.854  -34.093 0.5000000000
6690  -16.106  -83.377  -24.706 0.6000000238
6711  -16.605  -83.651  -25.389 0.6000000238
141947  -14.974  -82.721  -23.892 0.4000000060
4173  -23.288  -87.800  -30.408 0.5000000000
3114  -29.410  -89.829  -29.623 0.6000000238
2666  -24.085  -89.441  -30.729 0.5000000000
3120  -30.104  -90.011  -30.316 0.5000000000
3631  -22.670  -88.568  -34.533 0.5000000000
2678  -30.049  -89.467  -31.664 0.5000000000
3136  -30.858  -88.984  -32.017 0.5000000000
3115  -30.448  -89.122  -30.397 0.5000000000
4213  -22.018  -88.657  -36.148 0.5000000000
3144  -29.128  -88.273  -32.106 0.5000000000
162464  -29.852  -86.957  -32.647 0.5000000000
143113  -23.910  -87.933  -36.370 0.6000000238
4219  -24.469  -87.453  -36.239 0.6000000238
3634  -28.590  -87.098  -33.050 0.5000000000
4215  -30.051  -86.251  -33.566 0.6000000238
4843  -25.606  -86.541  -35.913 0.6000000238
4844  -25.979  -86.543  -35.498 0.5000000000
7307  -14.650  -81.928  -22.178 0.4000000060
3614  -23.955  -88.194  -31.983 0.5000000000
151811  -30.720  -87.293  -32.086 0.5000000000
4210  -22.561  -88.267  -34.351 0.5000000000
4825  -22.114  -87.894  -35.357 0.5000000000
139033  -30.707  -86.392  -32.758 0.5000000000
152466  -30.774  -86.406  -32.462 0.5000000000
4207  -32.303  -85.503  -32.766 0.5000000000
4198  -33.751  -85.150  -32.142 0.5000000000
5489  -35.487  -84.331  -32.008 0.5000000000
4828  -21.708  -87.107  -35.563 0.6000000238
4841  -23.898  -87.078  -36.193 0.6000000238
141234  -30.718  -85.926  -33.702 0.5000000000
4842  -24.967  -86.776  -36.063 0.6000000238
5515  -31.426  -85.691  -36.224 0.5000000000
5513  -25.511  -85.769  -35.999 0.5000000000
5505  -26.293  -84.768  -35.753 0.5000000000
5492  -21.336  -86.631  -33.411 0.5000000000
4212  -31.760  -85.835  -33.786 0.5000000000
4821  -32.431  -85.792  -33.355 0.5000000000
161946  -33.717  -85.597  -33.089 0.5000000000
4824  -34.973  -85.073  -33.109 0.5000000000
4819  -21.627  -87.272  -33.935 0.5000000000
4818  -20.931  -86.698  -34.462 0.6000000238
4838  -32.191  -85.808  -34.914 0.5000000000
4826  -32.677  -85.836  -34.239 0.5000000000
5494  -35.008  -84.891  -33.963 0.5000000000
6136  -35.366  -84.183  -32.643 0.5000000000
160707  -35.551  -83.594  -31.880 0.5000000000
4831  -24.352  -86.006  -36.143 0.5000000000
4849  -31.818  -86.051  -35.887 0.5000000000
6155  -32.829  -84.964  -36.852 0.5000000000
5486  -20.987  -85.913  -32.865 0.5000000000
6142  -34.057  -84.030  -35.447 0.5000000000
5499  -34.217  -84.533  -34.639 0.5000000000
6800  -35.158  -84.081  -33.270 0.5000000000
7440  -34.472  -82.232  -31.765 0.4000000060
6799  -34.666  -83.797  -33.725 0.4000000060
10994  -4.255  -77.819  -29.102 0.4000000060
14104  -8.326  -73.241  -16.844 0.5000000000
157580  -6.953  -71.156  -19.690 0.5000000000
14924  -7.454  -71.561  -18.936 0.5000000000
17388  -5.852  -69.542  -21.410 0.5000000000
16522  -6.253  -70.136  -20.721 0.5000000000
14905  -8.266  -72.713  -17.598 0.5000000000
24031  -5.346  -62.701  -19.753 0.5000000000
24990  -5.291  -61.836  -19.052 0.5000000000
25962  -5.691  -60.091  -18.190 0.5000000000
4812  -23.403  -87.078  -32.415 0.5000000000
4194  -23.560  -87.675  -32.536 0.5000000000
2225  -25.556  -89.673  -31.838 0.6000000238
152398  -21.630  -89.244  -33.477 0.6000000238
2684  -25.767  -90.301  -33.116 0.6000000238
3166  -23.906  -89.462  -35.374 0.6000000238
3155  -26.890  -89.468  -34.014 0.6999999881
6081  -18.455  -84.830  -28.168 0.6000000238
2681  -23.692  -90.018  -31.448 0.5000000000
3173  -25.534  -88.774  -36.066 0.6000000238
3637  -26.516  -87.168  -34.249 0.6000000238
3646  -25.983  -86.842  -34.767 0.6000000238
3109  -28.686  -89.710  -29.081 0.6999999881
3622  -23.897  -88.724  -32.389 0.5000000000
3641  -22.124  -89.076  -36.572 0.5000000000
3649  -25.507  -86.755  -35.717 0.6000000238
4222  -25.986  -86.711  -35.532 0.6000000238
150418  -26.661  -86.448  -34.121 0.5000000000
4216  -30.667  -85.614  -34.329 0.5000000000
3145  -30.247  -88.304  -32.240 0.5000000000
3616  -30.599  -87.552  -32.272 0.5000000000
4829  -22.361  -87.821  -35.887 0.5000000000
5514  -26.096  -85.886  -35.559 0.5000000000
4204  -22.194  -87.773  -34.268 0.5000000000
153781  -22.216  -86.836  -35.962 0.5000000000
142593  -21.473  -87.241  -34.913 0.5000000000
161974  -33.779  -85.373  -34.117 0.5000000000
4850  -32.721  -85.529  -35.867 0.5000000000
5512  -34.161  -84.660  -35.611 0.5000000000
6791  -35.086  -83.094  -32.229 0.5000000000
6156  -33.474  -84.373  -36.388 0.4000000060
7449  -34.374  -82.726  -32.683 0.4000000060
5451  -28.751  -84.838  -29.259 0.5000000000
149853  -28.998  -85.335  -29.731 0.6000000238
4785  -29.531  -85.632  -30.311 0.6000000238
4774  -29.060  -86.217  -29.850 0.6000000238
4150  -28.081  -86.980  -28.825 0.4000000060
4799  -30.987  -85.440  -31.291 0.4000000060
4185  -31.092  -86.191  -31.832 0.4000000060
4184  -30.972  -86.528  -31.605 0.5000000000
4175  -29.789  -86.805  -30.392 0.6000000238
4176  -30.539  -87.497  -30.889 0.5000000000
3602  -30.863  -87.748  -31.326 0.4000000060
149886  -28.788  -87.680  -29.221 0.5000000000
3600  -30.147  -88.153  -30.210 0.5000000000
3585  -28.259  -88.116  -28.736 0.6000000238
2655  -27.523  -90.471  -28.429 0.6000000238
2184  -27.287  -91.443  -28.603 0.6000000238
1744  -26.162  -92.202  -28.606 0.6000000238
138962  -26.695  -92.177  -29.629 0.6000000238
1414  -25.774  -92.406  -29.611 0.6000000238
1760  -25.509  -92.121  -30.370 0.5000000000
1770  -25.051  -91.589  -30.591 0.5000000000
1783  -24.498  -90.905  -30.559 0.4000000060
2208  -22.887  -90.460  -31.457 0.5000000000
152365  -35.231  -82.927  -31.408 0.3000000119
164212  -20.742  -89.905  -35.357 0.4000000060
152596  -16.772  -73.586  -26.584 0.4000000060
14193  -16.470  -73.605  -25.118 0.4000000060
14179  -15.820  -73.836  -24.395 0.5000000000
21015  -12.590  -65.371  -18.425 0.5000000000
22036  -12.250  -63.708  -19.854 0.5000000000
23032  -13.117  -63.339  -19.212 0.5000000000
23031  -12.567  -63.160  -19.779 0.4000000060
24050  -13.107  -62.717  -22.057 0.4000000060
24021  -15.548  -62.988  -19.518 0.4000000060
24066  -13.013  -62.804  -23.105 0.4000000060
24067  -13.802  -62.487  -22.640 0.4000000060
24051  -13.742  -62.408  -21.542 0.4000000060
24084  -13.417  -62.425  -23.694 0.4000000060
24085  -14.307  -62.363  -23.562 0.4000000060
146190  -15.439  -62.504  -21.074 0.4000000060
25037  -13.795  -62.035  -24.358 0.4000000060
25038  -14.733  -62.104  -24.542 0.4000000060
24087  -16.248  -62.303  -23.390 0.4000000060
26035  -13.575  -60.594  -24.951 0.4000000060
163299  -14.671  -61.515  -25.322 0.4000000060
155949  -13.418  -59.778  -24.632 0.4000000060
26036  -14.430  -60.616  -25.466 0.4000000060
28925  -14.335  -57.375  -23.871 0.3000000119
27996  -14.992  -57.729  -24.574 0.4000000060
28897  -16.185  -57.879  -21.604 0.3000000119
28914  -16.218  -57.774  -22.625 0.3000000119
140307  -15.352  -57.524  -23.651 0.3000000119
24020  -14.603  -63.080  -19.517 0.4000000060
139481  -14.007  -62.686  -20.109 0.4000000060
24034  -13.418  -62.483  -20.660 0.4000000060
160495  -13.768  -63.059  -19.504 0.4000000060
24052  -14.650  -62.374  -21.621 0.4000000060
24068  -14.781  -62.371  -22.521 0.4000000060
146189  -16.504  -62.564  -20.936 0.4000000060
150748  -15.373  -62.372  -21.874 0.4000000060
24086  -15.280  -62.350  -23.485 0.4000000060
5378  -30.373  -85.746  -23.497 0.3000000119
5387  -31.272  -85.523  -24.147 0.3000000119
4103  -30.902  -87.174  -23.518 0.4000000060
4115  -31.670  -86.991  -24.044 0.3000000119
4725  -32.067  -86.250  -24.484 0.4000000060
3089  -32.445  -88.638  -25.366 0.3000000119
150561  -32.653  -87.866  -24.928 0.3000000119
4116  -32.913  -87.165  -25.291 0.4000000060
2646  -31.314  -89.510  -26.129 0.3000000119
139867  -32.438  -88.468  -26.398 0.3000000119
3106  -32.753  -87.984  -26.783 0.3000000119
156631  -31.509  -88.953  -26.650 0.3000000119
3105  -32.123  -88.432  -26.986 0.3000000119
3111  -32.194  -88.211  -27.853 0.3000000119
3578  -30.678  -88.411  -27.585 0.3000000119
3579  -31.390  -88.296  -28.046 0.3000000119
4151  -31.680  -87.508  -28.335 0.3000000119
4137  -29.867  -87.098  -27.171 0.3000000119
4145  -30.477  -86.807  -27.663 0.3000000119
4758  -30.490  -85.792  -27.884 0.3000000119
4741  -28.313  -86.244  -25.695 0.3000000119
4136  -29.308  -87.401  -26.629 0.3000000119
4752  -29.366  -86.401  -26.702 0.3000000119
160981  -29.278  -85.248  -26.956 0.3000000119
5426  -29.316  -84.616  -27.713 0.3000000119
5404  -28.153  -85.148  -25.796 0.4000000060
5389  -32.667  -85.792  -25.042 0.3000000119
3543  -31.825  -88.620  -23.973 0.4000000060
4743  -33.258  -86.562  -25.692 0.4000000060
141856  -32.081  -89.350  -25.010 0.3000000119
3581  -33.174  -87.449  -27.152 0.4000000060
3102  -30.685  -89.103  -27.304 0.3000000119
3587  -32.484  -87.685  -28.273 0.4000000060
4763  -31.918  -86.674  -28.725 0.4000000060
146731  -29.581  -88.953  -26.765 0.3000000119
5427  -30.960  -85.595  -28.423 0.4000000060
4126  -28.299  -87.293  -25.815 0.3000000119
3558  -28.444  -88.203  -26.046 0.4000000060
164875  -29.518  -84.489  -28.426 0.4000000060
138608  -28.280  -84.393  -27.821 0.3000000119
3556  -27.611  -87.971  -25.541 0.3000000119
6027  -31.478  -84.637  -24.433 0.3000000119
6695  -30.303  -83.303  -23.790 0.3000000119
5405  -32.745  -85.158  -25.357 0.3000000119
6043  -33.234  -85.086  -25.936 0.3000000119
3057  -31.285  -89.743  -23.609 0.4000000060
5407  -33.537  -85.940  -26.184 0.3000000119
5418  -33.817  -85.479  -26.781 0.3000000119
2177  -31.016  -89.931  -25.595 0.3000000119
2633  -31.654  -89.648  -24.689 0.4000000060
4147  -33.565  -86.697  -27.574 0.4000000060
4139  -33.818  -86.204  -27.323 0.3000000119
4153  -32.930  -87.108  -28.667 0.4000000060
3594  -33.327  -86.825  -28.556 0.4000000060
2644  -29.977  -90.007  -26.407 0.3000000119
1738  -29.350  -90.796  -25.596 0.3000000119
4764  -32.519  -86.540  -29.140 0.4000000060
4164  -33.152  -86.625  -29.327 0.4000000060
2643  -29.381  -90.210  -26.360 0.3000000119
1733  -28.857  -91.587  -25.626 0.3000000119
5454  -31.867  -85.191  -29.593 0.4000000060
5464  -32.165  -85.151  -30.370 0.5000000000
2173  -28.945  -90.814  -26.057 0.3000000119
6089  -29.987  -84.388  -28.975 0.4000000060
6114  -29.977  -84.564  -30.002 0.4000000060
6127  -31.074  -84.786  -30.736 0.5000000000
150332  -27.140  -88.967  -25.476 0.3000000119
6028  -32.208  -84.494  -25.082 0.3000000119
6696  -31.056  -83.203  -24.487 0.3000000119
153133  -30.827  -90.456  -24.033 0.4000000060
4760  -34.357  -85.630  -27.875 0.4000000060
4177  -34.472  -85.931  -29.579 0.4000000060
1728  -30.428  -90.653  -24.317 0.4000000060
148964  -33.388  -86.083  -30.004 0.4000000060
4788  -33.617  -85.751  -30.386 0.5000000000
4802  -33.106  -85.215  -31.039 0.4000000060
145686  -29.499  -91.261  -24.544 0.3000000119
5475  -32.444  -85.263  -31.089 0.4000000060
1377  -28.362  -92.581  -24.474 0.3000000119
4801  -32.329  -85.179  -31.481 0.4000000060
165073  -32.465  -85.075  -32.092 0.4000000060
2168  -28.317  -91.359  -26.011 0.3000000119
3087  -27.517  -89.748  -25.697 0.3000000119
3080  -26.675  -89.751  -25.340 0.3000000119
6059  -33.466  -84.583  -26.513 0.3000000119
6060  -33.954  -84.925  -27.009 0.3000000119
4765  -34.719  -85.611  -28.717 0.3000000119
1722  -29.725  -91.314  -23.870 0.4000000060
4790  -34.940  -85.455  -30.019 0.5000000000
142717  -34.439  -85.141  -31.539 0.4000000060
1370  -29.259  -91.844  -23.156 0.4000000060
4188  -33.779  -85.109  -31.647 0.4000000060
1072  -27.897  -93.271  -22.685 0.3000000119
1369  -28.770  -92.290  -23.553 0.3000000119
1376  -28.232  -93.224  -24.373 0.3000000119
1730  -27.300  -92.182  -25.359 0.3000000119
3079  -26.010  -89.730  -24.776 0.3000000119
2166  -26.858  -91.302  -25.155 0.3000000119
5428  -34.359  -85.146  -27.555 0.3000000119
5455  -35.642  -85.239  -29.570 0.4000000060
4791  -35.315  -85.097  -30.469 0.4000000060
161869  -27.926  -93.556  -22.081 0.3000000119
1057  -27.276  -94.164  -20.883 0.3000000119
1367  -27.210  -93.349  -24.050 0.3000000119
1366  -26.881  -93.433  -23.363 0.3000000119
140073  -26.646  -92.081  -24.061 0.3000000119
164856  -26.751  -93.931  -20.413 0.3000000119
1701  -26.151  -93.411  -20.430 0.3000000119
1352  -26.426  -93.566  -22.070 0.3000000119
158129  -25.974  -92.836  -22.164 0.3000000119
1721  -26.371  -92.113  -23.221 0.3000000119
6771  -35.620  -84.010  -29.558 0.3000000119
147506  -35.894  -84.429  -30.102 0.4000000060
1329  -25.965  -93.189  -19.568 0.3000000119
1700  -25.329  -92.809  -20.298 0.3000000119
8037  -33.458  -82.169  -28.103 0.3000000119
144210  -34.244  -82.981  -28.327 0.3000000119
6782  -35.710  -83.769  -30.371 0.3000000119
7405  -34.657  -82.678  -29.201 0.3000000119
7419  -34.827  -82.444  -29.947 0.3000000119
23039  -12.360  -63.301  -20.503 0.5000000000
28007  -14.376  -58.520  -25.043 0.5000000000
27052  -13.982  -59.612  -25.109 0.4000000060
142764  -12.993  -62.515  -21.174 0.4000000060
142933  -27.989  -89.655  -28.598 0.6000000238
157516  -29.476  -88.229  -29.578 0.5000000000
4195  -31.168  -86.112  -32.171 0.4000000060
4814  -34.993  -84.743  -32.083 0.4000000060
164211  -35.555  -84.696  -31.455 0.4000000060
6117  -35.914  -84.478  -30.953 0.4000000060
6781  -35.321  -82.998  -30.563 0.3000000119
22020  -13.248  -64.577  -17.959 0.5000000000
23021  -14.176  -63.550  -18.682 0.4000000060
141097  -14.997  -62.803  -20.257 0.4000000060
150208  -32.276  -88.084  -24.389 0.3000000119
3570  -29.866  -88.117  -27.070 0.3000000119
162752  -28.791  -87.608  -26.232 0.3000000119
2624  -31.662  -89.552  -24.316 0.4000000060
5439  -31.298  -85.147  -28.969 0.4000000060
2153  -31.330  -90.022  -24.188 0.4000000060
2170  -30.719  -90.346  -25.173 0.3000000119
2175  -29.997  -90.314  -25.942 0.3000000119
4166  -33.982  -86.382  -29.045 0.4000000060
149646  -27.877  -92.221  -25.781 0.3000000119
137752  -34.723  -85.286  -30.618 0.4000000060
2167  -27.501  -91.395  -25.719 0.3000000119
6106  -35.901  -85.015  -30.169 0.4000000060
1073  -28.955  -93.031  -21.713 0.3000000119
2158  -26.568  -91.182  -24.273 0.3000000119
6759  -35.524  -84.383  -28.983 0.3000000119
1707  -25.771  -93.047  -21.352 0.3000000119
1413  -24.906  -92.728  -29.841 0.5000000000
137303  -24.941  -92.786  -28.931 0.5000000000
135263  -25.400  -92.193  -28.430 0.5000000000
2654  -26.813  -90.902  -27.973 0.5000000000
3108  -27.647  -88.728  -28.307 0.4000000060
5491  -20.409  -86.228  -33.926 0.4000000060
4773  -28.462  -85.646  -29.290 0.5000000000
5437  -28.188  -84.914  -28.730 0.3000000119
6072  -27.924  -84.351  -27.105 0.3000000119
6087  -28.656  -84.520  -28.566 0.4000000060
5415  -28.491  -84.813  -26.512 0.3000000119
157005  -28.758  -84.609  -27.109 0.3000000119
1361  -29.196  -92.076  -22.124 0.3000000119
1355  -29.384  -91.934  -21.288 0.3000000119
1371  -29.554  -91.619  -22.939 0.3000000119
162871  -30.764  -87.826  -23.229 0.3000000119
1335  -29.478  -92.115  -20.286 0.3000000119
1715  -29.853  -91.363  -21.998 0.3000000119
1716  -30.313  -90.848  -22.904 0.3000000119
161496  -30.905  -89.878  -23.008 0.3000000119
3528  -30.577  -88.954  -22.271 0.3000000119
3045  -30.701  -89.370  -21.419 0.3000000119
1702  -29.962  -91.389  -21.077 0.3000000119
145159  -30.448  -90.460  -21.317 0.3000000119
2138  -30.454  -90.372  -22.228 0.3000000119
3033  -31.089  -89.400  -20.653 0.3000000119
3541  -30.394  -88.074  -22.558 0.3000000119
4687  -29.841  -86.627  -22.421 0.3000000119
2120  -30.976  -90.373  -19.764 0.3000000119
4070  -29.973  -87.458  -22.109 0.3000000119
4057  -30.605  -87.294  -20.935 0.3000000119
2221  -22.004  -91.305  -33.174 0.3000000119
3584  -27.585  -87.640  -28.316 0.5000000000
2649  -26.868  -90.007  -27.837 0.4000000060
158489  -26.012  -91.833  -28.119 0.5000000000
6086  -28.055  -84.534  -28.172 0.3000000119
24053  -17.034  -62.454  -21.640 0.3000000119
150747  -16.136  -62.435  -21.741 0.3000000119
26037  -15.089  -61.156  -25.833 0.3000000119
1424  -23.715  -92.513  -30.607 0.4000000060
137096  -23.699  -92.967  -29.443 0.4000000060
155044  -20.898  -89.193  -26.718 0.4000000060
135265  -21.940  -90.040  -27.585 0.4000000060
136771  -23.479  -89.852  -27.269 0.4000000060
135272  -25.056  -89.978  -27.082 0.4000000060
163895  -25.761  -89.940  -27.272 0.4000000060
155184  -23.599  -91.046  -28.123 0.4000000060
136690  -24.792  -91.577  -28.067 0.4000000060
136942  -25.612  -90.594  -27.524 0.4000000060
161542  -19.696  -88.327  -25.239 0.3000000119
155438  -21.232  -88.413  -26.142 0.4000000060
136588  -23.441  -89.157  -26.766 0.4000000060
155241  -24.584  -92.364  -28.623 0.4000000060
155294  -21.679  -89.503  -27.131 0.4000000060
155234  -22.977  -90.818  -28.136 0.4000000060
155042  -20.231  -88.610  -25.981 0.3000000119
136649  -21.910  -88.919  -26.668 0.4000000060
155119  -22.571  -89.486  -27.112 0.4000000060
155325  -24.202  -90.956  -27.842 0.4000000060
155403  -24.242  -89.572  -26.913 0.4000000060
3575  -25.582  -89.179  -26.956 0.4000000060
155417  -19.740  -87.931  -24.545 0.3000000119
155377  -20.527  -87.932  -25.350 0.3000000119
3555  -22.249  -88.138  -26.135 0.3000000119
159516  -21.445  -87.788  -25.628 0.3000000119
3567  -24.976  -88.516  -26.597 0.3000000119
4143  -26.333  -87.488  -27.357 0.3000000119
3566  -24.221  -88.820  -26.576 0.3000000119
4756  -26.744  -86.336  -27.629 0.3000000119
4757  -27.304  -85.701  -28.066 0.3000000119
4144  -27.042  -87.264  -27.876 0.3000000119
4135  -25.656  -88.131  -26.880 0.3000000119
3577  -27.000  -88.141  -27.822 0.3000000119
3100  -26.285  -89.552  -27.415 0.3000000119
2967  -22.353  -89.040  -15.624 0.3000000119
3443  -22.847  -88.307  -15.753 0.3000000119
155862  -27.845  -91.209  -18.637 0.3000000119
4584  -23.283  -86.590  -16.838 0.3000000119
4596  -23.477  -86.290  -17.478 0.3000000119
4612  -24.376  -86.355  -18.567 0.3000000119
4033  -25.043  -87.611  -18.849 0.3000000119
3491  -25.881  -87.893  -18.975 0.3000000119
3492  -26.756  -88.108  -19.024 0.3000000119
3026  -27.183  -89.006  -18.936 0.3000000119
3012  -27.975  -89.469  -18.795 0.3000000119
158236  -24.308  -85.133  -17.443 0.3000000119
5296  -24.235  -85.719  -18.196 0.3000000119
4633  -25.302  -86.305  -18.850 0.3000000119
4634  -26.151  -86.437  -19.027 0.3000000119
4047  -26.440  -87.269  -19.075 0.3000000119
147450  -24.298  -88.001  -26.312 0.3000000119
4007  -22.122  -87.731  -16.612 0.3000000119
3478  -23.602  -88.087  -18.536 0.3000000119
4583  -22.855  -86.922  -17.330 0.3000000119
156206  -22.614  -87.167  -16.880 0.3000000119
4031  -23.236  -87.323  -18.304 0.3000000119
147095  -23.687  -86.727  -18.360 0.3000000119
5951  -24.979  -84.396  -18.109 0.3000000119
1064  -26.976  -94.128  -21.879 0.3000000119
1065  -27.600  -94.072  -21.586 0.3000000119
1070  -26.852  -93.813  -22.687 0.3000000119
1071  -27.384  -93.838  -22.364 0.3000000119
1077  -27.482  -93.552  -23.221 0.3000000119
1078  -28.109  -93.276  -23.420 0.3000000119
1079  -28.492  -92.819  -22.969 0.3000000119
1087  -27.761  -93.440  -23.963 0.3000000119
1343  -26.718  -93.667  -19.701 0.3000000119
1344  -27.325  -94.125  -19.916 0.3000000119
1346  -30.008  -92.743  -20.563 0.3000000119
1347  -29.463  -91.882  -20.718 0.3000000119
1354  -29.506  -92.566  -21.193 0.3000000119
1360  -29.015  -92.442  -22.422 0.3000000119
1362  -29.362  -91.829  -22.094 0.3000000119
1368  -28.709  -93.048  -23.799 0.3000000119
1374  -26.730  -92.938  -23.797 0.3000000119
1375  -27.695  -93.226  -24.747 0.3000000119
1378  -29.161  -91.713  -23.962 0.4000000060
1381  -28.219  -93.107  -25.103 0.3000000119
1382  -28.499  -92.242  -25.275 0.3000000119
1404  -26.244  -92.315  -29.066 0.6000000238
1703  -30.448  -90.760  -20.576 0.3000000119
1706  -25.063  -92.231  -21.170 0.3000000119
1708  -30.186  -90.974  -21.389 0.3000000119
1714  -26.453  -93.088  -22.874 0.3000000119
1723  -30.066  -91.087  -23.551 0.4000000060
1726  -27.087  -92.798  -24.749 0.3000000119
1727  -28.876  -91.619  -24.814 0.3000000119
1731  -27.737  -92.888  -25.374 0.3000000119
1732  -28.418  -92.026  -25.898 0.3000000119
1734  -29.435  -90.995  -25.068 0.3000000119
1735  -30.050  -90.764  -24.776 0.4000000060
1737  -28.840  -91.285  -25.846 0.3000000119
1745  -26.986  -92.111  -28.907 0.6000000238
1750  -27.433  -91.832  -29.573 0.6999999881
1751  -27.794  -91.514  -29.997 0.6000000238
1759  -24.575  -92.329  -30.334 0.4000000060
1761  -26.372  -92.040  -30.443 0.5000000000
1762  -27.263  -91.833  -30.196 0.6000000238
1769  -24.427  -92.022  -30.945 0.4000000060
1771  -26.269  -91.344  -30.673 0.6000000238
1782  -23.574  -91.313  -31.160 0.5000000000
1785  -26.171  -90.695  -30.809 0.6000000238
2129  -31.017  -90.076  -20.368 0.3000000119
2145  -30.843  -90.246  -23.289 0.3000000119
2159  -30.987  -90.273  -24.741 0.4000000060
2160  -31.588  -89.715  -25.107 0.3000000119
2169  -30.105  -90.596  -25.356 0.3000000119
2171  -31.509  -89.607  -25.566 0.3000000119
2174  -29.414  -90.545  -26.006 0.3000000119
2176  -30.585  -90.136  -25.719 0.3000000119
2180  -26.155  -91.168  -27.811 0.5000000000
2183  -26.597  -91.680  -28.267 0.6000000238
2192  -28.097  -91.311  -29.570 0.8000000119
2193  -29.052  -91.037  -29.822 0.8000000119
2206  -29.038  -90.926  -30.273 0.8000000119
2210  -25.148  -89.987  -30.799 0.6000000238
2212  -26.308  -89.879  -31.302 0.6000000238
2213  -26.714  -89.774  -31.303 0.6999999881
2223  -23.366  -90.643  -32.266 0.5000000000
2226  -26.096  -89.740  -32.219 0.6000000238
2237  -24.078  -89.004  -32.759 0.6000000238
2604  -30.690  -89.723  -21.415 0.3000000119
2605  -30.661  -90.024  -21.343 0.3000000119
2613  -30.760  -89.655  -22.513 0.3000000119
2614  -30.654  -90.008  -22.325 0.3000000119
2631  -26.478  -90.459  -24.820 0.3000000119
2632  -31.275  -90.049  -24.732 0.4000000060
2638  -27.031  -90.531  -25.549 0.3000000119
2639  -27.908  -90.549  -25.844 0.3000000119
2640  -32.068  -89.253  -25.457 0.3000000119
2642  -28.665  -90.478  -26.130 0.3000000119
2645  -30.482  -89.830  -26.269 0.3000000119
2648  -26.256  -90.369  -27.584 0.5000000000
2650  -30.553  -89.468  -26.797 0.3000000119
2651  -31.034  -89.359  -26.682 0.3000000119
2656  -28.334  -90.476  -28.974 0.6999999881
2659  -28.971  -90.487  -29.482 0.5000000000
2662  -29.355  -90.339  -30.327 0.6000000238
2665  -23.653  -89.562  -30.821 0.5000000000
2667  -28.231  -89.865  -30.909 0.6999999881
2669  -30.115  -90.059  -30.924 0.5000000000
2672  -22.604  -89.620  -31.991 0.5000000000
2673  -22.996  -89.678  -31.093 0.5000000000
2674  -24.110  -90.077  -31.163 0.5000000000
2676  -27.459  -89.594  -31.305 0.6999999881
2677  -29.150  -89.108  -31.737 0.6000000238
2682  -24.097  -89.825  -31.496 0.5000000000
2685  -26.343  -89.994  -33.074 0.6000000238
2693  -24.776  -90.231  -33.555 0.6000000238
2696  -27.060  -88.872  -32.501 0.6999999881
2702  -21.278  -90.296  -34.382 0.4000000060
2703  -22.089  -89.213  -33.094 0.5000000000
2705  -23.636  -89.381  -34.103 0.6000000238
2706  -24.280  -90.077  -34.438 0.6000000238
3027  -27.927  -88.788  -18.885 0.3000000119
3070  -31.249  -89.218  -23.352 0.4000000060
3071  -31.805  -89.116  -24.076 0.4000000060
3081  -32.189  -89.085  -24.736 0.3000000119
3090  -32.819  -88.052  -25.684 0.3000000119
3094  -28.926  -89.887  -26.339 0.3000000119
3095  -29.359  -89.585  -26.556 0.3000000119
3096  -29.989  -89.556  -26.849 0.3000000119
3097  -32.385  -88.696  -25.868 0.3000000119
3098  -32.837  -88.152  -26.071 0.3000000119
3101  -26.919  -89.108  -27.793 0.4000000060
3103  -31.052  -88.938  -27.312 0.3000000119
3104  -31.495  -88.653  -27.225 0.3000000119
3110  -31.469  -88.394  -27.759 0.3000000119
3118  -23.646  -88.953  -30.583 0.5000000000
3121  -30.638  -89.331  -30.850 0.5000000000
3125  -23.112  -89.327  -30.829 0.6000000238
3126  -24.097  -89.365  -30.719 0.5000000000
3127  -24.308  -89.364  -30.868 0.5000000000
3128  -31.127  -88.664  -31.276 0.5000000000
3129  -31.074  -88.205  -31.951 0.5000000000
3134  -24.249  -89.456  -31.013 0.5000000000
3135  -30.001  -89.033  -32.316 0.5000000000
3139  -21.764  -88.907  -33.788 0.6000000238
3142  -24.192  -88.988  -31.950 0.5000000000
3143  -27.920  -88.526  -32.156 0.6999999881
3153  -22.975  -88.520  -33.413 0.6000000238
3154  -23.427  -89.051  -33.513 0.5000000000
3163  -21.429  -89.655  -33.846 0.5000000000
3165  -23.148  -89.251  -35.169 0.6000000238
3167  -24.765  -89.470  -35.304 0.6000000238
3169  -27.188  -87.793  -33.566 0.6000000238
3171  -23.089  -89.189  -36.300 0.5000000000
3174  -26.267  -88.710  -35.445 0.6000000238
3175  -26.002  -87.540  -35.092 0.6999999881
3514  -30.604  -88.769  -21.331 0.3000000119
3540  -25.853  -88.782  -24.784 0.3000000119
3542  -31.040  -88.520  -23.261 0.3000000119
3548  -26.673  -88.285  -25.173 0.3000000119
3549  -32.329  -88.572  -24.594 0.3000000119
3550  -32.641  -88.182  -25.200 0.3000000119
3557  -27.996  -88.965  -25.847 0.3000000119
3559  -33.005  -87.615  -25.698 0.4000000060
3560  -33.152  -87.624  -26.098 0.3000000119
3565  -23.368  -88.298  -26.333 0.3000000119
3568  -28.834  -89.107  -26.320 0.4000000060
3569  -29.147  -88.241  -26.490 0.3000000119
3571  -33.098  -87.644  -26.519 0.3000000119
3574  -24.852  -89.241  -26.760 0.4000000060
3576  -26.303  -88.618  -27.344 0.3000000119
3580  -32.708  -87.823  -27.472 0.3000000119
3586  -32.022  -88.075  -28.237 0.3000000119
3588  -32.796  -87.511  -28.130 0.4000000060
3589  -33.205  -87.145  -27.882 0.4000000060
3593  -29.887  -89.140  -29.827 0.6000000238
3597  -22.337  -88.170  -30.519 0.6000000238
3599  -23.788  -88.697  -30.691 0.6000000238
3601  -31.065  -88.633  -30.805 0.5000000000
3605  -21.102  -88.011  -31.739 0.5000000000
3607  -22.787  -88.840  -30.672 0.5000000000
3608  -30.795  -87.518  -31.661 0.5000000000
3615  -24.174  -88.669  -31.308 0.5000000000
3619  -19.753  -88.183  -34.259 0.5000000000
3623  -24.210  -88.874  -31.561 0.5000000000
3625  -29.982  -87.556  -32.244 0.5000000000
3626  -30.356  -86.512  -33.058 0.5000000000
3632  -23.306  -88.542  -33.529 0.5000000000
3633  -27.809  -87.542  -33.050 0.5000000000
3635  -29.600  -86.798  -33.006 0.6000000238
3636  -21.991  -89.072  -35.896 0.5000000000
3640  -29.133  -86.515  -33.441 0.5000000000
3642  -22.957  -88.652  -36.595 0.5000000000
3643  -24.026  -88.456  -36.523 0.5000000000
3644  -25.526  -87.512  -36.031 0.6000000238
3645  -25.592  -87.000  -35.522 0.6000000238
3647  -27.621  -86.328  -33.724 0.5000000000
3648  -24.820  -87.322  -36.066 0.6000000238
3989  -22.566  -87.789  -16.106 0.3000000119
4008  -22.867  -87.257  -16.452 0.3000000119
4030  -22.620  -87.377  -17.750 0.3000000119
4032  -24.154  -87.267  -18.649 0.3000000119
4046  -25.617  -87.071  -19.003 0.3000000119
4071  -30.261  -87.401  -21.385 0.3000000119
4102  -30.238  -87.309  -22.837 0.3000000119
4104  -31.617  -87.823  -23.875 0.4000000060
4127  -33.191  -87.158  -25.725 0.4000000060
4128  -33.350  -87.095  -26.117 0.4000000060
4138  -33.431  -87.045  -26.732 0.4000000060
4146  -30.962  -87.594  -27.955 0.3000000119
4152  -32.447  -87.295  -28.663 0.4000000060
4154  -33.757  -86.495  -28.370 0.3000000119
4155  -34.170  -86.115  -28.126 0.4000000060
4160  -22.897  -87.177  -30.037 0.6000000238
4162  -28.609  -86.683  -29.362 0.6000000238
4163  -29.324  -87.308  -29.742 0.6000000238
4165  -33.541  -86.512  -29.182 0.4000000060
4167  -34.384  -86.014  -28.949 0.4000000060
4172  -22.707  -87.701  -30.218 0.6000000238
4182  -21.405  -87.844  -30.889 0.5000000000
4183  -23.962  -88.324  -30.971 0.6000000238
4186  -32.051  -85.127  -31.778 0.4000000060
4187  -33.149  -85.037  -31.582 0.4000000060
4193  -20.415  -87.532  -32.329 0.5000000000
4196  -31.739  -85.455  -32.424 0.5000000000
4197  -32.892  -85.058  -32.218 0.4000000060
4205  -23.332  -87.986  -33.107 0.5000000000
4206  -31.491  -85.940  -33.044 0.5000000000
4211  -31.024  -85.959  -33.430 0.5000000000
4217  -22.389  -88.597  -36.431 0.5000000000
4218  -23.369  -87.994  -36.404 0.6000000238
4220  -25.336  -86.807  -35.928 0.6000000238
4221  -25.831  -86.790  -35.671 0.6000000238
4610  -23.197  -86.738  -17.905 0.3000000119
4611  -23.730  -86.168  -18.062 0.3000000119
4613  -24.891  -85.615  -18.557 0.3000000119
4709  -31.071  -86.383  -23.832 0.3000000119
4726  -32.832  -86.506  -25.132 0.3000000119
4742  -28.812  -86.812  -26.206 0.3000000119
4744  -33.449  -86.527  -26.110 0.3000000119
4751  -28.776  -85.756  -26.264 0.4000000060
4753  -29.933  -86.071  -27.281 0.3000000119
4754  -33.906  -85.729  -27.099 0.3000000119
4759  -31.154  -86.570  -28.248 0.3000000119
4762  -27.846  -85.806  -28.684 0.5000000000
4768  -20.041  -86.258  -29.732 0.6000000238
4772  -23.780  -85.956  -30.431 0.6000000238
4775  -32.705  -85.855  -29.774 0.4000000060
4776  -33.771  -86.242  -29.774 0.4000000060
4777  -34.061  -86.220  -29.585 0.4000000060
4778  -35.071  -85.515  -29.492 0.4000000060
4781  -19.731  -86.381  -30.440 0.5000000000
4784  -23.664  -86.725  -30.676 0.6000000238
4786  -30.338  -85.982  -31.054 0.5000000000
4787  -32.996  -85.685  -30.460 0.4000000060
4789  -34.275  -85.854  -30.108 0.5000000000
4794  -18.903  -85.748  -32.164 0.5000000000
4798  -23.788  -87.187  -31.080 0.6000000238
4800  -31.657  -85.626  -31.692 0.4000000060
4803  -33.959  -85.359  -30.935 0.4000000060
4811  -22.459  -86.868  -32.945 0.5000000000
4820  -22.760  -87.492  -33.229 0.5000000000
4822  -33.184  -85.448  -32.765 0.5000000000
4823  -34.197  -85.287  -32.575 0.5000000000
4827  -33.330  -85.683  -33.638 0.5000000000
4830  -23.164  -86.379  -36.167 0.5000000000
4832  -26.272  -85.550  -35.211 0.5000000000
4837  -31.392  -85.642  -34.496 0.5000000000
4839  -32.930  -85.552  -35.115 0.5000000000
4840  -22.839  -87.492  -36.196 0.5000000000
4845  -26.164  -86.126  -34.952 0.5000000000
4848  -31.372  -85.690  -35.508 0.5000000000
5283  -23.993  -85.656  -17.694 0.3000000119
5297  -24.547  -85.055  -18.046 0.3000000119
5298  -25.288  -84.898  -18.475 0.3000000119
5318  -25.830  -85.571  -18.810 0.3000000119
5388  -32.132  -85.287  -24.719 0.3000000119
5406  -33.208  -85.787  -25.671 0.3000000119
5416  -29.886  -85.230  -27.608 0.3000000119
5417  -33.586  -85.322  -26.355 0.3000000119
5425  -27.611  -84.929  -28.166 0.3000000119
5429  -34.849  -85.217  -28.445 0.3000000119
5435  -21.672  -85.079  -28.275 0.6999999881
5438  -30.300  -84.835  -28.384 0.4000000060
5440  -32.016  -85.835  -29.159 0.4000000060
5441  -35.271  -85.322  -29.116 0.4000000060
5448  -22.490  -85.786  -29.098 0.6000000238
5449  -23.397  -85.478  -29.419 0.6000000238
5450  -24.143  -85.125  -29.894 0.6000000238
5452  -29.413  -84.821  -29.782 0.6000000238
5453  -31.325  -84.786  -29.489 0.4000000060
5460  -19.115  -85.854  -30.558 0.5000000000
5462  -30.033  -84.981  -30.519 0.5000000000
5463  -31.585  -85.019  -30.985 0.5000000000
5465  -35.582  -85.293  -30.095 0.4000000060
5471  -23.154  -85.102  -31.571 0.5000000000
5472  -23.527  -85.678  -31.621 0.6000000238
5474  -30.721  -85.065  -30.980 0.5000000000
5476  -33.027  -85.400  -30.853 0.4000000060
5477  -35.132  -84.999  -30.988 0.4000000060
5478  -35.713  -84.992  -30.841 0.4000000060
5493  -34.167  -85.297  -33.582 0.5000000000
5497  -33.434  -85.412  -34.598 0.5000000000
5498  -34.252  -85.068  -34.752 0.5000000000
5511  -33.686  -85.150  -35.713 0.5000000000
5516  -32.297  -85.402  -36.382 0.5000000000
5517  -33.073  -84.597  -36.304 0.5000000000
5518  -33.736  -84.436  -36.157 0.4000000060
5952  -25.555  -84.201  -18.325 0.3000000119
6026  -30.853  -83.972  -24.120 0.3000000119
6036  -20.276  -83.965  -25.643 0.6999999881
6042  -32.804  -84.483  -25.817 0.3000000119
6053  -21.854  -83.654  -26.215 0.6999999881
6054  -22.396  -83.810  -26.886 0.6000000238
6058  -28.247  -84.444  -26.912 0.3000000119
6065  -18.090  -84.528  -27.464 0.6000000238
6066  -18.933  -84.639  -27.456 0.6000000238
6067  -20.492  -84.557  -27.227 0.6999999881
6069  -23.038  -83.912  -27.572 0.6000000238
6070  -26.945  -84.549  -26.990 0.3000000119
6071  -27.605  -84.522  -27.476 0.3000000119
6073  -28.524  -84.442  -27.491 0.3000000119
6080  -17.695  -84.578  -28.174 0.5000000000
6084  -22.688  -84.663  -28.173 0.6999999881
6088  -29.298  -84.415  -28.772 0.4000000060
6090  -30.738  -84.618  -29.222 0.4000000060
6092  -35.431  -84.960  -28.900 0.4000000060
6095  -16.968  -84.099  -29.246 0.4000000060
6099  -24.249  -84.239  -29.636 0.5000000000
6100  -29.121  -84.532  -29.175 0.5000000000
6101  -29.677  -84.492  -29.386 0.4000000060
6102  -30.346  -84.474  -29.628 0.4000000060
6103  -31.068  -84.493  -29.842 0.4000000060
6104  -31.596  -84.761  -29.894 0.4000000060
6105  -35.814  -84.789  -29.490 0.4000000060
6110  -17.823  -84.664  -30.407 0.4000000060
6112  -24.053  -84.188  -30.578 0.5000000000
6113  -24.233  -84.523  -30.321 0.5000000000
6115  -30.631  -84.615  -30.334 0.4000000060
6116  -31.387  -84.719  -30.366 0.5000000000
6128  -35.790  -84.603  -31.485 0.4000000060
6135  -21.900  -85.217  -31.973 0.5000000000
6139  -34.962  -84.295  -33.409 0.5000000000
6143  -33.682  -83.785  -34.794 0.5000000000
6144  -34.481  -84.300  -34.126 0.5000000000
6151  -33.809  -84.011  -35.887 0.4000000060
6599  -25.164  -83.762  -17.763 0.3000000119
6677  -17.387  -82.938  -23.604 0.6999999881
6679  -18.810  -82.955  -23.681 0.6999999881
6689  -15.179  -83.145  -24.734 0.4000000060
6691  -16.707  -83.087  -23.928 0.6999999881
6693  -18.387  -83.367  -24.137 0.6999999881
6697  -31.613  -83.829  -24.794 0.3000000119
6715  -20.602  -83.472  -25.028 0.6999999881
6716  -21.138  -83.252  -25.212 0.6999999881
6733  -17.203  -83.920  -26.065 0.6000000238
6735  -22.258  -83.066  -26.227 0.6000000238
6745  -22.751  -83.287  -26.967 0.6000000238
6746  -23.232  -83.379  -27.732 0.6000000238
6757  -23.628  -83.596  -28.464 0.6000000238
6758  -35.077  -83.601  -28.866 0.3000000119
6768  -24.004  -83.644  -29.343 0.6000000238
6770  -35.261  -83.191  -29.732 0.3000000119
6792  -35.735  -83.677  -31.225 0.4000000060
6795  -34.891  -83.486  -32.963 0.4000000060
6796  -35.447  -83.877  -32.530 0.5000000000
6798  -34.046  -83.397  -34.021 0.4000000060
6805  -34.355  -83.980  -34.598 0.4000000060
6806  -34.624  -84.081  -33.999 0.5000000000
7276  -13.462  -81.849  -21.058 0.5000000000
7322  -14.863  -82.370  -22.975 0.4000000060
7325  -17.655  -82.435  -23.296 0.6999999881
7326  -18.327  -82.410  -23.471 0.6999999881
7342  -20.297  -82.507  -24.441 0.6000000238
7357  -21.305  -82.940  -25.199 0.6000000238
7375  -22.574  -82.800  -26.799 0.6000000238
7389  -21.259  -82.134  -26.915 0.5000000000
7391  -23.334  -82.993  -28.156 0.4000000060
7397  -6.314  -82.541  -29.437 0.6000000238
7398  -7.851  -82.665  -28.839 0.6000000238
7408  -6.625  -82.825  -30.320 0.6000000238
7409  -8.008  -83.025  -29.904 0.6999999881
7410  -9.476  -82.604  -29.989 0.6999999881
7411  -10.333  -82.317  -30.231 0.6999999881
7416  -23.131  -82.848  -28.676 0.4000000060
7418  -34.293  -82.110  -29.513 0.3000000119
7421  -6.158  -82.460  -31.069 0.6000000238
7431  -5.767  -81.989  -31.505 0.6000000238
7432  -6.575  -82.100  -31.847 0.6000000238
7435  -9.391  -82.346  -32.058 0.6999999881
7436  -10.164  -82.016  -32.324 0.6000000238
7459  -34.326  -83.180  -33.331 0.4000000060
7935  -13.676  -81.237  -20.925 0.5000000000
7952  -14.993  -81.303  -21.841 0.6999999881
7954  -16.674  -81.364  -22.730 0.6999999881
7955  -17.203  -81.495  -23.071 0.6999999881
7963  -17.522  -81.462  -23.457 0.6999999881
7964  -18.429  -81.889  -23.646 0.6999999881
7965  -19.136  -82.031  -23.852 0.6999999881
7978  -19.593  -81.944  -24.312 0.6999999881
7994  -19.622  -81.683  -25.022 0.6000000238
8004  -9.651  -81.118  -26.897 0.6999999881
8008  -15.725  -81.253  -26.721 0.6000000238
8010  -17.451  -81.465  -26.406 0.5000000000
8011  -18.380  -81.630  -26.195 0.5000000000
8022  -5.723  -81.370  -27.764 0.5000000000
8023  -7.207  -81.159  -27.183 0.5000000000
8027  -12.760  -81.154  -27.811 0.6000000238
8028  -13.601  -81.216  -27.747 0.6000000238
8029  -14.528  -81.364  -27.793 0.6000000238
8030  -15.426  -81.410  -27.526 0.6000000238
8047  -5.998  -81.994  -28.520 0.5000000000
8056  -15.307  -81.495  -28.331 0.6000000238
8057  -16.665  -81.588  -28.049 0.5000000000
8067  -4.130  -81.601  -30.059 0.5000000000
8070  -12.037  -81.586  -29.423 0.6000000238
8071  -13.927  -81.442  -29.238 0.6000000238
8073  -15.791  -81.468  -29.522 0.5000000000
8081  -5.082  -81.504  -31.373 0.6000000238
8086  -14.764  -81.134  -30.332 0.6000000238
8096  -7.988  -81.828  -32.499 0.6999999881
8097  -10.912  -81.939  -32.112 0.6000000238
8098  -11.803  -81.728  -31.775 0.6000000238
8099  -12.685  -81.510  -31.444 0.5000000000
8656  -12.160  -80.716  -20.771 0.5000000000
8657  -13.078  -80.632  -20.813 0.5000000000
8658  -13.764  -80.748  -20.992 0.5000000000
8670  -14.889  -80.308  -22.104 0.6999999881
8673  -16.894  -81.059  -23.032 0.6999999881
8683  -11.560  -80.229  -23.020 0.6999999881
8684  -12.096  -80.028  -23.882 0.6999999881
8686  -15.363  -80.293  -22.753 0.6999999881
8687  -16.469  -80.668  -23.200 0.6999999881
8699  -8.257  -80.954  -24.447 0.5000000000
8701  -10.529  -80.224  -24.240 0.6999999881
8706  -15.133  -80.322  -24.440 0.6999999881
8708  -17.472  -81.216  -23.982 0.6999999881
8715  -9.053  -80.384  -25.436 0.6000000238
8717  -11.458  -80.224  -25.390 0.6999999881
8722  -16.417  -80.881  -25.062 0.6999999881
8723  -17.259  -81.188  -24.798 0.6999999881
8731  -9.337  -80.532  -26.192 0.6999999881
8732  -10.241  -80.664  -26.412 0.6999999881
8733  -11.716  -80.500  -26.155 0.6999999881
8748  -12.090  -80.900  -27.047 0.6999999881
8772  -3.888  -80.751  -30.975 0.5000000000
8780  -4.514  -80.760  -31.341 0.5000000000
8781  -6.137  -80.614  -32.155 0.6000000238
8782  -7.016  -80.383  -32.310 0.6000000238
8784  -8.701  -80.412  -32.645 0.6000000238
8785  -13.975  -80.632  -31.833 0.6000000238
8799  -8.357  -81.103  -32.761 0.6999999881
9441  -6.207  -79.004  -31.626 0.6000000238
9453  -4.811  -80.083  -31.505 0.6000000238
9455  -6.502  -79.781  -32.030 0.6000000238
9457  -8.171  -79.729  -32.066 0.6000000238
9458  -9.063  -79.800  -32.270 0.6000000238
9459  -9.974  -79.493  -32.419 0.5000000000
9475  -9.544  -80.267  -32.798 0.6000000238
9476  -10.412  -80.055  -32.930 0.6000000238
9477  -11.380  -79.838  -32.940 0.5000000000
9479  -13.816  -79.370  -32.614 0.5000000000
10140  -8.864  -78.091  -27.412 0.5000000000
10141  -9.447  -78.192  -27.242 0.5000000000
10142  -10.292  -78.231  -27.482 0.6000000238
10155  -10.840  -78.180  -28.178 0.5000000000
10164  -8.815  -78.808  -29.150 0.6000000238
10174  -4.741  -78.825  -30.814 0.6000000238
10176  -6.936  -78.450  -31.447 0.6000000238
10177  -7.641  -78.490  -31.132 0.6000000238
10179  -9.310  -79.126  -30.631 0.5000000000
10181  -10.726  -78.272  -31.354 0.5000000000
10191  -11.325  -78.055  -32.030 0.5000000000
10192  -11.971  -78.323  -32.379 0.5000000000
10209  -12.694  -78.223  -32.427 0.6000000238
10937  -11.416  -77.049  -25.630 0.6000000238
10938  -12.481  -76.857  -25.939 0.6000000238
10953  -8.960  -77.367  -26.868 0.5000000000
10954  -9.787  -77.576  -26.314 0.6000000238
10955  -10.844  -77.555  -26.282 0.6000000238
10974  -12.457  -77.307  -27.687 0.6000000238
11010  -5.015  -77.738  -29.552 0.5000000000
11011  -5.434  -76.980  -29.599 0.5000000000
11012  -6.180  -76.952  -30.086 0.6000000238
11013  -8.499  -78.220  -29.509 0.5000000000
11014  -11.774  -77.493  -30.124 0.6000000238
11025  -6.138  -77.804  -30.507 0.6000000238
11027  -7.209  -77.675  -30.906 0.6000000238
11031  -12.989  -76.702  -30.870 0.5000000000
11042  -12.137  -77.505  -31.894 0.6000000238
11061  -13.480  -78.022  -32.382 0.5000000000
11778  -13.153  -76.084  -24.041 0.6000000238
11779  -14.015  -76.123  -23.822 0.6000000238
11810  -10.225  -76.402  -25.299 0.6000000238
11811  -10.987  -76.549  -24.982 0.6000000238
11812  -11.989  -76.640  -25.002 0.6000000238
11813  -13.048  -76.593  -25.238 0.6000000238
11814  -14.217  -76.543  -25.501 0.5000000000
11829  -9.320  -76.626  -26.237 0.6000000238
11831  -15.216  -76.543  -26.264 0.5000000000
11832  -16.176  -76.529  -26.593 0.5000000000
11845  -4.429  -76.163  -27.924 0.5000000000
11847  -9.085  -76.824  -27.154 0.5000000000
11849  -13.811  -76.731  -27.217 0.6000000238
11850  -14.612  -76.618  -27.507 0.5000000000
11851  -15.367  -76.551  -27.635 0.5000000000
11869  -5.236  -76.435  -29.243 0.5000000000
11870  -8.753  -77.602  -28.854 0.5000000000
11871  -10.115  -75.822  -29.547 0.6000000238
11891  -14.134  -76.476  -29.899 0.5000000000
11905  -6.921  -76.944  -30.506 0.6000000238
11907  -7.819  -76.798  -30.502 0.6000000238
12529  -10.385  -74.751  -15.435 0.6000000238
12545  -9.379  -75.339  -17.475 0.6000000238
12612  -12.853  -75.630  -24.029 0.6000000238
12613  -13.635  -75.686  -23.745 0.5000000000
12628  -11.373  -75.604  -24.587 0.6000000238
12642  -10.139  -75.856  -25.333 0.6000000238
12643  -10.858  -75.378  -24.995 0.6000000238
12650  -10.052  -75.526  -25.981 0.6000000238
12651  -10.913  -75.074  -25.714 0.6000000238
12657  -4.999  -75.523  -28.128 0.6000000238
12658  -9.562  -76.144  -26.576 0.6000000238
12659  -10.228  -75.752  -27.153 0.6000000238
12667  -6.752  -74.917  -28.586 0.6000000238
12668  -10.568  -75.864  -28.688 0.6000000238
12678  -6.923  -75.333  -29.487 0.6000000238
12679  -8.733  -75.953  -29.962 0.5000000000
12680  -9.558  -75.591  -29.903 0.6000000238
13305  -10.016  -74.591  -14.909 0.6000000238
13306  -10.862  -74.206  -15.058 0.6000000238
13312  -10.972  -74.601  -15.848 0.6000000238
13314  -12.353  -73.934  -16.126 0.6999999881
13328  -10.632  -74.630  -16.896 0.6000000238
13329  -11.566  -74.315  -16.387 0.6000000238
13343  -10.387  -74.109  -17.891 0.6000000238
13351  -8.861  -74.470  -19.941 0.6000000238
13352  -9.515  -74.006  -19.411 0.5000000000
13394  -14.764  -74.756  -23.425 0.6000000238
13420  -11.715  -75.001  -24.741 0.6000000238
13421  -12.578  -75.060  -24.295 0.6000000238
13422  -13.248  -74.637  -24.385 0.6000000238
13424  -15.263  -74.244  -23.766 0.6000000238
13460  -12.656  -74.513  -26.497 0.6000000238
13461  -13.489  -74.276  -26.396 0.6000000238
13462  -14.688  -74.049  -26.954 0.6000000238
13478  -12.636  -74.854  -27.562 0.6000000238
13481  -15.361  -74.294  -28.378 0.5000000000
13491  -5.797  -75.185  -28.338 0.5000000000
13492  -7.548  -74.607  -28.449 0.6000000238
13493  -12.664  -75.014  -28.796 0.6000000238
13496  -16.039  -74.289  -28.980 0.5000000000
13508  -8.798  -74.658  -29.678 0.6999999881
13509  -9.500  -74.772  -29.997 0.6999999881
13512  -13.807  -74.406  -30.006 0.5000000000
13522  -14.387  -74.091  -30.233 0.5000000000
14066  -8.625  -74.258  -14.646 0.6000000238
14067  -9.452  -73.964  -14.701 0.6000000238
14073  -9.063  -73.658  -15.137 0.6000000238
14076  -11.494  -73.519  -15.221 0.6999999881
14077  -12.011  -73.023  -15.270 0.6999999881
14088  -9.553  -73.101  -15.676 0.6000000238
14106  -12.865  -73.774  -16.784 0.6999999881
14108  -14.552  -73.050  -17.481 0.6000000238
14115  -7.503  -73.066  -18.093 0.5000000000
14118  -13.075  -73.548  -17.739 0.6000000238
14119  -13.910  -73.371  -17.935 0.8000000119
14127  -11.435  -73.168  -18.601 0.6000000238
14134  -9.378  -73.247  -19.719 0.5000000000
14148  -7.495  -73.556  -22.444 0.5000000000
14178  -14.942  -74.016  -24.633 0.6000000238
14191  -14.573  -73.978  -25.536 0.6000000238
14203  -14.255  -74.081  -26.324 0.6000000238
14205  -15.932  -73.696  -26.498 0.4000000060
14221  -4.757  -73.849  -26.544 0.6999999881
14222  -5.282  -73.421  -26.507 0.6000000238
14224  -15.426  -73.967  -27.315 0.5000000000
14245  -8.563  -73.843  -28.445 0.6000000238
14267  -8.202  -74.485  -28.746 0.6000000238
14268  -8.722  -74.231  -29.155 0.6000000238
14271  -11.615  -73.966  -30.349 0.5000000000
14274  -14.993  -74.098  -30.175 0.5000000000
14275  -15.605  -74.077  -30.118 0.5000000000
14297  -13.103  -73.126  -30.269 0.5000000000
14884  -10.449  -72.938  -15.272 0.6999999881
14885  -11.338  -72.974  -15.112 0.8000000119
14897  -11.912  -72.441  -15.467 0.8000000119
14913  -7.821  -72.238  -18.345 0.5000000000
14914  -8.451  -71.828  -18.014 0.6000000238
14925  -9.971  -72.552  -19.443 0.6000000238
14926  -11.462  -72.530  -19.285 0.5000000000
14927  -12.559  -72.674  -19.300 0.6999999881
14930  -15.975  -71.963  -18.843 0.6000000238
14936  -8.714  -72.375  -20.415 0.6999999881
14952  -7.803  -73.045  -21.817 0.6000000238
14953  -8.229  -72.660  -20.954 0.5000000000
14968  -7.034  -72.895  -22.783 0.5000000000
14969  -7.421  -72.423  -22.283 0.6000000238
14992  -5.091  -72.357  -23.834 0.6000000238
14998  -3.905  -73.027  -25.567 0.6000000238
15008  -4.747  -72.791  -26.056 0.6999999881
15019  -6.172  -73.177  -26.636 0.6999999881
15021  -7.931  -73.083  -27.046 0.5000000000
15031  -8.292  -73.477  -27.681 0.6000000238
15032  -8.879  -73.173  -28.076 0.6000000238
15035  -10.934  -72.278  -29.214 0.5000000000
15046  -10.669  -72.888  -29.685 0.6000000238
15058  -13.684  -72.756  -30.329 0.5000000000
15059  -14.357  -72.727  -30.447 0.5000000000
15692  -13.489  -72.063  -16.130 0.6000000238
15704  -15.851  -71.752  -18.150 0.6999999881
15705  -16.306  -71.084  -18.263 0.5000000000
15718  -10.707  -72.037  -19.687 0.5000000000
15720  -12.884  -72.171  -19.883 0.8000000119
15721  -13.869  -72.219  -19.912 0.8000000119
15722  -14.859  -72.117  -19.756 0.6999999881
15723  -15.709  -71.811  -19.602 0.6000000238
15724  -16.504  -71.304  -19.493 0.5000000000
15737  -11.137  -71.454  -20.087 0.8000000119
15756  -9.068  -71.115  -20.400 0.6999999881
15757  -13.910  -70.959  -20.941 0.6000000238
15766  -7.351  -71.468  -22.152 0.6000000238
15776  -5.423  -71.203  -24.031 0.6999999881
15787  -5.000  -71.665  -24.324 0.6000000238
15800  -5.002  -71.688  -25.398 0.6999999881
15833  -6.305  -72.528  -26.319 0.6000000238
15834  -6.888  -72.093  -26.175 0.6000000238
15849  -9.081  -72.540  -27.665 0.6000000238
15852  -11.246  -71.583  -28.521 0.5000000000
15853  -12.549  -71.797  -29.279 0.5000000000
16474  -9.603  -70.686  -17.793 0.6999999881
16477  -12.538  -70.827  -17.496 0.6000000238
16478  -13.553  -70.810  -17.556 0.6000000238
16479  -14.483  -70.787  -17.659 0.6000000238
16488  -8.222  -69.942  -18.229 0.6000000238
16489  -11.311  -70.102  -18.285 0.6000000238
16493  -16.818  -70.692  -18.429 0.5000000000
16507  -7.325  -70.449  -19.022 0.6000000238
16523  -9.761  -71.225  -20.113 0.6999999881
16524  -10.552  -70.870  -20.281 0.6999999881
16525  -11.476  -70.782  -20.553 0.8000000119
16539  -11.781  -70.141  -21.248 0.8000000119
16541  -14.109  -70.754  -21.713 0.6999999881
16583  -5.275  -71.036  -25.148 0.6999999881
16584  -5.545  -70.352  -24.884 0.6999999881
16585  -5.935  -69.810  -24.393 0.6000000238
16596  -5.819  -70.552  -25.238 0.6999999881
16597  -6.441  -70.115  -25.310 0.6000000238
16612  -6.956  -70.706  -25.564 0.6000000238
16630  -8.653  -71.189  -26.268 0.6000000238
16631  -9.453  -71.006  -26.546 0.6000000238
16633  -12.043  -70.047  -27.757 0.5000000000
16644  -11.613  -70.838  -27.999 0.5000000000
17347  -9.587  -69.914  -18.031 0.6999999881
17350  -17.005  -69.632  -17.679 0.5000000000
17361  -7.786  -68.992  -18.284 0.6999999881
17381  -6.846  -69.055  -19.420 0.6000000238
17383  -12.504  -69.265  -19.485 0.6000000238
17384  -13.198  -69.025  -19.472 0.6000000238
17403  -12.020  -69.781  -22.165 0.8000000119
17414  -7.602  -69.509  -22.319 0.6000000238
17427  -6.541  -69.445  -23.748 0.6000000238
17428  -7.178  -69.029  -23.144 0.6000000238
17429  -8.025  -68.759  -22.764 0.6999999881
17445  -6.993  -68.748  -24.161 0.6000000238
17446  -13.228  -68.838  -23.870 0.6000000238
17460  -7.342  -68.966  -25.111 0.6000000238
17467  -7.343  -69.745  -25.324 0.6000000238
17476  -9.026  -70.426  -26.010 0.6000000238
17478  -10.383  -69.560  -26.724 0.6000000238
18255  -9.315  -68.553  -18.398 0.5000000000
18267  -8.957  -67.931  -18.738 0.6000000238
18276  -6.389  -68.117  -20.509 0.6000000238
18277  -11.823  -68.418  -20.266 0.6000000238
18288  -6.110  -67.875  -21.346 0.6000000238
18304  -8.956  -68.607  -22.572 0.6999999881
18317  -9.346  -67.985  -23.178 0.6999999881
18318  -10.304  -68.000  -23.248 0.8000000119
18319  -11.343  -68.265  -23.515 0.6999999881
18337  -7.619  -68.326  -24.548 0.6000000238
18339  -11.724  -67.608  -23.838 0.6999999881
18354  -7.825  -68.333  -25.029 0.6999999881
18364  -7.915  -68.868  -25.339 0.6999999881
18365  -8.494  -68.720  -25.541 0.6000000238
18366  -10.481  -68.440  -26.787 0.6999999881
18367  -12.003  -67.746  -27.265 0.5000000000
18377  -11.389  -68.514  -27.170 0.5000000000
19132  -13.879  -67.737  -17.871 0.5000000000
19144  -7.815  -67.485  -18.982 0.6999999881
19147  -13.508  -67.701  -18.973 0.5000000000
19152  -6.848  -67.616  -19.976 0.6999999881
19153  -7.426  -67.269  -19.687 0.6999999881
19163  -8.528  -67.474  -19.138 0.6999999881
19230  -8.093  -67.893  -24.793 0.6999999881
19231  -8.661  -67.439  -24.618 0.6999999881
19243  -8.933  -67.354  -25.496 0.6999999881
20077  -12.411  -66.787  -20.870 0.6000000238
20089  -9.607  -66.611  -21.568 0.6999999881
20090  -10.553  -66.741  -21.644 0.6000000238
20136  -8.957  -66.869  -25.077 0.6999999881
20137  -9.599  -66.259  -25.012 0.6000000238
20139  -11.102  -65.841  -24.411 0.6000000238
20147  -9.517  -66.566  -25.503 0.8000000119
20153  -10.004  -66.321  -26.123 0.6000000238
20154  -10.428  -65.753  -26.092 0.5000000000
21050  -6.804  -65.880  -21.908 0.6999999881
21056  -12.432  -64.621  -21.256 0.6000000238
21121  -10.976  -65.401  -25.021 0.6000000238
21138  -10.669  -65.514  -25.618 0.6000000238
22019  -12.688  -64.595  -18.372 0.5000000000
22027  -12.435  -63.903  -19.102 0.5000000000
22059  -6.026  -65.010  -21.862 0.6000000238
22061  -7.517  -64.346  -22.048 0.8000000119
22064  -10.472  -64.079  -23.282 0.5000000000
23020  -13.151  -63.959  -18.471 0.5000000000
23056  -8.693  -63.392  -22.559 0.8000000119
23073  -11.543  -63.216  -23.580 0.6000000238
24000  -15.130  -63.257  -18.927 0.4000000060
24019  -13.163  -62.745  -19.914 0.4000000060
24032  -6.134  -62.452  -20.165 0.6999999881
24033  -12.747  -62.726  -20.537 0.4000000060
24035  -14.346  -62.439  -20.858 0.4000000060
24048  -7.758  -62.533  -21.338 0.6999999881
24069  -15.762  -62.357  -22.553 0.4000000060
24083  -12.594  -62.471  -23.841 0.5000000000
25032  -9.840  -62.101  -23.157 0.5000000000
25051  -13.320  -61.363  -24.704 0.4000000060
25052  -14.033  -61.476  -25.025 0.4000000060
25974  -5.971  -60.478  -18.868 0.5000000000
25998  -8.060  -60.890  -20.401 0.6999999881
26022  -10.861  -61.209  -23.395 0.5000000000
27032  -11.023  -59.479  -22.335 0.4000000060
27939  -6.974  -57.986  -18.014 0.5000000000
27976  -11.550  -57.807  -21.859 0.5000000000
27985  -11.227  -58.684  -22.086 0.5000000000
28812  -12.954  -57.137  -16.401 0.4000000060
28813  -13.622  -57.088  -16.466 0.4000000060
28825  -14.903  -57.231  -17.770 0.4000000060
28835  -8.258  -56.904  -18.158 0.4000000060
28839  -15.288  -57.288  -18.565 0.4000000060
28840  -15.854  -57.217  -19.190 0.4000000060
28896  -15.291  -57.534  -22.062 0.4000000060
28912  -13.216  -56.737  -22.427 0.4000000060
29748  -9.608  -55.941  -17.632 0.4000000060
29760  -10.091  -55.825  -18.170 0.4000000060
29779  -9.844  -56.399  -18.896 0.4000000060
29780  -10.505  -56.188  -19.182 0.4000000060
29782  -12.638  -56.087  -19.282 0.5000000000
30709  -10.630  -55.880  -18.726 0.4000000060
30710  -16.039  -55.676  -19.331 0.3000000119
135264  -24.321  -92.792  -29.078 0.5000000000
135269  -25.093  -92.720  -29.322 0.5000000000
135278  -23.547  -90.526  -27.705 0.4000000060
135287  -19.236  -88.852  -25.569 0.3000000119
136573  -23.239  -91.504  -28.500 0.4000000060
136706  -24.921  -90.784  -27.590 0.4000000060
136730  -24.023  -91.620  -28.341 0.4000000060
136794  -22.789  -90.220  -27.643 0.4000000060
137099  -24.255  -90.279  -27.357 0.4000000060
137836  -26.579  -89.520  -33.167 0.6999999881
138006  -21.669  -82.645  -25.681 0.6000000238
138251  -15.075  -80.166  -23.452 0.6999999881
138340  -13.042  -79.937  -23.629 0.6999999881
139019  -15.858  -81.365  -30.270 0.5000000000
139164  -14.391  -55.018  -17.537 0.4000000060
139608  -25.565  -89.356  -35.208 0.6000000238
139715  -14.320  -80.285  -24.771 0.6999999881
139846  -14.124  -74.631  -29.305 0.5000000000
139934  -26.908  -88.669  -33.318 0.6999999881
139975  -12.124  -80.124  -24.884 0.6999999881
140264  -14.333  -80.509  -21.569 0.6999999881
140470  -10.114  -74.236  -30.046 0.6000000238
140499  -32.394  -87.278  -24.583 0.3000000119
140722  -8.809  -80.498  -24.783 0.6000000238
140747  -9.283  -78.867  -28.806 0.5000000000
141227  -12.443  -65.372  -19.775 0.6000000238
141494  -15.304  -81.471  -29.127 0.6000000238
141662  -7.220  -69.457  -18.883 0.6000000238
141674  -10.144  -78.668  -30.662 0.5000000000
141759  -12.264  -64.082  -20.476 0.6000000238
141877  -24.445  -92.945  -29.537 0.5000000000
142031  -9.897  -81.610  -27.678 0.6999999881
142050  -15.996  -74.224  -29.802 0.5000000000
142904  -12.091  -68.639  -27.427 0.5000000000
142905  -15.957  -80.494  -22.821 0.6999999881
143225  -13.811  -79.986  -23.509 0.6999999881
143237  -10.029  -67.933  -20.137 0.6000000238
144080  -31.511  -85.914  -28.687 0.4000000060
144781  -8.216  -75.213  -29.876 0.5000000000
144802  -15.447  -71.530  -17.686 0.6999999881
144915  -24.889  -86.904  -18.833 0.3000000119
144973  -35.202  -84.518  -32.870 0.5000000000
145239  -12.550  -74.580  -24.877 0.6000000238
145396  -11.283  -81.825  -29.819 0.6000000238
145521  -12.037  -71.336  -28.707 0.5000000000
145572  -18.499  -81.932  -27.773 0.5000000000
146342  -7.360  -70.427  -22.097 0.6000000238
146567  -13.964  -74.679  -23.871 0.6000000238
146632  -9.837  -80.563  -23.739 0.6000000238
146824  -16.378  -57.703  -20.887 0.3000000119
147075  -30.371  -87.633  -27.502 0.3000000119
147125  -28.549  -90.979  -29.361 0.6999999881
147381  -30.290  -88.177  -21.706 0.3000000119
147551  -33.576  -86.389  -26.617 0.3000000119
147989  -27.383  -89.585  -28.177 0.4000000060
148198  -17.063  -73.501  -25.812 0.4000000060
148500  -17.115  -70.687  -19.632 0.5000000000
148817  -13.091  -79.703  -32.842 0.6000000238
149268  -30.901  -89.780  -26.014 0.3000000119
149572  -25.607  -92.555  -28.941 0.6000000238
149603  -26.806  -91.969  -24.803 0.3000000119
149730  -5.162  -70.961  -24.716 0.6999999881
149809  -7.405  -77.029  -30.610 0.6000000238
150072  -31.218  -90.020  -25.123 0.4000000060
150257  -14.544  -76.585  -29.013 0.5000000000
150286  -27.420  -86.625  -28.261 0.3000000119
150539  -7.351  -82.998  -30.425 0.6000000238
150760  -15.347  -70.758  -17.837 0.6000000238
150930  -7.267  -81.811  -32.311 0.6000000238
150995  -30.554  -84.847  -23.800 0.3000000119
151146  -8.806  -82.639  -31.369 0.6999999881
151233  -26.377  -89.105  -25.219 0.3000000119
151286  -35.795  -84.138  -31.986 0.5000000000
151609  -16.021  -70.357  -17.822 0.5000000000
151624  -6.621  -63.592  -21.187 0.6000000238
151635  -23.592  -84.509  -31.070 0.5000000000
151922  -12.924  -77.046  -29.190 0.6000000238
152113  -26.515  -93.776  -21.195 0.3000000119
152142  -16.332  -82.600  -23.373 0.6999999881
152480  -3.922  -80.037  -31.142 0.5000000000
152746  -30.183  -88.877  -27.149 0.3000000119
153013  -20.145  -83.174  -24.409 0.6999999881
153076  -9.353  -74.920  -14.726 0.6000000238
153182  -9.268  -77.260  -26.316 0.5000000000
153363  -13.770  -57.033  -23.148 0.4000000060
153425  -11.858  -59.937  -23.496 0.4000000060
153450  -12.049  -55.775  -19.937 0.5000000000
153643  -24.365  -88.958  -31.032 0.5000000000
153782  -19.676  -84.712  -27.524 0.6999999881
153864  -13.609  -82.111  -21.715 0.5000000000
153898  -4.458  -79.485  -31.167 0.5000000000
153985  -23.961  -91.988  -31.156 0.4000000060
154022  -12.293  -64.831  -18.991 0.5000000000
154204  -31.143  -88.779  -27.749 0.3000000119
154329  -9.232  -63.022  -23.072 0.6000000238
154444  -30.607  -89.283  -31.266 0.5000000000
154520  -19.053  -81.657  -24.597 0.6999999881
154696  -6.969  -79.742  -32.099 0.6000000238
154843  -7.548  -81.941  -27.926 0.5000000000
155185  -23.680  -92.348  -28.916 0.4000000060
155232  -25.505  -91.392  -27.867 0.5000000000
155402  -22.709  -88.798  -26.614 0.4000000060
155613  -30.096  -87.154  -32.443 0.5000000000
155796  -6.407  -78.295  -31.118 0.6000000238
156276  -32.886  -87.627  -25.428 0.4000000060
156328  -10.617  -53.238  -15.924 0.3000000119
157342  -24.025  -89.161  -30.651 0.5000000000
157348  -6.952  -65.074  -22.096 0.6999999881
157362  -13.102  -56.268  -21.161 0.4000000060
157376  -4.750  -81.791  -30.680 0.5000000000
157747  -12.285  -74.833  -29.624 0.5000000000
157851  -31.914  -89.049  -26.203 0.3000000119
157897  -5.624  -77.525  -29.967 0.6000000238
158256  -6.103  -73.940  -27.026 0.6000000238
158407  -28.917  -84.370  -28.138 0.3000000119
158578  -10.077  -81.866  -28.456 0.6999999881
158640  -29.810  -91.380  -22.749 0.3000000119
158644  -9.676  -62.665  -23.217 0.6000000238
159261  -13.155  -81.084  -32.006 0.5000000000
159749  -12.968  -77.521  -32.157 0.6000000238
159839  -28.395  -93.032  -22.209 0.3000000119
159976  -13.143  -56.906  -15.956 0.4000000060
160011  -23.059  -92.722  -29.398 0.4000000060
160141  -29.893  -86.889  -21.741 0.3000000119
160506  -11.302  -57.494  -21.237 0.6000000238
160727  -27.030  -85.980  -34.055 0.5000000000
160913  -20.439  -88.527  -33.977 0.5000000000
161246  -12.339  -74.316  -30.175 0.5000000000
161288  -13.470  -76.739  -31.486 0.5000000000
161452  -22.315  -88.358  -35.248 0.5000000000
161460  -10.660  -72.450  -19.328 0.6000000238
161484  -31.205  -85.948  -33.209 0.5000000000
161499  -13.106  -60.855  -24.682 0.5000000000
161505  -30.657  -88.362  -32.209 0.5000000000
161690  -6.660  -71.379  -25.796 0.6000000238
161958  -19.500  -88.625  -34.623 0.5000000000
162124  -10.777  -79.399  -32.642 0.5000000000
162422  -29.410  -91.603  -23.602 0.4000000060
162507  -11.174  -54.562  -14.907 0.4000000060
163435  -32.095  -85.255  -36.512 0.5000000000
163511  -7.746  -66.774  -20.384 0.6999999881
163520  -30.222  -90.794  -21.989 0.3000000119
163550  -26.029  -91.945  -30.777 0.5000000000
163609  -28.330  -88.977  -28.751 0.6000000238
163623  -28.046  -92.567  -25.536 0.3000000119
163773  -11.300  -74.950  -25.202 0.6000000238
163826  -8.425  -66.921  -20.370 0.6999999881
164012  -14.235  -62.370  -22.043 0.4000000060
164107  -33.633  -85.954  -26.523 0.3000000119
164128  -12.207  -69.521  -22.977 0.6000000238
164274  -31.696  -86.014  -36.364 0.5000000000
164460  -21.050  -86.542  -35.153 0.5000000000
164614  -16.372  -73.564  -25.905 0.4000000060
164728  -14.427  -73.113  -18.262 0.8000000119
165047  -30.588  -90.475  -24.791 0.4000000060
165222  -10.636  -67.213  -21.380 0.6000000238
165281  -9.714  -76.280  -25.649 0.6000000238
165399  -28.220  -86.270  -29.060 0.4000000060
