#!ascii label  , from subject sub-v1s14x0051569_ses-1 vox2ras=TkReg
1110
59111  -24.797  -27.611  -33.495 0.4285714328
60262  -25.471  -26.331  -34.394 0.2857142985
59123  -25.071  -27.006  -34.016 0.4285714328
60263  -26.189  -25.644  -34.352 0.4285714328
61391  -25.626  -25.814  -35.113 0.2857142985
138013  -26.234  -25.231  -35.106 0.4285714328
62573  -26.815  -24.605  -35.192 0.4285714328
61417  -26.124  -24.540  -36.843 0.4285714328
63813  -25.783  -23.758  -38.024 0.4285714328
165335  -26.362  -23.556  -38.387 0.4285714328
65998  -25.720  -22.225  -38.857 0.5714285970
64971  -25.827  -23.153  -38.477 0.5714285970
64972  -26.646  -23.012  -38.948 0.4285714328
64973  -27.381  -22.919  -38.974 0.2857142985
159719  -26.551  -22.246  -39.326 0.7142857313
66023  -27.200  -21.102  -40.136 0.7142857313
66024  -27.887  -21.457  -40.564 0.4285714328
66009  -26.858  -21.656  -39.687 0.7142857313
144198  -27.527  -21.775  -39.981 0.5714285970
67075  -28.138  -20.142  -41.279 0.5714285970
67060  -26.790  -20.279  -40.249 0.5714285970
158592  -27.350  -19.683  -40.904 0.5714285970
69566  -27.871  -19.101  -41.369 0.5714285970
147545  -26.463  -19.547  -40.632 0.5714285970
68262  -28.518  -19.778  -41.705 0.4285714328
70760  -27.982  -17.551  -42.186 0.5714285970
71929  -29.266  -17.457  -42.649 0.5714285970
70750  -26.743  -17.716  -41.966 0.7142857313
71928  -28.405  -17.072  -42.528 0.7142857313
71939  -28.092  -16.132  -42.796 0.7142857313
71940  -29.029  -16.590  -42.994 0.5714285970
163202  -27.449  -17.729  -42.002 0.5714285970
70748  -24.878  -17.722  -41.839 0.5714285970
157231  -26.610  -16.203  -42.905 0.8571428657
72999  -28.677  -15.905  -43.366 0.7142857313
73000  -29.595  -16.179  -43.710 0.5714285970
71926  -26.159  -16.791  -42.702 0.7142857313
71925  -25.300  -16.626  -42.739 0.5714285970
73010  -27.999  -14.712  -43.852 0.7142857313
158235  -29.805  -15.503  -44.295 0.5714285970
71938  -27.250  -15.784  -42.950 0.7142857313
157104  -27.474  -14.924  -43.669 0.7142857313
74045  -27.719  -14.087  -44.507 0.5714285970
72997  -27.065  -15.168  -43.523 0.7142857313
75107  -28.825  -13.818  -44.799 0.5714285970
72996  -26.408  -15.080  -43.884 0.5714285970
73008  -26.180  -14.805  -44.270 0.7142857313
76296  -28.318  -12.710  -45.754 0.7142857313
163401  -28.832  -13.271  -45.305 0.7142857313
74043  -26.087  -14.196  -44.928 0.7142857313
74057  -26.944  -13.672  -44.997 0.7142857313
75114  -27.256  -12.993  -45.508 0.7142857313
147225  -28.661  -11.593  -46.351 0.7142857313
76309  -29.131  -12.044  -46.055 0.5714285970
75113  -26.410  -13.370  -45.425 0.7142857313
73022  -25.631  -14.676  -44.584 0.5714285970
79819  -29.883  -10.059  -46.600 0.5714285970
79820  -30.489  -9.336  -46.688 0.5714285970
75126  -25.978  -12.873  -45.834 0.8571428657
74073  -25.717  -13.733  -45.566 0.8571428657
79818  -28.929  -10.134  -46.739 0.7142857313
78607  -28.204  -10.632  -46.691 0.7142857313
76307  -26.322  -12.264  -46.043 0.8571428657
143447  -27.012  -11.624  -46.348 0.7142857313
135552  -28.171  -8.950  -47.620 0.8571428657
81032  -29.968  -8.663  -47.139 0.5714285970
135551  -27.969  -9.872  -47.061 0.8571428657
78605  -26.588  -10.965  -46.582 0.8571428657
78606  -27.443  -10.770  -46.676 0.8571428657
82168  -28.412  -7.304  -48.102 0.8571428657
164074  -28.513  -6.678  -48.202 0.8571428657
83251  -27.791  -6.028  -49.081 0.8571428657
82167  -27.710  -7.494  -48.396 0.8571428657
82165  -26.268  -7.332  -48.528 1.0000000000
154983  -27.268  -6.922  -48.804 1.0000000000
81031  -26.793  -8.750  -47.775 0.8571428657
83234  -26.595  -6.612  -48.938 1.0000000000
81045  -26.569  -8.120  -48.186 1.0000000000
83233  -25.946  -6.127  -49.242 1.0000000000
84286  -24.222  -5.744  -48.148 0.7142857313
150035  -25.954  -6.643  -48.787 1.0000000000
82163  -25.001  -6.916  -48.264 1.0000000000
84297  -25.470  -5.738  -49.390 1.0000000000
147094  -24.355  -2.794  -49.101 1.0000000000
86548  -23.493  -2.490  -48.435 0.8571428657
88714  -23.785  -1.500  -49.053 0.8571428657
88715  -24.605  -1.068  -49.612 1.0000000000
91591  -24.934  1.111  -50.511 0.8571428657
156186  -24.871  0.209  -50.215 0.8571428657
138678  -25.080  2.225  -50.375 0.8571428657
141551  -25.232  1.520  -50.895 0.8571428657
93465  -25.270  2.913  -50.744 0.7142857313
164658  -24.375  1.420  -49.270 0.5714285970
93457  -25.126  3.273  -49.832 0.7142857313
94338  -25.177  3.823  -50.818 0.5714285970
94322  -24.502  3.677  -48.379 0.5714285970
93449  -24.643  2.956  -48.847 0.5714285970
95242  -25.280  5.001  -49.606 0.4285714328
144593  -24.973  5.755  -50.340 0.4285714328
95231  -25.778  5.379  -47.457 0.2857142985
147952  -25.097  4.852  -47.508 0.2857142985
96188  -26.034  5.621  -46.763 0.2857142985
69579  -28.033  -18.227  -41.783 0.5714285970
73011  -28.845  -15.356  -43.812 0.5714285970
81018  -30.637  -8.419  -46.707 0.5714285970
163723  -27.970  -11.482  -46.516 0.7142857313
139251  -28.732  -10.977  -46.501 0.7142857313
135558  -29.091  -8.647  -47.487 0.8571428657
135563  -29.754  -7.341  -47.282 0.8571428657
135564  -29.022  -6.951  -47.746 0.8571428657
83235  -27.882  -6.703  -48.659 0.8571428657
84308  -25.195  -5.195  -49.335 0.8571428657
96185  -27.100  5.990  -45.870 0.1428571492
60274  -25.071  -26.337  -35.226 0.2857142985
61415  -24.836  -25.413  -36.456 0.2857142985
159184  -25.734  -25.438  -35.693 0.2857142985
61406  -26.217  -24.889  -35.888 0.4285714328
63799  -26.798  -23.998  -37.036 0.4285714328
62586  -25.292  -24.844  -36.930 0.2857142985
61416  -25.524  -25.182  -36.300 0.4285714328
63814  -27.150  -23.626  -37.673 0.4285714328
64957  -25.223  -23.222  -37.980 0.5714285970
64987  -27.316  -22.355  -39.510 0.4285714328
66008  -26.045  -21.427  -39.337 0.2857142985
67061  -27.580  -20.570  -40.704 0.4285714328
69581  -29.299  -19.021  -42.457 0.4285714328
69551  -25.875  -18.821  -41.037 0.7142857313
69564  -26.307  -18.306  -41.536 0.7142857313
69580  -28.616  -18.979  -41.896 0.7142857313
70761  -28.761  -18.017  -42.234 0.5714285970
161764  -29.337  -18.118  -42.493 0.4285714328
72998  -27.916  -15.328  -43.320 0.7142857313
70759  -25.526  -17.259  -42.291 0.5714285970
76297  -29.440  -12.839  -45.581 0.5714285970
71937  -25.869  -16.147  -43.267 0.5714285970
74046  -29.050  -14.613  -44.315 0.5714285970
74044  -26.680  -14.258  -44.573 0.7142857313
73009  -27.000  -14.646  -44.029 0.7142857313
162486  -27.412  -12.274  -46.062 0.7142857313
139000  -29.627  -8.096  -47.374 0.5714285970
136772  -26.965  -10.089  -46.996 1.0000000000
84298  -28.204  -5.364  -48.995 1.0000000000
81030  -25.282  -8.840  -47.406 1.0000000000
84296  -24.765  -5.670  -48.890 0.8571428657
85394  -24.089  -4.269  -48.537 0.7142857313
85404  -24.813  -4.484  -49.138 1.0000000000
85405  -25.534  -4.509  -49.557 1.0000000000
86537  -24.228  -3.554  -48.801 0.7142857313
86550  -25.575  -3.682  -49.639 1.0000000000
85393  -23.368  -3.909  -47.862 0.7142857313
87630  -24.391  -1.972  -49.407 0.8571428657
90690  -24.444  0.249  -49.631 0.8571428657
89721  -24.956  -0.311  -50.004 1.0000000000
95234  -25.439  4.644  -48.864 0.7142857313
92527  -24.664  2.166  -49.482 0.5714285970
164066  -25.177  4.166  -49.973 0.7142857313
165337  -26.037  5.652  -48.110 0.2857142985
96203  -25.448  6.144  -49.665 0.4285714328
95252  -24.860  4.771  -50.451 0.4285714328
96214  -24.858  6.887  -50.344 0.4285714328
96196  -26.225  6.317  -48.453 0.2857142985
95243  -25.691  5.634  -48.822 0.4285714328
67059  -25.893  -20.028  -40.133 0.4285714328
68251  -25.431  -19.292  -40.546 0.4285714328
94330  -25.272  4.170  -49.431 0.7142857313
162659  -25.572  -26.586  -33.744 0.4285714328
60261  -24.690  -26.851  -34.826 0.2857142985
60248  -26.181  -26.201  -33.555 0.4285714328
61405  -25.102  -25.921  -35.872 0.2857142985
62596  -25.633  -24.280  -37.453 0.2857142985
62597  -26.427  -23.926  -37.750 0.4285714328
67048  -26.405  -20.793  -39.777 0.5714285970
68261  -26.836  -18.957  -41.193 0.5714285970
69565  -27.206  -18.323  -41.632 0.5714285970
71927  -27.228  -16.878  -42.433 0.7142857313
70749  -25.858  -17.782  -41.906 0.7142857313
163036  -26.324  -17.304  -42.270 0.7142857313
69563  -25.346  -18.257  -41.451 0.7142857313
74058  -27.957  -13.410  -45.155 0.7142857313
72995  -25.703  -15.351  -43.844 0.7142857313
76308  -28.298  -12.072  -46.256 0.7142857313
74056  -25.472  -14.374  -44.941 0.8571428657
79826  -29.550  -9.381  -47.022 0.8571428657
137155  -27.313  -9.220  -47.504 0.8571428657
135556  -28.326  -8.113  -47.945 0.8571428657
77454  -26.143  -11.679  -46.193 0.8571428657
153820  -26.129  -8.749  -47.690 1.0000000000
83232  -25.301  -6.340  -48.853 1.0000000000
84295  -23.977  -4.990  -48.262 0.8571428657
146096  -24.803  1.429  -50.039 0.8571428657
94319  -24.109  4.015  -47.670 0.4285714328
94320  -24.910  4.405  -48.188 0.4285714328
95228  -25.146  5.152  -46.658 0.2857142985
95230  -25.551  5.075  -48.142 0.2857142985
96189  -27.086  6.071  -46.893 0.1428571492
67047  -25.494  -20.572  -39.578 0.2857142985
86549  -24.968  -3.727  -49.379 1.0000000000
151327  -23.115  10.097  -51.790 0.2857142985
100083  -23.522  10.668  -51.047 0.1428571492
97232  -24.432  7.992  -50.630 0.2857142985
99100  -22.396  8.976  -51.899 0.2857142985
99087  -23.916  10.003  -50.689 0.1428571492
100068  -23.602  11.443  -50.236 0.1428571492
97216  -25.820  7.721  -49.314 0.1428571492
98156  -25.472  8.576  -49.640 0.1428571492
97262  -21.919  7.096  -52.170 0.2857142985
98184  -23.099  8.627  -51.771 0.2857142985
95271  -23.646  5.002  -53.667 0.2857142985
138544  -23.420  5.689  -52.885 0.2857142985
159163  -24.756  10.341  -49.441 0.1428571492
145338  -24.331  4.764  -52.304 0.2857142985
156285  -23.147  6.981  -52.057 0.2857142985
98185  -23.649  8.092  -51.276 0.2857142985
93483  -25.309  3.322  -53.348 0.1428571492
139592  -23.885  5.414  -52.708 0.2857142985
96230  -23.601  6.214  -52.306 0.2857142985
99070  -24.488  9.779  -50.100 0.1428571492
96223  -23.839  6.514  -51.672 0.2857142985
97248  -23.875  7.225  -51.232 0.2857142985
92585  -26.338  2.281  -54.352 0.1428571492
92584  -26.057  2.661  -54.588 0.1428571492
94351  -24.665  3.980  -53.014 0.4285714328
147594  -24.576  4.724  -51.354 0.2857142985
90715  -26.234  0.700  -52.097 0.2857142985
92564  -25.566  2.303  -52.167 0.4285714328
94345  -24.957  3.932  -51.888 0.2857142985
90727  -27.064  0.459  -52.407 0.1428571492
91627  -26.343  1.666  -52.939 0.2857142985
93474  -25.279  3.056  -51.528 0.4285714328
91604  -25.415  1.031  -51.377 0.5714285970
92551  -25.343  2.233  -51.226 0.7142857313
155931  -27.916  -0.231  -51.391 0.1428571492
90716  -26.808  0.221  -52.184 0.1428571492
89730  -28.160  -0.633  -50.870 0.2857142985
89740  -27.533  -0.835  -51.497 0.7142857313
88722  -25.572  -0.904  -50.239 0.8571428657
89729  -26.305  -0.427  -51.193 0.8571428657
91605  -25.625  0.816  -51.542 0.5714285970
89722  -28.687  -0.433  -49.377 0.2857142985
90704  -25.902  0.398  -51.462 0.7142857313
90679  -23.846  -0.279  -48.936 0.5714285970
90703  -25.416  0.558  -50.991 0.8571428657
88695  -28.852  -1.018  -48.100 0.1428571492
87640  -27.125  -1.779  -50.550 0.7142857313
88696  -29.167  -1.234  -47.560 0.1428571492
137108  -22.865  -10.366  -45.954 0.5714285970
82154  -25.123  -7.713  -47.848 0.8571428657
82153  -24.444  -7.167  -47.636 0.8571428657
81028  -23.835  -7.790  -46.972 0.4285714328
83222  -24.018  -6.308  -47.648 0.5714285970
87631  -25.196  -2.764  -49.623 0.8571428657
85413  -26.618  -4.021  -49.745 0.8571428657
87639  -25.824  -2.018  -49.996 0.8571428657
139594  -29.335  -1.944  -47.246 0.2857142985
139489  -27.006  -2.581  -50.025 0.8571428657
148058  -26.481  -2.299  -50.054 0.8571428657
89728  -25.671  -0.195  -50.801 0.8571428657
147235  -29.773  -1.874  -46.611 0.4285714328
87642  -27.930  -2.309  -50.008 0.7142857313
88724  -27.935  -1.827  -50.584 0.7142857313
135534  -22.234  -10.369  -45.767 0.2857142985
81017  -23.756  -8.963  -46.633 0.5714285970
79816  -22.997  -9.485  -46.054 0.5714285970
82164  -25.577  -7.130  -48.409 0.8571428657
84309  -25.772  -5.261  -49.634 0.8571428657
85406  -26.163  -4.709  -49.757 0.8571428657
86562  -26.994  -3.360  -49.880 0.8571428657
86561  -26.492  -3.233  -49.887 0.8571428657
86539  -29.062  -3.364  -48.254 0.4285714328
86538  -28.570  -3.551  -48.945 0.8571428657
86563  -27.606  -2.943  -49.882 0.8571428657
87598  -29.712  -2.770  -46.810 0.4285714328
74070  -23.660  -14.929  -46.016 0.7142857313
75137  -21.378  -13.624  -47.340 0.4285714328
74071  -24.590  -14.632  -45.542 0.7142857313
76330  -25.437  -12.229  -48.305 0.8571428657
136909  -22.877  -12.077  -48.339 0.5714285970
155319  -21.807  -11.042  -47.738 0.5714285970
136679  -20.872  -10.746  -48.600 0.4285714328
135539  -25.584  -11.548  -47.887 0.8571428657
135520  -23.370  -11.289  -47.844 0.5714285970
135536  -22.595  -10.758  -46.553 0.5714285970
137446  -26.501  -9.423  -47.345 0.8571428657
135543  -25.202  -10.126  -46.775 0.7142857313
137160  -23.551  -10.899  -46.500 0.5714285970
84287  -29.250  -5.476  -47.592 0.7142857313
84299  -28.706  -5.613  -48.301 0.7142857313
85395  -28.393  -4.432  -48.898 0.7142857313
85408  -27.677  -4.678  -49.405 0.8571428657
163494  -31.196  -4.119  -45.117 0.2857142985
135562  -30.559  -3.900  -45.913 0.4285714328
86515  -30.006  -3.683  -46.625 0.5714285970
72994  -24.990  -15.307  -43.868 0.4285714328
73020  -24.354  -14.708  -44.683 0.4285714328
73030  -22.498  -14.596  -45.399 0.4285714328
163273  -25.644  -12.577  -46.543 0.7142857313
75140  -25.271  -12.823  -47.208 0.7142857313
158170  -25.604  -12.262  -46.562 0.7142857313
135548  -26.021  -10.391  -46.860 0.8571428657
135568  -30.166  -6.647  -46.823 0.7142857313
135561  -30.734  -4.727  -45.790 0.2857142985
135566  -30.352  -5.249  -46.372 0.5714285970
84288  -29.883  -5.801  -46.864 0.5714285970
71936  -25.131  -15.972  -43.364 0.4285714328
71934  -23.848  -15.542  -43.009 0.5714285970
73021  -25.108  -14.732  -44.679 0.5714285970
73031  -23.609  -14.548  -44.931 0.5714285970
142752  -25.542  -13.146  -46.265 0.7142857313
82143  -31.182  -7.186  -46.021 0.4285714328
83212  -31.058  -6.385  -45.856 0.4285714328
141605  -31.308  -5.102  -45.201 0.4285714328
135565  -30.883  -5.575  -45.783 0.4285714328
69550  -24.928  -18.681  -40.974 0.5714285970
75115  -29.678  -13.618  -45.159 0.4285714328
79821  -31.218  -9.765  -46.212 0.4285714328
78608  -29.467  -10.767  -46.451 0.4285714328
81011  -32.341  -8.169  -44.885 0.4285714328
145794  -31.222  -8.050  -46.148 0.4285714328
64958  -27.559  -23.086  -38.212 0.1428571492
77456  -30.710  -11.380  -45.985 0.4285714328
78610  -31.077  -10.568  -46.109 0.4285714328
64988  -27.848  -22.292  -39.455 0.1428571492
66011  -28.450  -21.718  -39.896 0.1428571492
67086  -29.478  -20.794  -41.827 0.2857142985
71954  -31.045  -17.129  -44.721 0.2857142985
73034  -30.668  -15.524  -46.032 0.2857142985
73012  -30.488  -15.731  -44.798 0.2857142985
70769  -29.881  -17.041  -43.136 0.4285714328
75116  -31.335  -13.739  -45.458 0.2857142985
74059  -30.591  -14.400  -45.309 0.2857142985
160065  -30.306  -16.140  -44.284 0.2857142985
76298  -31.001  -12.800  -45.464 0.2857142985
143767  -30.434  -13.238  -45.383 0.4285714328
64974  -27.959  -22.536  -38.730 0.1428571492
65999  -28.317  -21.998  -39.141 0.1428571492
66026  -28.932  -21.324  -40.511 0.2857142985
66038  -29.023  -21.164  -41.167 0.2857142985
68282  -30.364  -20.080  -42.911 0.2857142985
70772  -30.753  -18.258  -43.688 0.2857142985
70771  -30.659  -17.973  -43.583 0.2857142985
146821  -29.831  -19.603  -42.810 0.2857142985
70781  -30.862  -17.358  -43.955 0.2857142985
157621  -28.861  -21.383  -39.067 0.1428571492
68252  -30.428  -19.690  -40.594 0.2857142985
66012  -29.036  -21.203  -39.774 0.2857142985
67078  -30.303  -20.386  -41.562 0.2857142985
67064  -29.819  -20.507  -40.865 0.2857142985
66025  -28.442  -21.446  -40.598 0.2857142985
67087  -30.126  -20.757  -41.989 0.2857142985
63800  -27.417  -23.542  -36.651 0.1428571492
62587  -26.913  -24.163  -36.059 0.2857142985
64942  -27.796  -23.006  -37.247 0.1428571492
59095  -25.274  -27.673  -32.609 0.2857142985
59094  -24.482  -28.182  -32.943 0.2857142985
62574  -27.394  -24.109  -35.242 0.2857142985
59096  -26.114  -27.262  -32.356 0.1428571492
57945  -24.087  -28.623  -32.526 0.1428571492
67050  -29.934  -19.945  -39.863 0.2857142985
68274  -30.809  -20.130  -42.241 0.2857142985
69602  -31.171  -18.173  -44.257 0.2857142985
69593  -30.020  -18.937  -43.119 0.2857142985
71953  -30.610  -16.747  -45.469 0.2857142985
74047  -30.168  -14.960  -44.774 0.4285714328
77447  -31.191  -12.075  -45.569 0.2857142985
75138  -22.630  -13.760  -47.120 0.7142857313
135541  -24.542  -11.086  -46.320 0.5714285970
144766  -30.609  -10.083  -46.413 0.4285714328
82142  -30.564  -7.486  -46.653 0.4285714328
84262  -31.828  -5.528  -44.695 0.2857142985
85357  -31.775  -4.748  -44.588 0.2857142985
89720  -24.161  -0.644  -49.353 0.7142857313
143127  -28.974  -4.066  -48.259 0.7142857313
87638  -25.132  -1.735  -49.751 0.8571428657
91590  -24.506  0.800  -49.651 0.5714285970
139361  -25.216  0.686  -50.867 0.7142857313
86516  -30.366  -3.070  -46.056 0.2857142985
88723  -26.428  -1.373  -50.552 0.8571428657
138828  -28.382  -1.162  -50.186 0.5714285970
161427  -24.494  5.436  -50.967 0.2857142985
90726  -26.709  0.780  -52.541 0.4285714328
91618  -25.911  1.303  -52.167 0.4285714328
99060  -25.290  10.515  -48.723 0.1428571492
139319  -25.911  2.658  -53.614 0.1428571492
60231  -26.505  -26.620  -32.731 0.1428571492
59122  -24.290  -27.644  -34.440 0.2857142985
61375  -26.883  -25.498  -33.728 0.1428571492
64959  -28.188  -22.484  -37.777 0.1428571492
65984  -28.623  -21.771  -38.248 0.1428571492
66000  -29.989  -20.704  -37.944 0.1428571492
67062  -28.497  -21.025  -41.193 0.2857142985
67077  -29.623  -20.835  -41.551 0.2857142985
138980  -30.045  -20.474  -42.536 0.2857142985
145510  -30.943  -19.090  -43.681 0.2857142985
68272  -28.938  -19.967  -42.173 0.2857142985
158794  -31.267  -18.010  -44.884 0.2857142985
71935  -24.455  -15.743  -43.183 0.5714285970
70762  -29.773  -18.220  -42.825 0.2857142985
74055  -22.019  -14.465  -45.421 0.2857142985
149500  -32.251  -10.651  -45.164 0.2857142985
155766  -23.608  -13.943  -46.777 0.7142857313
155539  -25.048  -13.721  -46.159 0.5714285970
135523  -20.875  -11.861  -48.256 0.4285714328
155652  -22.465  -12.882  -47.751 0.5714285970
77448  -31.638  -11.196  -45.566 0.4285714328
78597  -31.729  -10.245  -45.675 0.2857142985
142247  -29.838  -11.436  -46.214 0.4285714328
136933  -24.587  -11.729  -48.343 0.7142857313
82130  -32.941  -8.083  -44.376 0.1428571492
83201  -32.649  -6.615  -44.363 0.4285714328
83206  -31.596  -6.793  -45.351 0.4285714328
84264  -33.044  -6.088  -43.875 0.1428571492
84310  -26.348  -5.341  -49.658 0.8571428657
84253  -32.757  -5.280  -43.837 0.1428571492
84273  -29.755  -4.945  -46.933 0.5714285970
135557  -30.864  -3.321  -45.422 0.2857142985
86528  -29.457  -3.639  -47.481 0.5714285970
87632  -28.351  -2.745  -49.464 0.7142857313
88682  -30.183  -1.333  -46.178 0.2857142985
88681  -29.644  -0.986  -46.852 0.1428571492
96204  -25.785  6.655  -49.070 0.2857142985
142926  -28.653  -1.298  -49.019 0.4285714328
90680  -29.029  0.272  -48.832 0.1428571492
89739  -26.920  -0.436  -51.813 0.5714285970
90692  -28.752  0.328  -49.653 0.1428571492
90717  -27.364  -0.053  -51.975 0.1428571492
99071  -25.264  9.522  -49.425 0.1428571492
90718  -28.036  0.490  -51.532 0.1428571492
151921  -25.290  3.207  -52.483 0.2857142985
157500  -25.670  2.686  -52.906 0.2857142985
90725  -26.379  1.163  -52.554 0.2857142985
91628  -26.638  1.394  -53.043 0.1428571492
91639  -26.552  1.887  -53.640 0.1428571492
94357  -24.207  4.283  -53.917 0.2857142985
94366  -23.756  4.436  -54.691 0.2857142985
94358  -24.534  4.044  -54.501 0.1428571492
93505  -25.337  3.625  -54.885 0.1428571492
61376  -27.676  -25.455  -33.329 0.1428571492
64943  -28.396  -22.506  -36.974 0.1428571492
135553  -31.933  -3.923  -44.413 0.2857142985
93506  -25.883  2.957  -55.248 0.1428571492
95278  -23.068  5.019  -54.761 0.2857142985
59110  -24.119  -28.182  -33.778 0.2857142985
60230  -25.612  -26.943  -33.168 0.2857142985
62556  -26.831  -25.033  -34.453 0.1428571492
63826  -26.938  -23.486  -38.443 0.1428571492
66010  -27.926  -21.975  -40.119 0.2857142985
150503  -28.828  -20.474  -41.841 0.2857142985
163651  -25.137  -14.355  -45.058 0.5714285970
73007  -25.414  -14.996  -44.238 0.4285714328
81019  -31.272  -8.934  -46.268 0.4285714328
137023  -25.804  -11.185  -46.460 0.7142857313
85396  -28.804  -4.906  -48.270 0.7142857313
158612  -25.816  -9.483  -47.211 0.8571428657
84311  -27.208  -5.509  -49.447 0.8571428657
156539  -24.383  6.256  -51.043 0.2857142985
68273  -29.493  -19.955  -42.534 0.2857142985
79825  -24.479  -9.594  -46.738 0.5714285970
86560  -25.944  -3.048  -49.864 0.8571428657
143319  -25.421  7.048  -49.645 0.2857142985
77462  -25.575  -11.838  -47.437 0.8571428657
99086  -23.442  9.621  -51.487 0.2857142985
100084  -24.112  10.689  -49.931 0.1428571492
98171  -24.055  9.050  -50.923 0.2857142985
144482  -21.801  7.959  -51.897 0.2857142985
98155  -24.874  8.838  -50.160 0.1428571492
97215  -25.205  7.872  -49.992 0.1428571492
97247  -22.819  7.692  -51.840 0.2857142985
96229  -22.661  6.450  -52.519 0.2857142985
157391  -24.159  4.765  -53.154 0.2857142985
93493  -25.395  3.443  -54.135 0.1428571492
140990  -24.142  5.676  -51.801 0.2857142985
160090  -26.158  2.533  -54.930 0.1428571492
91638  -26.333  2.139  -53.666 0.1428571492
93492  -24.778  3.852  -53.854 0.1428571492
91617  -25.512  1.600  -51.744 0.5714285970
161595  -25.781  1.727  -52.246 0.4285714328
91629  -27.195  1.004  -52.857 0.1428571492
153827  -26.046  2.023  -52.812 0.2857142985
156866  -26.465  1.803  -53.329 0.2857142985
89738  -26.492  0.112  -51.838 0.5714285970
88734  -27.959  -1.252  -50.983 0.5714285970
88732  -26.982  -1.122  -51.291 0.7142857313
144931  -28.323  -1.926  -49.744 0.5714285970
88708  -28.842  -1.901  -48.154 0.4285714328
79817  -23.633  -10.253  -46.276 0.5714285970
81029  -24.491  -8.341  -47.242 0.5714285970
82141  -23.252  -7.219  -46.727 0.4285714328
81016  -23.169  -8.268  -46.392 0.4285714328
85407  -26.840  -4.732  -49.669 0.8571428657
161052  -28.036  -3.458  -49.541 0.8571428657
87623  -28.875  -2.779  -48.672 0.4285714328
73018  -23.018  -14.383  -44.975 0.5714285970
74085  -22.863  -14.465  -46.422 0.4285714328
75139  -24.373  -13.309  -47.092 0.7142857313
76320  -23.524  -12.839  -47.684 0.7142857313
165459  -24.910  -12.021  -48.480 0.7142857313
135522  -21.721  -12.480  -48.042 0.4285714328
136972  -22.548  -11.513  -48.251 0.5714285970
157934  -21.519  -11.253  -48.441 0.4285714328
135524  -20.152  -11.145  -48.426 0.2857142985
136959  -24.377  -11.367  -47.126 0.7142857313
85371  -29.749  -4.237  -47.005 0.5714285970
85385  -29.345  -4.538  -47.589 0.7142857313
73006  -24.772  -14.965  -44.293 0.5714285970
72993  -24.262  -15.172  -43.704 0.5714285970
151371  -32.223  -5.191  -44.285 0.2857142985
78609  -30.275  -10.716  -46.327 0.4285714328
79811  -31.787  -9.420  -45.650 0.4285714328
82136  -31.712  -7.675  -45.454 0.4285714328
147977  -30.244  -12.262  -45.808 0.4285714328
67076  -29.161  -20.935  -41.648 0.2857142985
71948  -30.759  -16.492  -44.642 0.2857142985
71942  -30.826  -16.948  -44.016 0.2857142985
137589  -30.746  -15.245  -45.298 0.2857142985
71941  -30.454  -16.678  -43.820 0.2857142985
70770  -30.169  -17.486  -43.252 0.2857142985
64960  -28.815  -21.983  -37.271 0.1428571492
67063  -29.390  -20.784  -40.203 0.2857142985
69594  -30.068  -19.786  -42.959 0.2857142985
146619  -29.296  -21.136  -38.356 0.1428571492
68263  -31.029  -19.392  -41.261 0.2857142985
59077  -25.787  -27.837  -31.823 0.1428571492
57946  -24.835  -28.277  -31.988 0.1428571492
59097  -26.842  -27.024  -32.164 0.1428571492
83200  -32.004  -6.326  -44.769 0.2857142985
140086  -25.943  8.756  -49.096 0.1428571492
97203  -26.392  7.978  -48.732 0.1428571492
89711  -23.697  -0.968  -48.919 0.5714285970
87621  -21.914  -1.858  -48.888 0.4285714328
88707  -22.422  -1.378  -48.792 0.4285714328
164399  -23.343  -1.443  -48.511 0.5714285970
87610  -22.447  -2.200  -48.089 0.4285714328
151194  -24.303  -0.299  -49.461 0.4285714328
84284  -22.734  -4.540  -47.158 0.4285714328
86536  -23.423  -3.099  -48.116 0.4285714328
163071  -22.759  -2.634  -47.648 0.4285714328
165392  -23.742  -2.117  -48.900 0.5714285970
83211  -23.350  -6.309  -47.066 0.5714285970
74074  -30.413  -15.003  -46.958 0.1428571492
76299  -31.841  -12.917  -45.329 0.1428571492
65997  -24.708  -21.707  -38.467 0.2857142985
73024  -30.593  -15.989  -45.369 0.1428571492
70799  -30.411  -17.028  -46.962 0.1428571492
71963  -29.956  -16.696  -46.487 0.1428571492
136835  -30.963  -15.732  -47.725 0.1428571492
137706  -30.403  -15.305  -47.342 0.1428571492
140672  -31.621  -15.737  -48.087 0.1428571492
64970  -25.036  -22.542  -38.218 0.2857142985
68293  -29.530  -20.165  -43.089 0.1428571492
68281  -26.748  -20.338  -43.943 0.1428571492
69601  -30.215  -18.240  -44.891 0.1428571492
69614  -30.165  -19.687  -44.491 0.1428571492
67129  -31.949  -19.175  -44.175 0.1428571492
68311  -29.970  -19.712  -44.456 0.1428571492
135434  -33.042  -17.888  -47.386 0.1428571492
136941  -31.822  -17.220  -47.427 0.1428571492
136817  -32.750  -15.901  -48.170 0.1428571492
64956  -24.396  -22.858  -37.567 0.2857142985
69582  -31.910  -19.180  -42.115 0.1428571492
68284  -31.583  -20.014  -43.384 0.1428571492
69595  -30.771  -19.889  -43.255 0.1428571492
138646  -31.318  -20.110  -42.833 0.1428571492
68294  -30.827  -19.353  -43.526 0.1428571492
66048  -27.810  -22.132  -43.986 0.1428571492
67094  -28.845  -22.143  -42.435 0.1428571492
154253  -29.661  -20.811  -45.269 0.1428571492
143236  -27.795  -21.972  -43.163 0.1428571492
67124  -31.303  -19.700  -44.912 0.1428571492
67131  -32.565  -20.119  -45.537 0.1428571492
68321  -33.042  -19.746  -46.037 0.1428571492
68320  -32.254  -19.423  -45.897 0.1428571492
63812  -25.014  -23.755  -37.603 0.2857142985
63798  -24.159  -23.748  -36.979 0.2857142985
62585  -24.500  -24.703  -36.773 0.2857142985
69552  -31.566  -18.712  -40.746 0.1428571492
69568  -32.558  -18.471  -41.521 0.1428571492
68275  -32.362  -19.510  -42.719 0.1428571492
148956  -32.712  -19.765  -43.146 0.1428571492
156469  -29.222  -23.341  -42.815 0.1428571492
68296  -31.429  -20.703  -43.196 0.1428571492
151907  -31.137  -22.282  -45.280 0.1428571492
67125  -31.984  -20.452  -45.456 0.1428571492
154405  -31.206  -21.135  -45.363 0.1428571492
142776  -33.642  -18.549  -47.071 0.1428571492
135429  -33.712  -19.260  -46.375 0.1428571492
68243  -30.669  -19.295  -39.653 0.1428571492
69553  -32.222  -18.452  -40.781 0.1428571492
69542  -31.855  -18.591  -40.103 0.1428571492
69584  -33.992  -18.268  -42.516 0.1428571492
69569  -33.412  -18.239  -41.615 0.1428571492
67109  -32.989  -21.287  -44.239 0.1428571492
68276  -33.354  -18.883  -42.924 0.1428571492
138289  -31.727  -22.645  -44.351 0.1428571492
67095  -32.441  -20.434  -43.770 0.1428571492
65020  -31.152  -23.252  -44.374 0.1428571492
147615  -33.185  -20.441  -45.605 0.1428571492
65050  -32.413  -22.677  -45.147 0.1428571492
149312  -33.790  -20.250  -46.014 0.1428571492
67132  -33.622  -20.963  -45.521 0.1428571492
68237  -31.946  -19.369  -38.804 0.1428571492
67049  -29.583  -20.533  -39.019 0.1428571492
68256  -35.129  -18.946  -41.056 0.1428571492
68255  -34.391  -18.876  -40.581 0.1428571492
69543  -32.710  -18.570  -40.128 0.1428571492
160476  -34.683  -18.425  -42.768 0.1428571492
69570  -34.204  -18.152  -41.825 0.1428571492
69554  -33.046  -18.312  -40.883 0.1428571492
66066  -34.900  -21.851  -44.274 0.1428571492
67096  -36.247  -20.313  -44.228 0.1428571492
66065  -33.793  -22.125  -44.331 0.1428571492
63877  -32.855  -22.837  -44.862 0.1428571492
66064  -32.642  -22.365  -44.500 0.1428571492
67126  -32.828  -21.116  -45.439 0.1428571492
65033  -32.260  -22.927  -44.747 0.1428571492
67065  -34.981  -19.695  -40.263 0.1428571492
68247  -34.072  -19.373  -39.822 0.1428571492
68246  -33.241  -19.098  -39.540 0.1428571492
68278  -36.542  -19.893  -42.363 0.1428571492
67066  -35.727  -20.391  -40.590 0.1428571492
66068  -36.594  -21.556  -44.281 0.1428571492
68288  -36.519  -19.933  -43.452 0.1428571492
149208  -34.085  -22.800  -44.790 0.1428571492
65035  -35.937  -22.013  -44.245 0.1428571492
68264  -35.769  -19.132  -41.788 0.1428571492
70751  -33.686  -18.173  -42.084 0.1428571492
68286  -34.699  -19.414  -43.754 0.1428571492
67108  -31.788  -21.600  -44.054 0.1428571492
68283  -30.769  -20.147  -43.120 0.1428571492
67133  -34.609  -20.628  -46.002 0.1428571492
136762  -34.211  -19.049  -46.787 0.1428571492
68312  -30.946  -19.508  -44.272 0.1428571492
69629  -32.199  -18.773  -46.200 0.1428571492
73023  -29.701  -16.248  -46.536 0.1428571492
74061  -31.720  -14.689  -45.672 0.1428571492
62595  -24.921  -24.350  -37.242 0.2857142985
65051  -33.381  -22.679  -45.136 0.1428571492
142519  -34.038  -22.358  -45.315 0.1428571492
155227  -34.281  -18.460  -47.298 0.1428571492
148052  -23.267  -4.549  -47.607 0.4285714328
136652  -33.460  -16.301  -48.361 0.1428571492
137736  -32.567  -17.299  -47.647 0.1428571492
155262  -32.956  -17.129  -48.252 0.1428571492
155344  -32.085  -15.907  -48.577 0.1428571492
136626  -32.811  -16.439  -48.335 0.1428571492
75117  -32.041  -13.823  -45.522 0.1428571492
137260  -31.948  -12.023  -45.263 0.1428571492
89710  -23.224  -1.001  -48.332 0.4285714328
158324  -24.095  0.427  -49.076 0.4285714328
95279  -23.629  4.677  -55.532 0.1428571492
74060  -31.373  -15.032  -45.758 0.1428571492
157107  -31.422  -19.416  -41.787 0.1428571492
68253  -31.097  -18.934  -40.288 0.1428571492
140244  -30.396  -19.695  -38.946 0.1428571492
144222  -30.918  -18.395  -44.647 0.1428571492
78598  -32.332  -9.899  -45.069 0.1428571492
81004  -32.887  -8.822  -44.468 0.1428571492
70784  -30.164  -17.908  -45.063 0.1428571492
139821  -30.420  -17.791  -46.037 0.1428571492
163924  -30.411  -15.663  -47.431 0.1428571492
69627  -31.502  -18.076  -45.120 0.1428571492
164174  -29.851  -19.557  -43.939 0.1428571492
69612  -28.143  -18.744  -45.118 0.1428571492
70800  -31.041  -17.618  -46.690 0.1428571492
74075  -31.024  -15.050  -46.996 0.1428571492
136890  -33.917  -13.376  -44.632 0.1428571492
135451  -31.628  -16.135  -48.228 0.1428571492
145174  -29.432  -20.943  -43.133 0.1428571492
67105  -28.062  -20.866  -43.084 0.1428571492
142706  -28.346  -19.565  -43.834 0.1428571492
67121  -28.303  -20.097  -45.199 0.1428571492
69628  -31.703  -18.274  -46.298 0.1428571492
67130  -32.111  -19.368  -44.908 0.1428571492
67122  -29.223  -20.302  -45.225 0.1428571492
135443  -32.381  -16.527  -48.208 0.1428571492
69567  -31.754  -18.777  -41.380 0.1428571492
68295  -30.790  -20.320  -43.151 0.1428571492
66050  -30.065  -22.642  -42.638 0.1428571492
65046  -28.855  -22.600  -45.099 0.1428571492
67107  -30.958  -21.587  -43.039 0.1428571492
143266  -30.421  -20.798  -45.277 0.1428571492
65047  -29.821  -22.631  -45.132 0.1428571492
65032  -30.194  -23.449  -44.376 0.1428571492
66063  -31.052  -22.816  -43.488 0.1428571492
65049  -31.667  -22.681  -45.174 0.1428571492
66081  -32.793  -22.126  -45.320 0.1428571492
68236  -31.106  -19.296  -38.947 0.1428571492
68245  -32.370  -18.935  -39.417 0.1428571492
69571  -35.016  -18.408  -41.758 0.1428571492
68254  -33.565  -18.694  -40.296 0.1428571492
68297  -33.484  -20.433  -44.019 0.1428571492
67110  -34.239  -21.088  -44.109 0.1428571492
68299  -35.198  -20.320  -44.198 0.1428571492
68285  -33.622  -19.571  -43.577 0.1428571492
137758  -35.654  -19.586  -40.952 0.1428571492
69597  -35.113  -18.819  -43.260 0.1428571492
65036  -36.558  -22.243  -44.129 0.1428571492
65034  -33.362  -22.774  -44.742 0.1428571492
154786  -35.247  -22.835  -44.420 0.1428571492
68287  -35.616  -19.570  -43.788 0.1428571492
68277  -35.877  -19.215  -42.880 0.1428571492
57944  -23.328  -29.057  -32.596 0.1428571492
57958  -23.744  -28.590  -33.223 0.1428571492
159779  -22.732  -28.615  -33.314 0.1428571492
152587  -23.090  -28.783  -33.362 0.1428571492
57957  -23.465  -28.418  -33.843 0.1428571492
59121  -23.556  -27.737  -34.730 0.1428571492
60272  -23.786  -26.531  -35.536 0.1428571492
61403  -23.479  -25.700  -35.765 0.1428571492
60273  -24.476  -26.524  -35.513 0.1428571492
60271  -22.899  -26.108  -35.174 0.1428571492
61414  -24.011  -25.257  -36.329 0.1428571492
62584  -23.659  -24.335  -36.399 0.1428571492
163346  -22.652  -23.504  -36.143 0.1428571492
63797  -23.198  -23.544  -36.438 0.1428571492
65982  -23.637  -22.050  -37.505 0.1428571492
64941  -23.306  -22.750  -36.880 0.1428571492
65983  -24.313  -22.090  -37.958 0.1428571492
65996  -23.777  -21.376  -38.093 0.2857142985
67046  -24.601  -20.370  -39.319 0.2857142985
70747  -23.939  -17.513  -41.589 0.4285714328
71924  -24.497  -16.420  -42.622 0.4285714328
84272  -22.748  -5.485  -46.825 0.2857142985
84285  -23.490  -5.422  -47.528 0.2857142985
86507  -21.510  -2.451  -46.298 0.2857142985
87592  -22.526  -2.056  -47.828 0.2857142985
154702  -23.262  -1.384  -48.363 0.2857142985
151291  -23.099  -1.554  -48.202 0.4285714328
157041  -23.135  -21.466  -37.579 0.1428571492
67036  -25.153  -21.168  -39.002 0.1428571492
61402  -22.531  -25.190  -35.318 0.1428571492
62583  -22.826  -23.961  -35.981 0.1428571492
65971  -22.822  -21.846  -37.039 0.1428571492
67034  -23.444  -20.567  -38.534 0.2857142985
67035  -24.267  -20.892  -38.717 0.2857142985
67045  -23.896  -20.229  -39.027 0.2857142985
68242  -24.853  -19.708  -40.008 0.2857142985
159171  -24.634  -19.039  -40.553 0.4285714328
69549  -24.033  -18.552  -40.946 0.4285714328
70746  -23.005  -17.345  -41.524 0.2857142985
83205  -22.085  -6.786  -45.803 0.2857142985
83210  -22.689  -6.502  -46.477 0.2857142985
83209  -22.052  -5.647  -46.194 0.2857142985
84271  -22.154  -4.505  -46.586 0.2857142985
85383  -22.337  -3.507  -47.018 0.2857142985
86496  -21.435  -2.913  -46.182 0.2857142985
86495  -20.991  -3.138  -45.726 0.2857142985
87609  -22.075  -1.855  -48.790 0.2857142985
68241  -23.979  -19.646  -39.587 0.2857142985
82140  -22.640  -7.542  -46.115 0.2857142985
83204  -21.325  -6.086  -45.448 0.2857142985
82135  -22.035  -7.874  -45.427 0.2857142985
84266  -20.753  -5.128  -45.333 0.2857142985
151183  -20.506  -4.472  -45.255 0.2857142985
85370  -21.815  -3.520  -46.498 0.2857142985
85362  -20.467  -3.894  -45.266 0.2857142985
86509  -22.228  -2.666  -47.101 0.2857142985
83199  -20.557  -6.254  -44.827 0.2857142985
84261  -20.202  -5.408  -44.794 0.2857142985
161300  -20.904  -4.191  -45.614 0.2857142985
69562  -24.359  -18.142  -41.372 0.4285714328
70758  -24.608  -17.093  -42.164 0.4285714328
61404  -24.322  -26.016  -36.043 0.1428571492
59133  -24.011  -27.228  -35.204 0.1428571492
59109  -23.760  -28.098  -34.283 0.1428571492
86527  -22.523  -2.220  -48.017 0.2857142985
147604  -21.809  -3.019  -46.559 0.2857142985
57967  -23.246  -28.099  -34.279 0.1428571492
60260  -23.256  -27.075  -35.038 0.1428571492
62572  -23.131  -24.765  -35.834 0.1428571492
67025  -22.937  -20.872  -37.925 0.2857142985
69561  -23.457  -17.908  -41.232 0.4285714328
86508  -22.131  -2.322  -47.025 0.2857142985
68250  -23.985  -19.029  -40.328 0.4285714328
85356  -19.954  -4.697  -44.713 0.2857142985
71922  -23.008  -15.746  -42.507 0.2857142985
71923  -23.743  -16.152  -42.435 0.2857142985
73005  -23.885  -14.806  -44.183 0.2857142985
164922  -22.521  9.035  -55.523 0.1428571492
137016  -22.681  8.390  -56.042 0.1428571492
98217  -21.877  7.449  -54.588 0.1428571492
96249  -22.419  5.974  -54.257 0.1428571492
136586  -22.957  11.140  -55.571 0.1428571492
97285  -21.918  7.045  -54.132 0.1428571492
98198  -21.210  8.256  -52.484 0.1428571492
101046  -22.082  11.692  -51.683 0.1428571492
137968  -23.417  -14.724  -43.907 0.2857142985
140748  -22.878  -14.322  -44.026 0.2857142985
96250  -22.664  5.777  -55.007 0.1428571492
98225  -22.762  7.427  -55.837 0.1428571492
96240  -22.903  5.398  -53.800 0.1428571492
97293  -22.188  7.106  -54.991 0.1428571492
158167  -22.567  6.643  -55.379 0.1428571492
98209  -21.357  7.529  -52.353 0.1428571492
99119  -21.731  9.552  -53.602 0.1428571492
150088  -22.351  10.987  -52.039 0.1428571492
99110  -21.526  9.475  -52.600 0.1428571492
100102  -22.590  9.949  -51.942 0.1428571492
100094  -22.997  11.105  -51.559 0.1428571492
99111  -21.619  9.258  -52.075 0.1428571492
96239  -22.565  5.956  -53.120 0.1428571492
97275  -21.681  6.601  -52.650 0.1428571492
70757  -23.733  -16.840  -41.871 0.2857142985
137103  -22.309  8.115  -55.236 0.1428571492
136203  -22.561  10.188  -55.291 0.1428571492
136198  -22.447  7.421  -55.351 0.1428571492
98208  -21.295  7.153  -53.240 0.1428571492
150670  -21.877  8.608  -54.423 0.1428571492
101958  -23.084  11.835  -55.561 0.1428571492
145565  -21.409  8.425  -53.449 0.1428571492
97294  -22.810  7.137  -55.872 0.1428571492
82128  -20.425  -7.407  -44.249 0.1428571492
82133  -20.973  -7.214  -44.783 0.1428571492
85355  -19.549  -4.515  -44.391 0.1428571492
87551  -16.814  -2.800  -41.591 0.1428571492
86464  -18.681  -4.743  -43.498 0.1428571492
85361  -20.101  -4.092  -44.864 0.1428571492
157280  -18.404  -2.355  -42.743 0.1428571492
87575  -21.048  -2.127  -45.827 0.1428571492
88665  -21.313  -1.535  -46.195 0.2857142985
76319  -20.498  -12.953  -47.516 0.2857142985
74067  -19.387  -13.644  -47.224 0.1428571492
78596  -21.905  -10.116  -45.276 0.1428571492
144718  -22.232  -9.812  -45.464 0.1428571492
82134  -21.418  -8.135  -44.777 0.1428571492
87599  -30.231  -2.209  -46.120 0.1428571492
83198  -20.033  -6.463  -44.312 0.1428571492
87582  -21.044  -2.705  -45.783 0.1428571492
88677  -21.782  -1.784  -46.698 0.1428571492
90652  -22.239  -0.792  -47.332 0.2857142985
92515  -23.001  2.490  -46.912 0.2857142985
92509  -22.200  2.284  -45.588 0.2857142985
93443  -23.530  3.203  -47.278 0.2857142985
143171  -26.185  7.134  -48.777 0.1428571492
95225  -25.503  5.517  -45.424 0.1428571492
163954  -21.869  -0.845  -46.955 0.2857142985
91568  -22.737  0.499  -47.806 0.2857142985
92539  -23.957  1.027  -48.814 0.2857142985
91561  -22.107  1.010  -46.964 0.2857142985
91554  -21.771  1.385  -46.123 0.2857142985
92526  -23.975  2.023  -48.609 0.2857142985
145350  -22.384  1.919  -46.521 0.2857142985
93448  -23.918  3.066  -48.116 0.2857142985
94315  -24.432  4.633  -47.074 0.1428571492
93428  -22.730  3.206  -45.104 0.2857142985
96192  -26.577  6.019  -47.695 0.1428571492
96193  -27.237  6.972  -47.708 0.1428571492
92502  -21.606  1.700  -45.161 0.1428571492
88658  -21.089  -1.556  -45.923 0.2857142985
93436  -22.800  2.812  -46.055 0.2857142985
94314  -23.755  4.087  -46.636 0.1428571492
94308  -24.307  4.831  -46.229 0.1428571492
94307  -23.867  4.462  -45.790 0.1428571492
88649  -18.869  -1.992  -42.976 0.2857142985
93419  -23.181  3.976  -44.736 0.1428571492
161824  -24.932  5.470  -44.969 0.1428571492
94296  -23.774  4.579  -44.931 0.1428571492
136487  -16.864  -0.287  -40.622 0.1428571492
88667  -30.603  -1.631  -45.693 0.1428571492
86476  -32.617  -3.768  -43.860 0.1428571492
155468  -20.823  -10.371  -46.068 0.1428571492
81003  -21.260  -9.195  -44.435 0.1428571492
135550  -31.599  -1.934  -44.795 0.1428571492
82116  -20.434  -8.538  -43.782 0.1428571492
144497  -18.602  -6.098  -43.401 0.1428571492
84240  -17.720  -5.637  -42.653 0.1428571492
145423  -18.677  -5.341  -43.503 0.1428571492
156246  -17.373  -3.996  -42.405 0.1428571492
86489  -19.940  -3.921  -44.731 0.1428571492
88657  -19.731  -1.707  -44.237 0.2857142985
159648  -21.714  -0.303  -46.776 0.1428571492
90639  -21.354  0.096  -46.199 0.1428571492
91560  -21.645  0.514  -46.515 0.2857142985
95216  -24.198  4.932  -45.496 0.1428571492
95224  -24.803  5.288  -45.667 0.1428571492
135554  -31.533  -3.045  -44.769 0.1428571492
87585  -30.864  -2.380  -45.398 0.1428571492
135546  -32.355  -2.344  -44.339 0.1428571492
162483  -25.518  5.447  -46.081 0.1428571492
162677  -24.613  4.499  -47.617 0.2857142985
90678  -23.208  -0.269  -48.354 0.2857142985
135525  -20.464  -10.288  -48.076 0.1428571492
142364  -19.489  -9.926  -48.372 0.1428571492
81015  -22.506  -8.683  -45.712 0.1428571492
85343  -33.134  -4.466  -43.425 0.1428571492
91577  -23.489  0.472  -48.507 0.2857142985
87591  -21.985  -2.077  -46.838 0.1428571492
88693  -22.395  -2.018  -48.466 0.1428571492
89697  -22.919  -1.525  -47.951 0.1428571492
84252  -19.116  -5.915  -43.769 0.1428571492
85331  -18.033  -5.130  -42.977 0.1428571492
83192  -18.980  -6.808  -43.542 0.1428571492
82127  -20.046  -7.415  -43.849 0.1428571492
85332  -18.561  -4.897  -43.411 0.1428571492
86463  -18.393  -4.872  -43.266 0.1428571492
87561  -18.691  -2.843  -43.359 0.1428571492
86475  -19.303  -2.984  -44.137 0.1428571492
81009  -21.846  -8.975  -45.016 0.1428571492
144453  -19.273  -2.231  -43.709 0.1428571492
87562  -19.683  -2.379  -44.418 0.1428571492
87583  -21.396  -1.918  -46.226 0.1428571492
79810  -21.661  -9.817  -44.873 0.1428571492
89683  -22.213  -1.356  -47.332 0.2857142985
140206  -21.249  -0.821  -46.154 0.2857142985
90653  -22.105  0.018  -47.237 0.2857142985
89698  -22.926  -0.757  -47.991 0.2857142985
93437  -23.288  3.255  -46.509 0.2857142985
92521  -23.369  2.267  -47.727 0.2857142985
91569  -23.314  1.325  -48.115 0.2857142985
92520  -22.745  1.590  -47.358 0.2857142985
93429  -23.359  3.745  -45.660 0.2857142985
90638  -21.199  -0.211  -46.003 0.1428571492
94297  -24.370  5.211  -44.889 0.1428571492
67024  -22.256  -20.319  -37.503 0.1428571492
68235  -23.162  -19.749  -39.107 0.1428571492
68233  -21.798  -19.194  -38.187 0.1428571492
69535  -21.447  -18.345  -38.341 0.1428571492
69539  -21.819  -18.155  -39.523 0.1428571492
68240  -22.636  -19.033  -39.562 0.1428571492
69546  -22.162  -17.842  -40.553 0.1428571492
69540  -22.361  -18.376  -39.974 0.1428571492
69541  -23.298  -19.002  -39.953 0.1428571492
144840  -22.022  -17.652  -41.212 0.1428571492
70740  -22.104  -17.996  -41.585 0.1428571492
69548  -23.243  -18.289  -40.722 0.1428571492
70741  -22.037  -18.049  -42.014 0.1428571492
69560  -22.685  -17.709  -41.217 0.1428571492
70736  -21.650  -17.410  -40.076 0.1428571492
152855  -21.836  -17.707  -41.776 0.1428571492
157485  -22.265  -17.412  -42.067 0.1428571492
74042  -22.366  -14.033  -44.600 0.1428571492
89657  -21.088  -0.985  -45.935 0.1428571492
68228  -21.723  -19.610  -37.434 0.1428571492
69536  -21.992  -18.869  -39.118 0.1428571492
74084  -21.869  -14.642  -46.657 0.1428571492
70756  -22.941  -16.625  -41.825 0.1428571492
67033  -22.707  -20.151  -38.324 0.1428571492
68229  -22.180  -19.746  -38.022 0.1428571492
68234  -22.385  -19.482  -38.729 0.1428571492
69547  -22.607  -17.953  -40.719 0.1428571492
161751  -22.839  -18.499  -40.259 0.1428571492
71913  -21.703  -16.818  -41.078 0.1428571492
70745  -21.751  -17.407  -42.025 0.1428571492
70735  -21.020  -17.005  -39.060 0.1428571492
67018  -22.004  -20.705  -36.846 0.1428571492
57955  -22.330  -28.308  -33.198 0.1428571492
63875  -30.198  -23.154  -44.935 0.1428571492
63876  -30.969  -23.154  -44.975 0.1428571492
63889  -31.905  -23.026  -44.868 0.1428571492
65018  -28.532  -22.872  -44.369 0.1428571492
65019  -29.250  -23.486  -43.758 0.1428571492
65031  -29.419  -23.209  -44.662 0.1428571492
65048  -30.533  -22.699  -45.143 0.1428571492
66047  -27.442  -21.460  -44.391 0.1428571492
66049  -28.452  -22.858  -43.307 0.1428571492
66052  -37.229  -21.405  -44.116 0.1428571492
66061  -27.989  -21.249  -45.158 0.1428571492
66062  -27.927  -22.297  -45.004 0.1428571492
66067  -35.821  -21.662  -44.309 0.1428571492
66077  -28.827  -21.568  -45.244 0.1428571492
66078  -29.640  -21.771  -45.273 0.1428571492
66079  -30.447  -21.886  -45.302 0.1428571492
66080  -31.994  -21.846  -45.378 0.1428571492
66099  -35.152  -21.410  -45.693 0.1428571492
67088  -37.208  -20.602  -43.028 0.1428571492
67091  -26.899  -20.120  -44.444 0.1428571492
67092  -26.890  -20.801  -44.125 0.1428571492
67093  -27.012  -21.146  -43.623 0.1428571492
67103  -27.511  -19.881  -45.063 0.1428571492
67104  -27.353  -20.789  -44.790 0.1428571492
67106  -30.234  -21.167  -42.415 0.1428571492
67111  -35.983  -20.963  -44.375 0.1428571492
67112  -36.691  -20.940  -44.314 0.1428571492
67123  -30.229  -19.974  -45.070 0.1428571492
68244  -31.473  -18.931  -39.466 0.1428571492
68290  -27.136  -19.412  -44.816 0.1428571492
68291  -26.912  -19.608  -44.248 0.1428571492
68292  -27.009  -20.014  -43.537 0.1428571492
68298  -34.260  -20.078  -44.045 0.1428571492
68309  -27.654  -19.161  -45.093 0.1428571492
68310  -28.247  -19.319  -45.149 0.1428571492
68317  -30.232  -19.485  -44.156 0.1428571492
68318  -31.649  -19.152  -43.877 0.1428571492
68319  -32.162  -18.784  -44.817 0.1428571492
68322  -34.427  -19.653  -46.295 0.1428571492
68324  -32.931  -18.765  -46.502 0.1428571492
69555  -33.870  -18.357  -41.068 0.1428571492
69556  -34.550  -18.475  -41.255 0.1428571492
69583  -33.059  -18.513  -42.245 0.1428571492
69585  -35.248  -18.575  -42.460 0.1428571492
69596  -34.267  -18.754  -43.181 0.1428571492
69599  -27.495  -18.796  -44.840 0.1428571492
69600  -28.617  -18.811  -44.584 0.1428571492
69603  -31.157  -17.974  -44.133 0.2857142985
69613  -28.872  -18.946  -44.411 0.1428571492
69625  -29.806  -18.341  -44.881 0.1428571492
69626  -30.379  -19.056  -44.103 0.1428571492
70778  -28.216  -18.421  -45.012 0.1428571492
70779  -29.236  -18.687  -44.701 0.1428571492
70780  -30.757  -18.019  -45.039 0.1428571492
70785  -30.981  -17.683  -45.159 0.2857142985
70786  -31.207  -17.711  -44.540 0.2857142985
70798  -30.358  -17.549  -45.537 0.1428571492
70807  -30.282  -16.188  -47.287 0.1428571492
71933  -23.554  -15.166  -43.368 0.2857142985
71952  -29.683  -17.220  -45.940 0.1428571492
71970  -30.001  -15.639  -47.268 0.1428571492
73004  -23.084  -14.401  -44.596 0.2857142985
73019  -23.635  -14.576  -44.780 0.5714285970
73032  -24.703  -14.572  -44.972 0.5714285970
73033  -29.792  -15.495  -47.134 0.1428571492
74072  -25.177  -14.292  -45.338 0.5714285970
75125  -24.330  -14.191  -46.338 0.7142857313
75127  -26.659  -12.713  -45.737 0.8571428657
76321  -24.621  -12.518  -48.044 0.8571428657
76329  -24.092  -12.046  -48.394 0.5714285970
76331  -25.848  -12.405  -47.704 0.7142857313
77455  -29.167  -11.356  -46.331 0.4285714328
77472  -25.901  -11.986  -48.436 0.8571428657
78595  -21.470  -10.321  -45.121 0.1428571492
79804  -21.270  -9.911  -44.469 0.1428571492
79812  -32.306  -9.078  -44.976 0.4285714328
81002  -20.915  -9.334  -44.110 0.1428571492
81010  -31.774  -8.565  -45.563 0.4285714328
81044  -25.820  -8.000  -48.076 1.0000000000
81046  -27.419  -8.325  -48.064 0.8571428657
82129  -20.838  -8.360  -44.251 0.1428571492
82137  -32.239  -7.237  -44.818 0.4285714328
82152  -23.789  -6.950  -47.218 0.4285714328
82166  -26.972  -7.494  -48.569 1.0000000000
83193  -19.541  -6.685  -43.903 0.1428571492
83223  -24.632  -6.346  -48.313 1.0000000000
83236  -28.350  -6.120  -48.601 0.8571428657
83237  -28.882  -6.200  -47.950 0.8571428657
83248  -25.968  -5.687  -49.571 1.0000000000
83249  -26.494  -5.913  -49.412 0.8571428657
83250  -27.198  -6.291  -49.148 1.0000000000
84241  -18.145  -5.829  -43.072 0.1428571492
84260  -19.324  -5.109  -44.077 0.2857142985
84263  -32.433  -5.832  -44.319 0.2857142985
84267  -21.420  -4.597  -45.948 0.2857142985
85354  -19.061  -4.831  -43.822 0.1428571492
85358  -32.381  -4.569  -44.046 0.2857142985
85363  -20.946  -3.699  -45.679 0.2857142985
85369  -21.310  -3.520  -46.025 0.2857142985
85372  -30.219  -4.442  -46.458 0.4285714328
85384  -22.815  -3.796  -47.411 0.2857142985
86457  -16.920  -3.810  -41.934 0.1428571492
86458  -17.512  -3.186  -42.242 0.1428571492
86474  -19.145  -4.566  -43.946 0.1428571492
86494  -20.511  -3.472  -45.303 0.2857142985
86551  -26.062  -3.939  -49.757 1.0000000000
86552  -27.368  -3.903  -49.649 0.8571428657
86553  -28.030  -4.018  -49.342 0.8571428657
87611  -29.206  -2.767  -47.765 0.4285714328
87622  -23.180  -2.033  -48.271 0.5714285970
87641  -27.476  -2.195  -50.153 0.8571428657
88678  -22.380  -1.901  -47.437 0.1428571492
88694  -22.392  -1.737  -48.492 0.2857142985
88733  -27.499  -1.409  -51.095 0.7142857313
89667  -21.563  -0.706  -46.567 0.1428571492
89682  -21.721  -1.390  -46.730 0.2857142985
89712  -28.923  -0.419  -48.487 0.1428571492
90691  -24.847  0.534  -50.285 0.8571428657
94323  -25.143  3.823  -48.942 0.5714285970
96238  -21.810  6.378  -53.682 0.1428571492
96259  -22.052  6.888  -54.619 0.1428571492
99112  -21.495  8.519  -51.922 0.1428571492
101054  -21.805  11.503  -52.298 0.1428571492
135460  -31.177  -15.459  -47.641 0.1428571492
135529  -19.058  -10.026  -48.453 0.1428571492
135533  -25.412  -11.921  -48.532 0.7142857313
135535  -23.576  -11.726  -48.339 0.5714285970
135540  -25.433  -10.984  -46.415 0.8571428657
135555  -28.761  -9.406  -47.213 0.8571428657
135559  -29.058  -7.763  -47.688 0.8571428657
135560  -31.440  -5.949  -45.262 0.4285714328
135567  -30.507  -6.072  -46.344 0.4285714328
136506  -23.346  10.859  -56.281 0.1428571492
136756  -21.780  -11.626  -48.397 0.4285714328
137027  -33.650  -17.722  -47.773 0.1428571492
137076  -32.317  -18.159  -47.036 0.1428571492
137203  -31.072  -16.612  -47.441 0.1428571492
137380  -21.377  -10.386  -46.616 0.1428571492
141618  -30.146  -8.014  -47.090 0.5714285970
141661  -29.493  -6.403  -47.360 0.5714285970
141767  -20.093  -10.279  -48.461 0.1428571492
147041  -28.507  -0.340  -50.163 0.2857142985
148576  -28.662  -2.168  -49.062 0.4285714328
148727  -24.641  -5.007  -48.877 0.8571428657
149040  -35.207  -21.191  -44.260 0.1428571492
149157  -21.856  -1.998  -48.590 0.2857142985
149353  -21.548  -7.202  -45.272 0.1428571492
150980  -22.403  11.149  -51.885 0.1428571492
151626  -29.327  -21.006  -40.866 0.2857142985
153277  -20.551  -2.985  -45.342 0.1428571492
153798  -19.659  -5.686  -44.284 0.1428571492
154146  -18.115  -3.029  -42.784 0.1428571492
155318  -20.871  -11.114  -48.689 0.4285714328
155566  -27.456  -19.285  -44.116 0.1428571492
155679  -29.734  -14.262  -44.792 0.4285714328
155959  -30.158  -23.490  -43.476 0.1428571492
156874  -29.267  0.202  -48.147 0.1428571492
158113  -29.769  -18.340  -44.828 0.1428571492
159473  -29.795  -16.013  -47.130 0.1428571492
160526  -34.662  -18.240  -42.267 0.1428571492
162119  -27.074  -19.959  -40.536 0.5714285970
162383  -26.460  -15.599  -43.431 0.7142857313
163851  -30.707  -6.756  -46.359 0.4285714328
164742  -34.084  -20.794  -45.681 0.1428571492
165403  -23.872  -14.960  -43.835 0.2857142985
