#!ascii label  , from subject sub-v1s14x0051569_ses-1 vox2ras=TkReg
1013
14017  33.839  -68.486  -29.078 0.3000000119
145989  30.567  -58.800  -29.786 0.6000000238
24698  30.513  -54.886  -28.560 0.6999999881
24682  30.128  -54.980  -27.611 0.6999999881
13336  33.283  -69.186  -29.029 0.4000000060
163415  31.193  -64.089  -30.337 0.4000000060
14024  33.371  -68.053  -30.294 0.5000000000
14023  33.848  -67.741  -29.652 0.5000000000
20616  30.601  -59.183  -30.686 0.6999999881
22556  30.690  -57.394  -29.176 0.6999999881
155059  30.670  -58.074  -29.743 0.5000000000
23623  30.914  -56.058  -29.481 0.6000000238
23612  30.682  -55.699  -28.959 0.6000000238
25751  30.878  -54.373  -29.106 0.6999999881
26779  30.115  -53.592  -28.185 0.6999999881
13346  32.481  -68.526  -29.727 0.5000000000
16508  31.247  -64.853  -30.482 0.4000000060
13345  32.829  -68.361  -30.262 0.6000000238
156250  30.966  -62.678  -30.215 0.4000000060
18907  30.442  -61.517  -31.710 0.5000000000
14034  32.245  -67.580  -31.538 0.6000000238
18901  30.638  -61.261  -30.715 0.6000000238
19776  30.524  -60.601  -31.413 0.6000000238
14042  33.381  -67.418  -31.871 0.6000000238
20622  30.555  -59.636  -31.695 0.6000000238
23641  31.228  -56.957  -30.614 0.6000000238
24717  31.229  -56.113  -30.101 0.6000000238
25763  31.897  -54.654  -30.232 0.6999999881
24708  30.966  -55.253  -29.535 0.6999999881
25750  31.470  -54.343  -29.732 0.6999999881
26793  31.053  -53.522  -29.066 0.6999999881
154876  29.778  -52.500  -28.744 0.6999999881
26804  32.448  -52.738  -30.145 0.6999999881
26792  31.751  -53.174  -29.599 0.6999999881
28967  30.998  -51.753  -29.580 0.6999999881
13347  32.162  -68.446  -29.456 0.5000000000
14859  31.428  -66.474  -30.214 0.5000000000
137595  31.526  -66.320  -29.377 0.5000000000
154668  30.598  -62.943  -31.338 0.4000000060
14035  31.944  -67.862  -30.770 0.5000000000
18915  30.387  -61.653  -32.708 0.5000000000
154100  30.448  -60.375  -32.383 0.6000000238
14884  33.263  -66.839  -32.723 0.6000000238
14051  32.014  -66.660  -32.361 0.5000000000
15773  32.075  -65.996  -32.768 0.5000000000
21564  30.735  -58.736  -31.477 0.6999999881
142106  31.497  -57.174  -31.503 0.6000000238
21558  30.708  -58.341  -30.541 0.6999999881
24728  32.081  -55.835  -31.075 0.6000000238
23631  31.608  -56.351  -30.852 0.6000000238
24715  32.315  -54.931  -30.634 0.6000000238
24716  31.597  -55.355  -30.329 0.6000000238
25774  33.234  -54.353  -30.847 0.6000000238
25762  32.315  -53.921  -30.231 0.6999999881
28968  30.232  -51.666  -29.724 0.6999999881
149294  33.778  -53.288  -30.864 0.6000000238
27917  31.758  -52.146  -29.763 0.6999999881
159429  30.838  -51.414  -30.060 0.6999999881
26803  33.161  -52.337  -30.699 0.6999999881
17288  30.628  -63.697  -31.857 0.4000000060
135992  31.606  -67.322  -30.592 0.5000000000
16514  31.196  -65.141  -31.453 0.4000000060
18105  30.467  -62.502  -32.910 0.5000000000
163168  30.396  -60.936  -32.822 0.6000000238
15762  31.402  -65.983  -31.669 0.4000000060
20632  30.563  -59.687  -32.739 0.6000000238
14873  31.661  -66.712  -31.890 0.4000000060
16529  31.199  -64.626  -32.695 0.4000000060
15779  31.680  -64.990  -33.007 0.4000000060
17302  31.649  -64.216  -33.307 0.4000000060
138987  31.204  -58.360  -33.048 0.6999999881
142442  31.341  -57.840  -32.281 0.6000000238
137366  32.147  -56.857  -32.336 0.6000000238
24727  32.808  -55.433  -31.287 0.6000000238
23639  32.447  -56.260  -31.852 0.6000000238
24726  33.666  -55.191  -31.567 0.6000000238
28978  30.286  -51.525  -30.450 0.6999999881
28976  31.925  -51.382  -30.874 0.6999999881
27940  33.411  -51.818  -31.318 0.6000000238
28975  32.665  -51.590  -31.130 0.6000000238
17298  30.801  -64.057  -32.593 0.4000000060
18109  30.791  -62.444  -33.306 0.4000000060
20639  30.897  -59.771  -33.450 0.6999999881
18108  31.272  -63.296  -33.376 0.4000000060
21583  31.367  -58.897  -33.657 0.8000000119
17301  32.326  -63.782  -33.599 0.5000000000
22583  31.588  -57.792  -33.063 0.6999999881
22582  32.097  -57.272  -33.055 0.6000000238
138488  33.826  -55.703  -32.282 0.5000000000
137151  32.710  -56.670  -32.847 0.6000000238
27942  29.723  -51.820  -30.902 0.6999999881
26817  35.454  -53.153  -31.729 0.6000000238
25773  34.344  -54.276  -31.332 0.6000000238
28993  31.477  -51.478  -31.477 0.8000000119
27956  31.043  -51.969  -32.256 0.8000000119
26818  34.615  -53.038  -31.295 0.6000000238
26819  33.879  -52.425  -31.102 0.6000000238
18917  30.993  -61.407  -33.606 0.5000000000
18918  30.559  -61.167  -33.245 0.6000000238
18114  31.829  -61.755  -33.818 0.5000000000
18921  33.872  -61.750  -34.453 0.6999999881
18107  32.084  -62.780  -33.713 0.4000000060
21581  32.061  -57.780  -33.791 0.6999999881
23663  32.597  -57.190  -33.863 0.6999999881
23652  34.316  -55.819  -32.903 0.6000000238
23662  33.156  -56.701  -33.717 0.6000000238
24739  35.185  -55.276  -32.771 0.6000000238
27957  30.191  -52.601  -32.388 0.6000000238
25792  35.029  -54.627  -31.902 0.6000000238
29008  31.940  -51.776  -32.290 0.6999999881
27955  31.534  -52.549  -32.951 0.6999999881
28989  34.998  -51.727  -32.089 0.6999999881
28990  34.077  -51.676  -31.958 0.6999999881
29007  32.873  -51.788  -32.377 0.6999999881
19797  32.363  -60.266  -34.213 0.5000000000
19798  31.854  -59.680  -34.076 0.6000000238
20638  31.423  -59.518  -33.798 0.6000000238
20642  34.294  -60.066  -34.816 0.6999999881
18922  32.659  -61.169  -34.096 0.6000000238
159834  31.791  -59.007  -34.034 0.6999999881
20648  36.156  -59.835  -35.214 0.6999999881
19795  34.733  -61.289  -34.776 0.6999999881
22592  32.599  -57.647  -34.561 0.6999999881
137831  33.131  -56.934  -34.732 0.6999999881
154861  34.714  -55.852  -33.659 0.5000000000
23661  33.961  -56.391  -33.969 0.6000000238
26845  29.396  -54.266  -33.800 0.5000000000
25805  36.026  -54.935  -33.347 0.6000000238
27981  31.126  -53.954  -34.488 0.6000000238
26858  30.264  -54.191  -35.063 0.5000000000
26832  36.191  -53.221  -32.264 0.6000000238
25791  35.744  -54.237  -32.222 0.6000000238
29022  32.460  -52.440  -33.139 0.6000000238
27994  31.705  -53.684  -36.208 0.5000000000
27953  36.547  -52.421  -32.499 0.6999999881
27954  35.733  -52.272  -32.078 0.6999999881
29005  34.705  -51.572  -32.742 0.6999999881
29006  33.820  -51.751  -32.569 0.6999999881
27968  33.785  -52.672  -34.677 0.5000000000
160009  35.621  -51.759  -32.318 0.6999999881
29020  34.228  -51.905  -33.701 0.6000000238
20644  32.276  -58.775  -34.338 0.6000000238
163005  33.346  -59.503  -34.692 0.6999999881
20643  32.917  -58.697  -34.740 0.6000000238
141195  36.208  -58.590  -35.385 0.6999999881
21588  32.586  -58.036  -34.794 0.6999999881
23667  34.037  -56.612  -35.017 0.6999999881
150693  32.935  -57.463  -35.049 0.6999999881
24751  34.696  -56.134  -34.627 0.6000000238
26866  29.683  -54.085  -35.576 0.4000000060
24749  36.052  -55.230  -34.615 0.5000000000
28003  31.078  -52.825  -36.870 0.4000000060
27952  37.156  -52.480  -32.882 0.6000000238
25790  36.560  -54.074  -32.902 0.6000000238
27979  33.239  -53.410  -35.108 0.5000000000
27980  32.207  -53.793  -35.036 0.5000000000
142170  33.806  -53.131  -35.604 0.4000000060
29003  36.247  -51.692  -32.566 0.6000000238
29004  35.511  -51.462  -32.708 0.6999999881
29019  34.999  -51.278  -33.693 0.6000000238
29962  34.798  -51.171  -34.523 0.5000000000
21592  35.186  -58.730  -35.278 0.6000000238
21593  34.206  -58.324  -35.278 0.6999999881
21587  33.296  -57.930  -35.184 0.6999999881
21591  37.606  -58.976  -35.525 0.6999999881
155641  36.886  -58.016  -35.589 0.6999999881
22591  33.624  -57.157  -35.266 0.6000000238
24760  35.400  -56.154  -35.426 0.6000000238
25812  37.265  -54.145  -34.633 0.6000000238
25813  36.644  -54.782  -35.215 0.5000000000
25804  36.684  -54.564  -33.989 0.6000000238
26830  37.494  -52.951  -33.387 0.6000000238
25803  37.162  -53.782  -33.568 0.6000000238
27993  33.086  -53.570  -36.092 0.4000000060
28002  32.415  -53.163  -36.996 0.5000000000
29049  32.206  -52.051  -37.350 0.4000000060
29002  37.060  -51.840  -32.872 0.6000000238
28000  33.935  -52.491  -37.164 0.4000000060
29018  36.089  -51.062  -33.152 0.6000000238
22597  35.893  -57.311  -35.533 0.6999999881
22598  34.694  -57.550  -35.434 0.6000000238
150004  37.949  -58.150  -35.868 0.6999999881
23671  36.741  -56.093  -36.142 0.6000000238
23672  35.899  -56.362  -35.669 0.6000000238
150420  39.070  -58.310  -36.104 0.6999999881
24759  35.985  -55.745  -35.704 0.5000000000
26855  38.419  -53.097  -35.669 0.6000000238
146888  37.258  -54.279  -35.844 0.6000000238
163309  38.171  -53.045  -34.752 0.6000000238
27978  38.069  -52.614  -34.065 0.5000000000
27967  37.697  -52.124  -33.384 0.6000000238
29949  36.791  -50.579  -33.640 0.6000000238
29950  35.623  -50.713  -33.841 0.5000000000
23670  38.980  -56.482  -36.790 0.6999999881
161239  37.697  -55.999  -36.526 0.6999999881
25816  37.871  -54.501  -36.601 0.6000000238
26864  38.068  -53.776  -36.250 0.5000000000
27991  39.053  -52.471  -36.093 0.6000000238
29030  38.658  -51.098  -35.062 0.6000000238
29959  38.194  -50.230  -34.965 0.6000000238
29961  36.172  -50.143  -34.007 0.5000000000
15776  34.610  -65.820  -33.807 0.5000000000
17305  34.473  -63.819  -34.295 0.5000000000
17304  35.382  -64.269  -34.482 0.5000000000
156197  34.594  -64.526  -34.071 0.5000000000
18920  35.037  -62.448  -34.948 0.6999999881
19793  37.401  -61.101  -34.800 0.6999999881
18111  35.293  -63.445  -34.932 0.5000000000
138286  35.893  -62.923  -35.031 0.5000000000
20641  35.715  -60.843  -35.051 0.6999999881
138527  35.841  -62.026  -35.061 0.6999999881
20647  37.154  -59.758  -35.315 0.6999999881
14852  34.336  -67.340  -28.834 0.3000000119
25739  30.552  -53.891  -28.517 0.6999999881
140938  30.922  -56.750  -29.774 0.6000000238
27910  30.423  -52.989  -28.600 0.6999999881
27929  29.455  -51.852  -30.144 0.6999999881
18113  32.998  -62.241  -33.983 0.6000000238
24740  34.459  -55.221  -32.034 0.6000000238
28991  33.171  -51.650  -31.748 0.6999999881
27970  31.026  -53.404  -33.501 0.6000000238
29021  33.416  -52.293  -33.425 0.6999999881
27969  31.914  -53.324  -33.845 0.6000000238
26857  31.004  -54.028  -35.507 0.5000000000
26865  30.205  -54.041  -35.790 0.5000000000
29032  34.296  -51.780  -34.749 0.5000000000
24756  35.455  -55.842  -35.128 0.5000000000
22595  38.149  -57.116  -36.276 0.6999999881
25817  36.834  -55.094  -36.175 0.5000000000
27966  38.345  -51.732  -34.247 0.6000000238
29948  37.614  -50.412  -34.194 0.6000000238
144833  38.505  -52.443  -34.932 0.6000000238
24764  38.975  -54.937  -37.306 0.5000000000
20637  38.441  -60.222  -34.065 0.6000000238
21562  36.530  -58.626  -31.434 0.6000000238
136401  36.991  -56.991  -31.243 0.4000000060
20629  37.995  -59.895  -33.158 0.5000000000
19788  38.517  -60.091  -34.670 0.6000000238
19758  30.493  -60.535  -28.612 0.5000000000
23629  36.402  -56.855  -30.556 0.4000000060
19771  30.573  -59.925  -30.793 0.5000000000
141544  30.475  -59.709  -28.212 0.5000000000
21572  37.267  -59.237  -32.231 0.5000000000
23621  36.230  -56.094  -30.102 0.4000000060
159936  30.478  -59.934  -29.017 0.5000000000
141054  30.611  -58.614  -27.920 0.5000000000
21561  37.254  -58.045  -31.849 0.6000000238
145853  30.574  -58.305  -28.982 0.5000000000
21580  38.657  -59.517  -33.580 0.5000000000
19792  38.077  -60.391  -34.862 0.6000000238
25749  35.850  -54.949  -29.197 0.4000000060
159270  35.269  -55.558  -28.541 0.4000000060
23638  37.617  -57.068  -31.915 0.4000000060
22490  29.975  -57.783  -25.394 0.5000000000
22581  38.060  -57.942  -32.554 0.5000000000
22530  30.610  -57.431  -27.240 0.5000000000
22510  29.704  -56.994  -25.752 0.5000000000
20636  39.020  -59.753  -34.448 0.6000000238
21585  39.650  -59.356  -35.126 0.6000000238
20646  38.218  -59.806  -35.229 0.6000000238
147166  30.719  -56.447  -28.953 0.5000000000
23582  29.347  -56.246  -26.165 0.5000000000
23563  28.880  -56.768  -25.797 0.4000000060
22589  39.595  -58.153  -34.118 0.5000000000
22580  38.793  -57.985  -33.299 0.5000000000
21578  39.989  -58.849  -34.822 0.6000000238
21584  40.125  -58.688  -35.606 0.6000000238
20645  39.106  -59.497  -35.298 0.6000000238
22593  40.389  -58.057  -35.983 0.6000000238
21590  38.874  -59.109  -35.707 0.6000000238
23628  36.894  -56.022  -30.790 0.4000000060
25748  36.389  -54.646  -29.651 0.4000000060
24683  29.490  -55.049  -26.959 0.5000000000
23583  28.590  -56.070  -26.312 0.5000000000
22513  26.947  -57.641  -27.099 0.4000000060
24665  30.161  -55.726  -27.059 0.6000000238
22511  28.074  -56.724  -26.217 0.4000000060
23651  38.300  -57.025  -32.627 0.6000000238
23660  39.763  -57.405  -34.215 0.6000000238
23659  40.308  -57.090  -35.026 0.6000000238
23664  40.769  -56.761  -35.772 0.6000000238
26790  35.852  -54.187  -28.911 0.4000000060
23597  28.351  -55.381  -26.815 0.5000000000
22531  27.327  -56.838  -26.887 0.4000000060
21542  26.351  -58.410  -28.272 0.4000000060
152385  38.244  -55.279  -31.870 0.6000000238
24725  37.585  -55.589  -31.295 0.4000000060
144061  38.704  -56.029  -32.774 0.6000000238
139754  39.056  -57.142  -33.439 0.5000000000
24747  40.075  -55.951  -34.362 0.6000000238
24738  39.435  -55.450  -33.360 0.5000000000
23669  40.535  -57.072  -36.302 0.6000000238
144451  35.106  -54.241  -27.994 0.4000000060
25760  36.894  -54.660  -30.212 0.4000000060
145073  28.256  -54.672  -27.308 0.6000000238
23599  27.110  -56.249  -27.563 0.5000000000
22547  26.367  -57.491  -28.674 0.5000000000
21554  26.106  -58.352  -29.296 0.5000000000
25771  37.883  -54.705  -31.158 0.4000000060
25759  37.239  -55.078  -30.666 0.4000000060
25770  38.514  -54.349  -31.739 0.5000000000
25788  39.510  -54.524  -33.107 0.5000000000
142359  40.087  -54.085  -33.795 0.5000000000
25811  40.634  -55.542  -35.061 0.6000000238
25810  41.054  -55.304  -36.081 0.6000000238
23675  40.192  -56.534  -36.844 0.6000000238
149245  36.797  -52.990  -29.382 0.4000000060
26789  36.545  -53.800  -29.475 0.4000000060
26777  36.191  -53.298  -28.889 0.4000000060
157014  35.884  -52.793  -28.400 0.4000000060
27911  28.975  -52.549  -28.865 0.6000000238
27915  37.451  -52.650  -29.923 0.4000000060
25747  36.865  -54.144  -29.982 0.4000000060
24699  26.917  -55.035  -28.570 0.6000000238
23624  26.384  -56.789  -29.306 0.5000000000
25758  38.158  -53.782  -31.054 0.4000000060
25789  39.106  -54.031  -32.354 0.5000000000
25801  40.693  -54.619  -34.937 0.5000000000
26854  41.078  -54.330  -36.136 0.6000000238
24757  41.027  -55.844  -36.644 0.6000000238
24762  40.534  -55.918  -37.216 0.6000000238
28958  36.436  -51.638  -28.588 0.4000000060
27920  28.478  -52.676  -29.570 0.6000000238
26782  27.728  -53.600  -28.663 0.6000000238
155997  26.907  -54.998  -29.743 0.5000000000
21565  25.756  -58.432  -31.428 0.5000000000
27927  37.934  -52.162  -30.337 0.4000000060
26816  38.780  -53.458  -31.678 0.4000000060
26815  39.071  -52.613  -31.762 0.5000000000
26842  40.027  -53.145  -33.325 0.5000000000
26795  27.892  -53.287  -29.606 0.6000000238
24719  27.131  -55.612  -30.999 0.5000000000
26829  39.379  -53.246  -32.384 0.5000000000
158193  40.507  -52.704  -34.020 0.4000000060
27989  41.274  -52.368  -35.937 0.4000000060
26863  41.010  -53.979  -36.951 0.4000000060
25818  40.806  -54.586  -37.272 0.6000000238
25815  38.596  -54.139  -37.010 0.4000000060
29914  36.425  -50.756  -28.341 0.4000000060
28966  37.082  -51.116  -29.081 0.4000000060
136142  29.127  -52.311  -30.922 0.6000000238
28974  37.948  -51.351  -30.209 0.4000000060
27958  29.480  -53.102  -32.303 0.5000000000
26805  27.825  -53.844  -30.522 0.5000000000
137322  26.737  -56.461  -31.417 0.4000000060
26821  28.047  -54.654  -31.504 0.4000000060
152045  39.753  -51.801  -32.699 0.5000000000
29015  40.123  -51.473  -33.283 0.5000000000
143730  40.567  -51.153  -34.033 0.6000000238
147191  41.054  -53.001  -36.821 0.4000000060
147372  40.525  -52.874  -37.156 0.4000000060
29039  41.332  -51.436  -35.800 0.5000000000
27943  28.959  -53.119  -31.740 0.5000000000
26820  28.395  -53.698  -31.346 0.6000000238
26834  29.024  -54.008  -32.927 0.4000000060
28006  40.604  -51.837  -37.252 0.5000000000
27999  39.725  -52.966  -37.010 0.5000000000
30859  41.140  -49.904  -35.215 0.5000000000
29029  41.058  -51.721  -34.892 0.5000000000
29038  41.341  -51.094  -36.564 0.5000000000
29045  41.070  -51.247  -37.243 0.5000000000
29920  37.422  -50.314  -29.420 0.4000000060
30861  38.382  -49.581  -35.762 0.5000000000
27990  39.748  -52.065  -36.936 0.4000000060
159870  40.284  -52.043  -37.225 0.5000000000
152157  41.193  -49.611  -37.278 0.5000000000
30858  41.394  -49.924  -36.263 0.5000000000
26846  28.540  -54.590  -34.265 0.4000000060
30860  38.990  -49.590  -36.685 0.4000000060
30871  39.401  -49.508  -37.337 0.4000000060
29041  39.161  -51.507  -36.015 0.5000000000
29982  39.416  -50.297  -37.073 0.5000000000
146056  40.174  -49.925  -37.674 0.5000000000
29981  39.774  -50.170  -37.507 0.5000000000
29987  40.990  -50.486  -37.511 0.5000000000
31824  40.440  -48.610  -37.901 0.5000000000
31825  39.955  -48.640  -37.891 0.4000000060
157333  30.513  -55.852  -28.060 0.5000000000
25725  29.617  -54.329  -27.492 0.6000000238
21541  30.640  -57.733  -28.296 0.6000000238
26765  29.131  -53.744  -27.732 0.6000000238
139710  30.690  -61.050  -29.912 0.5000000000
26833  29.799  -53.670  -33.043 0.5000000000
24763  39.605  -55.821  -37.239 0.6000000238
25819  39.689  -54.372  -37.472 0.4000000060
22509  30.352  -57.514  -26.085 0.5000000000
23596  30.464  -56.456  -27.327 0.5000000000
23581  30.145  -56.528  -26.475 0.5000000000
23598  27.794  -56.035  -26.784 0.4000000060
21532  26.659  -58.391  -27.390 0.4000000060
139455  38.900  -54.919  -32.492 0.6000000238
24685  27.495  -55.305  -27.526 0.6000000238
22532  26.745  -57.079  -27.712 0.4000000060
143326  37.445  -54.164  -30.489 0.4000000060
26781  28.619  -53.256  -28.307 0.6000000238
25740  27.561  -54.396  -28.045 0.6000000238
23613  26.597  -56.534  -28.437 0.5000000000
150625  25.885  -59.076  -29.787 0.5000000000
20612  25.891  -59.792  -29.577 0.5000000000
21559  25.970  -58.406  -30.389 0.5000000000
25752  27.345  -54.035  -29.674 0.5000000000
140320  26.471  -56.607  -30.233 0.5000000000
156556  26.720  -55.879  -30.294 0.5000000000
27977  40.988  -52.610  -34.926 0.5000000000
23632  26.337  -57.205  -31.213 0.5000000000
28987  39.285  -51.704  -31.959 0.5000000000
148000  28.644  -52.844  -30.919 0.6000000238
26867  40.760  -53.815  -37.125 0.3000000119
31811  39.501  -48.809  -37.606 0.4000000060
163433  36.103  -75.942  -24.379 0.3000000119
7953  37.376  -76.135  -25.223 0.3000000119
8589  37.357  -75.664  -24.333 0.3000000119
8587  38.917  -75.288  -25.241 0.3000000119
8588  38.316  -75.680  -25.049 0.3000000119
8572  38.928  -75.120  -24.439 0.3000000119
150240  38.741  -75.517  -26.351 0.3000000119
161511  39.239  -74.954  -25.131 0.3000000119
9918  39.835  -72.784  -21.762 0.3000000119
9220  39.466  -74.329  -23.712 0.3000000119
9237  39.865  -73.953  -23.975 0.3000000119
144400  39.692  -74.511  -25.137 0.3000000119
10575  40.228  -72.548  -22.091 0.3000000119
143921  40.756  -71.550  -22.085 0.3000000119
10586  40.458  -72.458  -22.493 0.3000000119
10600  40.509  -72.730  -23.070 0.4000000060
9254  40.238  -73.731  -24.717 0.4000000060
10618  40.914  -72.804  -25.352 0.4000000060
10625  40.823  -73.179  -26.447 0.3000000119
11850  42.235  -70.314  -23.015 0.3000000119
11204  41.328  -71.702  -23.168 0.4000000060
11216  41.282  -71.880  -24.065 0.4000000060
10609  40.949  -72.501  -24.356 0.4000000060
12503  41.657  -69.898  -22.444 0.3000000119
10624  41.185  -72.495  -26.212 0.4000000060
13980  43.283  -67.528  -23.083 0.4000000060
13276  42.762  -68.986  -22.944 0.4000000060
11240  41.429  -71.860  -26.614 0.4000000060
11902  41.427  -71.014  -26.994 0.3000000119
12528  42.603  -69.616  -23.319 0.4000000060
11878  42.161  -70.442  -23.532 0.3000000119
11879  41.887  -70.580  -24.340 0.4000000060
12527  42.960  -68.858  -23.371 0.4000000060
12548  41.945  -69.923  -24.791 0.5000000000
145145  41.504  -71.328  -24.779 0.4000000060
14032  34.008  -67.390  -30.599 0.5000000000
13979  43.632  -67.550  -23.642 0.4000000060
137286  41.465  -71.405  -25.867 0.4000000060
14012  35.215  -67.425  -27.959 0.3000000119
14851  34.959  -66.502  -28.632 0.4000000060
13317  39.558  -68.735  -27.177 0.3000000119
138386  30.928  -61.916  -29.005 0.4000000060
18888  30.601  -61.364  -28.154 0.4000000060
17300  33.532  -64.349  -33.813 0.4000000060
15777  33.578  -65.763  -33.572 0.4000000060
14889  32.974  -66.214  -33.104 0.4000000060
12546  42.885  -69.073  -23.844 0.4000000060
12547  42.452  -69.857  -24.013 0.3000000119
159200  33.326  -66.562  -32.959 0.4000000060
155877  33.947  -67.191  -32.347 0.4000000060
13989  43.690  -67.388  -24.431 0.4000000060
14858  34.618  -66.797  -29.693 0.4000000060
12562  41.285  -69.776  -25.648 0.4000000060
148864  35.516  -66.605  -30.387 0.5000000000
12582  41.252  -70.221  -26.560 0.5000000000
15737  35.796  -65.935  -28.517 0.4000000060
14841  35.914  -66.653  -27.495 0.4000000060
14827  36.763  -66.737  -26.964 0.4000000060
19751  30.419  -60.450  -27.669 0.4000000060
17306  33.287  -63.292  -33.908 0.4000000060
13302  43.086  -68.354  -24.366 0.4000000060
150340  33.975  -66.707  -33.089 0.4000000060
14872  34.777  -67.125  -32.601 0.5000000000
13998  43.292  -67.553  -25.049 0.4000000060
13308  42.441  -68.319  -25.020 0.4000000060
14871  35.546  -67.181  -32.183 0.5000000000
14800  44.115  -66.272  -26.322 0.4000000060
14801  43.265  -66.810  -25.916 0.4000000060
138457  42.629  -67.420  -25.451 0.4000000060
13999  41.780  -67.600  -25.482 0.5000000000
144158  40.738  -67.344  -25.652 0.5000000000
14883  34.783  -66.894  -33.148 0.4000000060
14865  36.175  -66.881  -31.503 0.5000000000
14821  44.184  -65.690  -27.392 0.4000000060
14000  39.766  -67.509  -25.869 0.5000000000
14857  35.612  -66.204  -29.439 0.4000000060
13311  39.227  -67.914  -26.355 0.4000000060
154924  37.757  -66.389  -26.689 0.4000000060
15702  37.240  -66.004  -27.041 0.4000000060
15736  36.765  -65.584  -28.325 0.4000000060
17299  35.652  -64.579  -33.849 0.3000000119
14822  42.748  -66.496  -26.768 0.4000000060
14823  41.527  -66.334  -26.812 0.4000000060
14882  35.803  -66.884  -33.013 0.4000000060
20604  26.128  -59.281  -28.780 0.4000000060
15713  43.696  -65.251  -28.517 0.4000000060
14839  43.461  -66.125  -27.776 0.4000000060
155424  40.827  -66.621  -26.100 0.5000000000
14825  39.335  -66.424  -26.306 0.5000000000
14870  36.737  -66.711  -32.482 0.5000000000
14864  37.139  -66.623  -31.789 0.4000000060
15714  43.113  -65.876  -28.758 0.4000000060
15701  38.685  -66.007  -26.675 0.4000000060
15749  36.608  -65.828  -29.356 0.4000000060
15735  38.029  -65.542  -28.581 0.4000000060
140182  37.467  -65.683  -29.251 0.4000000060
18916  36.216  -62.812  -34.631 0.4000000060
14886  35.396  -66.157  -33.773 0.3000000119
14840  42.615  -66.354  -27.656 0.4000000060
15698  41.967  -66.281  -28.178 0.4000000060
146865  36.093  -65.661  -33.728 0.3000000119
15732  42.456  -65.811  -29.421 0.4000000060
15715  41.119  -66.177  -28.977 0.4000000060
15699  40.703  -66.007  -27.475 0.4000000060
15716  39.923  -65.725  -27.974 0.5000000000
15744  42.425  -65.018  -29.865 0.4000000060
160826  41.647  -65.754  -29.755 0.4000000060
15717  39.064  -65.571  -28.283 0.4000000060
15748  37.687  -66.190  -30.304 0.4000000060
18919  36.782  -61.870  -34.666 0.4000000060
159047  40.110  -65.895  -29.250 0.4000000060
10028  37.649  -72.629  -31.093 0.3000000119
11832  39.819  -70.815  -21.577 0.3000000119
12480  40.982  -70.224  -22.124 0.3000000119
142749  42.659  -68.212  -22.768 0.4000000060
13988  44.282  -66.530  -24.895 0.4000000060
14799  44.490  -66.078  -25.669 0.4000000060
15683  44.816  -65.370  -25.927 0.4000000060
15712  44.279  -64.875  -27.993 0.4000000060
139227  35.900  -65.041  -33.852 0.3000000119
16498  43.540  -64.131  -29.773 0.4000000060
18106  36.079  -63.776  -34.448 0.4000000060
16521  35.797  -64.733  -32.864 0.4000000060
15770  37.364  -66.027  -33.033 0.4000000060
158103  41.524  -64.105  -30.032 0.4000000060
15733  40.885  -65.831  -29.785 0.4000000060
15746  40.216  -65.557  -30.328 0.4000000060
15747  39.343  -65.690  -30.760 0.4000000060
15755  38.397  -65.806  -31.922 0.3000000119
14869  37.656  -66.240  -32.257 0.4000000060
16507  41.050  -64.538  -30.321 0.4000000060
14031  34.971  -67.024  -31.030 0.4000000060
18913  36.877  -62.114  -34.180 0.4000000060
7966  37.389  -76.484  -26.075 0.3000000119
8573  38.254  -75.329  -24.045 0.3000000119
7964  38.380  -75.848  -26.596 0.3000000119
10046  36.833  -72.732  -31.168 0.3000000119
10027  38.456  -72.930  -31.077 0.3000000119
9238  39.345  -74.720  -24.519 0.3000000119
157351  40.444  -72.092  -21.916 0.3000000119
9952  40.120  -73.285  -23.253 0.4000000060
9984  40.576  -73.361  -25.355 0.4000000060
10585  40.873  -72.157  -22.724 0.3000000119
11187  41.206  -71.440  -22.555 0.3000000119
10599  40.955  -72.316  -23.434 0.4000000060
11228  41.282  -72.078  -25.308 0.4000000060
156756  41.484  -69.047  -22.388 0.3000000119
150540  43.872  -66.758  -23.491 0.4000000060
146788  41.761  -69.153  -25.133 0.4000000060
13310  40.151  -68.349  -25.919 0.5000000000
14005  38.459  -67.526  -26.593 0.3000000119
161130  40.957  -69.012  -25.671 0.5000000000
14820  44.609  -65.582  -26.574 0.4000000060
154999  39.068  -65.640  -27.368 0.4000000060
147842  38.476  -65.980  -29.952 0.4000000060
19775  35.279  -61.030  -31.743 0.4000000060
20631  36.307  -60.643  -32.365 0.4000000060
20614  35.238  -59.498  -30.629 0.4000000060
21556  35.958  -58.257  -30.725 0.3000000119
20620  36.465  -59.627  -31.829 0.5000000000
20630  37.255  -60.298  -32.757 0.4000000060
19783  37.851  -60.731  -33.805 0.4000000060
17997  37.463  -62.610  -23.764 0.3000000119
18015  37.291  -62.941  -24.775 0.3000000119
20586  34.577  -59.457  -26.951 0.3000000119
154831  34.691  -58.000  -28.079 0.3000000119
23611  34.994  -56.717  -28.368 0.3000000119
23622  35.708  -56.155  -29.459 0.3000000119
18858  35.718  -61.870  -25.293 0.3000000119
19725  35.190  -61.180  -25.440 0.3000000119
140971  34.531  -59.587  -26.062 0.3000000119
18834  36.651  -61.993  -23.462 0.3000000119
22529  34.725  -57.275  -27.879 0.3000000119
24697  35.012  -55.978  -28.119 0.3000000119
18846  35.510  -61.398  -24.655 0.3000000119
160468  34.357  -59.012  -25.574 0.3000000119
147943  34.397  -57.843  -26.764 0.3000000119
19702  34.991  -60.168  -23.663 0.3000000119
20559  34.573  -59.577  -24.275 0.3000000119
21510  33.828  -57.452  -25.383 0.3000000119
21488  34.241  -58.801  -23.943 0.3000000119
21500  33.837  -57.891  -24.597 0.3000000119
18815  36.026  -61.319  -23.214 0.3000000119
23579  34.284  -56.288  -26.808 0.3000000119
25723  34.607  -54.788  -27.219 0.3000000119
26762  35.053  -53.302  -27.481 0.3000000119
20550  34.599  -59.353  -23.421 0.3000000119
22489  34.020  -57.030  -26.214 0.3000000119
25709  34.113  -54.362  -26.354 0.3000000119
21489  33.820  -57.968  -23.629 0.3000000119
24651  33.431  -55.634  -25.027 0.3000000119
23580  33.770  -55.962  -25.929 0.3000000119
24664  33.644  -54.872  -25.598 0.3000000119
27897  35.434  -52.652  -27.788 0.3000000119
26763  34.633  -53.872  -26.974 0.3000000119
138380  35.276  -51.785  -27.371 0.3000000119
29902  35.895  -50.344  -27.658 0.3000000119
29913  36.868  -50.159  -28.766 0.3000000119
31735  36.586  -48.479  -27.870 0.3000000119
30799  36.692  -49.314  -28.387 0.3000000119
30798  37.215  -49.459  -29.125 0.3000000119
21557  35.406  -58.701  -30.350 0.3000000119
20621  35.621  -59.969  -31.417 0.4000000060
22544  35.322  -56.927  -29.159 0.3000000119
24680  34.979  -55.198  -28.024 0.3000000119
19769  35.043  -60.248  -30.924 0.5000000000
17998  36.605  -62.343  -24.304 0.3000000119
21519  34.395  -58.661  -26.337 0.3000000119
21530  34.565  -58.563  -27.394 0.3000000119
22555  34.834  -58.180  -28.815 0.3000000119
163187  35.122  -57.678  -29.181 0.3000000119
20572  34.554  -59.664  -25.175 0.3000000119
19712  35.436  -60.989  -23.865 0.3000000119
23595  34.686  -56.523  -27.624 0.3000000119
21499  34.228  -58.814  -24.764 0.3000000119
23545  33.415  -56.242  -24.459 0.3000000119
25697  33.374  -54.742  -24.637 0.3000000119
24663  34.152  -55.330  -26.547 0.3000000119
21478  33.659  -57.593  -23.002 0.3000000119
26746  34.088  -53.387  -26.166 0.3000000119
16519  37.868  -65.442  -32.528 0.3000000119
15760  38.702  -65.349  -32.003 0.4000000060
136129  37.550  -63.415  -30.323 0.4000000060
157127  37.653  -64.034  -31.234 0.4000000060
16520  36.721  -65.315  -32.923 0.3000000119
17273  37.394  -63.118  -29.367 0.3000000119
137848  35.921  -64.354  -31.819 0.4000000060
17279  36.379  -63.685  -30.833 0.4000000060
18083  35.613  -62.278  -29.187 0.3000000119
17281  35.038  -63.156  -31.532 0.3000000119
17280  35.329  -63.452  -31.077 0.4000000060
18089  35.491  -62.857  -30.130 0.4000000060
18905  35.332  -62.099  -32.391 0.3000000119
18906  34.838  -61.840  -31.419 0.4000000060
146584  34.594  -61.080  -30.190 0.4000000060
17297  35.345  -63.797  -32.502 0.3000000119
19785  36.236  -61.725  -33.057 0.3000000119
19784  37.135  -61.234  -33.503 0.3000000119
18103  35.541  -63.633  -33.370 0.3000000119
18090  34.878  -62.589  -30.726 0.4000000060
150500  41.870  -67.595  -22.586 0.3000000119
16512  39.749  -65.157  -31.049 0.3000000119
15643  38.669  -65.930  -21.729 0.3000000119
14747  39.217  -66.652  -22.202 0.3000000119
142070  40.931  -67.519  -22.507 0.3000000119
13969  42.511  -67.198  -22.747 0.3000000119
17285  39.059  -64.825  -31.610 0.3000000119
15753  40.533  -65.019  -30.656 0.3000000119
16435  40.724  -64.867  -22.244 0.3000000119
15640  41.425  -65.585  -22.658 0.3000000119
15641  40.434  -65.735  -22.444 0.3000000119
14766  43.154  -66.597  -22.981 0.3000000119
14765  44.572  -65.979  -23.927 0.3000000119
17277  39.517  -64.558  -30.984 0.3000000119
17164  42.246  -63.019  -21.192 0.3000000119
16434  41.799  -64.581  -22.541 0.3000000119
16423  41.078  -64.118  -21.867 0.3000000119
15639  42.525  -65.576  -22.898 0.3000000119
15657  44.627  -65.297  -23.762 0.3000000119
17174  42.410  -63.255  -21.887 0.3000000119
144474  42.710  -63.793  -22.582 0.3000000119
15658  43.791  -65.713  -23.318 0.3000000119
146994  42.988  -64.703  -22.988 0.3000000119
14782  44.762  -65.661  -24.917 0.3000000119
15711  44.644  -64.678  -27.340 0.3000000119
16491  43.451  -64.217  -28.943 0.3000000119
17977  43.295  -62.691  -21.712 0.3000000119
15656  44.952  -65.155  -24.308 0.3000000119
145317  45.012  -64.616  -23.942 0.3000000119
16476  44.841  -64.456  -26.627 0.3000000119
17270  40.025  -64.070  -30.484 0.3000000119
17173  43.530  -63.011  -22.406 0.3000000119
16433  43.872  -63.678  -22.981 0.3000000119
16446  44.870  -63.828  -23.677 0.3000000119
144178  45.000  -64.086  -25.965 0.3000000119
16490  44.068  -64.375  -28.094 0.3000000119
17256  42.429  -63.977  -29.900 0.3000000119
17258  40.151  -63.588  -29.962 0.3000000119
17272  38.443  -63.328  -29.908 0.3000000119
15754  39.069  -65.441  -31.552 0.3000000119
17179  45.419  -63.088  -24.096 0.3000000119
16464  45.074  -64.118  -25.239 0.3000000119
16477  44.507  -64.373  -27.327 0.3000000119
138704  42.295  -63.764  -29.273 0.3000000119
14744  42.183  -66.312  -22.775 0.3000000119
15642  39.513  -65.836  -22.121 0.3000000119
14746  40.182  -66.633  -22.482 0.3000000119
8599  39.181  -75.137  -25.811 0.3000000119
8600  38.537  -75.655  -25.901 0.3000000119
9345  37.755  -72.900  -31.285 0.3000000119
9934  40.150  -72.947  -22.663 0.3000000119
9953  39.748  -73.647  -23.088 0.3000000119
9968  40.628  -73.092  -24.495 0.4000000060
9969  40.351  -73.268  -23.793 0.4000000060
10610  40.699  -72.733  -23.778 0.4000000060
10634  41.246  -72.441  -27.204 0.4000000060
11169  40.295  -71.650  -21.680 0.3000000119
11188  40.647  -72.059  -22.248 0.3000000119
11851  41.786  -70.560  -22.679 0.3000000119
11852  41.216  -70.819  -22.309 0.3000000119
11865  41.817  -70.995  -23.051 0.4000000060
11890  41.486  -70.642  -25.528 0.4000000060
12502  42.272  -69.750  -22.808 0.4000000060
13275  43.191  -68.301  -23.205 0.4000000060
13277  42.217  -69.086  -22.627 0.4000000060
13301  43.283  -68.309  -23.777 0.4000000060
13303  42.487  -69.180  -24.438 0.4000000060
13309  41.241  -68.334  -25.469 0.5000000000
13329  33.739  -69.386  -28.648 0.4000000060
13353  32.769  -67.794  -31.274 0.6000000238
13354  32.359  -68.121  -30.628 0.5000000000
13355  32.175  -68.233  -30.131 0.5000000000
13997  43.946  -66.802  -25.362 0.4000000060
14001  38.439  -66.764  -26.314 0.4000000060
14011  36.026  -67.537  -27.640 0.4000000060
14013  34.508  -68.236  -28.616 0.3000000119
14018  33.252  -68.651  -29.611 0.4000000060
14033  33.361  -67.705  -31.069 0.6000000238
14041  34.275  -67.291  -31.750 0.5000000000
14043  31.960  -67.129  -32.002 0.5000000000
14048  34.006  -66.970  -32.762 0.4000000060
14049  33.289  -67.165  -32.405 0.4000000060
14050  32.530  -67.089  -32.314 0.6000000238
14745  41.335  -66.644  -22.642 0.3000000119
14783  44.215  -66.676  -24.181 0.4000000060
14802  41.902  -66.821  -25.928 0.4000000060
14803  39.979  -66.772  -25.905 0.5000000000
14804  39.135  -67.159  -26.053 0.4000000060
14824  40.310  -66.223  -26.490 0.5000000000
14842  35.343  -66.544  -27.936 0.4000000060
14843  34.806  -67.105  -28.244 0.3000000119
14856  36.700  -66.481  -30.599 0.4000000060
14863  37.844  -66.346  -31.478 0.4000000060
14866  31.445  -66.672  -31.164 0.5000000000
14880  37.331  -66.210  -32.747 0.4000000060
14881  36.749  -66.412  -33.112 0.5000000000
14885  32.641  -66.594  -32.698 0.4000000060
14887  34.668  -66.508  -33.495 0.4000000060
14888  33.847  -66.357  -33.371 0.4000000060
15670  45.023  -64.791  -24.931 0.3000000119
15697  44.927  -64.977  -26.654 0.3000000119
15700  39.653  -65.821  -26.920 0.5000000000
15718  37.300  -65.620  -27.640 0.4000000060
15719  36.597  -66.033  -27.384 0.4000000060
15720  35.988  -66.045  -27.791 0.4000000060
15730  43.563  -64.351  -28.913 0.3000000119
15731  43.388  -64.690  -29.549 0.4000000060
15734  39.243  -65.837  -29.566 0.4000000060
15745  41.263  -65.209  -30.193 0.4000000060
15756  31.315  -65.779  -30.788 0.4000000060
15761  37.950  -65.830  -32.441 0.3000000119
15763  31.277  -65.295  -32.112 0.4000000060
15771  36.713  -66.110  -33.466 0.3000000119
15772  36.069  -66.392  -33.490 0.3000000119
15774  31.495  -65.276  -32.514 0.4000000060
15775  31.136  -64.738  -32.434 0.4000000060
15778  32.620  -65.546  -33.275 0.4000000060
16445  45.128  -64.382  -24.542 0.3000000119
16447  44.127  -64.602  -23.389 0.3000000119
16499  43.289  -64.141  -30.025 0.4000000060
16506  42.055  -64.421  -30.068 0.4000000060
16511  40.253  -64.624  -30.628 0.3000000119
16513  39.268  -65.116  -31.548 0.3000000119
16515  31.033  -64.304  -31.204 0.4000000060
16522  30.956  -64.553  -32.049 0.4000000060
16530  35.438  -65.419  -33.887 0.3000000119
16531  35.019  -64.993  -34.062 0.5000000000
16532  34.135  -65.124  -33.877 0.4000000060
16533  32.459  -64.709  -33.462 0.5000000000
17172  44.743  -62.928  -23.163 0.3000000119
17207  45.049  -63.276  -25.452 0.3000000119
17225  44.094  -64.127  -27.859 0.3000000119
17255  43.407  -63.917  -29.925 0.3000000119
17269  40.709  -64.048  -30.246 0.3000000119
17271  39.392  -63.696  -30.349 0.3000000119
17278  38.660  -63.998  -30.983 0.3000000119
17282  30.935  -63.525  -30.797 0.4000000060
17286  38.354  -64.718  -31.896 0.3000000119
17287  37.103  -64.600  -31.975 0.4000000060
17296  35.861  -64.401  -33.825 0.3000000119
17303  31.063  -64.132  -33.039 0.4000000060
18014  38.030  -63.050  -24.309 0.3000000119
18032  36.406  -62.468  -25.185 0.3000000119
18084  34.894  -62.029  -29.882 0.4000000060
18088  36.492  -63.036  -29.685 0.4000000060
18094  34.811  -62.414  -31.247 0.4000000060
18095  30.380  -62.451  -32.083 0.5000000000
18104  35.076  -62.872  -32.231 0.3000000119
18110  35.973  -63.693  -34.790 0.4000000060
18112  34.249  -62.866  -34.475 0.4000000060
18845  36.001  -61.717  -24.021 0.3000000119
18857  36.014  -62.000  -24.683 0.3000000119
18900  34.689  -61.700  -30.540 0.4000000060
18914  35.974  -62.827  -33.689 0.3000000119
18923  31.728  -60.728  -33.909 0.5000000000
19701  35.518  -60.595  -23.045 0.3000000119
19713  34.974  -60.498  -24.677 0.3000000119
19726  34.773  -60.397  -25.703 0.3000000119
19766  30.567  -60.498  -29.473 0.5000000000
19770  34.713  -60.906  -30.686 0.4000000060
19786  30.518  -60.427  -33.122 0.6000000238
19789  37.954  -60.652  -34.524 0.6000000238
19790  37.427  -61.314  -34.412 0.6000000238
19791  31.245  -60.277  -33.731 0.6000000238
19794  36.646  -61.675  -35.007 0.6999999881
19796  33.387  -60.474  -34.465 0.6000000238
19799  37.535  -60.500  -35.094 0.6000000238
19800  36.879  -60.882  -35.155 0.6000000238
20603  30.506  -59.184  -28.958 0.5000000000
20611  30.521  -59.719  -29.856 0.5000000000
20640  39.049  -59.747  -34.908 0.6000000238
20649  34.862  -59.454  -35.099 0.6999999881
21509  34.125  -58.286  -25.461 0.3000000119
21512  29.530  -58.235  -24.989 0.5000000000
21540  34.651  -58.749  -28.301 0.3000000119
21563  35.833  -59.068  -31.069 0.4000000060
21570  38.627  -58.735  -33.160 0.5000000000
21571  38.041  -58.936  -32.666 0.5000000000
21573  31.624  -58.268  -33.606 0.6999999881
21574  30.821  -59.008  -32.997 0.8000000119
21579  39.305  -59.017  -34.084 0.6000000238
21582  32.073  -58.351  -34.180 0.6999999881
21586  33.762  -58.953  -35.013 0.6999999881
21589  39.879  -58.981  -36.006 0.6000000238
22488  34.155  -57.858  -26.043 0.3000000119
22492  28.311  -57.439  -25.684 0.4000000060
22508  34.567  -57.774  -27.456 0.3000000119
22512  27.531  -57.493  -26.326 0.4000000060
22545  34.922  -57.454  -28.594 0.3000000119
22546  30.634  -56.883  -28.156 0.5000000000
22557  26.223  -57.526  -30.017 0.5000000000
22563  36.501  -57.697  -31.018 0.3000000119
22564  35.942  -57.526  -30.353 0.4000000060
22565  30.865  -57.545  -30.205 0.6000000238
22566  26.072  -57.858  -31.064 0.5000000000
22571  31.741  -57.290  -32.320 0.6000000238
22572  31.042  -57.852  -31.291 0.6999999881
22584  30.974  -58.481  -32.269 0.6999999881
22588  40.143  -58.122  -34.945 0.6000000238
22590  40.425  -57.982  -35.653 0.6000000238
22594  39.771  -57.593  -36.341 0.6999999881
22596  36.872  -57.133  -35.837 0.6999999881
23562  33.605  -56.561  -25.286 0.3000000119
23610  35.302  -56.139  -28.803 0.4000000060
23630  35.828  -56.840  -29.908 0.3000000119
23637  37.917  -56.192  -31.978 0.6000000238
23640  31.911  -56.652  -31.636 0.6000000238
23653  33.533  -56.247  -32.947 0.6000000238
23665  40.653  -57.360  -35.903 0.6000000238
23666  34.807  -56.370  -35.198 0.6000000238
23668  40.796  -56.581  -36.242 0.6000000238
23673  35.085  -56.642  -35.442 0.6000000238
23674  40.804  -56.252  -36.814 0.6000000238
24666  29.657  -55.792  -26.575 0.5000000000
24667  29.046  -55.519  -26.505 0.5000000000
24681  34.621  -55.689  -27.396 0.3000000119
24684  28.822  -54.946  -26.874 0.5000000000
24700  26.851  -55.778  -28.228 0.5000000000
24706  36.063  -55.447  -29.610 0.4000000060
24707  35.587  -55.527  -29.065 0.4000000060
24709  26.561  -55.890  -29.245 0.5000000000
24714  36.600  -55.314  -30.187 0.4000000060
24741  33.143  -55.937  -32.106 0.5000000000
24748  39.554  -56.483  -33.785 0.6000000238
24750  35.369  -55.598  -34.035 0.5000000000
24753  40.968  -56.131  -35.920 0.6000000238
24754  40.599  -56.313  -35.253 0.6000000238
24755  36.147  -55.387  -35.505 0.5000000000
24758  38.246  -55.447  -36.838 0.5000000000
24761  40.939  -55.528  -37.155 0.6000000238
25724  30.175  -54.216  -27.953 0.6999999881
25726  28.941  -54.382  -27.257 0.6000000238
25738  35.433  -54.946  -28.643 0.4000000060
25761  33.026  -53.317  -30.513 0.6999999881
25772  35.097  -53.902  -31.598 0.6000000238
25802  39.996  -54.987  -34.072 0.6000000238
25814  41.103  -54.985  -36.882 0.6000000238
26733  33.709  -53.910  -25.604 0.3000000119
26764  29.753  -53.778  -27.854 0.6999999881
26778  35.574  -53.411  -28.272 0.4000000060
26780  29.549  -53.143  -28.245 0.6000000238
26788  37.149  -53.502  -29.957 0.4000000060
26791  32.363  -51.781  -30.485 0.6000000238
26794  28.265  -52.972  -28.935 0.6000000238
26802  37.764  -53.259  -30.456 0.4000000060
26831  36.898  -53.183  -32.804 0.6000000238
26841  40.749  -53.541  -34.722 0.5000000000
26843  37.713  -53.391  -34.215 0.6000000238
26844  30.239  -54.086  -33.949 0.5000000000
26856  37.831  -53.634  -35.228 0.6000000238
26859  29.348  -54.362  -34.861 0.4000000060
26868  40.231  -53.736  -37.345 0.4000000060
26869  39.014  -53.449  -36.848 0.5000000000
27898  34.891  -52.531  -27.094 0.3000000119
27908  36.368  -52.493  -28.783 0.4000000060
27909  35.859  -52.094  -28.151 0.4000000060
27916  36.947  -52.106  -29.254 0.4000000060
27918  30.369  -52.180  -29.115 0.6999999881
27919  29.600  -52.083  -29.330 0.6000000238
27921  28.262  -53.056  -30.372 0.6000000238
27928  31.490  -51.526  -30.218 0.6999999881
27930  28.767  -52.407  -30.244 0.6000000238
27938  35.042  -52.352  -31.664 0.6999999881
27939  34.322  -52.003  -31.553 0.6000000238
27941  30.455  -51.711  -31.408 0.6999999881
27951  39.610  -52.466  -32.527 0.5000000000
27965  40.112  -52.263  -33.274 0.5000000000
27971  30.421  -53.322  -33.109 0.6000000238
27988  41.177  -51.988  -36.826 0.5000000000
27992  34.022  -52.957  -36.408 0.4000000060
27995  30.552  -53.565  -36.139 0.5000000000
27998  40.857  -52.560  -37.116 0.3000000119
28959  35.875  -51.246  -27.870 0.3000000119
28965  37.511  -51.744  -29.746 0.4000000060
28977  31.100  -51.340  -30.687 0.6999999881
28992  32.335  -51.528  -31.581 0.6999999881
29014  40.566  -51.987  -34.047 0.6000000238
29016  37.596  -51.234  -33.556 0.6000000238
29017  36.824  -51.266  -33.057 0.6000000238
29031  38.179  -50.917  -34.323 0.6000000238
29040  39.483  -51.088  -36.795 0.5000000000
29046  40.919  -51.836  -37.270 0.5000000000
29047  39.954  -51.205  -37.295 0.5000000000
29053  40.784  -51.155  -37.376 0.5000000000
29958  41.026  -50.740  -34.831 0.5000000000
29971  41.361  -50.620  -35.804 0.5000000000
29972  38.920  -50.450  -36.097 0.4000000060
29980  41.288  -50.533  -36.995 0.5000000000
29988  40.609  -50.405  -37.542 0.5000000000
30870  39.758  -49.367  -37.667 0.4000000060
30880  40.681  -49.577  -37.705 0.5000000000
30881  40.151  -49.205  -37.788 0.4000000060
137081  31.750  -67.283  -31.405 0.5000000000
137512  31.845  -67.938  -30.008 0.5000000000
137728  41.185  -53.320  -36.048 0.4000000060
137810  32.927  -53.159  -34.163 0.5000000000
138199  33.422  -56.730  -24.002 0.3000000119
138723  40.251  -55.252  -37.458 0.6000000238
138816  38.801  -51.830  -35.192 0.6000000238
139071  38.634  -66.034  -31.164 0.4000000060
139159  30.675  -59.080  -32.279 0.6999999881
139192  30.705  -61.191  -29.164 0.5000000000
139414  33.555  -57.034  -24.631 0.3000000119
139536  40.039  -72.307  -21.622 0.3000000119
139865  40.833  -53.363  -37.042 0.4000000060
141252  30.693  -63.302  -33.001 0.4000000060
141359  40.276  -73.954  -25.844 0.4000000060
142461  36.365  -49.983  -28.144 0.4000000060
142659  31.646  -66.031  -32.229 0.4000000060
143188  31.107  -52.570  -29.195 0.6999999881
143648  37.595  -51.014  -29.681 0.4000000060
143680  30.587  -61.851  -33.222 0.5000000000
143909  33.559  -57.316  -24.025 0.3000000119
143916  41.535  -63.543  -21.477 0.3000000119
144210  30.636  -62.113  -31.000 0.5000000000
144273  34.447  -57.137  -27.132 0.3000000119
144274  27.123  -54.310  -28.900 0.6000000238
144307  38.112  -65.643  -27.331 0.4000000060
145575  29.606  -52.362  -31.615 0.5000000000
146349  30.597  -60.509  -30.352 0.6000000238
146352  33.392  -53.086  -36.879 0.4000000060
146653  30.830  -52.719  -32.828 0.6000000238
146944  28.349  -53.923  -27.776 0.6000000238
146964  41.675  -71.182  -23.753 0.4000000060
147753  37.385  -56.357  -31.419 0.4000000060
147857  41.694  -68.332  -22.488 0.3000000119
147973  37.484  -48.879  -29.419 0.3000000119
148171  27.477  -54.747  -30.684 0.5000000000
148961  44.987  -64.720  -25.780 0.3000000119
149227  26.563  -57.799  -27.813 0.4000000060
149697  30.486  -63.212  -32.498 0.4000000060
150691  40.328  -50.792  -37.440 0.5000000000
150696  30.410  -61.018  -32.243 0.6000000238
151486  32.613  -59.510  -34.427 0.6000000238
151585  40.783  -47.893  -38.150 0.5000000000
152004  29.001  -52.217  -29.596 0.6999999881
154619  35.380  -66.636  -33.444 0.4000000060
155075  31.268  -62.336  -33.577 0.5000000000
155584  38.779  -75.438  -25.840 0.3000000119
155624  34.234  -58.653  -23.269 0.3000000119
156277  35.384  -63.895  -31.843 0.3000000119
156626  38.645  -59.947  -34.999 0.6000000238
156818  36.340  -62.336  -34.853 0.6999999881
157079  44.679  -65.157  -27.244 0.3000000119
157233  39.595  -53.786  -32.953 0.5000000000
157703  43.643  -66.308  -26.859 0.4000000060
157738  36.003  -64.172  -34.421 0.3000000119
157796  33.972  -58.126  -22.659 0.3000000119
158316  41.811  -63.777  -22.102 0.3000000119
158429  33.266  -65.136  -33.639 0.4000000060
159728  34.354  -56.778  -35.311 0.6000000238
160816  33.469  -54.152  -25.010 0.3000000119
160973  41.396  -50.561  -36.401 0.5000000000
160978  30.428  -63.101  -31.986 0.4000000060
161213  37.893  -52.707  -30.412 0.4000000060
161310  33.854  -57.641  -35.362 0.6999999881
161497  39.241  -74.746  -24.097 0.3000000119
161981  36.995  -60.338  -35.231 0.6000000238
162089  32.897  -51.772  -30.901 0.6000000238
162261  43.371  -64.176  -22.969 0.3000000119
162280  32.801  -67.423  -31.952 0.6000000238
163021  30.817  -60.622  -33.473 0.6000000238
163230  34.020  -58.361  -24.242 0.3000000119
163467  28.688  -54.055  -32.291 0.4000000060
