#!ascii label  , from subject sub-v1s14x0051573_ses-1 vox2ras=TkReg
558
27538  -21.794  -50.851  -46.072 0.6999999881
29654  -21.360  -50.018  -46.811 0.6000000238
28639  -19.861  -49.551  -48.317 0.4000000060
28530  -22.831  -49.811  -40.701 0.6999999881
30616  -24.631  -48.755  -40.589 0.6999999881
28547  -23.130  -50.410  -41.382 0.6999999881
29585  -24.316  -49.443  -41.137 0.6000000238
28548  -23.920  -50.061  -41.702 0.6999999881
29586  -25.016  -49.031  -41.560 0.6000000238
28571  -23.570  -50.689  -42.192 0.6000000238
29598  -24.591  -49.638  -42.120 0.6000000238
27503  -23.533  -51.425  -43.528 0.6000000238
29609  -24.723  -49.866  -43.101 0.6000000238
30651  -25.782  -48.584  -43.417 0.5000000000
29624  -24.505  -50.069  -44.394 0.5000000000
30668  -25.568  -48.692  -44.405 0.5000000000
29640  -24.916  -49.005  -45.093 0.6000000238
28615  -23.060  -50.420  -45.676 0.6000000238
29639  -24.152  -49.228  -45.495 0.6000000238
29638  -23.303  -49.430  -45.868 0.6000000238
28628  -22.548  -49.526  -46.230 0.6000000238
30603  -23.986  -48.200  -39.933 0.6000000238
30604  -24.988  -48.045  -40.101 0.6000000238
30617  -25.462  -48.470  -41.003 0.6000000238
30618  -26.132  -48.012  -41.684 0.6000000238
31681  -26.814  -47.363  -42.097 0.6000000238
30636  -25.901  -48.334  -42.574 0.6000000238
29599  -25.284  -49.057  -42.637 0.6000000238
31697  -26.655  -47.475  -43.561 0.6000000238
30669  -26.206  -48.031  -43.990 0.6000000238
29625  -24.983  -49.450  -44.379 0.6000000238
31714  -26.004  -47.871  -44.862 0.6999999881
30685  -25.267  -48.208  -45.345 0.6000000238
29655  -21.700  -48.999  -46.962 0.5000000000
30698  -21.908  -48.046  -47.528 0.5000000000
30602  -23.071  -48.537  -40.078 0.6000000238
31650  -25.369  -47.292  -39.869 0.6000000238
32705  -26.511  -46.452  -40.036 0.6000000238
152226  -26.840  -46.902  -40.664 0.6000000238
32724  -27.164  -46.846  -41.377 0.6000000238
32725  -27.683  -46.047  -41.631 0.6000000238
32748  -27.327  -46.707  -42.168 0.6000000238
32749  -27.609  -46.152  -42.738 0.6000000238
136158  -26.649  -47.525  -42.870 0.6000000238
32767  -27.353  -46.293  -43.697 0.6000000238
32766  -26.995  -46.944  -43.871 0.6999999881
31734  -24.600  -47.633  -45.967 0.6000000238
30700  -23.611  -47.719  -46.307 0.6000000238
29669  -21.334  -48.413  -48.141 0.4000000060
144821  -23.738  -46.835  -39.832 0.6000000238
31649  -24.327  -47.250  -39.740 0.6000000238
32704  -25.700  -46.593  -39.731 0.6000000238
33806  -27.607  -45.484  -40.609 0.6000000238
34893  -28.297  -44.259  -41.231 0.5000000000
34907  -28.295  -44.506  -42.106 0.6000000238
33843  -27.769  -45.340  -43.488 0.6999999881
131248  -26.757  -45.923  -45.249 0.6000000238
32782  -26.983  -46.514  -44.531 0.6000000238
32796  -26.403  -46.758  -45.196 0.6000000238
31735  -25.555  -47.215  -45.654 0.6000000238
31749  -23.834  -47.034  -46.456 0.6000000238
30699  -22.637  -47.787  -46.890 0.6000000238
30711  -22.292  -47.367  -47.931 0.4000000060
32702  -23.187  -46.836  -40.219 0.5000000000
33803  -24.692  -45.501  -39.783 0.6000000238
32693  -25.131  -46.042  -39.594 0.6000000238
32694  -25.920  -45.840  -39.609 0.6000000238
33805  -26.783  -45.656  -39.895 0.5000000000
129704  -27.138  -44.793  -39.859 0.5000000000
34892  -27.904  -44.639  -40.552 0.5000000000
35930  -28.496  -43.707  -41.804 0.6000000238
36940  -28.620  -42.278  -42.182 0.6000000238
142876  -28.533  -43.128  -42.249 0.6999999881
34918  -27.911  -44.329  -43.628 0.6999999881
35957  -27.181  -43.223  -44.564 0.6000000238
33853  -27.321  -45.666  -44.474 0.6999999881
33852  -26.974  -45.023  -45.147 0.6000000238
34942  -26.378  -44.425  -45.608 0.6000000238
33864  -26.278  -45.242  -45.739 0.6000000238
32795  -25.844  -46.113  -45.942 0.6000000238
32808  -24.923  -46.482  -46.333 0.6000000238
31748  -22.841  -47.022  -47.029 0.5000000000
31759  -22.580  -46.626  -48.279 0.4000000060
155332  -24.114  -45.676  -40.094 0.6000000238
34880  -25.104  -44.785  -39.806 0.6000000238
33804  -25.366  -45.409  -39.618 0.5000000000
132938  -26.567  -43.918  -39.656 0.6000000238
35899  -27.314  -43.250  -39.776 0.5000000000
35900  -28.055  -43.372  -40.222 0.6000000238
36920  -27.864  -42.612  -39.985 0.5000000000
35915  -28.455  -43.518  -40.948 0.6000000238
144656  -28.258  -41.930  -40.419 0.5000000000
143845  -28.638  -42.070  -41.156 0.5000000000
37937  -28.449  -41.429  -42.584 0.5000000000
145786  -28.322  -42.894  -42.942 0.6000000238
38905  -28.173  -40.639  -43.035 0.5000000000
36950  -28.242  -42.097  -43.066 0.5000000000
36949  -27.920  -42.571  -43.530 0.6000000238
143068  -27.539  -41.119  -43.843 0.4000000060
36965  -27.418  -42.534  -44.152 0.6999999881
37949  -27.076  -41.729  -44.391 0.4000000060
36964  -26.700  -42.397  -44.798 0.5000000000
35970  -26.413  -43.087  -45.213 0.6000000238
36976  -25.831  -42.241  -45.399 0.5000000000
143214  -26.219  -43.678  -45.572 0.6000000238
35969  -25.414  -42.957  -45.862 0.5000000000
33875  -25.431  -45.172  -46.353 0.6000000238
32817  -22.787  -45.853  -48.060 0.5000000000
34941  -25.664  -43.904  -46.104 0.6000000238
33874  -24.362  -44.848  -46.881 0.6000000238
145650  -23.223  -45.718  -47.287 0.6000000238
33819  -24.408  -44.956  -40.577 0.5000000000
153221  -25.596  -44.149  -39.795 0.5000000000
35890  -26.539  -43.043  -39.757 0.5000000000
36919  -27.052  -42.472  -39.729 0.4000000060
37904  -28.009  -41.138  -40.256 0.4000000060
37917  -28.457  -41.204  -40.867 0.5000000000
37928  -28.645  -41.353  -41.693 0.5000000000
38887  -28.473  -40.420  -41.432 0.5000000000
39870  -27.663  -39.122  -43.536 0.4000000060
38897  -28.113  -39.648  -42.993 0.4000000060
38912  -27.450  -40.077  -43.921 0.4000000060
138112  -26.764  -40.847  -44.581 0.5000000000
38924  -25.742  -40.640  -45.229 0.5000000000
37960  -26.244  -41.542  -45.026 0.5000000000
37959  -25.209  -41.395  -45.554 0.5000000000
34960  -23.339  -44.517  -47.689 0.5000000000
33883  -22.997  -45.213  -47.867 0.5000000000
34952  -25.032  -44.323  -46.608 0.6000000238
144347  -23.708  -45.320  -47.104 0.5000000000
38874  -28.168  -40.406  -40.707 0.4000000060
39843  -27.840  -38.941  -40.978 0.5000000000
39855  -28.116  -38.964  -41.532 0.5000000000
40892  -27.982  -38.337  -42.197 0.5000000000
39878  -27.041  -39.182  -44.321 0.4000000060
35987  -23.607  -43.273  -47.691 0.5000000000
34974  -23.511  -44.103  -48.924 0.3000000119
39890  -25.346  -39.677  -45.454 0.5000000000
36975  -24.894  -42.079  -45.815 0.5000000000
36982  -23.789  -42.953  -47.006 0.5000000000
40882  -27.753  -38.237  -41.461 0.4000000060
39865  -28.016  -38.912  -42.816 0.4000000060
41967  -27.665  -37.652  -41.933 0.4000000060
41978  -26.868  -37.069  -43.575 0.4000000060
151817  -27.685  -38.364  -43.159 0.4000000060
40910  -26.748  -38.361  -44.469 0.4000000060
41987  -26.461  -37.493  -44.497 0.4000000060
39877  -26.119  -39.013  -44.999 0.5000000000
36993  -23.769  -42.530  -47.712 0.4000000060
137347  -23.450  -43.765  -48.038 0.4000000060
38923  -24.539  -40.417  -45.849 0.5000000000
144213  -23.795  -42.240  -46.935 0.5000000000
38938  -24.078  -40.766  -46.376 0.5000000000
36983  -24.234  -42.354  -46.364 0.5000000000
42989  -25.809  -35.680  -43.800 0.4000000060
40924  -25.877  -38.115  -45.228 0.4000000060
37984  -23.873  -41.748  -47.324 0.4000000060
38937  -24.077  -41.022  -47.018 0.5000000000
139475  -25.129  -38.769  -45.646 0.5000000000
38922  -24.004  -39.801  -46.394 0.5000000000
43001  -26.048  -36.523  -44.474 0.4000000060
38950  -24.589  -40.480  -47.262 0.4000000060
38951  -25.476  -40.386  -47.719 0.3000000119
40923  -24.985  -37.968  -45.948 0.5000000000
39889  -24.394  -39.317  -45.964 0.5000000000
39917  -24.198  -40.289  -46.792 0.5000000000
43000  -25.479  -35.792  -44.834 0.4000000060
138147  -24.627  -39.470  -47.222 0.3000000119
39918  -26.108  -39.532  -47.810 0.3000000119
42000  -25.574  -37.203  -45.444 0.4000000060
39904  -24.252  -38.891  -46.524 0.5000000000
41999  -25.088  -37.145  -46.439 0.4000000060
40938  -24.671  -38.117  -46.568 0.5000000000
44051  -25.050  -34.656  -44.942 0.4000000060
40952  -25.392  -38.754  -47.643 0.3000000119
40953  -26.414  -38.628  -47.775 0.3000000119
135998  -25.676  -36.865  -47.117 0.4000000060
43009  -25.425  -36.246  -45.717 0.4000000060
45126  -24.604  -34.072  -44.639 0.5000000000
152373  -25.882  -37.374  -47.555 0.3000000119
42026  -26.673  -37.843  -47.659 0.4000000060
42015  -27.525  -37.692  -47.273 0.4000000060
40939  -27.306  -38.492  -47.469 0.4000000060
44061  -25.367  -35.327  -45.446 0.4000000060
43023  -26.464  -36.152  -47.103 0.5000000000
42014  -26.836  -36.960  -47.453 0.4000000060
44062  -25.840  -34.989  -46.235 0.5000000000
43022  -25.585  -36.243  -46.597 0.5000000000
44076  -26.213  -35.518  -46.670 0.5000000000
44077  -27.178  -35.491  -46.840 0.4000000060
43024  -27.462  -36.236  -47.038 0.4000000060
43025  -28.045  -36.544  -46.539 0.4000000060
42016  -28.179  -37.569  -46.534 0.3000000119
45137  -25.119  -34.076  -45.265 0.5000000000
45138  -25.477  -34.531  -45.684 0.5000000000
134676  -27.720  -34.931  -45.885 0.4000000060
44053  -28.082  -34.875  -45.366 0.3000000119
151974  -24.564  -32.858  -44.570 0.5000000000
45140  -27.505  -34.582  -45.714 0.4000000060
45147  -27.484  -35.015  -46.287 0.4000000060
44063  -27.957  -35.317  -45.908 0.4000000060
43010  -28.318  -36.070  -45.844 0.4000000060
42001  -28.670  -37.019  -45.786 0.3000000119
46201  -24.998  -33.390  -44.973 0.5000000000
45139  -26.264  -34.349  -45.961 0.5000000000
133982  -26.986  -34.403  -45.942 0.5000000000
46214  -25.690  -33.794  -45.559 0.5000000000
45127  -27.689  -34.273  -45.036 0.4000000060
45128  -28.291  -34.648  -44.586 0.4000000060
47105  -24.243  -32.278  -43.942 0.5000000000
44064  -28.566  -35.543  -45.244 0.3000000119
131451  -25.180  -32.687  -44.667 0.5000000000
46202  -25.827  -33.150  -45.130 0.5000000000
46203  -26.560  -33.314  -44.939 0.5000000000
46215  -26.431  -33.771  -45.534 0.5000000000
46190  -27.450  -33.548  -43.769 0.4000000060
47957  -23.963  -31.962  -43.542 0.5000000000
47106  -25.662  -32.210  -43.406 0.5000000000
46191  -28.007  -34.074  -43.307 0.3000000119
44054  -28.602  -35.142  -44.787 0.3000000119
47958  -24.498  -32.055  -43.813 0.5000000000
47959  -24.908  -31.930  -43.624 0.5000000000
47114  -25.164  -32.249  -44.113 0.5000000000
28627  -22.178  -50.155  -46.220 0.6000000238
28626  -20.489  -49.923  -47.393 0.5000000000
28589  -24.419  -50.327  -43.720 0.6000000238
33835  -27.979  -45.325  -42.396 0.6999999881
31750  -24.668  -47.022  -46.212 0.6000000238
35945  -28.322  -43.825  -42.791 0.6999999881
32807  -24.007  -46.031  -46.789 0.6000000238
34929  -27.500  -44.732  -44.399 0.6999999881
34953  -25.835  -44.623  -46.085 0.6000000238
141443  -28.539  -40.763  -42.190 0.5000000000
39866  -28.267  -39.219  -42.214 0.5000000000
37950  -27.681  -41.922  -43.708 0.4000000060
35978  -24.619  -43.410  -46.561 0.5000000000
34951  -23.831  -43.896  -47.115 0.5000000000
40901  -27.204  -37.864  -43.751 0.4000000060
38911  -26.437  -39.923  -44.796 0.5000000000
41979  -27.468  -37.539  -42.744 0.4000000060
40951  -24.770  -38.417  -47.140 0.4000000060
142295  -27.650  -36.970  -47.016 0.4000000060
47113  -24.630  -32.383  -44.224 0.5000000000
47115  -25.971  -32.632  -44.389 0.5000000000
154694  -16.450  -60.503  -44.664 0.5000000000
19145  -16.716  -59.835  -45.742 0.5000000000
18084  -16.260  -60.446  -45.385 0.5000000000
21302  -18.813  -57.710  -45.835 0.5000000000
19147  -17.904  -59.363  -46.628 0.5000000000
19146  -17.338  -59.381  -46.076 0.4000000060
19118  -16.856  -60.170  -44.148 0.5000000000
19131  -17.179  -59.333  -45.232 0.6000000238
20171  -17.509  -58.634  -44.655 0.6000000238
20203  -18.019  -59.011  -46.126 0.5000000000
20189  -17.612  -58.827  -45.476 0.5000000000
23449  -19.872  -56.023  -46.781 0.4000000060
21226  -17.502  -58.119  -41.503 0.6999999881
21246  -18.097  -58.239  -42.018 0.6999999881
21257  -17.988  -57.862  -43.545 0.6999999881
21264  -17.758  -57.668  -44.443 0.5000000000
22364  -18.894  -56.904  -46.031 0.5000000000
22347  -18.212  -56.962  -45.553 0.5000000000
138387  -17.837  -57.226  -45.072 0.5000000000
24511  -18.776  -54.819  -48.189 0.5000000000
132050  -18.990  -56.325  -46.450 0.5000000000
22305  -15.732  -56.528  -41.438 0.5000000000
133483  -16.457  -57.190  -41.275 0.6999999881
22307  -17.726  -56.647  -41.116 0.6999999881
21225  -16.676  -57.929  -41.325 0.6999999881
22308  -18.443  -56.474  -41.415 0.6999999881
21245  -17.924  -58.501  -43.015 0.6000000238
23418  -17.541  -55.643  -44.748 0.6999999881
23404  -17.942  -56.028  -43.800 0.6000000238
23447  -17.869  -55.283  -46.483 0.5000000000
23432  -17.556  -55.239  -45.664 0.6000000238
23448  -18.604  -55.634  -46.885 0.5000000000
24531  -18.427  -53.923  -49.602 0.5000000000
24395  -17.262  -54.838  -40.861 0.5000000000
22290  -17.232  -55.798  -40.915 0.6999999881
22322  -18.751  -56.897  -41.942 0.6999999881
23393  -19.613  -55.173  -42.132 0.6999999881
23379  -19.252  -55.406  -41.687 0.6999999881
22330  -18.609  -56.629  -42.829 0.8000000119
149774  -18.824  -55.893  -43.088 0.6999999881
24460  -17.365  -54.699  -44.883 0.6000000238
23419  -17.732  -55.071  -44.129 0.6999999881
24491  -17.464  -54.444  -46.471 0.6999999881
24475  -17.264  -54.310  -45.576 0.6000000238
24530  -18.062  -54.254  -48.833 0.6000000238
24509  -17.578  -54.256  -47.456 0.6000000238
25528  -17.769  -53.374  -49.482 0.6000000238
25401  -16.745  -53.407  -40.964 0.5000000000
25402  -17.395  -53.146  -40.753 0.6000000238
24405  -16.584  -54.258  -40.994 0.5000000000
24396  -17.493  -53.940  -40.743 0.6000000238
150730  -17.920  -54.579  -40.771 0.6000000238
24397  -18.539  -54.788  -40.926 0.6999999881
24424  -20.170  -54.062  -42.128 0.6999999881
24407  -20.060  -53.783  -41.701 0.6000000238
23405  -19.202  -55.148  -42.959 0.6999999881
25429  -20.033  -53.805  -42.932 0.6999999881
150814  -18.346  -55.353  -43.546 0.6999999881
26493  -17.209  -52.857  -46.525 0.6999999881
25527  -17.401  -53.499  -48.627 0.6999999881
25514  -17.173  -53.569  -47.814 0.6999999881
26384  -17.693  -52.514  -40.634 0.5000000000
26386  -19.498  -52.451  -40.715 0.6000000238
25404  -19.021  -53.303  -40.773 0.6000000238
25414  -19.660  -53.687  -41.237 0.6000000238
24445  -19.326  -54.197  -43.352 0.8000000119
26440  -20.471  -52.535  -43.684 0.5000000000
25430  -20.456  -53.395  -42.251 0.6000000238
141842  -17.952  -53.201  -44.445 0.6999999881
26458  -19.065  -52.092  -44.539 0.6999999881
26494  -17.637  -52.232  -46.804 0.6999999881
26475  -17.740  -52.375  -45.760 0.6999999881
27556  -17.860  -51.628  -49.499 0.5000000000
152815  -17.272  -52.497  -48.948 0.6999999881
27557  -18.361  -50.639  -48.921 0.5000000000
27442  -17.234  -51.815  -40.709 0.5000000000
143289  -17.923  -51.857  -40.555 0.5000000000
27445  -19.299  -51.572  -40.513 0.6000000238
26385  -18.582  -52.348  -40.562 0.6000000238
142817  -19.995  -51.877  -40.679 0.6000000238
26387  -20.312  -52.475  -41.098 0.6000000238
27448  -21.860  -50.940  -41.085 0.6000000238
151107  -20.933  -52.078  -41.400 0.6000000238
27464  -22.171  -51.459  -41.730 0.6000000238
26460  -20.909  -52.047  -44.161 0.6000000238
26461  -21.843  -52.113  -44.018 0.5000000000
27488  -22.693  -51.561  -42.341 0.5000000000
27512  -19.575  -51.670  -45.142 0.6000000238
27513  -20.583  -51.701  -45.046 0.6000000238
27535  -19.026  -51.123  -46.613 0.6000000238
27524  -19.159  -51.438  -45.869 0.6000000238
28638  -19.708  -50.229  -47.535 0.5000000000
27443  -17.666  -51.188  -40.621 0.5000000000
141418  -19.473  -50.781  -40.445 0.6000000238
27447  -21.071  -50.995  -40.765 0.6000000238
26442  -22.038  -52.118  -43.192 0.5000000000
27490  -23.833  -50.842  -42.935 0.5000000000
27514  -21.571  -51.845  -44.852 0.4000000060
27515  -22.485  -51.871  -44.697 0.5000000000
26443  -22.732  -51.957  -43.832 0.5000000000
27537  -20.964  -50.752  -46.493 0.6000000238
28525  -17.388  -50.431  -40.823 0.5000000000
29568  -18.990  -49.999  -40.538 0.6000000238
29571  -21.299  -49.736  -40.473 0.6000000238
28527  -20.764  -50.367  -40.535 0.6000000238
28603  -23.588  -51.002  -45.061 0.5000000000
27516  -23.332  -51.558  -44.501 0.4000000060
29566  -17.162  -49.770  -41.295 0.5000000000
29567  -17.971  -49.801  -40.842 0.5000000000
29569  -19.746  -49.590  -40.576 0.6000000238
140520  -22.067  -49.762  -40.499 0.6000000238
29597  -17.024  -49.377  -42.075 0.5000000000
30612  -18.589  -49.153  -41.016 0.5000000000
30600  -20.069  -48.930  -40.799 0.6000000238
30601  -21.821  -49.148  -40.358 0.6000000238
133328  -17.405  -49.095  -42.854 0.5000000000
30633  -18.520  -48.649  -41.960 0.5000000000
30614  -20.075  -48.238  -41.528 0.5000000000
30615  -20.797  -48.351  -41.013 0.6000000238
142769  -21.017  -49.048  -40.543 0.6000000238
131523  -18.975  -48.315  -42.928 0.5000000000
30634  -19.433  -48.194  -42.175 0.5000000000
30649  -19.552  -48.094  -43.675 0.5000000000
31647  -22.522  -48.028  -40.210 0.5000000000
147565  -19.705  -48.012  -42.957 0.5000000000
155674  -21.357  -47.925  -41.217 0.5000000000
30667  -19.410  -48.155  -44.581 0.5000000000
30650  -20.354  -47.840  -43.413 0.5000000000
31662  -21.612  -47.576  -41.976 0.5000000000
32701  -22.734  -47.376  -40.327 0.4000000060
31694  -20.239  -47.858  -44.273 0.5000000000
31678  -21.162  -47.654  -42.930 0.5000000000
31680  -22.356  -47.125  -42.040 0.4000000060
32722  -22.749  -46.927  -41.060 0.4000000060
31695  -21.043  -47.609  -43.925 0.4000000060
32745  -22.643  -46.698  -43.165 0.4000000060
32746  -23.069  -46.441  -42.145 0.4000000060
27526  -21.268  -51.375  -45.688 0.6000000238
27547  -19.617  -50.735  -46.882 0.5000000000
28637  -19.180  -50.063  -48.506 0.4000000060
26421  -21.427  -52.315  -42.557 0.6000000238
32723  -23.328  -46.257  -41.068 0.4000000060
151796  -23.832  -45.597  -40.926 0.4000000060
25456  -18.598  -53.662  -43.914 0.6999999881
25493  -17.109  -53.413  -45.869 0.6999999881
25494  -17.539  -52.940  -45.077 0.6999999881
26420  -20.827  -52.780  -42.797 0.6000000238
26399  -20.846  -52.647  -41.862 0.6000000238
26512  -17.353  -52.222  -47.794 0.6999999881
26439  -19.605  -52.615  -43.955 0.6999999881
26476  -18.655  -51.796  -45.302 0.6999999881
27534  -18.161  -51.547  -47.218 0.6000000238
27545  -17.789  -51.433  -48.344 0.6000000238
16997  -15.957  -60.976  -44.905 0.5000000000
18094  -16.056  -60.234  -46.196 0.5000000000
19119  -17.187  -59.448  -44.413 0.5000000000
19130  -16.795  -59.960  -44.951 0.6000000238
19164  -16.663  -59.731  -46.545 0.4000000060
19165  -17.361  -59.544  -46.826 0.5000000000
20120  -17.498  -58.733  -41.862 0.6999999881
20137  -17.634  -58.989  -42.412 0.6999999881
20151  -17.511  -58.957  -43.776 0.5000000000
20190  -18.021  -58.490  -45.675 0.5000000000
20204  -18.636  -58.559  -46.048 0.5000000000
21227  -18.127  -57.384  -41.568 0.6999999881
21258  -18.328  -57.592  -42.628 0.6999999881
21281  -17.800  -58.127  -45.120 0.6000000238
21282  -18.206  -57.870  -45.460 0.5000000000
22306  -16.790  -56.583  -41.095 0.6999999881
22309  -18.954  -56.122  -41.689 0.6999999881
22323  -19.215  -55.963  -42.253 0.6999999881
22329  -18.013  -57.061  -43.693 0.6000000238
22335  -17.709  -56.617  -44.577 0.6999999881
22346  -17.761  -56.261  -45.282 0.5000000000
23366  -17.981  -55.285  -40.872 0.6999999881
23377  -18.095  -56.016  -40.971 0.6999999881
23378  -18.691  -55.618  -41.234 0.6999999881
23433  -18.063  -56.103  -46.101 0.5000000000
23467  -18.506  -55.107  -47.550 0.5000000000
23468  -19.329  -55.358  -47.470 0.5000000000
24398  -19.092  -54.241  -40.993 0.6000000238
24406  -19.088  -54.928  -41.272 0.6999999881
24423  -19.838  -54.537  -42.544 0.6999999881
24444  -18.467  -54.602  -43.711 0.6999999881
24461  -17.809  -54.137  -44.292 0.6999999881
24492  -17.949  -54.986  -47.199 0.5000000000
24510  -18.027  -54.677  -47.980 0.6000000238
24529  -17.629  -54.113  -48.193 0.6000000238
25403  -18.105  -53.234  -40.615 0.6000000238
25405  -19.760  -53.035  -41.016 0.6000000238
25415  -20.170  -53.162  -41.503 0.6000000238
25457  -19.430  -53.320  -43.647 0.8000000119
25458  -20.188  -53.116  -43.259 0.5000000000
25479  -17.387  -53.748  -44.974 0.6999999881
25480  -18.238  -52.442  -44.800 0.6999999881
25481  -18.780  -52.798  -44.181 0.6999999881
25502  -17.176  -53.582  -46.924 0.6999999881
26400  -21.486  -51.995  -41.865 0.5000000000
26422  -22.121  -51.919  -42.431 0.5000000000
26441  -21.235  -52.325  -43.375 0.5000000000
26459  -19.988  -52.085  -44.385 0.6000000238
26511  -17.083  -52.897  -47.341 0.6999999881
26529  -16.965  -52.941  -48.150 0.6999999881
27444  -18.427  -51.415  -40.505 0.5000000000
27446  -20.178  -51.104  -40.540 0.6000000238
27462  -20.649  -51.688  -40.889 0.6000000238
27463  -21.377  -51.534  -41.251 0.6000000238
27465  -22.922  -51.067  -41.956 0.6000000238
27489  -23.289  -51.312  -42.642 0.5000000000
27502  -22.820  -51.847  -42.975 0.6000000238
27504  -24.014  -50.777  -43.536 0.6000000238
27517  -23.993  -50.837  -44.309 0.5000000000
27523  -18.381  -51.679  -46.229 0.6999999881
27525  -20.126  -51.208  -46.083 0.6000000238
27527  -22.152  -51.498  -45.434 0.4000000060
27528  -22.948  -51.372  -45.273 0.5000000000
27536  -20.246  -50.597  -46.838 0.5000000000
27546  -18.795  -50.738  -47.664 0.6000000238
28526  -18.201  -50.603  -40.579 0.5000000000
28528  -21.575  -50.357  -40.668 0.6000000238
28529  -22.348  -50.379  -40.917 0.6000000238
28546  -22.503  -50.864  -41.412 0.6000000238
28572  -24.154  -50.260  -42.548 0.6000000238
28616  -23.960  -50.146  -45.145 0.5000000000
29570  -20.478  -49.672  -40.498 0.6000000238
29572  -23.188  -49.282  -40.402 0.6000000238
29573  -23.815  -49.030  -40.371 0.6999999881
29583  -17.795  -49.234  -41.510 0.5000000000
29584  -23.578  -49.715  -40.917 0.6999999881
29610  -25.236  -49.280  -43.634 0.5000000000
29656  -22.524  -48.658  -46.560 0.6000000238
29657  -23.430  -48.529  -46.105 0.6000000238
29668  -20.905  -49.072  -47.674 0.5000000000
30599  -19.313  -49.221  -40.779 0.5000000000
30613  -19.297  -48.654  -41.293 0.5000000000
30632  -17.774  -49.012  -42.244 0.5000000000
30635  -20.260  -47.892  -42.502 0.5000000000
30637  -26.361  -47.838  -42.494 0.6000000238
30648  -18.648  -48.535  -43.868 0.5000000000
30652  -26.276  -47.973  -43.166 0.6000000238
30684  -24.379  -48.416  -45.731 0.6000000238
31646  -21.674  -48.398  -40.557 0.6000000238
31648  -23.337  -47.566  -39.918 0.5000000000
31651  -26.246  -47.158  -40.256 0.6000000238
31661  -20.846  -47.871  -41.840 0.5000000000
31663  -22.083  -47.605  -40.937 0.4000000060
31664  -25.901  -47.830  -40.591 0.6000000238
31665  -26.630  -47.442  -41.082 0.6000000238
31679  -21.956  -47.325  -42.813 0.4000000060
31682  -27.082  -46.943  -43.000 0.6000000238
31696  -21.831  -47.220  -43.600 0.4000000060
31715  -26.556  -47.306  -44.448 0.6000000238
32703  -24.325  -46.301  -39.720 0.6000000238
32706  -27.228  -46.310  -40.646 0.6000000238
32818  -23.179  -46.331  -47.061 0.5000000000
33802  -23.669  -46.208  -40.158 0.5000000000
33820  -28.052  -45.077  -41.434 0.5000000000
34881  -28.129  -43.978  -40.548 0.6000000238
34906  -28.104  -44.682  -42.894 0.6999999881
34928  -26.979  -44.021  -45.035 0.6000000238
35944  -27.865  -43.345  -43.736 0.6000000238
36921  -28.418  -42.746  -40.649 0.5000000000
36933  -28.635  -42.919  -41.484 0.5000000000
36994  -24.278  -41.895  -48.029 0.4000000060
37903  -27.572  -41.852  -39.938 0.5000000000
37936  -28.029  -41.445  -43.260 0.5000000000
37969  -23.958  -41.620  -46.591 0.5000000000
37970  -24.278  -41.444  -46.012 0.5000000000
37985  -24.780  -41.206  -47.734 0.4000000060
39844  -28.184  -39.644  -41.101 0.5000000000
39856  -28.349  -39.637  -41.654 0.5000000000
41956  -27.310  -37.495  -41.465 0.4000000060
42013  -25.138  -37.622  -47.117 0.4000000060
42025  -25.567  -38.023  -47.634 0.4000000060
44075  -25.528  -35.657  -46.190 0.5000000000
44078  -27.779  -35.687  -46.551 0.4000000060
45116  -28.490  -34.550  -43.728 0.3000000119
46200  -24.147  -32.676  -44.172 0.5000000000
46204  -27.258  -33.653  -44.644 0.4000000060
46205  -27.874  -34.105  -44.226 0.4000000060
46216  -27.087  -33.950  -45.376 0.4000000060
47964  -24.782  -32.137  -43.979 0.5000000000
132008  -24.139  -46.574  -46.519 0.6000000238
133340  -27.749  -39.696  -40.631 0.4000000060
133843  -18.181  -48.759  -42.917 0.5000000000
134280  -24.550  -49.609  -44.905 0.6000000238
134359  -17.709  -58.316  -43.923 0.6999999881
136596  -17.577  -59.186  -43.086 0.6000000238
136802  -17.262  -57.348  -41.222 0.6999999881
136842  -27.546  -43.940  -44.311 0.6999999881
136902  -24.819  -49.833  -43.837 0.6000000238
137973  -28.433  -40.035  -42.245 0.5000000000
139812  -27.600  -44.017  -39.961 0.6000000238
140273  -18.874  -50.884  -40.457 0.6000000238
140830  -19.955  -50.274  -40.446 0.6000000238
140860  -16.829  -52.547  -40.897 0.5000000000
141193  -22.541  -49.180  -40.312 0.6000000238
141238  -16.349  -55.914  -41.131 0.5000000000
141664  -25.573  -48.585  -41.910 0.6000000238
142000  -20.380  -49.149  -48.225 0.4000000060
142808  -24.778  -45.698  -46.591 0.6000000238
142972  -18.355  -54.025  -40.732 0.6000000238
144438  -24.232  -50.413  -43.175 0.6000000238
144520  -24.566  -38.644  -46.168 0.5000000000
147704  -26.766  -34.892  -46.433 0.5000000000
147985  -22.321  -48.659  -40.252 0.6000000238
149667  -27.338  -38.570  -43.879 0.4000000060
150059  -24.937  -46.683  -39.640 0.6000000238
150779  -22.479  -50.925  -45.748 0.6000000238
151084  -26.049  -44.922  -39.570 0.6000000238
151442  -19.653  -54.503  -41.635 0.6000000238
155960  -26.205  -47.316  -45.069 0.6000000238
156197  -26.867  -41.828  -39.866 0.4000000060
156642  -18.407  -57.579  -41.952 0.6999999881
