#!ascii label  , from subject sub-v1s14x0051573_ses-1 vox2ras=TkReg
796
153002  -29.256  -55.665  -54.149 0.5000000000
146245  -27.742  -54.868  -54.537 0.8000000119
25559  -25.837  -52.886  -53.901 0.8000000119
146309  -27.225  -53.777  -54.077 0.8000000119
25569  -28.120  -54.048  -53.907 0.8000000119
22474  -28.369  -56.781  -53.802 0.5000000000
24586  -28.634  -55.560  -54.415 0.5000000000
152191  -28.668  -54.836  -54.254 0.6000000238
152632  -25.739  -52.062  -51.855 0.6999999881
26569  -26.323  -52.356  -52.992 0.6999999881
132547  -28.429  -53.459  -53.266 0.8000000119
140280  -29.472  -53.764  -53.333 0.6999999881
22475  -29.076  -56.412  -52.950 0.6000000238
22476  -29.461  -56.000  -53.916 0.5000000000
23559  -29.972  -55.309  -53.971 0.6000000238
26545  -24.688  -51.749  -50.222 0.6999999881
24587  -29.390  -55.149  -54.171 0.6000000238
24577  -30.859  -54.879  -53.776 0.6000000238
26546  -25.444  -51.989  -50.465 0.6999999881
26558  -24.827  -51.835  -52.482 0.6999999881
26570  -27.749  -52.759  -52.621 0.6999999881
24588  -30.037  -54.690  -53.938 0.6000000238
25552  -31.212  -53.603  -53.134 0.6000000238
25561  -28.712  -52.905  -52.525 0.8000000119
25551  -29.872  -53.084  -52.621 0.8000000119
23530  -29.493  -56.092  -52.096 0.4000000060
23544  -31.106  -55.224  -53.322 0.6000000238
27576  -25.547  -51.542  -49.130 0.6999999881
25553  -32.107  -54.056  -53.236 0.6000000238
27577  -26.408  -51.646  -48.912 0.6999999881
26547  -26.388  -52.066  -50.731 0.6999999881
26559  -26.974  -52.256  -52.044 0.6999999881
26571  -28.055  -52.242  -51.918 0.6999999881
26560  -29.006  -52.305  -51.913 0.6000000238
26561  -30.576  -52.566  -52.162 0.6999999881
27593  -31.020  -51.660  -50.879 0.5000000000
26548  -27.465  -51.999  -50.975 0.6000000238
26549  -28.466  -51.905  -51.168 0.6000000238
26550  -29.475  -51.933  -51.428 0.6000000238
27592  -30.339  -51.808  -51.215 0.6000000238
138667  -29.620  -51.596  -50.645 0.6000000238
27580  -30.197  -51.351  -50.105 0.5000000000
24562  -30.735  -55.355  -51.152 0.4000000060
23532  -31.017  -55.443  -52.384 0.5000000000
28653  -25.462  -50.554  -48.935 0.6999999881
24568  -31.734  -55.093  -52.960 0.6000000238
24569  -32.399  -54.535  -52.797 0.6000000238
26541  -26.897  -51.954  -49.724 0.6999999881
26562  -32.042  -53.220  -52.731 0.6000000238
26552  -32.808  -52.800  -52.120 0.5000000000
27594  -32.016  -51.888  -51.126 0.6000000238
26542  -27.935  -51.869  -49.964 0.6999999881
26543  -28.879  -51.679  -50.378 0.6000000238
27581  -31.261  -51.283  -50.095 0.5000000000
27582  -32.446  -51.439  -50.321 0.5000000000
27563  -30.497  -50.951  -49.062 0.5000000000
30720  -23.888  -48.039  -49.736 0.6000000238
153165  -25.516  -47.725  -50.148 0.6000000238
150333  -31.437  -55.078  -50.962 0.5000000000
30721  -25.989  -49.134  -49.492 0.6999999881
145585  -24.712  -50.435  -49.247 0.6999999881
134270  -31.754  -55.138  -52.098 0.5000000000
24570  -33.145  -54.180  -52.314 0.5000000000
25547  -33.789  -53.776  -51.371 0.4000000060
27559  -25.950  -51.138  -48.701 0.6999999881
25554  -33.661  -53.825  -52.091 0.5000000000
27560  -26.963  -51.057  -48.342 0.6999999881
25555  -33.525  -53.412  -52.134 0.5000000000
27561  -27.947  -51.200  -48.203 0.6999999881
27579  -28.551  -51.557  -49.118 0.6000000238
141719  -32.960  -52.231  -51.305 0.5000000000
129604  -29.546  -51.259  -48.980 0.6000000238
147333  -33.192  -51.228  -50.126 0.5000000000
28657  -29.854  -50.677  -48.015 0.5000000000
28658  -30.861  -50.343  -48.340 0.5000000000
28659  -31.745  -50.131  -48.677 0.5000000000
28672  -32.384  -50.659  -49.530 0.5000000000
27564  -31.477  -50.757  -49.326 0.5000000000
29691  -32.914  -49.274  -49.144 0.3000000119
25532  -33.573  -53.513  -49.494 0.3000000119
142660  -24.013  -46.595  -50.157 0.6000000238
31774  -24.461  -47.494  -50.072 0.6000000238
24555  -32.612  -54.440  -50.616 0.4000000060
25542  -33.342  -54.004  -50.386 0.4000000060
150365  -33.923  -53.399  -51.611 0.5000000000
29686  -26.645  -49.712  -48.745 0.6999999881
138677  -27.207  -50.220  -48.139 0.6999999881
26553  -33.577  -52.843  -51.644 0.5000000000
27548  -28.360  -50.586  -47.690 0.5000000000
27583  -34.104  -51.393  -50.335 0.5000000000
28656  -29.067  -50.523  -47.600 0.5000000000
28674  -34.488  -50.594  -50.199 0.4000000060
28673  -33.303  -50.362  -49.707 0.3000000119
29700  -33.778  -49.502  -49.803 0.4000000060
29690  -32.144  -49.173  -48.488 0.5000000000
32835  -23.743  -45.702  -49.964 0.6000000238
32836  -24.868  -46.068  -50.460 0.6000000238
31775  -25.205  -46.977  -50.351 0.6000000238
31776  -26.314  -47.423  -50.316 0.6000000238
137468  -27.073  -46.918  -50.328 0.6000000238
26544  -34.466  -52.599  -50.316 0.3000000119
26554  -34.063  -52.838  -51.051 0.4000000060
30722  -27.041  -48.877  -49.438 0.6000000238
27584  -34.969  -51.741  -50.151 0.3000000119
29687  -27.499  -49.321  -48.380 0.6000000238
28655  -27.708  -50.596  -47.940 0.6999999881
28675  -35.668  -50.723  -50.132 0.3000000119
27596  -34.292  -52.249  -50.559 0.3000000119
29688  -28.220  -48.771  -47.925 0.6000000238
151015  -35.821  -49.829  -50.391 0.3000000119
30712  -29.052  -48.293  -47.608 0.5000000000
29670  -28.865  -49.244  -47.362 0.5000000000
28640  -29.481  -49.897  -47.312 0.5000000000
30737  -34.784  -48.226  -50.743 0.3000000119
29701  -34.868  -49.794  -50.322 0.3000000119
28641  -30.411  -49.717  -47.576 0.5000000000
31780  -33.708  -47.700  -50.171 0.3000000119
29671  -29.835  -48.932  -47.292 0.5000000000
31779  -33.128  -47.428  -49.528 0.4000000060
30732  -33.322  -48.341  -49.477 0.3000000119
34985  -24.227  -44.475  -49.684 0.5000000000
34986  -25.196  -44.512  -50.022 0.6000000238
33907  -25.951  -45.412  -50.389 0.5000000000
31777  -27.423  -47.955  -50.122 0.6000000238
32838  -27.960  -47.019  -49.804 0.5000000000
31785  -36.213  -48.115  -50.830 0.3000000119
30723  -27.867  -48.458  -49.166 0.6000000238
32843  -35.499  -46.581  -51.280 0.3000000119
31784  -35.354  -47.851  -51.070 0.3000000119
30724  -28.491  -48.009  -48.634 0.6000000238
31760  -30.150  -47.868  -47.598 0.5000000000
143422  -31.836  -46.920  -48.363 0.5000000000
30727  -32.770  -47.675  -49.011 0.4000000060
31778  -32.686  -46.926  -49.167 0.4000000060
36008  -25.752  -43.841  -49.670 0.5000000000
34987  -26.302  -44.538  -50.080 0.5000000000
34988  -27.165  -44.673  -49.921 0.5000000000
153480  -26.790  -46.131  -50.358 0.5000000000
33897  -27.834  -45.059  -49.557 0.5000000000
135243  -36.278  -46.215  -50.532 0.3000000119
154511  -36.078  -46.716  -50.982 0.3000000119
31768  -28.147  -47.807  -49.532 0.6000000238
31769  -28.669  -47.246  -48.750 0.6000000238
30725  -29.073  -47.559  -48.006 0.5000000000
31771  -30.832  -47.181  -47.844 0.5000000000
133242  -33.136  -46.925  -49.797 0.4000000060
33911  -32.805  -45.712  -49.690 0.4000000060
36001  -26.448  -43.157  -49.302 0.5000000000
36002  -27.414  -43.379  -49.112 0.5000000000
34977  -27.644  -44.226  -49.320 0.5000000000
33902  -35.938  -45.648  -49.579 0.4000000060
34981  -35.875  -44.647  -49.776 0.4000000060
33909  -27.968  -45.969  -49.717 0.5000000000
33898  -28.480  -45.586  -48.990 0.5000000000
153568  -36.104  -44.600  -50.579 0.4000000060
131098  -35.874  -44.685  -50.904 0.3000000119
34995  -35.347  -45.294  -51.216 0.3000000119
32830  -28.598  -46.479  -48.993 0.5000000000
32831  -29.372  -46.783  -48.183 0.4000000060
31770  -29.722  -47.088  -47.913 0.4000000060
32839  -32.479  -46.260  -49.023 0.4000000060
37008  -27.096  -42.561  -48.865 0.5000000000
37009  -27.759  -42.982  -48.425 0.5000000000
34978  -28.281  -44.708  -48.827 0.5000000000
35988  -28.379  -43.613  -47.830 0.4000000060
143607  -36.150  -43.920  -50.619 0.4000000060
36015  -36.032  -43.077  -50.919 0.4000000060
34961  -28.642  -44.495  -47.975 0.4000000060
33884  -28.924  -45.356  -48.132 0.4000000060
36014  -35.371  -43.301  -51.197 0.4000000060
33885  -29.763  -45.949  -47.684 0.4000000060
32819  -30.057  -46.632  -47.895 0.4000000060
32820  -30.934  -46.706  -47.918 0.4000000060
32833  -31.681  -46.606  -48.242 0.4000000060
33887  -31.434  -46.405  -48.092 0.4000000060
139679  -32.601  -44.979  -49.589 0.4000000060
34990  -32.580  -43.747  -50.020 0.4000000060
34989  -32.598  -44.436  -49.800 0.4000000060
37987  -27.012  -41.366  -47.937 0.5000000000
36995  -27.407  -42.149  -48.204 0.4000000060
144120  -35.665  -42.981  -49.379 0.4000000060
36011  -36.057  -43.000  -50.342 0.4000000060
36996  -28.125  -42.575  -47.594 0.5000000000
34962  -29.542  -45.061  -47.303 0.4000000060
37021  -35.839  -42.272  -51.111 0.4000000060
34954  -30.282  -44.917  -46.862 0.4000000060
34963  -30.512  -45.591  -47.305 0.4000000060
34991  -32.757  -44.570  -50.102 0.3000000119
144227  -32.322  -45.348  -48.926 0.4000000060
38954  -27.752  -40.887  -47.247 0.4000000060
37971  -28.212  -41.656  -47.045 0.5000000000
37972  -28.923  -41.821  -46.256 0.4000000060
38005  -36.104  -41.282  -50.450 0.4000000060
36984  -28.835  -42.585  -46.684 0.4000000060
36997  -28.975  -43.523  -46.905 0.4000000060
36985  -29.692  -42.779  -45.999 0.4000000060
143220  -29.824  -43.650  -46.328 0.4000000060
35980  -30.450  -44.217  -46.598 0.4000000060
35990  -31.157  -44.859  -47.181 0.4000000060
34964  -31.588  -45.744  -47.975 0.4000000060
36010  -32.460  -42.859  -49.822 0.4000000060
34979  -32.452  -44.544  -49.369 0.4000000060
36009  -32.487  -43.728  -49.655 0.4000000060
38939  -28.327  -40.750  -46.598 0.4000000060
38940  -29.041  -41.206  -45.841 0.4000000060
37961  -29.702  -41.908  -45.572 0.4000000060
36986  -30.584  -43.289  -46.056 0.4000000060
37018  -32.531  -41.968  -50.081 0.4000000060
36987  -31.327  -43.029  -46.333 0.4000000060
35991  -31.800  -44.061  -47.647 0.4000000060
134396  -31.680  -43.377  -47.147 0.4000000060
36999  -32.152  -43.075  -48.261 0.4000000060
36004  -32.298  -43.889  -48.865 0.4000000060
38925  -28.848  -40.367  -45.827 0.4000000060
38926  -29.624  -41.066  -45.165 0.4000000060
38927  -30.329  -41.085  -44.666 0.4000000060
37962  -30.508  -41.780  -45.065 0.4000000060
36977  -30.386  -42.493  -45.569 0.4000000060
37963  -31.262  -41.738  -45.098 0.4000000060
36978  -30.980  -42.492  -45.524 0.4000000060
146242  -31.642  -42.042  -46.104 0.4000000060
37015  -32.358  -41.963  -49.661 0.3000000119
153227  -32.180  -42.357  -48.341 0.4000000060
37014  -32.410  -42.930  -49.394 0.4000000060
39891  -28.876  -39.471  -45.669 0.4000000060
39892  -29.485  -39.604  -44.907 0.4000000060
40911  -29.728  -38.935  -44.455 0.4000000060
38913  -29.879  -40.454  -44.668 0.4000000060
38914  -30.586  -40.584  -44.298 0.4000000060
38928  -31.809  -41.376  -45.512 0.4000000060
38929  -32.229  -40.707  -45.602 0.4000000060
38965  -31.961  -40.545  -50.075 0.4000000060
38004  -32.049  -41.110  -49.843 0.3000000119
37973  -32.184  -41.426  -47.502 0.4000000060
37010  -32.347  -42.169  -49.089 0.5000000000
37998  -32.185  -41.158  -49.540 0.4000000060
41988  -30.082  -38.330  -43.887 0.4000000060
40902  -30.793  -38.785  -43.261 0.4000000060
40912  -30.407  -39.283  -43.764 0.4000000060
39871  -30.845  -40.019  -43.834 0.4000000060
153025  -32.307  -40.571  -46.494 0.4000000060
38955  -32.029  -40.455  -49.057 0.5000000000
146165  -30.343  -37.047  -43.317 0.4000000060
41981  -30.558  -37.850  -43.292 0.4000000060
41982  -31.270  -38.276  -42.824 0.4000000060
39907  -32.432  -40.014  -46.486 0.4000000060
138070  -32.122  -39.242  -47.683 0.5000000000
44042  -29.980  -35.923  -43.034 0.4000000060
42993  -30.488  -36.522  -42.867 0.4000000060
41968  -31.024  -37.382  -42.695 0.4000000060
139813  -32.618  -39.129  -46.344 0.5000000000
143217  -30.001  -34.587  -41.767 0.4000000060
44031  -29.798  -35.362  -42.692 0.4000000060
45107  -30.258  -35.035  -41.954 0.4000000060
44032  -30.646  -35.815  -42.304 0.4000000060
44019  -31.119  -35.193  -41.734 0.4000000060
44020  -31.992  -35.368  -41.511 0.5000000000
45106  -29.484  -34.700  -42.192 0.4000000060
30713  -31.471  -47.764  -47.969 0.5000000000
32840  -32.853  -46.378  -49.543 0.4000000060
23558  -28.558  -56.203  -54.356 0.5000000000
25568  -26.313  -53.663  -54.310 0.8000000119
25558  -24.762  -53.097  -54.204 0.8000000119
26567  -24.369  -52.349  -53.639 0.6999999881
22464  -28.308  -56.923  -52.406 0.5000000000
153504  -24.250  -51.597  -52.007 0.6999999881
139364  -28.133  -56.826  -51.304 0.5000000000
27591  -24.104  -51.371  -50.106 0.6999999881
23513  -30.005  -55.689  -51.491 0.4000000060
22465  -28.684  -56.471  -51.608 0.4000000060
27575  -24.687  -51.369  -49.507 0.6999999881
133196  -24.870  -49.084  -49.569 0.6999999881
23501  -29.631  -55.330  -50.157 0.4000000060
136521  -30.579  -54.982  -50.119 0.4000000060
31767  -23.261  -47.042  -49.576 0.6000000238
138393  -32.704  -53.829  -49.257 0.4000000060
33905  -23.614  -44.912  -49.464 0.6000000238
34974  -23.511  -44.103  -48.924 0.5000000000
34975  -24.490  -43.824  -49.448 0.5000000000
37997  -26.642  -41.881  -48.453 0.4000000060
38953  -27.294  -40.688  -47.591 0.4000000060
39920  -27.620  -39.991  -47.227 0.4000000060
39906  -28.212  -39.505  -46.543 0.4000000060
40926  -29.121  -38.687  -45.319 0.4000000060
41980  -29.870  -37.271  -44.011 0.4000000060
42992  -29.755  -36.327  -43.758 0.4000000060
44041  -29.441  -35.551  -43.568 0.4000000060
45088  -29.731  -34.143  -41.610 0.4000000060
24585  -26.791  -54.397  -54.589 0.8000000119
151465  -27.525  -53.215  -53.379 0.8000000119
23543  -29.808  -55.936  -53.203 0.5000000000
26568  -25.363  -52.229  -53.277 0.6999999881
24578  -31.653  -54.700  -53.354 0.6000000238
155723  -29.671  -52.370  -52.008 0.6999999881
26563  -33.026  -53.765  -52.708 0.6000000238
26551  -31.482  -52.272  -51.797 0.6000000238
29685  -25.710  -49.900  -49.079 0.6999999881
30731  -26.298  -48.313  -49.993 0.6000000238
24554  -31.573  -54.682  -50.117 0.5000000000
24563  -32.422  -54.720  -51.533 0.5000000000
25543  -34.033  -53.334  -50.656 0.3000000119
29689  -31.293  -49.508  -47.983 0.5000000000
150206  -27.444  -46.311  -50.148 0.6000000238
29673  -31.635  -48.643  -47.982 0.5000000000
32832  -30.665  -46.832  -47.897 0.4000000060
153918  -32.876  -45.211  -50.036 0.4000000060
132243  -32.021  -44.819  -48.292 0.4000000060
36998  -31.949  -42.491  -47.355 0.4000000060
42980  -31.263  -36.666  -42.258 0.4000000060
23562  -19.000  -55.180  -54.624 0.4000000060
22503  -19.583  -55.721  -55.016 0.4000000060
21458  -20.089  -56.651  -55.332 0.4000000060
20337  -20.830  -58.230  -54.651 0.4000000060
22472  -20.056  -56.107  -53.464 0.4000000060
21443  -20.907  -56.709  -53.823 0.4000000060
21459  -20.946  -57.230  -54.698 0.4000000060
21444  -21.563  -57.854  -53.359 0.4000000060
20326  -21.559  -58.712  -53.468 0.5000000000
21430  -20.542  -56.660  -52.740 0.4000000060
21431  -21.271  -57.163  -53.092 0.4000000060
21432  -21.676  -57.646  -52.395 0.5000000000
20312  -21.952  -58.448  -52.700 0.5000000000
20297  -23.457  -58.995  -51.679 0.6000000238
21413  -20.074  -56.910  -51.694 0.4000000060
21414  -20.994  -57.144  -52.040 0.4000000060
21415  -21.502  -57.568  -51.274 0.4000000060
20313  -22.413  -59.165  -52.094 0.5000000000
23512  -28.940  -55.941  -50.697 0.3000000119
23499  -28.210  -55.988  -49.882 0.4000000060
24537  -30.558  -54.553  -49.279 0.3000000119
19245  -21.905  -59.375  -52.753 0.5000000000
134022  -27.027  -59.384  -51.874 0.5000000000
21391  -27.310  -57.787  -50.660 0.4000000060
21346  -22.684  -57.230  -48.621 0.4000000060
20277  -22.320  -57.864  -50.889 0.5000000000
20296  -22.831  -58.630  -51.495 0.5000000000
21358  -21.965  -57.542  -49.227 0.4000000060
21388  -21.690  -57.623  -50.226 0.4000000060
19231  -22.957  -59.802  -51.892 0.6000000238
19232  -23.649  -60.379  -52.100 0.6000000238
20314  -24.689  -59.970  -52.868 0.6999999881
20301  -27.522  -58.220  -52.498 0.5000000000
19233  -24.399  -60.736  -52.364 0.6999999881
19247  -25.070  -60.694  -52.778 0.6999999881
20300  -27.201  -59.050  -52.679 0.6999999881
20315  -25.342  -59.776  -53.280 0.6999999881
19248  -25.762  -60.107  -53.248 0.6999999881
20252  -23.356  -57.661  -50.001 0.5000000000
20278  -23.079  -58.102  -50.745 0.6000000238
20279  -23.793  -58.169  -50.880 0.6000000238
20299  -25.150  -57.949  -52.859 0.6000000238
21360  -23.487  -57.115  -49.287 0.5000000000
21390  -24.459  -57.007  -50.481 0.6000000238
131413  -24.084  -59.336  -51.986 0.6000000238
20298  -24.688  -58.691  -52.314 0.6000000238
148821  -25.117  -59.128  -53.295 0.6000000238
25540  -31.301  -54.283  -49.165 0.3000000119
20317  -27.313  -58.406  -53.381 0.6000000238
21433  -27.819  -57.581  -53.038 0.5000000000
23484  -23.703  -55.594  -49.014 0.6000000238
23497  -23.631  -55.232  -49.715 0.6000000238
23510  -24.004  -55.447  -51.164 0.6999999881
22444  -24.563  -56.316  -51.052 0.6000000238
21416  -24.819  -57.364  -51.638 0.6000000238
22473  -25.361  -57.478  -53.690 0.6000000238
22413  -23.177  -56.647  -48.399 0.5000000000
21389  -24.015  -57.446  -50.161 0.6000000238
21445  -25.730  -58.027  -53.999 0.6000000238
20327  -25.973  -58.547  -54.069 0.6999999881
20339  -26.412  -58.020  -54.218 0.6999999881
20328  -26.298  -58.935  -53.978 0.6999999881
21446  -27.499  -57.599  -54.021 0.6000000238
20329  -26.828  -58.306  -54.007 0.6999999881
135490  -22.970  -54.887  -51.267 0.6000000238
23528  -23.375  -55.227  -52.335 0.6999999881
23529  -24.378  -55.854  -52.258 0.6999999881
22463  -24.940  -56.774  -52.655 0.6000000238
22492  -25.579  -57.055  -54.310 0.6999999881
20338  -26.033  -57.505  -54.352 0.6999999881
22493  -27.702  -56.894  -54.551 0.6000000238
24582  -23.264  -54.669  -54.437 0.6999999881
145462  -24.868  -54.942  -55.060 0.6999999881
24576  -22.646  -55.026  -53.393 0.6999999881
23555  -23.726  -55.362  -54.337 0.6000000238
23542  -24.380  -56.009  -53.666 0.6000000238
23564  -25.597  -56.245  -54.872 0.6999999881
23566  -27.630  -56.119  -54.825 0.5000000000
22491  -24.983  -56.616  -54.136 0.6000000238
23565  -26.457  -56.238  -54.994 0.6999999881
22506  -26.995  -56.918  -54.856 0.6000000238
25567  -25.297  -53.864  -54.583 0.6999999881
24590  -26.708  -55.315  -54.967 0.6000000238
24584  -25.900  -54.594  -54.907 0.6999999881
21418  -27.755  -57.482  -51.699 0.5000000000
24589  -25.640  -55.558  -55.094 0.6000000238
22490  -20.316  -56.250  -54.511 0.4000000060
21387  -20.965  -57.474  -50.431 0.4000000060
21359  -22.552  -57.697  -50.019 0.4000000060
19235  -26.556  -59.860  -52.791 0.6999999881
20316  -26.766  -59.164  -53.532 0.6999999881
20280  -24.359  -57.939  -51.136 0.6000000238
22415  -24.041  -56.007  -49.322 0.6999999881
22428  -24.244  -56.276  -49.840 0.6000000238
23541  -23.562  -55.427  -53.425 0.6999999881
23556  -24.509  -55.819  -54.650 0.6000000238
131981  -24.205  -54.254  -54.685 0.6000000238
141714  -22.227  -54.905  -52.568 0.5000000000
151076  -23.212  -55.312  -48.487 0.4000000060
24561  -22.974  -54.790  -50.108 0.5000000000
22390  -22.284  -56.051  -47.305 0.4000000060
24533  -21.602  -54.677  -48.581 0.5000000000
23483  -22.575  -54.869  -48.475 0.5000000000
151724  -22.048  -54.631  -50.787 0.5000000000
24567  -21.858  -54.738  -51.810 0.5000000000
25556  -20.811  -53.364  -53.064 0.5000000000
24581  -22.534  -54.564  -53.950 0.6000000238
25564  -22.118  -53.826  -53.955 0.5000000000
25557  -21.476  -53.631  -53.419 0.5000000000
26565  -22.028  -52.772  -53.678 0.6999999881
26566  -22.962  -52.098  -53.424 0.6000000238
24513  -21.061  -54.952  -47.843 0.5000000000
24549  -20.890  -54.511  -49.573 0.5000000000
24560  -21.023  -54.474  -50.584 0.5000000000
25550  -20.436  -53.648  -52.374 0.5000000000
131230  -21.024  -54.468  -51.667 0.5000000000
26573  -23.535  -52.503  -53.767 0.6000000238
26564  -21.203  -52.547  -53.295 0.6000000238
26556  -22.125  -51.657  -52.953 0.5000000000
27601  -23.987  -51.421  -51.092 0.6000000238
24532  -20.463  -54.640  -48.775 0.5000000000
24548  -19.913  -54.175  -50.509 0.5000000000
25539  -19.104  -53.588  -50.695 0.5000000000
25545  -19.441  -53.433  -51.288 0.5000000000
26555  -20.383  -52.440  -52.742 0.5000000000
140563  -23.959  -51.734  -53.035 0.6000000238
138264  -21.133  -51.791  -52.791 0.5000000000
27600  -22.889  -51.179  -51.632 0.6000000238
24512  -19.879  -54.970  -48.120 0.5000000000
24547  -19.112  -54.030  -50.015 0.5000000000
25538  -18.391  -53.273  -50.328 0.5000000000
26537  -17.827  -52.484  -49.999 0.5000000000
28666  -18.719  -51.079  -49.953 0.6000000238
152190  -19.106  -52.277  -51.442 0.4000000060
150637  -19.081  -50.326  -49.279 0.4000000060
27571  -18.730  -51.652  -50.894 0.5000000000
27586  -19.369  -51.579  -51.346 0.5000000000
25548  -19.228  -52.848  -51.523 0.4000000060
28651  -20.285  -49.221  -48.997 0.4000000060
28668  -20.463  -50.020  -49.670 0.5000000000
28678  -20.914  -50.474  -50.495 0.5000000000
29681  -20.814  -48.779  -48.661 0.4000000060
27588  -21.308  -50.865  -51.253 0.6000000238
27599  -21.751  -51.297  -51.959 0.6000000238
27590  -23.351  -50.974  -50.561 0.6000000238
27574  -23.773  -50.845  -49.803 0.6000000238
28677  -20.133  -50.605  -50.399 0.5000000000
29682  -21.560  -48.604  -49.073 0.5000000000
29699  -22.002  -49.592  -49.563 0.5000000000
28669  -21.483  -50.046  -49.915 0.5000000000
30710  -21.867  -47.892  -48.572 0.4000000060
30719  -22.573  -47.499  -49.095 0.5000000000
28670  -23.157  -50.096  -49.578 0.6000000238
28679  -21.781  -50.473  -50.508 0.6000000238
29683  -22.408  -48.363  -49.254 0.5000000000
148473  -23.150  -44.784  -48.608 0.3000000119
33896  -23.009  -45.388  -48.924 0.4000000060
31759  -22.580  -46.626  -48.279 0.4000000060
29684  -23.607  -48.707  -49.536 0.5000000000
28652  -23.634  -49.641  -49.478 0.6000000238
37996  -25.427  -41.811  -48.335 0.3000000119
36000  -25.093  -43.088  -49.194 0.4000000060
35999  -23.787  -43.185  -48.616 0.4000000060
39919  -27.102  -39.266  -47.590 0.3000000119
40925  -28.493  -38.576  -46.139 0.3000000119
40940  -27.893  -38.472  -46.897 0.3000000119
42001  -28.670  -37.019  -45.786 0.3000000119
42002  -29.370  -37.770  -44.897 0.3000000119
43011  -29.155  -36.467  -44.911 0.3000000119
43002  -29.086  -35.667  -44.440 0.3000000119
130841  -29.116  -34.976  -43.180 0.3000000119
32829  -23.006  -46.176  -49.305 0.5000000000
141944  -27.025  -39.968  -47.654 0.3000000119
25565  -22.730  -53.984  -54.257 0.5000000000
27598  -20.696  -51.532  -52.084 0.5000000000
27589  -22.335  -50.785  -51.012 0.6000000238
21417  -27.355  -58.495  -51.660 0.3000000119
19234  -25.809  -60.564  -52.396 0.6000000238
22416  -26.482  -56.551  -48.085 0.3000000119
22429  -26.909  -56.876  -49.097 0.3000000119
22430  -27.617  -56.434  -49.656 0.3000000119
20235  -26.152  -58.281  -48.930 0.3000000119
21363  -27.262  -57.146  -49.899 0.3000000119
22445  -28.197  -56.411  -50.561 0.3000000119
19221  -25.707  -60.731  -51.385 0.6000000238
19222  -26.483  -60.046  -51.441 0.5000000000
156175  -26.433  -56.149  -47.601 0.3000000119
22417  -27.162  -56.127  -48.700 0.3000000119
130822  -27.835  -55.757  -49.137 0.3000000119
23500  -28.610  -55.533  -49.573 0.3000000119
21362  -26.759  -57.866  -49.644 0.3000000119
20281  -26.877  -58.870  -50.712 0.4000000060
22392  -23.403  -56.002  -48.323 0.4000000060
23471  -26.410  -55.848  -47.197 0.3000000119
23486  -27.458  -55.520  -48.272 0.3000000119
24535  -28.692  -54.683  -48.251 0.3000000119
23487  -28.210  -55.218  -48.701 0.3000000119
19264  -19.528  -59.679  -54.227 0.5000000000
18202  -18.887  -60.261  -53.668 0.5000000000
20336  -20.067  -57.953  -55.225 0.4000000060
19276  -19.246  -58.978  -54.798 0.4000000060
132672  -17.798  -60.321  -53.631 0.5000000000
17124  -20.648  -61.174  -52.419 0.5000000000
18187  -19.243  -60.780  -53.101 0.5000000000
136319  -20.333  -59.639  -54.150 0.5000000000
18203  -19.859  -60.229  -53.716 0.5000000000
19277  -20.246  -58.979  -54.635 0.4000000060
129560  -21.584  -61.985  -51.066 0.6000000238
18171  -21.948  -61.352  -51.643 0.6000000238
17125  -21.507  -60.956  -52.273 0.5000000000
18188  -20.246  -60.698  -53.119 0.5000000000
19265  -21.033  -59.070  -54.151 0.4000000060
18204  -20.735  -60.010  -53.681 0.5000000000
17087  -22.910  -61.706  -50.783 0.6000000238
154279  -22.612  -61.181  -51.573 0.6000000238
151321  -22.199  -60.777  -51.976 0.6000000238
19266  -21.406  -59.645  -53.338 0.4000000060
18190  -21.735  -60.218  -52.584 0.5000000000
18160  -25.135  -61.151  -51.230 0.6000000238
20253  -25.876  -59.060  -49.252 0.3000000119
18145  -25.280  -60.656  -50.437 0.4000000060
18174  -24.567  -61.136  -52.074 0.6000000238
19246  -22.330  -60.076  -52.097 0.4000000060
21348  -26.329  -57.437  -48.551 0.3000000119
19206  -26.261  -59.499  -50.212 0.3000000119
136079  -25.934  -60.217  -50.613 0.5000000000
18173  -23.864  -61.169  -51.920 0.6000000238
149788  -23.903  -61.403  -51.308 0.6000000238
17105  -23.216  -61.338  -51.406 0.6000000238
19205  -25.554  -59.859  -49.697 0.3000000119
15999  -21.976  -62.010  -50.424 0.5000000000
150845  -21.569  -62.223  -49.451 0.5000000000
17068  -23.307  -61.518  -50.077 0.5000000000
17051  -21.841  -62.254  -48.761 0.4000000060
130723  -22.268  -61.793  -49.493 0.5000000000
16013  -20.556  -62.919  -49.909 0.5000000000
16014  -21.111  -62.372  -50.019 0.5000000000
14966  -20.896  -63.438  -49.631 0.4000000060
15981  -21.893  -62.736  -48.599 0.4000000060
141635  -22.779  -61.373  -48.715 0.4000000060
18144  -24.430  -61.166  -50.469 0.5000000000
17103  -21.100  -61.625  -51.678 0.5000000000
16030  -20.488  -62.305  -50.783 0.5000000000
18143  -23.546  -60.860  -48.948 0.4000000060
128833  -16.692  -60.949  -59.527 0.3000000119
127550  -16.584  -61.211  -60.301 0.3000000119
135571  -17.580  -60.881  -59.326 0.3000000119
135608  -17.853  -60.850  -58.090 0.3000000119
17218  -18.358  -60.549  -58.820 0.4000000060
17217  -17.193  -60.824  -58.645 0.3000000119
17196  -16.724  -60.564  -58.163 0.3000000119
18259  -19.381  -59.981  -58.587 0.4000000060
17198  -18.177  -61.089  -57.395 0.4000000060
17197  -17.223  -61.153  -57.509 0.3000000119
17178  -16.738  -61.142  -56.953 0.3000000119
17181  -19.820  -61.135  -56.735 0.4000000060
16115  -19.246  -61.908  -55.842 0.4000000060
17179  -17.592  -61.574  -56.562 0.4000000060
154190  -17.025  -61.475  -56.814 0.4000000060
150846  -16.345  -60.807  -56.532 0.4000000060
16112  -16.365  -61.417  -55.923 0.4000000060
15072  -21.378  -63.215  -55.227 0.3000000119
16093  -19.940  -62.504  -55.349 0.4000000060
156621  -19.140  -62.546  -55.087 0.4000000060
16092  -18.382  -62.367  -55.295 0.4000000060
16073  -17.652  -62.685  -54.749 0.4000000060
16090  -16.587  -62.050  -55.431 0.4000000060
16089  -16.061  -61.743  -55.127 0.4000000060
14028  -21.557  -64.890  -53.451 0.3000000119
15051  -20.191  -63.837  -54.172 0.4000000060
15032  -18.651  -63.570  -53.814 0.4000000060
15050  -18.542  -62.918  -54.566 0.4000000060
132881  -17.826  -63.243  -54.052 0.4000000060
15031  -17.394  -63.390  -53.354 0.4000000060
15049  -16.937  -62.890  -54.194 0.4000000060
16043  -16.600  -62.700  -52.942 0.4000000060
16071  -16.065  -61.945  -54.343 0.4000000060
17148  -16.004  -61.349  -54.750 0.4000000060
141725  -19.704  -64.565  -52.676 0.4000000060
14027  -19.039  -64.189  -53.044 0.4000000060
16044  -16.986  -62.700  -52.392 0.4000000060
17120  -16.584  -62.102  -52.857 0.4000000060
18200  -16.378  -60.615  -54.322 0.4000000060
17137  -16.407  -61.599  -53.405 0.4000000060
18199  -16.124  -60.706  -54.843 0.4000000060
13986  -18.659  -64.126  -51.640 0.4000000060
13985  -18.114  -63.792  -51.988 0.4000000060
17100  -18.107  -62.183  -51.798 0.4000000060
17121  -17.325  -61.894  -52.368 0.4000000060
19262  -16.936  -60.183  -54.121 0.4000000060
18186  -17.568  -61.069  -52.968 0.4000000060
13962  -18.925  -63.996  -50.973 0.4000000060
16028  -18.570  -62.715  -51.298 0.4000000060
17123  -19.602  -61.296  -52.420 0.4000000060
14985  -20.279  -63.498  -50.098 0.4000000060
16012  -19.082  -63.295  -50.773 0.4000000060
16029  -19.463  -62.470  -51.024 0.4000000060
14951  -21.526  -63.337  -49.058 0.3000000119
15982  -22.484  -62.721  -48.167 0.3000000119
17122  -18.429  -61.381  -52.445 0.4000000060
130194  -19.837  -63.029  -50.386 0.4000000060
17053  -22.695  -61.643  -47.947 0.3000000119
17102  -20.037  -61.798  -51.664 0.4000000060
17180  -18.731  -61.377  -56.624 0.4000000060
16114  -18.269  -61.865  -55.943 0.4000000060
16091  -17.403  -62.157  -55.593 0.4000000060
15052  -21.007  -63.850  -54.524 0.4000000060
15071  -20.488  -63.168  -54.893 0.4000000060
155496  -21.461  -64.389  -54.187 0.3000000119
135032  -20.554  -64.813  -52.842 0.3000000119
15033  -19.467  -63.854  -53.800 0.4000000060
14026  -18.182  -63.786  -53.106 0.4000000060
130840  -19.927  -64.749  -51.974 0.4000000060
142340  -18.036  -63.120  -51.523 0.4000000060
17138  -16.834  -61.375  -53.059 0.4000000060
17101  -18.996  -61.925  -51.694 0.4000000060
14984  -19.664  -63.804  -50.474 0.4000000060
17201  -21.543  -59.610  -57.549 0.3000000119
140825  -20.338  -59.115  -59.289 0.3000000119
18273  -20.166  -59.657  -59.896 0.3000000119
18260  -20.099  -59.237  -58.644 0.3000000119
17200  -20.318  -60.171  -57.462 0.3000000119
18272  -19.496  -59.857  -59.232 0.3000000119
18242  -19.730  -59.785  -58.054 0.3000000119
17182  -20.931  -60.822  -56.894 0.3000000119
16116  -20.370  -61.749  -56.125 0.3000000119
16094  -20.890  -62.482  -55.667 0.3000000119
14006  -20.770  -65.033  -51.911 0.3000000119
13988  -20.258  -64.737  -51.100 0.3000000119
13964  -20.570  -64.215  -50.218 0.3000000119
13943  -21.268  -63.868  -49.543 0.3000000119
13987  -19.348  -64.442  -51.336 0.3000000119
13963  -19.679  -64.265  -50.773 0.3000000119
14003  -17.746  -63.613  -52.558 0.4000000060
14004  -18.437  -64.054  -52.363 0.4000000060
14005  -19.116  -64.473  -52.127 0.4000000060
14007  -21.323  -65.122  -52.559 0.3000000119
14046  -19.938  -64.356  -53.410 0.4000000060
14047  -20.769  -64.424  -53.792 0.4000000060
15002  -17.613  -63.308  -52.074 0.4000000060
15003  -18.337  -63.657  -51.577 0.4000000060
15016  -17.013  -63.163  -52.720 0.4000000060
15030  -16.630  -62.910  -53.433 0.4000000060
15070  -19.497  -63.198  -54.525 0.4000000060
15998  -21.284  -62.781  -49.229 0.4000000060
16027  -17.602  -62.659  -51.873 0.4000000060
16056  -16.281  -62.201  -53.546 0.4000000060
16072  -16.416  -62.324  -54.680 0.4000000060
16113  -16.859  -61.694  -56.215 0.4000000060
17052  -22.316  -62.208  -48.202 0.4000000060
17104  -22.442  -61.623  -51.165 0.6000000238
17136  -16.123  -61.340  -54.081 0.4000000060
17199  -19.261  -60.671  -57.425 0.4000000060
18127  -23.205  -61.064  -47.874 0.3000000119
18159  -24.707  -61.274  -51.524 0.6000000238
18172  -23.015  -60.768  -51.794 0.6000000238
18175  -25.184  -61.120  -52.036 0.6000000238
18189  -21.118  -60.478  -52.981 0.5000000000
18201  -17.042  -60.746  -53.424 0.4000000060
18241  -18.769  -60.464  -58.070 0.4000000060
19249  -26.201  -59.577  -53.556 0.6999999881
19267  -25.835  -59.362  -53.683 0.6999999881
20254  -26.411  -58.724  -49.740 0.3000000119
20295  -22.215  -58.122  -51.790 0.5000000000
20325  -21.272  -58.044  -54.115 0.4000000060
21361  -24.084  -56.873  -49.709 0.6000000238
21392  -27.722  -56.970  -50.576 0.3000000119
21460  -26.552  -57.328  -54.500 0.6999999881
21461  -27.002  -57.521  -54.485 0.6999999881
22391  -22.935  -56.244  -47.830 0.4000000060
22414  -23.795  -56.393  -49.084 0.6999999881
22504  -25.715  -56.710  -54.541 0.6999999881
22505  -26.226  -56.818  -54.692 0.6999999881
23470  -22.874  -55.559  -47.879 0.4000000060
23485  -26.796  -55.874  -47.888 0.3000000119
23498  -24.018  -55.748  -49.568 0.6000000238
23511  -24.143  -55.674  -50.212 0.6999999881
23531  -30.339  -55.679  -52.760 0.5000000000
23557  -25.173  -56.305  -54.691 0.6999999881
23561  -18.320  -54.927  -54.574 0.4000000060
23563  -24.854  -55.746  -54.961 0.6000000238
24514  -22.072  -55.122  -47.720 0.5000000000
24550  -22.111  -54.587  -49.552 0.5000000000
24551  -23.108  -54.911  -49.166 0.6000000238
24556  -33.333  -54.213  -51.488 0.4000000060
24566  -21.279  -54.322  -52.681 0.5000000000
24575  -21.963  -54.477  -53.387 0.6000000238
24583  -24.138  -55.205  -54.796 0.6000000238
25541  -32.211  -54.230  -49.632 0.4000000060
25544  -18.832  -52.957  -51.130 0.5000000000
25546  -20.136  -53.985  -51.496 0.5000000000
25549  -19.628  -52.880  -52.042 0.5000000000
25560  -26.735  -52.977  -53.615 0.8000000119
25562  -30.598  -54.145  -53.543 0.6000000238
25563  -31.384  -54.359  -53.512 0.6000000238
25566  -23.574  -53.433  -54.321 0.5000000000
25570  -29.076  -54.342  -53.890 0.6000000238
26538  -18.450  -52.383  -50.740 0.5000000000
26539  -25.235  -51.826  -49.659 0.6999999881
26540  -25.942  -51.971  -49.619 0.6999999881
26557  -23.402  -51.481  -52.344 0.6000000238
26572  -22.746  -53.109  -54.058 0.6000000238
27558  -25.090  -51.035  -48.991 0.6999999881
27562  -28.896  -51.110  -48.171 0.5000000000
27570  -18.181  -51.848  -50.334 0.5000000000
27572  -19.381  -51.026  -50.724 0.5000000000
27573  -22.625  -50.399  -50.063 0.6000000238
27578  -27.410  -51.647  -48.883 0.6999999881
27587  -20.179  -51.074  -51.275 0.5000000000
27595  -33.599  -52.088  -50.858 0.5000000000
27597  -19.786  -51.897  -51.990 0.4000000060
28650  -19.683  -49.772  -49.160 0.4000000060
28654  -26.317  -50.490  -48.549 0.6999999881
28660  -32.448  -49.945  -49.037 0.4000000060
28667  -19.628  -50.506  -49.832 0.4000000060
28671  -24.255  -50.623  -49.415 0.6000000238
29672  -30.845  -48.735  -47.582 0.5000000000
29698  -21.011  -49.253  -49.328 0.5000000000
30726  -32.246  -48.101  -48.416 0.4000000060
30730  -25.185  -48.333  -49.838 0.6999999881
30733  -34.232  -48.766  -50.251 0.4000000060
30734  -35.340  -49.086  -50.613 0.3000000119
30738  -35.871  -48.560  -50.852 0.3000000119
31772  -32.287  -47.369  -48.600 0.5000000000
32837  -26.036  -46.500  -50.445 0.6000000238
32841  -33.162  -46.385  -50.001 0.4000000060
33886  -30.727  -46.328  -47.753 0.4000000060
33899  -29.143  -46.182  -48.298 0.5000000000
33900  -32.131  -46.038  -48.628 0.4000000060
33906  -24.557  -45.161  -50.152 0.6000000238
33908  -27.180  -45.491  -50.157 0.5000000000
33910  -32.576  -45.537  -49.374 0.4000000060
33912  -36.079  -45.240  -50.496 0.4000000060
33913  -32.698  -45.055  -49.754 0.4000000060
33915  -35.858  -45.812  -50.979 0.3000000119
33918  -35.246  -45.979  -51.269 0.3000000119
34976  -26.870  -43.926  -49.656 0.5000000000
34993  -35.339  -44.378  -51.227 0.3000000119
35979  -29.706  -44.373  -46.745 0.4000000060
35981  -31.181  -43.907  -46.685 0.4000000060
35989  -29.016  -44.272  -47.276 0.4000000060
36003  -28.036  -43.850  -48.632 0.5000000000
36006  -35.807  -43.717  -49.610 0.4000000060
37007  -25.949  -42.416  -48.899 0.4000000060
37951  -30.949  -41.203  -44.569 0.4000000060
37988  -27.597  -41.547  -47.645 0.4000000060
37989  -32.243  -41.669  -48.560 0.4000000060
38941  -32.151  -41.147  -46.410 0.4000000060
38952  -26.605  -40.515  -47.784 0.3000000119
39879  -30.125  -39.856  -44.243 0.4000000060
39905  -27.630  -39.121  -47.171 0.3000000119
44033  -31.598  -36.030  -41.826 0.5000000000
45117  -28.837  -35.099  -44.079 0.3000000119
133102  -32.211  -40.326  -47.593 0.5000000000
136849  -16.527  -60.948  -53.664 0.4000000060
138481  -25.581  -58.946  -53.717 0.6999999881
139139  -35.927  -43.841  -51.069 0.4000000060
139963  -20.566  -57.315  -51.039 0.4000000060
140008  -30.299  -55.398  -53.598 0.6000000238
140231  -18.007  -63.529  -53.575 0.4000000060
140283  -22.845  -57.467  -49.370 0.5000000000
140710  -29.318  -40.198  -45.240 0.4000000060
140930  -19.203  -54.466  -49.052 0.5000000000
141130  -24.728  -49.815  -49.344 0.6999999881
142464  -28.782  -37.894  -45.759 0.3000000119
142649  -16.931  -62.491  -54.946 0.4000000060
142908  -22.302  -61.814  -48.517 0.4000000060
143277  -35.843  -47.347  -51.117 0.3000000119
143519  -24.837  -51.799  -51.288 0.6999999881
144887  -28.051  -49.811  -47.650 0.6999999881
146617  -18.559  -63.409  -51.195 0.4000000060
149406  -21.241  -57.373  -53.899 0.4000000060
149886  -22.968  -55.123  -54.047 0.6999999881
150615  -23.590  -55.154  -50.442 0.6000000238
150836  -22.465  -49.212  -49.408 0.5000000000
150936  -29.346  -51.502  -49.834 0.6000000238
151707  -16.345  -62.531  -54.036 0.4000000060
151762  -18.372  -60.758  -53.145 0.5000000000
152015  -28.724  -50.008  -47.358 0.5000000000
152896  -19.922  -54.403  -49.599 0.5000000000
153799  -25.463  -58.399  -53.598 0.6000000238
154808  -32.708  -48.454  -48.846 0.4000000060
155277  -18.043  -62.669  -51.580 0.4000000060
155322  -27.043  -52.662  -52.921 0.6999999881
155880  -26.719  -45.016  -50.218 0.5000000000
156373  -29.344  -43.151  -46.449 0.4000000060
156689  -31.038  -39.491  -43.418 0.4000000060
