#!ascii label  , from subject sub-v1s14x0051573_ses-1 vox2ras=TkReg
788
64626  22.452  -2.172  -38.208 0.1428571492
64616  21.349  -2.378  -37.464 0.1428571492
66625  21.932  -0.730  -38.908 0.1428571492
64625  23.300  -2.324  -38.043 0.1428571492
65651  22.538  -1.003  -38.945 0.2857142985
64627  21.722  -1.868  -37.979 0.1428571492
65639  23.013  -1.560  -38.616 0.1428571492
66647  22.763  0.049  -40.029 0.5714285970
133567  23.788  -0.531  -39.158 0.1428571492
67645  25.102  0.957  -40.182 0.2857142985
67635  24.783  0.413  -39.583 0.2857142985
68588  25.825  1.360  -39.859 0.1428571492
70606  26.496  3.959  -41.244 0.2857142985
69637  26.173  3.071  -41.144 0.2857142985
73444  26.459  6.738  -41.265 0.2857142985
72486  26.932  5.399  -40.953 0.2857142985
75253  26.267  8.722  -42.274 0.2857142985
74354  26.241  8.120  -41.972 0.2857142985
137961  26.493  10.346  -42.411 0.2857142985
131628  26.619  12.854  -43.980 0.8571428657
127671  26.433  11.516  -43.078 0.4285714328
76134  26.705  9.825  -41.749 0.2857142985
127212  27.245  15.038  -43.073 0.7142857313
127818  27.091  14.307  -43.401 0.7142857313
127745  27.154  13.608  -43.012 0.7142857313
127185  26.192  12.186  -44.349 0.7142857313
82640  27.476  16.661  -42.336 0.8571428657
81754  27.386  15.819  -42.787 0.5714285970
81762  26.845  15.788  -43.634 0.8571428657
127674  26.975  14.366  -44.353 0.7142857313
145320  26.827  13.499  -44.424 0.7142857313
84541  28.308  17.911  -40.973 0.4285714328
82655  26.816  16.479  -43.393 0.8571428657
132319  29.320  20.072  -40.288 0.2857142985
86507  28.407  20.301  -40.639 0.5714285970
136697  27.504  18.119  -41.700 0.8571428657
84527  28.001  18.737  -40.986 0.7142857313
139384  26.963  17.196  -42.944 0.8571428657
87495  29.844  21.621  -40.085 0.1428571492
87494  30.672  21.350  -40.255 0.1428571492
129464  29.115  20.987  -40.305 0.4285714328
85528  27.733  19.628  -41.074 0.5714285970
84542  27.359  18.908  -41.617 0.8571428657
90228  29.901  24.015  -40.641 0.1428571492
89329  30.667  22.608  -40.644 0.1428571492
88423  29.740  22.480  -40.155 0.1428571492
129046  28.911  21.971  -40.323 0.4285714328
85544  27.116  19.550  -41.650 0.8571428657
90241  29.997  24.706  -41.869 0.1428571492
153193  30.378  24.249  -42.390 0.1428571492
147534  29.871  24.538  -41.117 0.1428571492
89331  29.654  23.327  -40.288 0.1428571492
88424  28.322  22.651  -40.307 0.4285714328
87496  27.451  21.452  -40.846 0.5714285970
86509  26.872  20.941  -41.308 0.7142857313
85563  26.187  19.103  -42.655 0.8571428657
91118  29.409  25.142  -41.279 0.1428571492
91119  28.730  25.635  -40.994 0.1428571492
89318  28.753  24.664  -40.049 0.1428571492
128906  27.833  23.116  -40.171 0.5714285970
86522  26.967  20.188  -41.538 0.8571428657
86523  26.355  20.370  -41.722 0.8571428657
91133  28.302  25.869  -42.562 0.1428571492
92060  28.220  26.085  -41.594 0.2857142985
91104  29.000  25.142  -40.564 0.1428571492
90219  27.295  24.730  -39.676 0.8571428657
88425  27.409  22.348  -40.542 0.8571428657
142271  26.537  22.495  -40.613 0.8571428657
92061  27.461  26.582  -41.300 0.1428571492
92075  27.022  26.865  -42.251 0.1428571492
91106  27.836  25.747  -39.988 0.4285714328
91087  26.444  25.108  -39.538 0.8571428657
144631  26.478  24.410  -39.666 0.8571428657
89334  26.323  23.158  -40.246 0.8571428657
87498  24.976  21.993  -41.162 0.8571428657
92047  27.416  26.331  -40.274 0.4285714328
90231  25.173  23.849  -39.786 0.8571428657
89335  25.577  23.178  -40.275 0.8571428657
89336  24.668  23.131  -40.339 0.8571428657
149289  26.902  27.072  -41.472 0.1428571492
92990  26.744  27.659  -42.052 0.2857142985
92062  26.923  26.926  -40.634 0.5714285970
92960  26.117  26.766  -39.408 0.8571428657
92048  26.790  26.596  -39.860 0.8571428657
91088  25.642  25.434  -39.372 0.8571428657
143506  24.746  24.807  -39.421 0.8571428657
90232  24.189  23.876  -39.738 0.8571428657
93889  26.589  28.410  -41.402 0.2857142985
93876  26.470  28.276  -40.373 0.7142857313
130900  26.680  27.607  -41.006 0.5714285970
92961  25.863  27.514  -39.117 0.8571428657
92030  24.790  25.967  -39.123 0.8571428657
92031  23.672  26.288  -39.277 0.8571428657
90221  23.635  24.641  -39.494 0.8571428657
92978  26.201  28.103  -39.514 0.8571428657
93867  25.617  28.357  -38.939 0.8571428657
137161  24.450  26.918  -38.912 0.8571428657
92964  23.263  27.720  -39.356 0.7142857313
140407  23.702  27.123  -39.168 0.7142857313
93877  26.173  28.856  -39.648 0.8571428657
94740  25.387  29.477  -39.057 0.8571428657
92963  24.096  27.740  -38.874 0.8571428657
94741  24.187  29.449  -38.787 0.8571428657
93869  23.532  28.585  -39.076 0.7142857313
96416  26.219  31.396  -40.599 0.7142857313
131345  25.336  30.362  -39.331 0.8571428657
96408  25.383  31.618  -39.568 0.8571428657
96409  24.761  31.540  -39.249 0.8571428657
146421  24.718  33.186  -39.438 0.7142857313
93868  24.647  28.538  -38.726 0.8571428657
137849  25.030  30.945  -39.277 0.8571428657
98000  24.069  33.885  -43.709 0.1428571492
97206  25.671  32.353  -39.907 0.8571428657
97195  25.337  33.172  -39.798 0.7142857313
97983  25.431  34.022  -40.213 0.7142857313
137063  24.934  32.359  -39.389 0.8571428657
99598  23.132  35.187  -43.782 0.1428571492
97990  25.684  33.919  -41.090 0.5714285970
98771  25.409  34.873  -41.145 0.5714285970
100398  25.063  36.097  -40.254 0.5714285970
98773  25.179  35.280  -41.935 0.1428571492
99599  22.254  36.062  -43.986 0.1428571492
100399  24.603  36.850  -40.564 0.5714285970
100424  22.604  36.863  -43.639 0.1428571492
100433  21.290  37.044  -44.533 0.1428571492
100415  24.501  36.646  -42.213 0.1428571492
101274  20.939  38.218  -45.231 0.1428571492
137458  24.753  36.605  -41.405 0.5714285970
101268  22.005  37.608  -44.048 0.1428571492
102098  22.207  38.503  -44.082 0.1428571492
102866  20.888  39.772  -46.153 0.1428571492
134489  21.974  39.476  -44.765 0.1428571492
64615  21.946  -2.761  -37.918 0.1428571492
63610  21.516  -3.256  -37.455 0.1428571492
65650  23.111  -0.843  -39.155 0.2857142985
66624  23.618  -1.072  -38.688 0.1428571492
66635  24.537  -0.152  -38.971 0.2857142985
67636  24.002  0.030  -39.745 0.2857142985
70601  26.936  3.350  -40.763 0.2857142985
69627  26.591  2.621  -40.591 0.1428571492
76152  26.017  9.943  -43.185 0.2857142985
75254  25.932  8.953  -43.016 0.2857142985
127701  26.905  12.852  -43.067 0.4285714328
127590  26.005  11.406  -43.759 0.5714285970
83548  27.857  17.294  -41.561 0.2857142985
127704  26.508  12.995  -44.957 0.7142857313
85526  29.556  19.191  -40.285 0.1428571492
83558  26.512  17.544  -43.374 0.8571428657
152832  27.335  19.989  -41.329 0.7142857313
91131  29.468  25.181  -42.281 0.1428571492
89319  27.667  23.835  -39.871 0.8571428657
89333  27.091  23.108  -40.197 0.8571428657
88426  25.854  22.007  -41.026 0.8571428657
88428  24.614  22.504  -40.857 0.8571428657
94750  26.464  29.200  -40.719 0.8571428657
94739  25.876  30.227  -39.749 0.8571428657
97214  26.079  32.156  -40.666 0.8571428657
131694  25.388  34.403  -41.947 0.2857142985
99595  24.668  35.750  -42.451 0.1428571492
101275  19.725  38.502  -46.530 0.1428571492
62701  21.665  -4.021  -37.304 0.1428571492
66636  23.252  -0.281  -39.730 0.4285714328
68599  24.588  1.334  -40.817 0.2857142985
67647  23.396  0.323  -40.285 0.4285714328
139640  22.582  0.792  -40.337 0.2857142985
69628  25.789  2.340  -40.896 0.1428571492
72478  27.473  5.293  -40.686 0.2857142985
134721  26.944  6.076  -40.823 0.2857142985
72496  26.056  5.987  -41.764 0.2857142985
71525  25.919  5.254  -41.752 0.2857142985
144846  30.822  23.698  -42.406 0.1428571492
91151  29.261  25.015  -43.218 0.1428571492
92074  27.618  26.375  -42.399 0.1428571492
91086  27.507  25.420  -39.735 0.8571428657
87509  26.150  21.173  -41.428 0.8571428657
86524  25.654  20.509  -41.854 1.0000000000
93004  26.636  27.258  -42.936 0.1428571492
144021  26.467  27.928  -42.769 0.1428571492
94779  26.596  29.193  -41.748 0.2857142985
91091  22.638  26.205  -39.742 0.8571428657
95598  26.475  30.829  -41.066 0.5714285970
96425  26.311  31.563  -41.137 0.5714285970
140442  25.892  32.918  -41.321 0.7142857313
97993  25.576  33.510  -41.990 0.4285714328
97224  25.298  32.553  -43.051 0.2857142985
97998  25.319  33.191  -42.652 0.2857142985
137631  24.577  34.104  -43.156 0.1428571492
98777  24.031  34.633  -43.424 0.1428571492
99597  24.059  35.447  -43.144 0.1428571492
101260  24.202  37.556  -42.236 0.2857142985
101267  23.012  37.685  -43.395 0.1428571492
101261  23.767  37.819  -42.843 0.1428571492
102097  23.407  38.479  -43.139 0.1428571492
102861  22.636  40.150  -44.163 0.1428571492
102870  20.735  40.577  -46.898 0.1428571492
141164  26.567  29.783  -42.067 0.4285714328
95608  26.474  30.470  -41.979 0.4285714328
96434  26.263  31.284  -41.865 0.4285714328
96435  25.779  31.800  -42.622 0.4285714328
96426  26.072  32.079  -41.630 0.5714285970
65640  22.156  -1.410  -38.514 0.1428571492
66637  22.504  -0.435  -39.460 0.4285714328
65641  21.453  -0.945  -38.192 0.2857142985
66623  24.329  -0.819  -38.455 0.1428571492
67646  24.264  0.618  -40.351 0.1428571492
68598  25.422  1.646  -40.598 0.1428571492
71514  26.458  4.886  -41.347 0.2857142985
145393  26.933  14.740  -45.061 0.7142857313
83549  27.314  17.477  -42.279 0.8571428657
151818  26.557  16.934  -43.549 0.8571428657
85527  28.623  19.402  -40.589 0.5714285970
130066  28.227  21.198  -40.629 0.5714285970
129454  29.307  24.079  -40.234 0.2857142985
89330  30.459  23.316  -40.785 0.1428571492
147191  28.050  21.928  -40.568 0.1428571492
91105  28.465  25.433  -40.256 0.5714285970
87497  26.705  21.741  -40.971 0.8571428657
89320  26.821  23.817  -39.843 0.8571428657
92027  27.202  25.951  -39.767 0.8571428657
135829  25.319  26.818  -38.952 0.8571428657
92029  25.659  26.188  -39.248 0.8571428657
91089  23.998  25.423  -39.299 0.8571428657
92962  25.017  27.636  -38.730 0.8571428657
94751  26.161  29.598  -39.872 0.8571428657
98778  23.454  34.382  -43.916 0.1428571492
99591  25.215  35.596  -41.316 0.5714285970
99582  25.249  35.537  -40.625 0.5714285970
128580  21.174  36.111  -44.692 0.1428571492
101253  24.444  37.244  -41.462 0.4285714328
141779  20.175  37.803  -45.600 0.1428571492
100434  20.082  37.080  -45.366 0.1428571492
137341  23.328  36.100  -43.393 0.1428571492
100423  23.748  36.979  -43.002 0.1428571492
148846  27.753  3.705  -40.370 0.1428571492
135272  26.363  30.119  -40.479 0.5714285970
68600  23.569  1.126  -40.860 0.4285714328
73452  25.787  6.525  -42.129 0.5714285970
102091  23.885  38.325  -42.306 0.1428571492
72510  25.188  6.225  -42.805 0.5714285970
138151  24.126  5.334  -42.946 0.5714285970
72500  22.714  5.352  -42.616 0.2857142985
73462  24.828  6.837  -43.416 0.5714285970
73463  24.143  6.521  -43.707 0.5714285970
70623  22.823  4.509  -42.117 0.4285714328
72501  21.767  5.663  -42.311 0.2857142985
73465  22.704  6.713  -43.459 0.4285714328
151165  25.558  9.255  -43.775 0.4285714328
75282  24.684  8.243  -44.359 0.5714285970
74380  24.121  7.651  -44.390 0.5714285970
75284  23.509  8.115  -44.839 0.4285714328
76167  25.282  9.441  -44.516 0.5714285970
148035  25.074  9.611  -45.124 0.5714285970
75283  24.154  8.296  -44.865 0.4285714328
127199  25.140  10.172  -45.511 0.7142857313
145333  24.854  9.939  -46.442 0.4285714328
129078  25.523  10.830  -45.116 0.4285714328
73464  23.467  6.559  -43.660 0.4285714328
73454  22.263  6.192  -42.883 0.2857142985
76168  23.788  8.739  -45.550 0.4285714328
127828  25.666  10.789  -44.289 0.7142857313
127859  25.894  12.250  -45.355 0.7142857313
127211  24.647  11.476  -47.401 0.4285714328
127649  25.571  14.103  -47.269 0.7142857313
127667  25.115  13.498  -47.607 0.5714285970
127899  25.353  14.974  -47.160 0.7142857313
145197  23.996  14.739  -48.087 0.2857142985
127214  26.037  13.054  -45.681 0.5714285970
145340  25.688  12.722  -46.312 0.7142857313
146208  26.159  15.312  -45.554 0.7142857313
81788  24.862  15.944  -45.565 0.7142857313
82675  24.570  16.521  -45.048 0.7142857313
82690  23.977  16.553  -45.963 0.7142857313
81816  24.353  15.977  -46.821 0.4285714328
83597  23.882  17.262  -45.301 0.4285714328
127217  26.851  15.267  -44.592 0.5714285970
145319  26.462  14.483  -45.639 0.5714285970
81774  26.466  15.640  -44.388 0.5714285970
82674  25.406  16.195  -44.616 0.5714285970
83595  25.509  16.710  -44.186 0.7142857313
84592  24.279  17.800  -44.699 0.7142857313
85582  24.273  19.176  -44.373 0.7142857313
84593  23.317  18.288  -45.406 0.5714285970
85583  23.541  19.592  -44.935 0.5714285970
84555  26.922  18.018  -42.605 0.7142857313
83567  25.841  17.364  -43.888 0.5714285970
84579  25.372  17.784  -43.909 0.7142857313
83581  25.101  17.374  -44.166 0.7142857313
85571  24.631  19.430  -43.853 0.8571428657
84606  23.018  17.869  -46.067 0.4285714328
86547  24.261  20.058  -43.584 0.7142857313
86560  23.301  20.281  -44.835 0.7142857313
86538  23.751  20.584  -43.051 0.7142857313
86549  22.853  20.885  -44.428 0.7142857313
84565  26.139  17.855  -43.605 0.5714285970
84580  24.642  18.237  -44.249 0.7142857313
85565  24.884  19.620  -43.138 0.8571428657
86537  24.456  20.208  -42.692 0.8571428657
87539  23.072  21.048  -43.483 0.7142857313
88469  22.065  22.327  -43.583 0.2857142985
85546  25.941  19.820  -42.277 0.7142857313
86526  23.998  20.811  -42.166 0.7142857313
88446  21.867  23.313  -42.282 0.7142857313
86525  24.844  20.621  -41.965 0.7142857313
87512  23.623  21.579  -41.763 0.8571428657
87528  22.716  21.828  -43.064 0.8571428657
90233  23.167  23.832  -39.846 0.8571428657
87513  22.878  21.942  -42.060 0.8571428657
88445  22.557  22.778  -41.694 0.5714285970
88430  22.962  23.153  -40.725 0.8571428657
90234  22.336  24.062  -40.479 0.8571428657
89353  21.334  23.975  -41.820 0.7142857313
88443  24.158  22.102  -41.253 0.8571428657
89337  23.779  23.325  -40.267 0.8571428657
140907  22.121  24.812  -40.327 0.8571428657
91107  22.693  24.638  -39.765 0.8571428657
91090  23.140  25.435  -39.545 0.8571428657
91108  22.288  25.428  -40.007 0.7142857313
141025  22.591  28.888  -39.534 0.7142857313
94742  23.223  29.537  -39.175 0.5714285970
93870  21.826  29.051  -39.836 0.7142857313
94743  22.310  29.634  -39.564 0.7142857313
95582  23.772  30.283  -38.942 0.7142857313
96410  23.440  31.128  -39.107 0.8571428657
97197  23.090  32.100  -39.267 0.7142857313
95584  21.920  30.371  -39.632 0.7142857313
97198  22.356  32.765  -39.503 0.7142857313
97974  21.847  33.358  -39.612 0.7142857313
97199  21.464  32.619  -39.692 0.5714285970
97196  24.053  32.722  -39.196 0.7142857313
139398  23.129  33.939  -39.383 0.7142857313
97975  21.005  33.293  -39.741 0.5714285970
98756  22.845  34.708  -39.424 0.4285714328
140132  22.282  34.027  -39.526 0.5714285970
142353  21.449  34.025  -39.640 0.5714285970
97971  24.077  33.715  -39.324 0.5714285970
97984  20.159  33.256  -40.083 0.5714285970
99572  22.496  35.479  -39.499 0.5714285970
98757  21.945  34.743  -39.581 0.5714285970
98758  21.060  34.761  -39.722 0.5714285970
143280  20.606  34.015  -39.844 0.4285714328
142860  19.776  34.021  -40.195 0.5714285970
99574  20.632  35.525  -39.927 0.5714285970
98765  20.202  34.763  -39.998 0.5714285970
137500  23.064  36.216  -39.499 0.5714285970
140823  18.918  34.050  -40.358 0.4285714328
96421  17.803  31.718  -40.919 0.4285714328
98766  19.346  34.767  -40.271 0.5714285970
100402  18.337  36.270  -40.367 0.4285714328
145372  27.430  13.227  -42.565 0.2857142985
83579  26.113  16.589  -43.865 0.5714285970
130986  19.201  36.102  -40.381 0.2857142985
99584  18.845  35.488  -40.345 0.4285714328
98768  17.687  34.838  -39.927 0.2857142985
71527  24.447  4.604  -42.386 0.5714285970
70622  23.669  4.048  -41.962 0.5714285970
74355  25.792  8.031  -42.689 0.2857142985
73453  25.483  7.096  -42.723 0.4285714328
71528  23.556  4.845  -42.567 0.5714285970
75264  25.350  8.320  -43.649 0.5714285970
71529  21.988  4.887  -42.036 0.2857142985
74381  23.475  7.567  -44.368 0.4285714328
75293  24.210  9.097  -45.776 0.4285714328
145314  24.605  9.521  -45.797 0.5714285970
74366  22.341  7.430  -43.738 0.2857142985
74382  22.770  7.909  -44.457 0.2857142985
127948  25.051  11.248  -46.925 0.5714285970
129609  28.295  14.050  -41.742 0.2857142985
127216  23.326  13.076  -47.881 0.2857142985
80845  24.537  15.241  -47.576 0.7142857313
87511  24.491  21.403  -41.615 0.8571428657
92979  22.402  27.611  -39.769 0.7142857313
142607  22.744  28.231  -39.548 0.7142857313
92980  21.648  27.568  -40.382 0.7142857313
96412  21.987  31.941  -39.583 0.7142857313
97200  20.572  32.529  -39.950 0.5714285970
97986  18.456  33.313  -40.451 0.2857142985
97970  24.917  33.889  -39.646 0.5714285970
98755  23.757  34.605  -39.398 0.5714285970
98754  25.034  34.697  -39.830 0.5714285970
99571  23.440  35.439  -39.435 0.5714285970
100385  21.144  36.284  -39.898 0.2857142985
75301  23.864  8.775  -46.507 0.4285714328
135136  26.046  7.397  -42.006 0.2857142985
140286  26.469  16.096  -43.903 0.7142857313
145364  26.391  13.617  -45.570 0.5714285970
84556  26.393  18.318  -43.025 0.7142857313
85564  25.551  19.311  -42.845 0.7142857313
84557  25.876  18.627  -43.254 0.7142857313
88429  23.905  22.729  -40.771 0.7142857313
137929  25.609  11.472  -45.469 0.5714285970
130784  21.876  26.169  -40.412 0.7142857313
81786  26.621  15.305  -45.046 0.5714285970
72511  24.502  5.996  -43.233 0.5714285970
72498  24.854  5.407  -42.709 0.4285714328
72499  23.477  5.462  -42.990 0.5714285970
72512  23.821  5.927  -43.378 0.4285714328
144881  25.280  7.554  -43.304 0.5714285970
149620  24.321  7.110  -43.911 0.5714285970
74364  24.780  7.588  -43.874 0.5714285970
73479  23.797  7.069  -44.049 0.4285714328
70610  23.282  3.294  -41.475 0.5714285970
74365  23.119  7.198  -43.978 0.4285714328
137407  25.123  8.808  -44.292 0.5714285970
127768  24.651  8.932  -45.055 0.5714285970
76169  22.850  8.713  -45.245 0.4285714328
127189  25.248  10.881  -46.065 0.5714285970
145303  24.922  10.272  -47.823 0.4285714328
127647  25.465  11.824  -46.210 0.5714285970
127748  25.266  12.204  -47.075 0.7142857313
145388  24.936  12.632  -47.512 0.5714285970
145259  24.364  13.244  -47.767 0.4285714328
127718  23.947  11.987  -47.802 0.4285714328
127820  24.282  10.418  -48.158 0.4285714328
127885  26.045  13.726  -46.421 0.7142857313
127213  26.004  14.735  -46.527 0.7142857313
127697  23.829  13.990  -48.029 0.2857142985
81803  25.577  15.519  -46.089 0.7142857313
81775  26.061  15.707  -44.676 0.7142857313
81787  25.615  15.715  -45.156 0.7142857313
82663  26.017  16.175  -44.114 0.5714285970
84581  23.815  18.774  -44.863 0.7142857313
84567  24.949  18.638  -43.864 0.5714285970
85572  23.972  19.887  -44.346 0.7142857313
85584  22.739  19.810  -45.427 0.2857142985
87541  21.679  21.955  -44.396 0.2857142985
88444  23.305  22.358  -41.360 0.8571428657
95583  22.863  30.355  -39.289 0.7142857313
96411  22.462  31.168  -39.421 0.7142857313
97972  23.210  33.115  -39.316 0.8571428657
99573  21.563  35.508  -39.673 0.7142857313
100401  20.059  36.354  -40.310 0.5714285970
98767  18.458  34.798  -40.293 0.4285714328
76191  23.102  8.929  -47.159 0.4285714328
66626  21.360  -0.252  -38.769 0.4285714328
74345  27.088  7.584  -40.547 0.1428571492
74346  26.512  7.832  -41.336 0.1428571492
75243  26.899  8.499  -40.857 0.1428571492
145339  26.666  11.205  -42.442 0.1428571492
127202  27.165  11.710  -41.951 0.1428571492
76133  26.829  9.210  -41.251 0.1428571492
75231  27.476  8.489  -40.174 0.1428571492
127207  27.750  12.246  -41.584 0.1428571492
77090  27.005  10.757  -41.633 0.1428571492
139802  27.188  9.941  -41.070 0.1428571492
145391  27.341  12.531  -42.283 0.1428571492
80794  28.465  14.881  -41.426 0.2857142985
82639  28.247  16.479  -41.389 0.1428571492
92032  22.968  26.978  -39.544 0.5714285970
104549  21.794  41.867  -47.078 0.1428571492
150297  21.017  25.496  -41.456 0.4285714328
104543  22.211  42.080  -45.556 0.1428571492
140866  22.967  39.281  -43.571 0.1428571492
92991  20.973  27.590  -41.165 0.4285714328
93878  21.872  28.317  -39.933 0.5714285970
93879  21.152  28.887  -40.439 0.4285714328
103671  21.829  40.456  -41.591 0.2857142985
139154  22.245  38.315  -40.326 0.2857142985
101223  22.734  37.011  -39.677 0.2857142985
102064  23.199  38.282  -40.364 0.2857142985
93905  18.829  28.010  -42.502 0.1428571492
94752  20.654  29.683  -40.436 0.5714285970
139716  21.490  31.120  -39.731 0.5714285970
102065  20.950  38.610  -40.794 0.2857142985
139795  23.966  36.235  -39.550 0.4285714328
94753  19.867  29.796  -40.900 0.4285714328
95585  20.622  31.095  -40.112 0.5714285970
101238  21.386  37.733  -40.281 0.2857142985
95599  18.470  30.317  -41.376 0.4285714328
95591  18.582  31.106  -41.043 0.2857142985
139479  19.837  37.203  -40.557 0.1428571492
100400  20.758  37.058  -40.263 0.1428571492
101239  20.276  37.836  -40.671 0.1428571492
96427  17.996  31.124  -41.257 0.1428571492
97208  18.810  32.512  -40.626 0.4285714328
140181  18.887  36.959  -40.557 0.1428571492
145505  19.072  37.854  -40.899 0.1428571492
102066  19.468  38.652  -41.193 0.1428571492
96420  18.348  31.785  -40.933 0.2857142985
100403  17.515  36.442  -40.035 0.2857142985
99557  17.025  35.508  -39.031 0.1428571492
101240  17.948  37.868  -40.793 0.1428571492
102067  18.121  38.732  -41.188 0.1428571492
148559  17.251  37.180  -40.032 0.1428571492
101241  17.273  37.872  -40.376 0.1428571492
102051  16.900  38.596  -40.101 0.1428571492
67648  21.735  0.995  -39.784 0.4285714328
69631  20.887  2.293  -39.619 0.2857142985
151417  27.113  6.713  -40.606 0.1428571492
78040  27.571  10.698  -40.834 0.1428571492
127221  27.982  13.130  -41.921 0.1428571492
92050  21.472  26.881  -40.824 0.2857142985
98764  25.320  34.856  -40.358 0.4285714328
101235  24.161  37.566  -40.421 0.2857142985
102830  21.136  39.364  -41.131 0.2857142985
102828  22.849  38.939  -40.864 0.2857142985
102832  18.463  39.644  -41.485 0.2857142985
150783  20.974  1.788  -39.412 0.2857142985
68597  26.217  1.950  -40.296 0.1428571492
154553  27.257  5.732  -40.720 0.1428571492
73434  27.701  6.122  -40.458 0.1428571492
81745  28.024  15.730  -41.851 0.1428571492
127960  27.635  14.038  -42.559 0.1428571492
95600  17.641  30.410  -41.524 0.1428571492
133680  21.280  26.148  -41.181 0.4285714328
93893  18.409  28.810  -42.214 0.2857142985
96418  20.170  31.775  -40.256 0.5714285970
100384  24.664  36.239  -39.831 0.4285714328
102829  21.923  39.598  -41.215 0.2857142985
144890  23.783  38.306  -40.882 0.2857142985
146893  23.300  39.051  -41.406 0.2857142985
103683  22.625  40.511  -41.954 0.2857142985
103697  22.975  40.556  -42.653 0.1428571492
103698  22.465  41.267  -42.488 0.1428571492
102831  19.967  39.497  -41.359 0.2857142985
103704  22.854  40.779  -43.513 0.1428571492
104540  22.575  41.620  -43.962 0.1428571492
132684  23.510  39.109  -42.573 0.1428571492
102860  23.201  39.954  -43.018 0.1428571492
83531  29.358  17.010  -40.528 0.2857142985
142845  24.271  37.644  -40.921 0.4285714328
102085  23.689  38.754  -41.764 0.2857142985
102854  23.252  39.683  -42.088 0.1428571492
67637  22.126  0.264  -39.718 0.4285714328
80795  27.933  14.922  -42.267 0.4285714328
99570  24.414  35.333  -39.582 0.4285714328
101222  24.108  37.028  -39.882 0.2857142985
102084  24.135  38.025  -41.555 0.2857142985
138870  21.255  28.142  -40.618 0.4285714328
94744  21.436  29.639  -39.926 0.5714285970
146223  21.023  30.367  -40.005 0.5714285970
96413  21.038  31.836  -39.861 0.5714285970
144756  23.515  36.787  -39.625 0.2857142985
99586  17.299  35.742  -39.531 0.2857142985
92049  22.120  26.904  -40.070 0.5714285970
96419  19.221  31.635  -40.698 0.5714285970
101224  21.724  37.002  -39.865 0.2857142985
127204  27.586  11.455  -41.244 0.1428571492
76121  27.294  9.224  -40.571 0.1428571492
127227  28.256  12.640  -41.228 0.1428571492
92992  20.399  27.351  -41.903 0.2857142985
147465  21.867  38.956  -40.830 0.2857142985
101237  22.231  37.594  -39.935 0.2857142985
102050  22.978  37.761  -39.956 0.2857142985
94765  19.598  29.227  -41.433 0.2857142985
148777  19.167  29.846  -41.215 0.4285714328
94766  18.799  29.411  -41.686 0.2857142985
95590  20.215  30.430  -40.473 0.5714285970
148478  19.905  31.111  -40.509 0.5714285970
68589  21.109  1.290  -39.342 0.2857142985
127870  28.528  13.322  -41.140 0.1428571492
91120  20.667  26.051  -41.858 0.2857142985
102847  22.724  39.702  -41.495 0.2857142985
104531  22.750  41.228  -43.090 0.1428571492
85595  22.933  19.102  -45.508 0.4285714328
87550  22.098  21.265  -44.826 0.2857142985
103673  18.203  41.467  -41.578 0.1428571492
103672  20.595  40.316  -41.482 0.1428571492
103686  18.604  42.163  -41.834 0.1428571492
102820  16.792  40.124  -40.189 0.1428571492
103685  19.238  41.396  -41.825 0.1428571492
103684  20.644  41.276  -41.830 0.1428571492
141051  17.027  40.741  -40.905 0.1428571492
103665  17.065  41.090  -40.360 0.1428571492
139230  17.717  40.686  -41.368 0.1428571492
104516  18.257  41.865  -41.357 0.1428571492
105319  18.931  42.788  -42.149 0.1428571492
103674  17.545  41.338  -41.094 0.1428571492
104509  18.677  42.153  -39.930 0.1428571492
105320  18.623  42.388  -41.675 0.1428571492
103664  17.549  41.249  -39.706 0.1428571492
105312  18.903  43.019  -41.398 0.1428571492
105327  19.462  43.337  -42.470 0.1428571492
127203  25.862  10.637  -43.637 0.2857142985
138507  18.924  40.545  -41.616 0.1428571492
104522  19.412  42.169  -42.164 0.1428571492
154865  20.652  41.947  -42.198 0.1428571492
104510  17.863  41.663  -40.514 0.1428571492
70609  24.101  3.298  -41.593 0.4285714328
69639  24.533  2.630  -41.392 0.2857142985
69638  25.340  2.821  -41.302 0.1428571492
70620  25.076  4.120  -41.883 0.2857142985
70608  24.861  3.387  -41.585 0.1428571492
71526  25.268  4.880  -42.166 0.2857142985
68611  24.146  1.857  -41.262 0.2857142985
97207  19.692  32.486  -40.352 0.4285714328
72497  25.527  5.694  -42.253 0.2857142985
69640  23.725  2.551  -41.367 0.4285714328
71515  25.795  4.426  -41.658 0.1428571492
68610  24.986  2.036  -41.184 0.1428571492
70621  24.444  3.900  -41.874 0.2857142985
93880  20.373  29.091  -41.041 0.2857142985
69629  22.011  2.278  -40.516 0.2857142985
68601  21.960  1.571  -40.215 0.2857142985
69641  22.796  2.559  -41.053 0.2857142985
69642  21.964  2.961  -40.770 0.2857142985
133941  22.400  3.411  -41.254 0.2857142985
145382  23.679  9.412  -47.591 0.2857142985
145332  24.388  9.587  -48.344 0.2857142985
145311  23.389  10.941  -48.323 0.2857142985
129472  23.719  15.595  -47.955 0.1428571492
82709  23.065  16.209  -47.818 0.1428571492
82691  23.199  16.789  -46.832 0.2857142985
84594  22.445  18.700  -46.154 0.1428571492
87551  21.279  21.575  -45.122 0.1428571492
88470  21.222  22.607  -43.973 0.1428571492
89365  21.098  23.811  -42.821 0.1428571492
89375  20.584  23.347  -43.664 0.1428571492
89366  20.142  24.270  -43.259 0.1428571492
93005  19.917  27.144  -42.441 0.1428571492
93890  20.726  28.373  -41.117 0.1428571492
93007  18.342  27.243  -42.791 0.1428571492
92993  19.772  27.875  -42.189 0.1428571492
97985  19.301  33.269  -40.378 0.1428571492
97987  17.797  33.326  -40.150 0.1428571492
96422  17.339  31.534  -40.730 0.1428571492
132870  18.099  34.094  -40.237 0.1428571492
97976  17.368  33.768  -39.481 0.1428571492
146311  17.647  34.157  -39.806 0.1428571492
67638  21.368  0.453  -39.237 0.2857142985
68612  23.402  1.900  -41.130 0.1428571492
90243  21.173  24.741  -41.454 0.2857142985
90257  20.152  25.145  -42.936 0.1428571492
93891  20.062  28.552  -41.615 0.1428571492
67625  20.910  0.267  -38.654 0.2857142985
75302  23.668  9.096  -46.297 0.2857142985
76202  23.274  8.620  -47.787 0.2857142985
77160  22.663  9.940  -48.353 0.2857142985
85596  22.132  19.215  -46.121 0.1428571492
85597  21.592  19.371  -46.228 0.1428571492
86561  22.492  20.555  -45.184 0.1428571492
87570  19.457  21.444  -45.241 0.1428571492
88481  20.864  22.236  -44.731 0.1428571492
88471  20.469  22.737  -44.287 0.1428571492
88472  19.784  23.077  -44.237 0.1428571492
90244  20.555  25.283  -42.058 0.1428571492
93006  19.211  27.215  -42.711 0.1428571492
97210  17.720  32.295  -40.388 0.1428571492
97209  18.110  32.500  -40.625 0.1428571492
77136  22.186  9.891  -47.420 0.2857142985
68613  22.708  1.666  -40.741 0.2857142985
145668  23.352  17.138  -46.077 0.1428571492
88457  21.623  23.083  -43.228 0.1428571492
140604  16.895  31.087  -40.984 0.1428571492
76183  23.357  9.476  -45.972 0.1428571492
90256  20.689  24.527  -42.351 0.1428571492
92064  20.337  26.665  -42.296 0.1428571492
69630  21.206  2.849  -40.262 0.2857142985
78107  21.231  11.910  -48.530 0.1428571492
146202  19.688  23.684  -43.722 0.1428571492
87553  19.048  21.960  -45.051 0.1428571492
143220  20.329  0.573  -38.118 0.1428571492
67639  20.719  0.971  -38.835 0.1428571492
67626  19.774  1.353  -37.668 0.1428571492
68590  20.578  1.835  -39.058 0.1428571492
70611  21.358  3.654  -40.981 0.1428571492
133561  29.183  17.709  -40.518 0.1428571492
95619  26.238  29.975  -42.651 0.1428571492
66627  20.883  -0.225  -38.172 0.1428571492
69618  20.234  2.712  -39.178 0.1428571492
71516  22.114  4.142  -41.609 0.1428571492
70602  20.529  2.977  -39.776 0.1428571492
154928  21.292  5.194  -41.870 0.1428571492
94788  26.405  29.225  -42.492 0.1428571492
95609  25.985  30.857  -42.758 0.1428571492
93916  26.191  28.543  -43.002 0.1428571492
84525  29.833  18.318  -40.269 0.1428571492
68602  21.352  1.684  -39.719 0.1428571492
68578  20.178  1.512  -38.410 0.1428571492
145618  21.276  4.528  -41.503 0.1428571492
66638  21.817  -0.171  -39.279 0.4285714328
70607  25.640  3.604  -41.499 0.2857142985
72487  26.481  5.726  -41.332 0.2857142985
72513  23.080  6.006  -43.229 0.5714285970
75244  26.536  8.596  -41.573 0.1428571492
76203  22.815  9.057  -47.877 0.2857142985
76220  23.117  9.106  -48.198 0.2857142985
77099  26.243  10.845  -43.073 0.5714285970
77142  22.220  9.755  -48.022 0.2857142985
81763  26.564  15.646  -44.148 0.5714285970
82649  26.346  16.490  -43.811 0.5714285970
82662  26.297  16.025  -43.984 0.7142857313
82708  23.691  16.344  -47.169 0.1428571492
83532  28.651  17.133  -40.925 0.2857142985
83566  26.241  17.063  -43.747 0.8571428657
83580  25.707  16.970  -43.982 0.5714285970
83596  24.813  16.942  -44.538 0.7142857313
84526  28.895  18.535  -40.541 0.4285714328
84543  26.795  18.873  -42.272 0.7142857313
84566  25.629  18.218  -43.695 0.7142857313
85545  26.542  19.640  -42.004 0.8571428657
85547  25.209  19.950  -42.419 1.0000000000
85570  25.250  18.970  -43.436 0.7142857313
86508  27.549  20.536  -41.039 0.7142857313
86548  23.600  20.488  -44.061 0.7142857313
86575  21.941  19.943  -45.742 0.1428571492
87510  25.355  21.312  -41.516 0.8571428657
87527  23.283  21.220  -42.515 0.8571428657
87540  22.434  21.574  -43.974 0.5714285970
87552  19.620  21.925  -45.162 0.1428571492
87569  20.001  21.244  -45.418 0.1428571492
88422  30.423  22.161  -40.277 0.1428571492
88427  25.281  22.572  -40.724 0.8571428657
88456  22.342  22.603  -42.688 0.2857142985
88482  20.019  22.432  -44.806 0.1428571492
89332  28.654  23.668  -40.025 0.2857142985
89350  31.063  22.769  -41.259 0.1428571492
89352  22.147  23.572  -41.363 0.7142857313
90218  28.053  25.109  -39.782 0.8571428657
90220  25.758  24.563  -39.566 0.8571428657
90229  29.399  24.612  -40.574 0.1428571492
90230  26.029  23.810  -39.874 0.8571428657
90235  21.810  24.626  -40.851 0.8571428657
90240  30.401  24.040  -41.491 0.1428571492
90242  21.763  24.191  -41.188 0.7142857313
91109  21.643  25.346  -40.811 0.7142857313
91132  28.897  25.648  -41.870 0.1428571492
92028  26.422  25.960  -39.521 0.8571428657
92046  28.075  26.023  -40.679 0.2857142985
92063  20.832  26.794  -41.538 0.2857142985
92077  18.680  26.391  -42.959 0.1428571492
92977  26.516  27.433  -39.933 0.5714285970
93892  19.256  28.668  -41.989 0.2857142985
93904  26.563  28.502  -42.270 0.1428571492
94764  26.573  29.944  -41.354 0.5714285970
94789  25.927  29.311  -43.191 0.1428571492
95580  25.656  30.929  -39.689 0.8571428657
95581  24.649  30.247  -38.990 0.8571428657
95589  26.152  30.855  -40.236 0.7142857313
95620  25.721  30.130  -43.380 0.1428571492
96417  25.937  31.570  -40.052 0.8571428657
97217  25.688  32.676  -42.220 0.2857142985
97973  22.551  33.438  -39.471 0.7142857313
97994  25.130  33.897  -42.641 0.1428571492
97999  24.763  33.321  -43.290 0.2857142985
98774  24.783  34.800  -42.694 0.1428571492
99547  17.207  35.336  -38.688 0.1428571492
99569  25.081  35.515  -39.983 0.4285714328
99583  19.738  35.489  -40.226 0.5714285970
99585  17.919  35.575  -40.184 0.4285714328
99592  24.979  36.034  -41.762 0.5714285970
100410  25.071  36.162  -40.976 0.5714285970
100422  24.131  36.193  -42.881 0.1428571492
101225  17.015  37.696  -39.569 0.1428571492
101236  23.706  37.755  -40.166 0.2857142985
102105  21.240  38.987  -45.356 0.1428571492
102821  16.855  39.260  -39.797 0.1428571492
105304  18.439  42.293  -41.037 0.1428571492
127198  25.808  11.501  -44.696 0.5714285970
127208  23.561  9.711  -48.412 0.2857142985
127209  26.924  13.569  -43.680 0.7142857313
127603  26.827  13.925  -45.080 0.5714285970
127609  25.146  9.449  -47.684 0.4285714328
127616  26.806  11.996  -42.689 0.1428571492
127620  22.381  11.033  -48.450 0.2857142985
127653  24.627  8.931  -46.861 0.2857142985
127681  24.889  10.441  -46.967 0.5714285970
127694  25.426  10.135  -44.757 0.7142857313
127861  26.878  15.119  -43.917 0.5714285970
127891  23.576  8.572  -47.095 0.4285714328
130763  29.094  22.847  -40.196 0.1428571492
130871  30.020  20.725  -40.031 0.2857142985
135173  24.284  30.995  -39.030 0.8571428657
138116  25.764  33.101  -40.433 0.7142857313
139148  25.916  22.676  -40.611 0.8571428657
139200  24.110  31.814  -39.097 0.8571428657
140374  20.410  21.773  -45.227 0.1428571492
140550  22.114  36.258  -39.617 0.7142857313
141911  19.298  30.599  -40.865 0.5714285970
143253  17.765  37.092  -40.441 0.2857142985
145237  23.852  8.386  -47.215 0.4285714328
145258  25.505  13.179  -47.176 0.7142857313
145334  23.575  9.086  -48.381 0.2857142985
145353  26.473  12.134  -43.481 0.4285714328
145378  24.725  14.279  -47.808 0.5714285970
145387  25.629  10.051  -44.010 0.4285714328
146590  24.939  15.595  -46.597 0.7142857313
148295  24.472  34.452  -39.532 0.5714285970
148547  23.460  37.304  -39.804 0.2857142985
148791  30.199  22.783  -40.347 0.1428571492
149948  21.464  2.130  -40.063 0.2857142985
150293  20.424  27.963  -41.633 0.1428571492
150878  28.120  24.455  -39.824 0.8571428657
151290  22.688  9.278  -47.344 0.2857142985
151413  27.120  18.496  -42.080 0.8571428657
151544  25.494  34.424  -40.677 0.4285714328
152617  22.874  3.887  -41.672 0.5714285970
153383  24.249  9.119  -46.192 0.4285714328
154821  26.994  25.458  -39.647 0.8571428657
