#!ascii label  , from subject sub-v1s14x0051561_ses-1 vox2ras=TkReg
1185
48774  -8.831  -41.653  45.865 0.0000000000
56640  -42.102  -35.995  33.685 0.0000000000
67901  -35.573  -27.763  32.510 0.0000000000
57861  -31.162  -35.669  36.016 0.0000000000
77071  -39.570  -19.007  18.557 0.0000000000
73766  -35.291  -21.562  25.207 0.0000000000
57812  -39.669  -34.626  38.673 0.0000000000
57875  -36.540  -35.800  34.695 0.0000000000
78098  -46.954  -17.120  19.484 0.0000000000
82116  -49.709  -13.249  17.671 0.0000000000
164002  -51.819  -10.017  16.936 0.0000000000
71385  -36.349  -23.099  33.822 0.0000000000
160398  -32.975  -24.570  29.731 0.0000000000
72573  -38.040  -22.042  30.050 0.0000000000
72631  -42.049  -20.870  25.798 0.0000000000
60164  -21.605  -33.726  36.591 0.0000000000
49843  -7.097  -42.115  49.069 0.0000000000
65547  -39.648  -31.000  33.586 0.0000000000
71357  -35.695  -24.931  38.464 0.0000000000
61367  -25.777  -33.728  32.467 0.0000000000
60240  -32.801  -33.894  31.494 0.0000000000
86663  -49.093  -9.148  12.141 0.0000000000
88609  -53.498  -7.020  15.924 0.0000000000
72701  -38.743  -22.085  21.355 0.0000000000
73832  -44.497  -20.756  21.878 0.0000000000
52204  -11.276  -40.604  42.503 0.0000000000
47650  -3.439  -45.101  45.886 0.0000000000
80145  -48.611  -15.225  19.038 0.0000000000
71422  -36.817  -22.822  31.623 0.0000000000
57856  -18.492  -35.494  35.676 0.0000000000
146010  -8.052  -41.890  47.664 0.0000000000
141937  -42.144  -33.643  31.277 0.0000000000
61370  -40.707  -33.081  33.374 0.0000000000
59055  -28.506  -35.045  33.666 0.0000000000
61395  -29.149  -33.438  31.522 0.0000000000
60202  -31.542  -33.898  34.544 0.0000000000
55464  -38.873  -37.957  33.886 0.0000000000
57906  -36.513  -36.678  32.287 0.0000000000
56690  -39.216  -37.136  30.480 0.0000000000
57840  -28.970  -37.077  36.427 0.0000000000
169746  -26.015  -35.318  35.296 0.0000000000
83884  -44.604  -12.633  15.565 0.0000000000
86655  -48.300  -9.438  13.027 0.0000000000
87659  -52.165  -8.693  16.125 0.0000000000
71480  -33.633  -23.647  27.330 0.0000000000
156035  -36.823  -22.168  22.668 0.0000000000
165582  -43.044  -20.748  24.070 0.0000000000
54347  -16.133  -37.641  39.997 0.0000000000
53248  -16.064  -39.570  41.883 0.0000000000
145999  -14.563  -40.989  43.451 0.0000000000
53269  -11.990  -39.621  40.108 0.0000000000
46553  -4.331  -45.791  45.444 0.0000000000
56598  -40.984  -35.931  35.359 0.0000000000
142082  -41.101  -32.977  35.712 0.0000000000
146234  -40.807  -31.984  38.434 0.0000000000
57825  -33.459  -34.796  38.443 0.0000000000
59007  -34.498  -34.447  36.248 0.0000000000
57828  -36.632  -34.695  37.079 0.0000000000
56578  -38.420  -36.771  36.801 0.0000000000
150264  -43.771  -17.825  19.262 0.0000000000
79090  -44.668  -16.189  18.462 0.0000000000
82989  -47.012  -13.662  17.462 0.0000000000
84774  -47.811  -11.481  16.217 0.0000000000
85684  -48.994  -10.430  15.700 0.0000000000
83891  -51.180  -11.876  17.658 0.0000000000
71392  -33.460  -24.606  34.094 0.0000000000
69050  -32.958  -26.246  31.544 0.0000000000
71419  -34.209  -23.802  31.610 0.0000000000
72571  -36.252  -23.013  29.461 0.0000000000
73717  -36.875  -21.982  27.965 0.0000000000
162973  -38.850  -21.358  25.445 0.0000000000
145536  -40.184  -20.792  28.032 0.0000000000
58976  -19.329  -33.955  38.406 0.0000000000
56528  -17.479  -36.094  38.670 0.0000000000
90534  -52.941  -4.785  12.281 0.0000000000
49841  -5.796  -41.770  49.029 0.0000000000
64538  -40.028  -31.111  31.434 0.0000000000
67904  -37.623  -28.951  33.399 0.0000000000
66709  -39.966  -29.990  36.286 0.0000000000
68986  -38.134  -28.099  36.223 0.0000000000
68983  -34.982  -26.677  35.551 0.0000000000
72469  -34.583  -23.972  37.060 0.0000000000
59059  -34.683  -35.025  33.571 0.0000000000
58989  -24.363  -34.413  37.089 0.0000000000
60196  -23.574  -33.796  34.598 0.0000000000
86648  -50.191  -8.768  14.972 0.0000000000
87678  -50.837  -7.727  13.937 0.0000000000
89562  -52.134  -6.232  13.445 0.0000000000
90527  -53.882  -4.960  14.844 0.0000000000
48798  -7.360  -43.353  44.177 0.0000000000
47671  -6.744  -44.080  44.892 0.0000000000
74971  -39.010  -20.691  19.946 0.0000000000
143010  -39.686  -21.785  23.206 0.0000000000
72704  -40.932  -21.304  21.805 0.0000000000
76007  -41.870  -19.600  20.565 0.0000000000
76026  -45.370  -18.810  20.684 0.0000000000
51087  -9.875  -41.438  44.441 0.0000000000
47641  -6.036  -44.015  46.425 0.0000000000
47622  -5.585  -44.000  46.571 0.0000000000
48748  -2.978  -44.121  46.561 0.0000000000
168584  -8.511  -41.691  46.705 0.0000000000
57926  -42.084  -36.039  31.751 0.0000000000
60233  -42.256  -34.254  32.514 0.0000000000
150711  -42.089  -35.279  33.600 0.0000000000
59041  -29.417  -35.405  34.489 0.0000000000
59057  -29.940  -34.688  33.870 0.0000000000
59043  -31.140  -34.634  34.955 0.0000000000
55466  -40.098  -37.695  33.222 0.0000000000
163370  -39.313  -37.606  32.073 0.0000000000
56678  -40.464  -37.242  31.662 0.0000000000
57925  -40.561  -36.757  30.557 0.0000000000
56575  -31.249  -36.450  37.149 0.0000000000
56573  -29.827  -37.270  37.043 0.0000000000
57859  -29.413  -36.422  35.728 0.0000000000
59019  -28.055  -36.105  35.043 0.0000000000
85704  -47.203  -10.627  13.175 0.0000000000
66751  -36.577  -28.781  31.469 0.0000000000
67936  -35.785  -28.387  31.150 0.0000000000
73751  -34.499  -22.192  25.784 0.0000000000
72641  -33.601  -22.859  24.249 0.0000000000
73778  -36.058  -21.432  23.959 0.0000000000
54344  -15.147  -38.605  39.089 0.0000000000
54327  -16.422  -38.720  41.205 0.0000000000
53296  -14.630  -39.009  40.262 0.0000000000
53247  -14.125  -39.510  41.380 0.0000000000
147699  -13.352  -39.218  39.428 0.0000000000
57830  -40.042  -34.864  37.545 0.0000000000
60154  -40.564  -33.690  37.327 0.0000000000
146335  -40.339  -33.744  38.603 0.0000000000
57805  -34.624  -34.774  39.558 0.0000000000
57826  -34.703  -34.249  38.532 0.0000000000
57785  -36.777  -34.900  39.436 0.0000000000
57789  -40.519  -36.032  39.204 0.0000000000
56538  -38.567  -36.233  38.266 0.0000000000
148190  -39.744  -36.050  37.975 0.0000000000
56596  -40.042  -37.272  36.122 0.0000000000
78081  -45.250  -17.807  19.721 0.0000000000
79072  -44.350  -17.091  18.830 0.0000000000
79091  -45.378  -16.729  18.987 0.0000000000
81164  -48.982  -14.364  18.463 0.0000000000
82095  -47.447  -14.245  18.117 0.0000000000
82114  -48.741  -13.443  17.624 0.0000000000
83005  -47.430  -13.038  17.093 0.0000000000
83888  -49.174  -12.467  16.922 0.0000000000
84776  -49.545  -11.822  16.637 0.0000000000
83008  -50.066  -12.793  17.473 0.0000000000
71383  -34.477  -23.508  34.195 0.0000000000
71406  -33.926  -23.977  33.041 0.0000000000
71408  -35.354  -23.299  32.515 0.0000000000
72557  -38.039  -22.230  30.930 0.0000000000
71435  -36.759  -23.063  30.902 0.0000000000
72572  -37.184  -22.478  29.765 0.0000000000
72587  -36.155  -22.563  28.522 0.0000000000
73700  -37.849  -21.920  29.169 0.0000000000
73738  -38.816  -21.085  27.506 0.0000000000
155905  -39.413  -21.013  28.910 0.0000000000
145698  -21.882  -34.054  37.807 0.0000000000
60125  -21.015  -33.847  38.785 0.0000000000
60150  -20.156  -33.534  37.172 0.0000000000
56549  -17.897  -35.529  37.404 0.0000000000
91562  -53.622  -4.347  13.298 0.0000000000
91568  -54.076  -3.996  12.574 0.0000000000
49842  -6.713  -42.062  49.159 0.0000000000
63619  -40.429  -32.350  32.006 0.0000000000
62531  -41.058  -32.547  31.206 0.0000000000
64529  -39.737  -31.061  32.563 0.0000000000
66754  -38.619  -29.660  32.307 0.0000000000
67905  -38.160  -29.361  33.774 0.0000000000
65519  -40.572  -30.585  37.538 0.0000000000
64514  -40.732  -31.096  36.124 0.0000000000
67863  -39.669  -29.372  37.541 0.0000000000
70144  -37.620  -26.122  39.121 0.0000000000
167860  -37.739  -27.267  37.799 0.0000000000
70170  -36.571  -26.405  37.342 0.0000000000
68985  -36.833  -27.233  35.753 0.0000000000
161863  -35.725  -25.945  37.409 0.0000000000
161284  -34.349  -25.329  36.591 0.0000000000
71356  -35.029  -24.422  37.853 0.0000000000
61381  -31.377  -33.206  32.305 0.0000000000
57846  -36.031  -35.058  35.978 0.0000000000
59025  -34.666  -34.603  35.386 0.0000000000
57874  -36.097  -35.250  34.281 0.0000000000
165536  -35.788  -36.225  31.709 0.0000000000
58991  -25.534  -35.633  37.410 0.0000000000
60199  -26.105  -34.809  34.107 0.0000000000
60182  -24.983  -34.560  35.075 0.0000000000
60211  -24.668  -33.889  33.499 0.0000000000
61364  -23.043  -33.270  32.553 0.0000000000
165621  -50.442  -9.966  16.042 0.0000000000
85696  -49.951  -9.533  15.405 0.0000000000
86638  -50.652  -9.264  15.737 0.0000000000
88608  -52.779  -7.506  15.604 0.0000000000
164925  -51.707  -7.804  15.081 0.0000000000
88615  -52.047  -7.220  14.583 0.0000000000
88623  -51.831  -6.928  13.860 0.0000000000
89557  -52.395  -6.558  14.228 0.0000000000
89563  -52.702  -5.769  13.889 0.0000000000
89559  -53.596  -5.778  15.050 0.0000000000
70247  -32.676  -25.385  30.149 0.0000000000
67933  -33.256  -27.166  30.169 0.0000000000
73853  -38.391  -21.453  18.767 0.0000000000
148639  -39.164  -21.024  20.549 0.0000000000
72629  -40.176  -21.002  25.075 0.0000000000
72642  -39.162  -21.840  23.926 0.0000000000
72644  -40.570  -21.010  24.503 0.0000000000
72690  -43.964  -20.414  22.492 0.0000000000
72688  -42.327  -20.930  22.494 0.0000000000
73831  -43.276  -20.663  21.670 0.0000000000
73845  -41.930  -20.325  21.081 0.0000000000
74975  -43.332  -20.209  20.981 0.0000000000
76009  -43.553  -19.694  20.731 0.0000000000
74977  -44.796  -20.084  21.233 0.0000000000
52206  -13.029  -40.657  42.951 0.0000000000
51103  -11.839  -41.231  44.088 0.0000000000
51089  -11.858  -41.402  44.894 0.0000000000
51102  -10.440  -41.292  43.879 0.0000000000
49953  -8.688  -42.012  43.042 0.0000000000
51115  -9.232  -41.599  42.472 0.0000000000
46566  -6.298  -45.534  44.202 0.0000000000
47654  -6.393  -44.254  45.641 0.0000000000
47662  -6.222  -44.887  45.486 0.0000000000
46552  -3.719  -45.956  45.470 0.0000000000
47639  -5.241  -44.507  46.288 0.0000000000
47638  -3.820  -44.387  46.201 0.0000000000
48762  -4.267  -44.174  46.162 0.0000000000
47637  -2.951  -44.274  46.238 0.0000000000
149254  -37.699  -36.176  39.942 0.0000000000
78085  -49.116  -16.877  20.242 0.0000000000
79093  -48.029  -15.873  19.331 0.0000000000
80129  -49.174  -15.619  19.505 0.0000000000
71396  -36.665  -22.769  33.118 0.0000000000
60178  -21.041  -33.888  35.044 0.0000000000
147813  -19.804  -34.269  36.000 0.0000000000
49844  -9.008  -41.290  49.504 0.0000000000
48736  -7.942  -41.990  48.033 0.0000000000
154823  -42.286  -34.296  31.426 0.0000000000
60243  -42.023  -33.586  32.325 0.0000000000
64531  -40.046  -31.521  33.407 0.0000000000
72449  -35.981  -23.204  38.930 0.0000000000
60214  -27.284  -34.603  33.221 0.0000000000
61378  -27.168  -33.723  31.716 0.0000000000
60228  -28.635  -34.107  32.400 0.0000000000
60230  -30.475  -33.426  32.681 0.0000000000
61369  -32.019  -33.327  33.006 0.0000000000
56613  -37.341  -37.092  34.416 0.0000000000
57890  -36.355  -36.159  33.851 0.0000000000
56659  -37.705  -37.376  32.638 0.0000000000
56675  -37.894  -37.268  31.587 0.0000000000
57944  -39.786  -36.747  29.618 0.0000000000
154164  -27.600  -37.141  37.077 0.0000000000
59002  -26.465  -36.154  36.452 0.0000000000
59003  -26.942  -36.175  35.715 0.0000000000
59039  -27.524  -35.566  34.546 0.0000000000
83002  -43.737  -13.601  16.390 0.0000000000
86662  -48.630  -9.499  12.437 0.0000000000
166083  -53.557  -10.077  17.820 0.0000000000
86640  -51.865  -9.276  16.437 0.0000000000
71464  -33.824  -23.839  28.228 0.0000000000
73810  -36.194  -22.428  21.315 0.0000000000
72683  -38.303  -22.532  21.990 0.0000000000
72632  -43.281  -20.957  25.901 0.0000000000
142759  -42.265  -20.900  24.757 0.0000000000
72648  -43.969  -20.745  24.957 0.0000000000
55338  -17.415  -36.019  40.577 0.0000000000
55328  -16.612  -37.735  41.325 0.0000000000
54300  -16.365  -38.292  43.308 0.0000000000
53226  -15.683  -40.108  42.456 0.0000000000
155403  -13.449  -39.802  41.779 0.0000000000
52218  -11.849  -40.190  41.848 0.0000000000
52216  -10.012  -41.094  41.116 0.0000000000
52230  -10.806  -40.627  40.057 0.0000000000
56616  -41.280  -36.352  34.535 0.0000000000
59046  -40.813  -34.199  34.422 0.0000000000
159083  -40.745  -34.223  35.278 0.0000000000
61329  -41.026  -32.699  37.037 0.0000000000
57844  -32.443  -35.228  37.392 0.0000000000
59005  -32.349  -34.900  36.628 0.0000000000
57845  -33.362  -34.783  37.637 0.0000000000
59008  -35.210  -34.538  36.583 0.0000000000
57847  -36.683  -35.325  36.234 0.0000000000
57808  -37.449  -35.350  38.475 0.0000000000
153679  -37.668  -35.715  37.051 0.0000000000
56576  -37.228  -36.193  35.925 0.0000000000
56595  -38.431  -37.320  35.305 0.0000000000
55421  -40.284  -37.339  35.159 0.0000000000
56555  -32.316  -36.298  38.421 0.0000000000
78077  -41.179  -17.960  19.132 0.0000000000
79068  -40.764  -17.449  18.122 0.0000000000
79070  -42.375  -16.919  18.755 0.0000000000
80128  -42.904  -16.345  18.506 0.0000000000
82091  -43.761  -14.712  17.766 0.0000000000
150814  -46.720  -15.434  18.655 0.0000000000
81160  -45.854  -15.017  17.988 0.0000000000
82092  -44.417  -14.038  17.616 0.0000000000
83003  -45.520  -12.732  16.946 0.0000000000
84773  -46.082  -11.619  15.925 0.0000000000
84786  -46.823  -11.156  15.701 0.0000000000
85683  -48.245  -10.158  15.267 0.0000000000
84787  -48.454  -10.889  15.906 0.0000000000
84789  -49.992  -11.320  16.481 0.0000000000
84777  -51.093  -11.253  17.194 0.0000000000
83010  -51.633  -12.317  18.290 0.0000000000
84779  -52.646  -11.210  17.938 0.0000000000
69019  -34.303  -26.801  33.821 0.0000000000
69051  -33.629  -26.874  31.941 0.0000000000
69036  -33.158  -26.220  32.450 0.0000000000
71431  -33.239  -24.316  31.389 0.0000000000
71446  -33.104  -24.410  30.498 0.0000000000
71421  -36.004  -22.970  31.999 0.0000000000
145409  -34.865  -23.717  30.342 0.0000000000
71465  -34.358  -23.630  28.937 0.0000000000
72585  -34.623  -23.205  28.053 0.0000000000
72600  -35.171  -22.551  27.487 0.0000000000
73753  -36.280  -21.467  26.342 0.0000000000
73767  -36.327  -21.267  24.982 0.0000000000
73754  -37.298  -21.242  26.274 0.0000000000
73756  -39.725  -20.865  26.581 0.0000000000
73757  -40.633  -20.607  26.759 0.0000000000
73741  -42.189  -20.682  27.480 0.0000000000
72602  -42.944  -20.972  26.867 0.0000000000
58958  -19.289  -34.420  40.191 0.0000000000
57837  -18.890  -34.615  37.076 0.0000000000
57799  -18.413  -35.016  38.634 0.0000000000
57778  -18.497  -35.115  39.383 0.0000000000
55362  -16.940  -36.795  38.897 0.0000000000
66753  -38.127  -29.175  31.944 0.0000000000
67902  -36.522  -28.083  32.705 0.0000000000
155666  -40.818  -32.855  34.361 0.0000000000
63599  -40.377  -31.250  34.637 0.0000000000
66726  -39.694  -30.215  34.922 0.0000000000
68987  -38.606  -28.562  36.321 0.0000000000
67879  -38.693  -29.132  35.385 0.0000000000
69023  -37.632  -28.213  34.678 0.0000000000
69021  -36.073  -27.443  34.315 0.0000000000
69020  -35.311  -27.253  33.839 0.0000000000
161340  -34.187  -26.103  35.492 0.0000000000
71373  -33.964  -24.205  35.492 0.0000000000
72500  -35.172  -23.172  35.493 0.0000000000
73543  -35.708  -22.952  38.183 0.0000000000
154052  -35.885  -22.821  36.568 0.0000000000
60184  -32.888  -34.090  35.367 0.0000000000
60204  -33.203  -33.947  34.363 0.0000000000
59073  -34.064  -34.678  32.888 0.0000000000
57889  -35.697  -35.763  33.567 0.0000000000
59074  -34.748  -35.336  32.456 0.0000000000
58977  -23.240  -34.706  38.770 0.0000000000
60153  -23.257  -34.107  37.266 0.0000000000
59000  -24.929  -34.827  36.391 0.0000000000
60167  -24.317  -34.218  36.106 0.0000000000
147100  -22.912  -33.782  35.859 0.0000000000
61355  -21.998  -33.416  33.943 0.0000000000
85694  -48.148  -9.719  14.481 0.0000000000
86647  -49.390  -9.029  14.505 0.0000000000
87667  -49.727  -8.397  13.971 0.0000000000
86650  -51.584  -8.504  15.664 0.0000000000
87668  -50.502  -8.169  14.479 0.0000000000
87677  -50.182  -8.017  13.403 0.0000000000
88621  -50.641  -7.660  12.862 0.0000000000
88631  -51.090  -7.215  12.366 0.0000000000
89569  -51.729  -6.868  10.859 0.0000000000
90530  -52.466  -5.467  12.936 0.0000000000
90531  -53.087  -4.885  13.415 0.0000000000
151504  -7.628  -42.767  45.046 0.0000000000
48784  -7.269  -43.123  45.295 0.0000000000
48797  -7.138  -43.520  44.803 0.0000000000
67934  -33.958  -27.721  30.533 0.0000000000
76020  -39.200  -19.660  18.817 0.0000000000
144007  -37.209  -21.452  24.363 0.0000000000
72653  -38.844  -22.237  23.207 0.0000000000
163383  -39.214  -22.162  22.447 0.0000000000
142758  -41.342  -21.068  23.740 0.0000000000
72686  -40.401  -21.510  22.363 0.0000000000
72702  -39.363  -21.607  21.522 0.0000000000
73843  -40.027  -20.735  20.816 0.0000000000
76021  -40.573  -19.649  20.290 0.0000000000
155566  -41.281  -19.076  20.038 0.0000000000
155138  -42.820  -18.649  19.923 0.0000000000
77074  -44.137  -18.518  20.199 0.0000000000
77076  -45.813  -18.187  20.052 0.0000000000
49894  -10.503  -41.356  46.545 0.0000000000
49895  -11.242  -41.567  46.193 0.0000000000
49909  -9.442  -41.522  45.523 0.0000000000
49937  -8.739  -41.751  44.104 0.0000000000
49951  -7.994  -43.614  42.126 0.0000000000
48772  -7.221  -42.991  45.600 0.0000000000
47643  -7.047  -42.916  46.558 0.0000000000
47610  -6.560  -43.136  47.716 0.0000000000
47653  -5.769  -44.815  45.897 0.0000000000
171212  -5.798  -44.073  46.480 0.0000000000
48733  -6.082  -43.156  48.262 0.0000000000
48731  -5.384  -42.990  47.515 0.0000000000
49857  -4.842  -42.483  47.303 0.0000000000
47649  -2.708  -45.233  45.741 0.0000000000
48760  -2.518  -44.120  46.700 0.0000000000
49893  -9.824  -41.372  46.647 0.0000000000
48764  -8.935  -41.536  46.445 0.0000000000
57907  -41.587  -36.394  32.619 0.0000000000
57908  -42.197  -35.851  32.929 0.0000000000
156933  -30.722  -35.396  35.361 0.0000000000
59042  -30.348  -35.090  34.652 0.0000000000
59022  -31.461  -34.892  35.649 0.0000000000
56662  -41.300  -36.791  33.520 0.0000000000
56661  -40.614  -37.360  32.734 0.0000000000
56679  -41.103  -37.080  32.382 0.0000000000
152767  -41.168  -36.653  31.581 0.0000000000
57842  -30.838  -36.290  36.529 0.0000000000
57860  -30.361  -36.126  35.806 0.0000000000
59021  -29.851  -35.808  35.142 0.0000000000
85703  -46.701  -10.853  13.753 0.0000000000
67920  -36.160  -28.130  31.935 0.0000000000
67919  -35.205  -27.867  31.673 0.0000000000
72628  -33.656  -22.830  25.257 0.0000000000
73765  -34.316  -22.075  24.782 0.0000000000
73777  -35.072  -21.564  24.250 0.0000000000
73785  -35.169  -21.789  23.199 0.0000000000
54343  -14.756  -38.937  39.203 0.0000000000
53295  -14.020  -39.120  39.367 0.0000000000
57811  -39.571  -34.970  38.310 0.0000000000
57831  -39.968  -34.418  37.979 0.0000000000
58981  -39.949  -34.244  38.602 0.0000000000
57784  -35.537  -35.081  39.799 0.0000000000
57806  -35.817  -34.269  39.060 0.0000000000
161722  -36.111  -35.658  39.853 0.0000000000
57790  -39.573  -35.137  39.141 0.0000000000
56521  -39.990  -36.093  38.517 0.0000000000
56540  -39.703  -35.515  38.186 0.0000000000
56541  -39.864  -35.311  37.812 0.0000000000
57783  -34.517  -35.415  40.121 0.0000000000
78082  -46.136  -17.546  19.651 0.0000000000
79074  -45.564  -17.278  19.450 0.0000000000
78097  -46.238  -16.831  19.339 0.0000000000
82097  -49.373  -13.726  18.046 0.0000000000
151641  -48.990  -13.732  17.978 0.0000000000
82115  -49.260  -13.350  17.601 0.0000000000
150867  -49.100  -13.082  17.291 0.0000000000
83007  -49.552  -12.944  17.291 0.0000000000
71384  -35.397  -23.255  33.909 0.0000000000
71394  -34.787  -23.552  33.233 0.0000000000
71395  -35.734  -23.040  33.125 0.0000000000
72556  -37.371  -22.600  30.552 0.0000000000
72588  -37.011  -22.287  28.883 0.0000000000
73719  -38.581  -21.219  28.599 0.0000000000
170958  -38.499  -21.462  29.392 0.0000000000
60139  -20.937  -33.738  37.974 0.0000000000
60151  -21.264  -33.761  37.231 0.0000000000
91563  -54.041  -4.010  13.583 0.0000000000
92599  -54.609  -3.451  13.082 0.0000000000
48709  -8.016  -41.713  49.322 0.0000000000
49831  -7.748  -41.616  49.632 0.0000000000
149537  -7.341  -41.557  49.814 0.0000000000
64530  -39.806  -31.276  32.993 0.0000000000
64539  -40.009  -31.579  32.111 0.0000000000
65546  -39.374  -30.707  33.098 0.0000000000
65545  -38.976  -30.301  32.639 0.0000000000
66737  -38.927  -30.334  33.670 0.0000000000
66702  -40.158  -29.995  37.173 0.0000000000
163790  -39.881  -29.031  38.509 0.0000000000
70143  -36.676  -25.538  38.792 0.0000000000
70160  -37.248  -26.425  38.099 0.0000000000
70159  -36.187  -25.736  38.007 0.0000000000
142528  -35.253  -25.320  37.739 0.0000000000
153830  -24.701  -33.281  31.906 0.0000000000
61391  -25.569  -33.203  31.267 0.0000000000
57863  -36.180  -35.014  35.190 0.0000000000
60212  -25.552  -34.195  33.402 0.0000000000
61366  -24.951  -33.650  32.784 0.0000000000
61365  -24.062  -33.372  32.596 0.0000000000
87685  -49.667  -8.822  11.794 0.0000000000
147944  -51.118  -9.809  16.473 0.0000000000
170733  -52.228  -7.518  15.158 0.0000000000
88616  -52.603  -6.939  14.878 0.0000000000
89558  -52.990  -6.187  14.592 0.0000000000
89553  -53.227  -6.608  15.241 0.0000000000
69066  -32.738  -26.451  29.711 0.0000000000
70267  -32.611  -25.418  29.129 0.0000000000
73827  -37.847  -22.343  20.755 0.0000000000
73840  -37.570  -22.506  19.814 0.0000000000
162701  -38.180  -21.998  20.470 0.0000000000
73841  -38.019  -21.962  19.681 0.0000000000
164290  -38.784  -21.527  20.671 0.0000000000
72630  -41.098  -20.654  25.418 0.0000000000
73814  -44.488  -20.714  22.124 0.0000000000
73813  -43.803  -20.711  21.986 0.0000000000
151671  -43.905  -20.665  21.714 0.0000000000
73846  -42.946  -20.498  21.302 0.0000000000
73847  -43.953  -20.512  21.486 0.0000000000
74976  -44.072  -20.108  21.096 0.0000000000
74960  -44.597  -20.556  21.603 0.0000000000
52205  -12.276  -40.633  42.761 0.0000000000
52193  -12.689  -41.047  43.481 0.0000000000
51117  -11.724  -41.017  43.297 0.0000000000
159311  -11.191  -41.229  43.860 0.0000000000
51116  -10.803  -40.951  43.236 0.0000000000
149826  -9.950  -41.099  43.177 0.0000000000
52203  -10.069  -40.821  42.228 0.0000000000
46565  -6.048  -45.566  44.627 0.0000000000
47651  -4.346  -45.018  46.131 0.0000000000
71397  -37.564  -22.626  33.093 0.0000000000
148627  -20.294  -34.313  34.850 0.0000000000
155675  -9.042  -41.657  47.801 0.0000000000
49845  -9.343  -41.393  48.888 0.0000000000
48737  -8.782  -41.683  48.269 0.0000000000
48720  -8.676  -41.615  48.747 0.0000000000
59106  -41.855  -35.624  30.559 0.0000000000
60234  -41.484  -33.766  32.921 0.0000000000
61384  -41.142  -33.341  32.692 0.0000000000
62509  -40.478  -32.536  32.409 0.0000000000
62510  -40.562  -32.608  33.092 0.0000000000
60227  -27.669  -34.205  32.435 0.0000000000
60215  -28.150  -34.629  33.144 0.0000000000
60201  -30.792  -34.270  34.295 0.0000000000
60216  -30.607  -33.839  33.594 0.0000000000
166594  -31.227  -33.692  33.958 0.0000000000
61368  -31.292  -33.375  33.286 0.0000000000
60217  -31.872  -33.451  33.888 0.0000000000
56614  -38.149  -37.579  34.084 0.0000000000
56637  -37.529  -37.294  33.537 0.0000000000
56638  -38.315  -37.696  33.309 0.0000000000
56677  -39.658  -37.419  31.439 0.0000000000
56660  -38.638  -37.621  32.434 0.0000000000
56676  -38.811  -37.363  31.385 0.0000000000
56689  -38.176  -36.988  30.382 0.0000000000
56572  -29.038  -37.439  37.185 0.0000000000
57822  -28.329  -37.339  37.047 0.0000000000
57839  -28.030  -36.954  36.371 0.0000000000
57838  -27.285  -36.636  36.440 0.0000000000
57857  -27.688  -36.461  35.754 0.0000000000
59040  -28.454  -35.502  34.350 0.0000000000
59054  -27.779  -35.144  33.789 0.0000000000
60200  -26.939  -35.108  33.928 0.0000000000
83017  -44.138  -13.136  15.790 0.0000000000
71479  -33.047  -24.335  27.920 0.0000000000
73801  -35.963  -22.157  22.150 0.0000000000
73802  -37.128  -22.370  21.971 0.0000000000
73811  -37.301  -22.446  21.140 0.0000000000
72618  -43.991  -21.047  26.286 0.0000000000
72633  -43.654  -20.941  25.881 0.0000000000
73803  -44.801  -20.154  23.187 0.0000000000
55337  -16.746  -36.964  40.351 0.0000000000
171682  -16.911  -36.776  41.151 0.0000000000
54328  -16.339  -38.085  40.782 0.0000000000
53274  -16.401  -39.065  41.518 0.0000000000
54314  -16.752  -38.670  41.513 0.0000000000
54306  -16.930  -39.114  42.208 0.0000000000
53227  -16.695  -40.053  42.625 0.0000000000
52221  -15.012  -39.623  41.834 0.0000000000
53246  -13.400  -39.508  40.957 0.0000000000
53245  -12.553  -39.776  41.133 0.0000000000
52231  -11.495  -40.004  40.677 0.0000000000
57877  -40.662  -34.611  34.653 0.0000000000
57865  -40.569  -34.891  35.516 0.0000000000
60143  -40.628  -33.339  37.950 0.0000000000
60155  -40.824  -33.238  37.149 0.0000000000
62476  -40.937  -32.124  37.721 0.0000000000
57824  -32.707  -35.564  38.122 0.0000000000
146777  -35.978  -34.002  37.994 0.0000000000
57827  -35.510  -34.270  37.252 0.0000000000
144133  -36.035  -34.816  36.539 0.0000000000
57786  -37.375  -36.054  39.222 0.0000000000
56556  -38.744  -36.435  37.524 0.0000000000
56537  -37.870  -35.924  37.700 0.0000000000
144104  -38.097  -36.133  37.060 0.0000000000
56577  -37.764  -36.209  36.582 0.0000000000
145855  -37.945  -37.006  36.100 0.0000000000
141996  -39.021  -37.227  36.073 0.0000000000
56597  -40.883  -36.833  35.966 0.0000000000
56615  -41.052  -37.052  34.989 0.0000000000
56536  -32.837  -35.812  38.978 0.0000000000
57823  -31.918  -36.241  37.669 0.0000000000
78078  -42.181  -18.026  19.393 0.0000000000
149575  -41.738  -17.432  18.946 0.0000000000
156641  -42.784  -17.706  19.137 0.0000000000
161381  -43.772  -16.501  18.560 0.0000000000
81158  -43.515  -15.670  18.206 0.0000000000
81159  -44.420  -15.404  18.112 0.0000000000
80144  -47.847  -15.387  18.954 0.0000000000
80143  -47.161  -15.677  18.937 0.0000000000
81161  -46.693  -14.988  18.322 0.0000000000
82094  -46.471  -14.302  17.830 0.0000000000
82093  -45.419  -14.173  17.781 0.0000000000
82988  -46.000  -13.509  17.434 0.0000000000
82987  -44.990  -13.395  17.424 0.0000000000
83887  -47.670  -12.290  16.742 0.0000000000
161234  -46.908  -12.414  16.781 0.0000000000
154976  -46.866  -11.773  16.367 0.0000000000
84775  -48.828  -11.681  16.458 0.0000000000
169161  -49.983  -11.855  16.763 0.0000000000
151177  -50.454  -11.705  16.995 0.0000000000
165125  -50.625  -10.749  16.587 0.0000000000
69002  -33.620  -26.081  34.183 0.0000000000
69018  -33.428  -26.198  33.338 0.0000000000
70197  -33.283  -25.339  33.701 0.0000000000
71407  -34.508  -23.704  32.440 0.0000000000
71418  -33.419  -24.253  32.380 0.0000000000
71432  -34.036  -23.884  30.763 0.0000000000
71409  -36.963  -22.641  32.402 0.0000000000
71449  -35.850  -23.367  30.443 0.0000000000
71448  -35.136  -23.521  29.667 0.0000000000
72586  -35.362  -23.156  28.813 0.0000000000
169301  -35.478  -22.757  28.134 0.0000000000
72601  -36.005  -22.242  27.707 0.0000000000
73735  -35.724  -21.992  26.925 0.0000000000
73736  -36.602  -21.594  27.126 0.0000000000
73737  -37.626  -21.298  27.286 0.0000000000
73720  -39.411  -20.980  28.064 0.0000000000
73739  -39.945  -20.802  27.362 0.0000000000
73740  -40.683  -20.645  27.386 0.0000000000
150410  -42.523  -20.659  28.299 0.0000000000
73742  -43.156  -20.912  27.507 0.0000000000
72603  -43.586  -21.089  26.818 0.0000000000
60124  -20.071  -33.484  38.563 0.0000000000
158407  -19.720  -33.742  39.269 0.0000000000
60111  -19.598  -34.021  39.900 0.0000000000
58967  -19.202  -34.397  39.366 0.0000000000
58998  -19.074  -34.733  36.081 0.0000000000
58999  -19.548  -34.134  36.641 0.0000000000
57836  -18.480  -35.165  36.749 0.0000000000
56548  -17.424  -36.142  37.860 0.0000000000
57817  -18.405  -35.033  37.755 0.0000000000
56529  -17.906  -35.396  38.376 0.0000000000
155673  -17.924  -35.391  39.091 0.0000000000
167067  -17.459  -36.151  39.165 0.0000000000
49840  -5.533  -41.304  48.976 0.0000000000
63631  -41.043  -32.467  30.226 0.0000000000
64537  -39.464  -30.653  31.080 0.0000000000
66735  -38.064  -29.377  32.892 0.0000000000
66734  -37.519  -28.996  32.595 0.0000000000
67921  -36.875  -28.601  32.292 0.0000000000
67903  -37.161  -28.494  33.015 0.0000000000
59028  -40.923  -33.783  35.079 0.0000000000
59047  -40.883  -33.799  34.286 0.0000000000
60186  -40.985  -33.301  34.901 0.0000000000
65535  -40.439  -30.626  36.038 0.0000000000
64518  -40.558  -31.051  35.310 0.0000000000
64517  -40.454  -30.869  35.413 0.0000000000
64523  -40.245  -30.948  34.739 0.0000000000
66717  -39.838  -30.063  35.598 0.0000000000
68969  -37.954  -27.655  37.081 0.0000000000
68970  -38.509  -28.293  37.140 0.0000000000
69006  -38.033  -28.321  35.451 0.0000000000
67878  -38.166  -28.781  35.043 0.0000000000
143274  -37.554  -27.822  35.563 0.0000000000
68984  -35.943  -26.816  36.049 0.0000000000
69005  -36.907  -27.572  34.890 0.0000000000
69004  -36.033  -27.034  35.152 0.0000000000
69003  -35.137  -26.974  34.584 0.0000000000
68982  -34.228  -26.531  34.783 0.0000000000
71365  -34.194  -24.528  36.428 0.0000000000
72481  -34.442  -23.642  36.048 0.0000000000
72499  -34.375  -23.528  35.101 0.0000000000
72482  -35.125  -23.208  36.630 0.0000000000
73544  -36.289  -22.358  38.730 0.0000000000
72483  -36.753  -22.828  35.990 0.0000000000
61379  -28.077  -33.704  31.579 0.0000000000
61393  -27.470  -33.329  30.786 0.0000000000
61394  -28.430  -33.261  30.594 0.0000000000
59006  -33.316  -34.514  36.821 0.0000000000
59024  -32.895  -34.370  36.190 0.0000000000
144992  -33.739  -34.343  35.870 0.0000000000
59045  -34.726  -34.720  34.482 0.0000000000
59044  -33.908  -34.266  34.964 0.0000000000
59058  -34.026  -34.383  33.953 0.0000000000
60219  -33.406  -33.989  33.330 0.0000000000
149622  -36.541  -36.644  33.175 0.0000000000
159336  -35.994  -36.341  32.859 0.0000000000
152838  -23.859  -34.759  38.032 0.0000000000
60141  -22.800  -34.214  37.977 0.0000000000
59017  -26.223  -35.598  35.771 0.0000000000
59001  -25.694  -35.439  36.583 0.0000000000
59016  -25.446  -35.074  35.676 0.0000000000
163341  -24.290  -34.187  35.287 0.0000000000
60180  -23.569  -33.962  35.551 0.0000000000
60195  -22.671  -33.579  34.916 0.0000000000
61346  -21.792  -33.525  34.768 0.0000000000
85695  -49.014  -9.721  15.110 0.0000000000
86656  -48.947  -8.934  13.240 0.0000000000
86641  -52.580  -9.123  16.666 0.0000000000
87669  -51.126  -8.017  14.867 0.0000000000
89561  -51.581  -6.685  12.957 0.0000000000
89566  -51.560  -6.681  11.882 0.0000000000
89567  -51.965  -6.059  12.439 0.0000000000
90526  -53.305  -5.367  14.344 0.0000000000
91555  -53.655  -4.630  14.028 0.0000000000
67918  -34.220  -27.538  31.405 0.0000000000
69059  -33.421  -26.991  31.056 0.0000000000
74983  -38.700  -20.620  18.577 0.0000000000
74984  -39.503  -20.073  19.696 0.0000000000
73768  -37.319  -21.249  25.303 0.0000000000
73779  -38.330  -21.542  24.755 0.0000000000
142761  -39.807  -21.662  23.760 0.0000000000
72654  -39.342  -22.019  23.165 0.0000000000
72667  -39.012  -22.384  22.596 0.0000000000
164952  -39.336  -22.048  22.768 0.0000000000
72656  -42.994  -20.865  24.808 0.0000000000
142757  -42.384  -20.926  24.006 0.0000000000
72705  -41.839  -21.054  21.763 0.0000000000
72687  -41.409  -21.260  22.377 0.0000000000
150607  -39.687  -21.661  22.068 0.0000000000
72703  -40.140  -21.359  21.672 0.0000000000
73828  -39.752  -21.156  21.073 0.0000000000
73829  -40.790  -20.851  21.358 0.0000000000
74974  -42.416  -20.128  20.870 0.0000000000
74973  -41.391  -20.119  20.842 0.0000000000
76022  -42.364  -19.038  20.256 0.0000000000
76025  -44.509  -18.972  20.673 0.0000000000
76024  -43.790  -19.059  20.494 0.0000000000
77075  -44.854  -18.367  20.203 0.0000000000
51088  -11.007  -41.584  44.529 0.0000000000
49911  -11.156  -41.693  45.387 0.0000000000
49926  -10.208  -41.557  45.155 0.0000000000
49910  -10.389  -41.506  45.830 0.0000000000
49925  -9.092  -41.650  44.958 0.0000000000
169942  -8.740  -42.164  42.304 0.0000000000
49952  -8.377  -42.699  42.259 0.0000000000
47664  -6.699  -43.829  45.336 0.0000000000
147063  -6.172  -44.360  45.936 0.0000000000
47642  -6.302  -43.833  46.150 0.0000000000
47625  -6.847  -43.143  46.802 0.0000000000
47624  -6.262  -43.466  47.073 0.0000000000
46554  -4.941  -45.685  45.272 0.0000000000
47623  -5.915  -43.614  47.099 0.0000000000
48751  -5.828  -43.506  47.286 0.0000000000
48732  -5.880  -43.057  48.047 0.0000000000
48750  -4.914  -43.800  46.582 0.0000000000
48749  -3.857  -43.810  46.110 0.0000000000
48730  -4.720  -43.431  46.635 0.0000000000
49872  -4.223  -42.983  46.515 0.0000000000
152079  -2.094  -45.522  45.691 0.0000000000
47636  -2.166  -44.543  46.494 0.0000000000
164693  -7.859  -42.131  46.607 0.0000000000
59090  -42.271  -35.131  31.572 0.0000000000
59076  -42.331  -35.168  32.673 0.0000000000
60220  -41.052  -33.650  33.284 0.0000000000
59056  -29.079  -35.123  33.873 0.0000000000
55465  -39.544  -37.921  33.658 0.0000000000
55474  -38.956  -37.964  33.230 0.0000000000
55475  -39.416  -37.863  32.849 0.0000000000
55476  -39.951  -37.625  32.299 0.0000000000
56691  -39.974  -37.199  30.713 0.0000000000
56554  -31.230  -37.033  37.627 0.0000000000
56574  -30.649  -36.971  37.016 0.0000000000
57841  -29.994  -36.730  36.388 0.0000000000
57858  -28.471  -36.553  35.746 0.0000000000
59020  -28.915  -36.036  35.046 0.0000000000
84784  -45.486  -11.702  15.252 0.0000000000
85705  -47.797  -9.865  13.358 0.0000000000
66752  -37.384  -29.016  31.730 0.0000000000
72612  -33.862  -23.039  26.326 0.0000000000
169268  -35.523  -21.989  22.670 0.0000000000
73786  -36.068  -21.820  22.989 0.0000000000
54345  -15.382  -38.349  39.537 0.0000000000
151469  -15.914  -38.294  40.526 0.0000000000
53297  -15.232  -38.696  40.213 0.0000000000
53272  -15.205  -39.025  41.209 0.0000000000
152058  -14.534  -39.189  41.077 0.0000000000
53271  -13.897  -39.229  40.386 0.0000000000
53270  -12.826  -39.340  39.987 0.0000000000
53268  -11.392  -40.204  39.557 0.0000000000
53293  -11.995  -39.820  39.086 0.0000000000
57849  -40.434  -34.875  36.659 0.0000000000
57866  -40.600  -34.341  36.221 0.0000000000
57850  -40.362  -34.406  37.143 0.0000000000
60142  -40.297  -33.926  38.001 0.0000000000
60128  -40.616  -33.109  38.703 0.0000000000
57782  -33.584  -34.926  39.324 0.0000000000
57807  -36.960  -34.277  38.312 0.0000000000
56520  -39.198  -36.281  38.830 0.0000000000
56539  -39.376  -36.287  38.125 0.0000000000
56557  -39.601  -36.499  37.829 0.0000000000
56579  -39.598  -37.050  37.141 0.0000000000
56558  -40.112  -36.152  37.805 0.0000000000
56559  -40.407  -35.525  37.223 0.0000000000
168818  -33.817  -35.251  39.924 0.0000000000
79073  -44.783  -17.489  19.329 0.0000000000
161818  -45.592  -16.049  18.549 0.0000000000
81163  -48.245  -14.732  18.616 0.0000000000
82096  -48.404  -14.012  18.156 0.0000000000
82113  -47.931  -13.549  17.615 0.0000000000
83004  -46.495  -12.920  17.047 0.0000000000
83006  -48.437  -12.933  17.128 0.0000000000
161456  -48.467  -12.201  16.734 0.0000000000
83889  -49.859  -12.318  17.013 0.0000000000
83890  -50.428  -12.289  17.379 0.0000000000
71382  -33.865  -24.026  34.596 0.0000000000
71405  -33.385  -24.515  33.304 0.0000000000
71393  -33.885  -23.979  33.749 0.0000000000
72546  -37.498  -22.621  31.260 0.0000000000
72555  -36.732  -23.004  30.214 0.0000000000
73718  -37.752  -21.543  28.295 0.0000000000
60126  -21.556  -34.219  39.494 0.0000000000
60140  -22.052  -34.203  38.618 0.0000000000
60138  -19.854  -33.517  37.848 0.0000000000
55379  -16.906  -36.783  38.156 0.0000000000
91567  -53.448  -4.404  12.669 0.0000000000
91576  -53.240  -5.113  11.131 0.0000000000
91570  -53.710  -4.436  11.811 0.0000000000
91571  -54.569  -4.212  11.646 0.0000000000
49829  -6.371  -41.598  49.507 0.0000000000
62521  -40.876  -32.758  31.718 0.0000000000
62532  -41.681  -33.013  31.300 0.0000000000
63618  -40.422  -32.095  31.675 0.0000000000
65555  -39.129  -30.079  31.693 0.0000000000
65556  -39.605  -30.517  32.042 0.0000000000
66736  -38.501  -29.856  33.246 0.0000000000
62489  -41.088  -31.924  36.292 0.0000000000
160374  -40.987  -31.945  35.622 0.0000000000
64509  -40.777  -30.940  37.044 0.0000000000
65530  -40.340  -30.347  36.477 0.0000000000
66701  -40.008  -29.908  37.013 0.0000000000
150564  -37.892  -27.128  38.715 0.0000000000
161815  -37.358  -26.986  37.164 0.0000000000
142204  -37.497  -27.439  36.378 0.0000000000
68968  -36.749  -26.868  36.563 0.0000000000
68967  -35.846  -26.425  36.818 0.0000000000
68966  -35.230  -26.407  36.355 0.0000000000
70180  -34.530  -25.991  36.189 0.0000000000
70169  -34.962  -25.812  37.001 0.0000000000
70158  -34.610  -24.937  37.216 0.0000000000
74799  -36.783  -21.675  38.123 0.0000000000
61396  -30.639  -33.121  31.585 0.0000000000
59026  -35.327  -34.893  35.744 0.0000000000
57862  -35.435  -34.890  34.854 0.0000000000
57873  -35.370  -35.126  34.014 0.0000000000
56658  -37.109  -37.096  31.919 0.0000000000
144424  -24.711  -35.125  37.748 0.0000000000
59037  -25.719  -35.025  34.873 0.0000000000
60198  -25.275  -34.423  34.242 0.0000000000
60197  -24.401  -34.100  34.403 0.0000000000
61357  -23.712  -33.561  33.546 0.0000000000
61356  -22.799  -33.426  33.711 0.0000000000
85685  -49.822  -10.413  15.914 0.0000000000
87670  -52.152  -8.100  15.639 0.0000000000
88614  -51.464  -7.495  14.319 0.0000000000
88622  -51.238  -7.270  13.422 0.0000000000
160031  -7.395  -43.860  42.959 0.0000000000
167533  -7.066  -44.150  43.540 0.0000000000
69058  -32.837  -26.312  30.642 0.0000000000
73842  -38.390  -21.364  19.744 0.0000000000
73770  -39.581  -21.069  25.676 0.0000000000
72643  -39.382  -21.422  24.831 0.0000000000
164294  -39.850  -21.450  24.339 0.0000000000
72672  -43.555  -20.244  23.430 0.0000000000
72671  -42.709  -20.650  23.295 0.0000000000
72689  -43.214  -20.513  22.550 0.0000000000
73812  -42.877  -20.827  21.960 0.0000000000
73830  -41.850  -20.591  21.361 0.0000000000
76008  -42.785  -19.656  20.588 0.0000000000
76010  -44.274  -19.667  20.913 0.0000000000
76011  -45.033  -19.555  21.088 0.0000000000
52194  -13.719  -41.004  43.269 0.0000000000
169999  -13.334  -41.125  43.989 0.0000000000
51101  -9.472  -41.460  43.566 0.0000000000
51114  -8.917  -42.518  41.503 0.0000000000
47663  -6.454  -44.765  45.013 0.0000000000
47621  -4.795  -44.460  46.245 0.0000000000
48761  -3.269  -43.888  46.201 0.0000000000
151436  -36.879  -36.064  39.883 0.0000000000
57775  -40.454  -36.207  39.917 0.0000000000
78083  -47.662  -17.256  19.701 0.0000000000
79075  -47.582  -16.527  19.430 0.0000000000
79076  -48.181  -16.543  19.645 0.0000000000
79094  -48.541  -15.871  19.528 0.0000000000
82098  -50.014  -13.681  18.247 0.0000000000
82990  -50.411  -13.112  18.026 0.0000000000
142168  -36.859  -23.080  34.506 0.0000000000
159545  -37.295  -22.914  33.751 0.0000000000
71410  -37.828  -22.539  32.564 0.0000000000
71423  -37.641  -22.528  31.981 0.0000000000
72547  -38.160  -22.296  31.650 0.0000000000
73701  -38.884  -21.390  29.873 0.0000000000
167835  -21.067  -33.690  35.937 0.0000000000
60163  -20.482  -33.684  36.458 0.0000000000
60177  -20.373  -34.065  35.640 0.0000000000
59015  -19.722  -34.733  35.231 0.0000000000
48719  -8.205  -41.692  49.118 0.0000000000
48718  -7.495  -42.341  48.427 0.0000000000
61399  -41.739  -33.173  32.057 0.0000000000
61383  -41.039  -33.032  32.042 0.0000000000
63611  -40.201  -31.953  32.865 0.0000000000
71339  -36.083  -23.809  39.342 0.0000000000
61377  -26.382  -33.564  31.839 0.0000000000
60226  -26.777  -34.121  32.505 0.0000000000
60229  -29.554  -33.814  32.507 0.0000000000
153893  -29.097  -34.489  33.276 0.0000000000
147304  -29.973  -34.112  33.164 0.0000000000
61380  -29.954  -33.382  31.913 0.0000000000
60231  -32.766  -33.635  32.646 0.0000000000
56612  -37.020  -36.317  35.020 0.0000000000
144643  -36.836  -36.388  34.356 0.0000000000
56636  -36.838  -36.972  33.748 0.0000000000
143580  -36.991  -37.147  32.913 0.0000000000
57924  -37.280  -36.833  30.847 0.0000000000
58992  -25.998  -36.117  37.082 0.0000000000
59018  -27.369  -36.018  35.159 0.0000000000
59038  -26.623  -35.463  34.927 0.0000000000
60213  -26.425  -34.427  33.311 0.0000000000
85686  -52.468  -9.857  17.139 0.0000000000
163430  -53.997  -6.566  16.324 0.0000000000
71463  -33.171  -24.209  28.911 0.0000000000
166186  -32.690  -24.974  28.342 0.0000000000
153067  -38.378  -22.389  21.508 0.0000000000
165799  -42.775  -20.971  25.978 0.0000000000
142762  -42.631  -20.897  25.523 0.0000000000
72646  -43.136  -20.897  25.450 0.0000000000
72647  -43.547  -20.873  25.354 0.0000000000
72657  -43.550  -20.651  24.536 0.0000000000
72658  -44.134  -20.211  24.099 0.0000000000
72673  -44.423  -20.178  22.890 0.0000000000
164924  -44.779  -20.667  22.320 0.0000000000
73815  -44.856  -20.783  22.140 0.0000000000
73816  -45.264  -20.636  22.113 0.0000000000
153057  -16.696  -38.237  42.076 0.0000000000
52208  -15.261  -40.565  43.173 0.0000000000
52220  -14.254  -39.915  42.212 0.0000000000
147866  -13.572  -40.169  42.736 0.0000000000
52219  -12.769  -40.082  42.340 0.0000000000
52217  -10.739  -40.470  41.283 0.0000000000
52229  -10.368  -41.131  40.441 0.0000000000
46551  -2.977  -46.381  45.316 0.0000000000
168985  -41.525  -35.682  34.316 0.0000000000
57891  -40.953  -35.004  33.897 0.0000000000
60185  -40.998  -33.461  35.754 0.0000000000
59009  -40.580  -33.979  36.788 0.0000000000
60168  -40.807  -33.568  36.562 0.0000000000
61338  -41.126  -32.580  36.357 0.0000000000
62482  -41.077  -31.993  36.960 0.0000000000
61314  -40.764  -32.936  39.328 0.0000000000
57843  -31.670  -35.760  36.785 0.0000000000
59004  -31.739  -35.153  36.230 0.0000000000
162714  -34.186  -34.363  37.041 0.0000000000
58993  -34.368  -34.347  37.609 0.0000000000
57864  -36.610  -35.680  35.521 0.0000000000
57809  -37.832  -36.097  38.507 0.0000000000
57829  -37.416  -35.137  37.488 0.0000000000
57848  -37.236  -35.555  36.676 0.0000000000
56594  -37.541  -37.005  35.298 0.0000000000
144551  -38.030  -37.362  34.737 0.0000000000
55444  -38.738  -37.653  34.604 0.0000000000
55420  -39.430  -37.518  35.262 0.0000000000
55445  -39.551  -37.763  34.457 0.0000000000
55446  -40.354  -37.455  34.193 0.0000000000
56639  -41.099  -37.094  34.194 0.0000000000
142254  -31.889  -37.049  38.188 0.0000000000
77072  -40.495  -18.526  19.259 0.0000000000
78076  -40.363  -18.047  18.497 0.0000000000
79071  -43.350  -17.102  18.833 0.0000000000
80127  -42.150  -16.381  18.245 0.0000000000
79092  -46.997  -16.373  19.191 0.0000000000
80142  -46.308  -16.054  18.884 0.0000000000
153371  -46.078  -15.549  18.398 0.0000000000
81162  -47.451  -14.984  18.633 0.0000000000
80141  -45.296  -15.583  18.203 0.0000000000
148991  -44.843  -14.823  17.943 0.0000000000
82986  -43.654  -14.028  17.187 0.0000000000
171451  -44.225  -13.531  17.106 0.0000000000
164474  -44.577  -12.914  16.569 0.0000000000
83885  -45.263  -12.129  16.114 0.0000000000
83886  -46.135  -12.158  16.599 0.0000000000
84785  -46.122  -11.232  15.127 0.0000000000
85681  -46.736  -10.764  14.771 0.0000000000
85693  -47.402  -10.200  14.331 0.0000000000
85682  -47.547  -10.630  15.459 0.0000000000
84788  -49.298  -11.096  16.197 0.0000000000
84790  -51.433  -10.605  17.066 0.0000000000
83009  -50.794  -12.544  17.878 0.0000000000
84778  -51.799  -11.228  17.589 0.0000000000
85675  -52.245  -10.596  17.438 0.0000000000
85676  -53.189  -10.573  17.794 0.0000000000
69038  -34.957  -27.274  33.095 0.0000000000
69052  -34.551  -27.362  32.258 0.0000000000
69037  -33.927  -26.811  32.820 0.0000000000
70209  -33.070  -25.321  32.885 0.0000000000
70220  -32.877  -25.262  31.967 0.0000000000
70230  -32.742  -25.316  31.050 0.0000000000
71420  -35.229  -23.494  31.789 0.0000000000
71434  -35.963  -23.302  31.290 0.0000000000
71433  -35.099  -23.688  31.010 0.0000000000
71447  -33.924  -23.954  29.838 0.0000000000
142197  -34.425  -22.936  27.210 0.0000000000
72613  -34.814  -22.358  26.694 0.0000000000
73752  -35.415  -21.781  26.134 0.0000000000
74914  -35.684  -21.382  24.607 0.0000000000
153907  -35.995  -21.391  25.697 0.0000000000
73769  -38.089  -21.266  25.632 0.0000000000
73755  -38.595  -21.170  26.341 0.0000000000
73771  -40.462  -20.680  25.938 0.0000000000
72614  -41.391  -20.671  26.230 0.0000000000
73702  -39.857  -21.001  29.607 0.0000000000
73721  -40.517  -20.830  28.713 0.0000000000
73722  -41.547  -20.688  28.461 0.0000000000
143393  -41.097  -20.653  27.842 0.0000000000
73758  -41.420  -20.601  27.026 0.0000000000
72615  -42.324  -20.852  26.493 0.0000000000
72616  -43.197  -21.030  26.321 0.0000000000
72617  -43.731  -21.037  26.297 0.0000000000
58988  -19.365  -34.040  37.447 0.0000000000
57818  -18.803  -34.642  37.958 0.0000000000
57800  -18.841  -34.799  38.697 0.0000000000
55347  -17.603  -35.811  39.669 0.0000000000
55346  -16.890  -36.793  39.509 0.0000000000
55345  -16.279  -37.484  39.233 0.0000000000
55361  -16.411  -37.473  38.434 0.0000000000
54364  -15.727  -37.946  38.854 0.0000000000
92608  -54.939  -3.721  12.226 0.0000000000
65554  -38.441  -29.837  31.251 0.0000000000
66776  -37.790  -29.505  31.088 0.0000000000
59060  -41.004  -34.376  33.697 0.0000000000
158841  -40.993  -33.897  33.681 0.0000000000
60205  -40.870  -33.446  33.990 0.0000000000
62500  -40.788  -32.084  34.853 0.0000000000
62505  -40.631  -32.399  33.859 0.0000000000
63603  -40.194  -31.534  33.783 0.0000000000
65540  -39.888  -30.676  34.604 0.0000000000
65539  -39.415  -30.570  34.141 0.0000000000
67862  -39.269  -29.165  37.170 0.0000000000
68988  -38.864  -28.870  36.719 0.0000000000
67869  -39.218  -29.281  36.282 0.0000000000
67880  -39.182  -29.360  35.654 0.0000000000
67890  -39.014  -29.506  34.965 0.0000000000
66725  -39.226  -30.012  34.571 0.0000000000
67889  -38.411  -29.269  34.626 0.0000000000
67888  -37.886  -28.837  34.209 0.0000000000
67887  -37.418  -28.403  33.745 0.0000000000
69022  -36.873  -27.949  34.052 0.0000000000
69039  -36.047  -27.731  33.401 0.0000000000
70178  -33.703  -25.734  34.943 0.0000000000
70179  -33.898  -25.242  35.785 0.0000000000
71381  -33.562  -24.782  34.906 0.0000000000
72512  -35.022  -23.260  34.667 0.0000000000
72513  -35.846  -23.140  34.612 0.0000000000
71348  -35.515  -23.875  38.611 0.0000000000
72470  -35.166  -23.508  37.644 0.0000000000
73554  -36.218  -22.275  37.744 0.0000000000
73570  -35.659  -22.822  37.314 0.0000000000
147237  -35.822  -23.035  36.007 0.0000000000
72501  -36.307  -23.065  35.293 0.0000000000
59023  -32.200  -34.523  35.931 0.0000000000
60183  -31.926  -34.158  35.249 0.0000000000
60203  -32.366  -33.750  34.577 0.0000000000
60218  -32.634  -33.530  33.698 0.0000000000
60232  -33.471  -34.219  32.229 0.0000000000
57888  -35.184  -35.469  33.304 0.0000000000
57905  -35.320  -36.005  32.616 0.0000000000
59087  -33.964  -35.029  31.795 0.0000000000
60152  -22.245  -34.031  37.246 0.0000000000
58990  -25.049  -35.145  37.129 0.0000000000
60181  -24.816  -34.524  35.748 0.0000000000
60166  -23.546  -34.022  36.413 0.0000000000
60165  -22.592  -33.860  36.560 0.0000000000
60179  -21.951  -33.580  35.749 0.0000000000
61363  -22.131  -33.376  32.958 0.0000000000
86646  -48.496  -9.295  13.978 0.0000000000
87676  -49.561  -8.526  12.770 0.0000000000
86639  -51.227  -9.037  15.985 0.0000000000
86649  -50.886  -8.582  15.344 0.0000000000
87686  -50.071  -8.193  12.264 0.0000000000
88630  -50.617  -7.807  11.768 0.0000000000
88636  -50.862  -8.024  10.894 0.0000000000
90533  -52.460  -5.486  11.816 0.0000000000
91556  -54.141  -4.207  14.457 0.0000000000
49908  -8.442  -42.017  45.291 0.0000000000
156571  -7.923  -42.363  45.484 0.0000000000
47682  -6.837  -44.354  43.997 0.0000000000
47670  -6.539  -45.035  44.154 0.0000000000
67935  -34.934  -28.068  30.736 0.0000000000
144872  -32.413  -25.943  28.079 0.0000000000
73787  -37.040  -21.943  23.436 0.0000000000
73788  -38.127  -22.014  23.787 0.0000000000
72666  -37.960  -22.400  22.800 0.0000000000
72684  -39.005  -22.394  22.017 0.0000000000
72645  -41.697  -20.811  25.079 0.0000000000
142760  -41.241  -20.913  24.372 0.0000000000
72655  -40.415  -21.351  23.800 0.0000000000
72670  -41.871  -21.008  23.133 0.0000000000
72669  -40.326  -21.501  23.139 0.0000000000
72668  -39.605  -21.815  22.610 0.0000000000
72685  -39.204  -22.021  22.082 0.0000000000
73844  -41.039  -20.430  21.064 0.0000000000
74972  -40.248  -20.322  20.593 0.0000000000
162063  -39.751  -19.561  19.662 0.0000000000
148312  -40.018  -19.139  19.569 0.0000000000
77073  -41.962  -18.493  19.773 0.0000000000
78079  -42.931  -18.267  19.528 0.0000000000
76023  -43.078  -19.035  20.289 0.0000000000
161991  -43.495  -18.436  19.889 0.0000000000
78080  -44.356  -18.045  19.736 0.0000000000
142521  -46.873  -17.916  19.914 0.0000000000
74962  -45.766  -20.106  21.953 0.0000000000
148792  -9.794  -41.398  46.088 0.0000000000
49924  -8.103  -42.333  44.613 0.0000000000
49936  -7.920  -42.687  43.386 0.0000000000
51127  -9.453  -41.688  41.348 0.0000000000
48773  -7.947  -42.279  45.700 0.0000000000
159712  -7.921  -42.212  46.078 0.0000000000
48763  -7.241  -42.788  46.228 0.0000000000
47655  -6.669  -43.532  45.880 0.0000000000
48753  -7.495  -42.390  46.975 0.0000000000
48752  -7.247  -42.657  47.431 0.0000000000
48735  -7.029  -42.881  47.753 0.0000000000
48734  -6.681  -43.068  47.994 0.0000000000
46555  -5.592  -45.589  45.001 0.0000000000
47652  -5.049  -44.981  46.108 0.0000000000
47640  -5.645  -44.327  46.318 0.0000000000
144307  -6.026  -43.967  46.853 0.0000000000
47609  -6.268  -43.340  47.488 0.0000000000
48716  -6.681  -42.600  48.526 0.0000000000
48715  -5.922  -42.365  48.623 0.0000000000
49859  -5.753  -42.437  48.431 0.0000000000
49858  -5.320  -41.972  48.232 0.0000000000
51026  -4.903  -41.703  47.830 0.0000000000
48708  -7.510  -42.142  48.863 0.0000000000
48710  -8.562  -41.279  49.883 0.0000000000
48717  -7.093  -42.653  48.360 0.0000000000
48754  -8.515  -41.703  47.324 0.0000000000
49860  -9.592  -41.535  48.400 0.0000000000
52207  -14.379  -40.442  42.952 0.0000000000
53249  -16.775  -39.519  42.189 0.0000000000
53273  -15.769  -38.928  41.214 0.0000000000
54299  -16.560  -38.958  42.867 0.0000000000
54313  -16.837  -39.091  41.673 0.0000000000
54326  -15.782  -38.585  40.666 0.0000000000
54346  -15.652  -38.078  39.793 0.0000000000
55318  -16.813  -37.202  42.043 0.0000000000
56580  -40.490  -36.556  36.902 0.0000000000
56581  -40.693  -35.673  36.290 0.0000000000
57791  -39.773  -34.742  39.159 0.0000000000
57810  -39.608  -35.491  38.802 0.0000000000
57876  -40.769  -35.284  34.557 0.0000000000
58994  -40.354  -34.079  37.470 0.0000000000
59027  -40.834  -33.893  35.940 0.0000000000
59061  -41.502  -34.279  33.260 0.0000000000
60169  -41.036  -33.134  36.421 0.0000000000
61321  -40.781  -32.643  38.220 0.0000000000
61347  -41.012  -32.647  35.186 0.0000000000
63575  -40.940  -31.295  36.853 0.0000000000
63584  -40.868  -31.301  36.214 0.0000000000
63600  -40.477  -31.692  34.214 0.0000000000
63604  -40.446  -32.191  33.365 0.0000000000
63610  -40.069  -31.836  32.518 0.0000000000
64508  -40.512  -30.615  36.439 0.0000000000
64524  -40.075  -31.274  34.146 0.0000000000
65524  -40.477  -30.485  37.028 0.0000000000
65529  -40.033  -30.030  36.204 0.0000000000
65534  -40.196  -30.516  35.403 0.0000000000
66695  -40.056  -29.709  37.899 0.0000000000
66708  -39.574  -29.616  35.922 0.0000000000
66710  -40.141  -30.038  36.565 0.0000000000
66716  -39.480  -29.736  35.283 0.0000000000
66724  -38.678  -29.767  34.192 0.0000000000
67868  -38.852  -28.992  36.004 0.0000000000
67870  -39.504  -29.495  36.661 0.0000000000
67886  -36.896  -28.089  33.327 0.0000000000
69007  -38.469  -28.634  35.739 0.0000000000
73833  -44.950  -20.769  21.922 0.0000000000
74961  -45.165  -20.488  21.707 0.0000000000
83897  -44.977  -12.166  15.191 0.0000000000
142506  -39.914  -31.228  33.988 0.0000000000
143868  -41.056  -21.268  22.929 0.0000000000
147134  -40.876  -32.851  37.613 0.0000000000
147241  -36.655  -21.282  25.736 0.0000000000
148092  -40.556  -30.843  35.936 0.0000000000
149311  -6.093  -42.092  49.025 0.0000000000
150523  -40.807  -31.028  37.429 0.0000000000
151157  -45.281  -20.082  23.463 0.0000000000
153374  -6.418  -43.508  46.630 0.0000000000
153870  -39.865  -18.492  18.255 0.0000000000
155530  -9.629  -41.099  49.467 0.0000000000
156814  -40.700  -32.941  32.681 0.0000000000
160127  -41.116  -32.457  35.810 0.0000000000
161400  -14.907  -40.098  42.529 0.0000000000
161977  -36.067  -22.840  32.603 0.0000000000
162046  -40.827  -31.062  36.804 0.0000000000
162159  -45.383  -20.562  21.984 0.0000000000
162855  -40.719  -31.299  35.519 0.0000000000
164600  -46.354  -18.595  20.536 0.0000000000
164623  -7.049  -42.956  47.904 0.0000000000
164715  -47.529  -15.936  19.193 0.0000000000
165163  -40.726  -37.324  33.586 0.0000000000
165310  -33.423  -25.310  34.368 0.0000000000
169563  -39.867  -30.250  35.221 0.0000000000
170161  -25.172  -35.332  37.626 0.0000000000
170320  -47.943  -14.491  18.429 0.0000000000
170675  -42.565  -20.683  21.598 0.0000000000
171189  -44.237  -20.776  21.997 0.0000000000
171694  -40.561  -31.299  34.911 0.0000000000
