#!ascii label  , from subject sub-v1s14x0051561_ses-1 vox2ras=TkReg
1101
85608  17.658  -5.157  -33.483 0.2500000000
84621  18.195  -5.697  -33.966 0.2500000000
157101  12.059  -1.571  -31.724 0.2500000000
138644  13.864  -3.638  -32.208 0.1250000000
88420  14.098  -2.208  -32.297 0.3750000000
161993  15.085  -5.069  -32.129 0.2500000000
85606  18.361  -4.970  -34.212 0.7500000000
139687  17.891  -5.130  -33.667 0.3750000000
166714  19.290  -6.138  -34.758 0.8750000000
84631  18.683  -5.661  -34.377 0.8750000000
143745  19.671  -6.199  -35.214 0.8750000000
86540  17.758  -3.406  -33.747 0.3750000000
86539  18.164  -3.687  -34.161 0.8750000000
85607  18.283  -4.425  -34.168 0.7500000000
83620  20.135  -5.347  -36.078 1.0000000000
84646  19.152  -4.661  -35.194 1.0000000000
83608  19.895  -5.694  -35.693 1.0000000000
155271  18.734  -5.047  -34.600 0.8750000000
82578  20.783  -6.629  -36.304 1.0000000000
87445  17.524  -2.436  -33.810 0.7500000000
87444  17.906  -2.767  -34.178 0.8750000000
86554  18.504  -3.755  -34.719 0.8750000000
84658  20.389  -5.164  -36.419 1.0000000000
85630  19.499  -4.474  -35.618 1.0000000000
86565  19.346  -3.848  -35.676 1.0000000000
83632  22.279  -6.194  -37.375 1.0000000000
162672  20.514  -5.534  -36.466 1.0000000000
82589  21.562  -6.369  -37.091 1.0000000000
83619  20.380  -5.866  -36.223 1.0000000000
88438  17.418  -1.555  -33.964 0.6250000000
155616  18.865  -2.854  -35.677 1.0000000000
155637  18.042  -2.106  -34.717 0.8750000000
86566  18.991  -3.420  -35.508 1.0000000000
84669  22.760  -5.376  -37.554 1.0000000000
84671  21.349  -5.131  -37.418 1.0000000000
85643  20.202  -4.707  -36.356 1.0000000000
85659  19.999  -4.233  -36.312 1.0000000000
83631  23.290  -6.141  -37.187 1.0000000000
84670  21.931  -5.532  -37.577 1.0000000000
142609  24.494  -6.334  -36.278 1.0000000000
83616  23.858  -6.833  -36.804 1.0000000000
91516  18.454  1.280  -35.551 0.2500000000
88439  14.477  -0.859  -32.314 0.2500000000
89483  17.576  -0.802  -34.266 0.3750000000
88455  17.903  -1.216  -34.855 1.0000000000
166408  17.667  -1.143  -34.366 0.6250000000
140632  18.271  -1.961  -35.104 1.0000000000
87501  19.687  -3.041  -36.538 1.0000000000
87488  19.193  -2.850  -36.081 1.0000000000
85642  23.384  -4.608  -37.363 1.0000000000
85656  21.819  -4.522  -37.714 1.0000000000
86589  21.609  -3.698  -37.674 1.0000000000
85641  24.165  -4.685  -36.743 1.0000000000
148869  25.237  -5.818  -35.737 1.0000000000
85629  24.977  -4.689  -35.953 1.0000000000
84644  25.842  -5.028  -35.360 1.0000000000
91517  18.047  0.785  -35.292 0.3750000000
156172  17.957  0.472  -35.175 0.3750000000
89503  17.782  -0.154  -34.740 0.5000000000
90537  18.063  0.042  -35.456 0.5000000000
89521  18.239  -0.687  -35.664 0.8750000000
88472  18.473  -1.470  -35.789 1.0000000000
89560  19.807  -0.456  -37.026 1.0000000000
86598  21.091  -2.980  -37.607 1.0000000000
88486  18.839  -1.745  -36.159 1.0000000000
86586  23.731  -2.943  -37.147 1.0000000000
86588  22.465  -3.233  -37.727 1.0000000000
167491  25.666  -3.637  -35.382 1.0000000000
86563  25.126  -3.666  -35.811 1.0000000000
85627  26.357  -4.434  -34.924 0.8750000000
92480  19.140  1.917  -36.053 0.5000000000
90536  18.297  0.361  -35.712 0.5000000000
91535  18.894  0.906  -36.135 0.6250000000
90555  19.493  0.405  -36.725 0.6250000000
90572  20.295  0.399  -37.472 1.0000000000
89541  18.306  -0.331  -35.855 0.7500000000
143507  20.148  -1.078  -37.311 1.0000000000
88471  24.882  -1.212  -35.869 1.0000000000
88485  23.557  -1.517  -36.997 1.0000000000
88498  22.930  -1.470  -37.466 1.0000000000
87508  21.857  -1.800  -37.765 1.0000000000
87475  24.922  -1.928  -35.892 1.0000000000
87486  24.378  -2.434  -36.458 1.0000000000
87498  23.309  -2.220  -37.364 1.0000000000
87474  25.611  -2.243  -35.445 0.8750000000
86574  25.005  -2.778  -35.875 1.0000000000
86562  26.198  -3.605  -34.990 0.8750000000
91534  19.722  1.563  -36.850 0.5000000000
90554  22.635  1.134  -37.329 1.0000000000
90570  21.623  0.527  -37.999 1.0000000000
89520  24.514  -0.639  -36.092 1.0000000000
146494  23.141  -0.019  -37.109 1.0000000000
88500  21.653  -0.943  -37.917 1.0000000000
90535  24.813  0.178  -35.746 1.0000000000
88454  27.016  -1.932  -34.688 1.0000000000
88469  26.241  -1.653  -35.111 1.0000000000
90534  25.807  0.234  -35.159 1.0000000000
89502  26.900  -1.056  -34.720 1.0000000000
92479  19.744  2.634  -36.937 0.5000000000
92496  20.395  2.324  -37.775 0.8750000000
141502  21.375  2.396  -38.229 1.0000000000
93440  23.447  2.813  -36.258 1.0000000000
91533  22.077  2.167  -37.843 1.0000000000
145567  21.688  2.348  -38.144 1.0000000000
92455  25.906  2.481  -34.547 1.0000000000
92464  25.324  1.963  -34.978 1.0000000000
91501  26.899  1.537  -34.150 1.0000000000
157947  26.146  1.926  -34.538 1.0000000000
91514  25.090  1.033  -35.333 1.0000000000
90518  27.586  0.578  -33.928 1.0000000000
91502  25.955  1.222  -34.760 1.0000000000
89501  27.595  -0.485  -34.127 0.8750000000
146229  22.112  7.623  -36.115 1.0000000000
97149  20.837  7.170  -36.473 0.3750000000
97133  22.112  6.881  -36.186 0.8750000000
94370  22.961  4.193  -36.317 1.0000000000
93418  25.773  3.867  -34.362 1.0000000000
93439  24.229  3.333  -35.465 1.0000000000
98945  22.122  9.418  -36.186 0.8750000000
143294  22.692  8.861  -35.719 1.0000000000
98020  22.948  8.042  -35.613 1.0000000000
97132  22.776  7.123  -35.774 1.0000000000
97131  23.637  7.294  -35.393 1.0000000000
144571  23.406  5.066  -35.749 1.0000000000
94345  25.439  4.705  -34.589 1.0000000000
140566  26.718  3.819  -33.804 1.0000000000
99797  21.772  10.239  -36.463 0.7500000000
98010  23.458  8.800  -35.294 1.0000000000
98019  23.970  8.062  -35.131 1.0000000000
97117  26.151  7.141  -34.367 1.0000000000
153955  25.305  6.931  -34.748 1.0000000000
96157  25.663  6.260  -34.574 1.0000000000
98944  22.969  9.511  -35.582 1.0000000000
98009  24.291  8.816  -34.821 1.0000000000
97118  25.377  7.648  -34.612 1.0000000000
103249  17.817  15.125  -36.540 0.1250000000
104178  17.696  16.223  -35.704 0.1250000000
104190  19.948  15.502  -37.557 0.2500000000
104191  18.126  15.776  -37.177 0.1250000000
105182  18.749  17.094  -37.221 0.2500000000
104189  21.326  15.876  -36.952 0.5000000000
105172  21.295  16.741  -37.050 0.2500000000
106121  22.099  17.387  -36.307 0.3750000000
105181  20.040  17.258  -37.481 0.2500000000
106133  19.851  18.125  -37.251 0.2500000000
162125  21.057  17.494  -37.275 0.2500000000
106132  21.273  18.191  -37.103 0.2500000000
107005  22.436  18.285  -36.265 0.3750000000
107016  22.820  19.061  -36.280 0.2500000000
84624  15.713  -5.521  -32.262 0.1250000000
140645  17.904  -4.451  -33.662 0.2500000000
82575  23.515  -7.513  -36.886 1.0000000000
91549  20.917  1.938  -38.135 0.8750000000
151326  24.585  1.668  -35.553 1.0000000000
84613  16.410  -6.171  -32.399 0.1250000000
83595  18.740  -6.387  -34.248 0.6250000000
81544  20.089  -8.058  -35.242 0.7500000000
157210  12.227  -3.051  -31.648 0.1250000000
163915  20.473  -8.190  -35.520 1.0000000000
81561  21.339  -7.725  -36.370 1.0000000000
82576  22.853  -7.702  -36.957 1.0000000000
82564  24.748  -7.593  -35.907 1.0000000000
89484  15.155  0.292  -32.247 0.3750000000
90508  17.855  0.386  -34.933 0.2500000000
90509  16.653  0.574  -33.041 0.2500000000
84643  26.577  -5.195  -34.825 0.8750000000
86551  27.802  -3.042  -34.238 0.8750000000
85616  27.126  -4.631  -34.577 0.8750000000
88452  28.300  -1.945  -33.872 0.8750000000
97150  20.329  7.219  -36.353 0.1250000000
96194  20.527  6.352  -36.560 0.1250000000
158747  19.705  3.583  -36.811 0.3750000000
93456  21.147  3.594  -38.336 0.6250000000
164502  26.584  0.684  -34.537 1.0000000000
88453  27.722  -1.421  -34.164 0.8750000000
98032  21.346  8.035  -36.354 0.5000000000
98021  22.101  8.508  -36.100 0.8750000000
96193  21.008  6.195  -36.637 0.3750000000
95282  21.344  5.228  -36.828 0.8750000000
93417  26.215  3.103  -34.209 1.0000000000
140837  27.892  3.823  -33.593 1.0000000000
149259  27.217  4.473  -33.665 1.0000000000
95257  26.062  5.440  -34.314 1.0000000000
99796  22.440  10.228  -35.971 0.8750000000
155560  23.671  10.810  -34.957 1.0000000000
98934  24.610  9.556  -34.526 1.0000000000
98008  26.022  8.086  -34.272 1.0000000000
104172  17.778  16.086  -34.467 0.1250000000
102320  17.826  13.799  -37.195 0.1250000000
103247  20.952  13.819  -37.441 0.6250000000
104188  22.316  16.340  -35.945 0.5000000000
105174  17.846  16.764  -36.422 0.2500000000
149511  22.969  17.031  -35.598 0.5000000000
106123  17.740  17.757  -35.960 0.2500000000
106134  18.604  17.922  -36.866 0.2500000000
147238  23.134  17.721  -35.655 0.5000000000
107019  18.424  18.963  -36.411 0.1250000000
107018  19.928  18.966  -37.255 0.2500000000
107923  22.064  19.726  -36.974 0.2500000000
107907  24.058  19.145  -35.964 0.3750000000
108769  23.963  20.479  -36.827 0.2500000000
84623  17.583  -5.623  -33.487 0.1250000000
84622  17.793  -5.717  -33.648 0.3750000000
83578  18.033  -6.414  -33.743 0.5000000000
163895  15.296  -4.109  -32.350 0.1250000000
82552  19.340  -6.756  -34.641 0.7500000000
83594  19.311  -5.662  -34.969 0.8750000000
81543  20.414  -7.500  -35.579 1.0000000000
82565  20.257  -6.493  -35.757 1.0000000000
85618  18.592  -4.280  -34.680 1.0000000000
84645  19.585  -5.084  -35.544 1.0000000000
142188  22.071  -7.750  -36.840 1.0000000000
82588  22.182  -6.989  -37.104 1.0000000000
88437  17.675  -1.872  -34.276 0.8750000000
86577  19.105  -3.132  -35.798 1.0000000000
84657  23.694  -5.397  -37.065 1.0000000000
85658  20.412  -4.380  -36.806 1.0000000000
86591  20.064  -3.773  -36.685 1.0000000000
158546  23.981  -6.049  -36.798 1.0000000000
164574  24.443  -7.032  -36.231 1.0000000000
89482  17.801  -0.503  -34.792 0.5000000000
89522  18.045  -0.495  -35.390 0.8750000000
147261  19.332  -2.304  -36.421 1.0000000000
85655  22.573  -4.562  -37.715 1.0000000000
152654  22.335  -3.973  -37.751 1.0000000000
86587  23.102  -3.727  -37.597 1.0000000000
86575  23.884  -3.870  -36.980 1.0000000000
85628  25.699  -4.176  -35.404 1.0000000000
90556  18.563  0.082  -36.151 0.6250000000
88502  19.415  -1.435  -36.669 1.0000000000
89559  20.661  -0.178  -37.792 1.0000000000
145682  22.557  -2.243  -37.644 1.0000000000
87510  20.783  -2.182  -37.617 1.0000000000
88513  20.768  -1.151  -37.764 1.0000000000
86564  24.433  -3.282  -36.450 1.0000000000
87473  26.373  -2.628  -34.934 0.8750000000
84629  27.382  -5.427  -34.521 0.8750000000
90571  20.855  0.921  -37.975 1.0000000000
89558  21.437  -0.230  -38.044 1.0000000000
89518  26.104  -0.752  -35.202 1.0000000000
87487  23.841  -2.143  -36.881 1.0000000000
88499  22.237  -1.247  -37.743 1.0000000000
89538  23.777  -0.765  -36.658 1.0000000000
87460  27.154  -2.623  -34.553 0.8750000000
91531  23.310  1.471  -36.621 1.0000000000
91548  21.401  1.476  -38.101 1.0000000000
159235  23.431  0.712  -36.650 1.0000000000
90569  22.241  0.336  -37.737 1.0000000000
89556  22.603  -0.620  -37.565 1.0000000000
91515  24.134  0.991  -35.978 1.0000000000
90519  26.749  -0.134  -34.647 1.0000000000
93457  20.376  3.427  -37.848 0.6250000000
92495  20.959  2.845  -38.286 0.7500000000
92493  21.894  3.046  -38.093 1.0000000000
92478  22.494  2.794  -37.372 1.0000000000
93441  22.060  3.573  -37.883 1.0000000000
92477  23.131  2.188  -36.671 1.0000000000
159974  23.425  3.604  -36.034 1.0000000000
92454  26.621  2.406  -34.140 1.0000000000
93429  25.221  3.014  -34.806 1.0000000000
158991  23.844  1.920  -36.045 1.0000000000
97148  21.470  7.029  -36.379 0.7500000000
96176  22.524  6.336  -35.991 1.0000000000
96192  21.731  6.175  -36.435 0.7500000000
153587  22.153  3.987  -37.325 1.0000000000
93430  23.897  4.173  -35.545 1.0000000000
94371  22.453  4.605  -36.572 1.0000000000
95270  23.067  5.856  -35.774 1.0000000000
94359  24.830  3.981  -34.936 1.0000000000
96175  23.335  6.546  -35.586 1.0000000000
96158  24.713  6.319  -35.015 1.0000000000
94360  24.521  4.830  -35.142 1.0000000000
95269  23.832  5.993  -35.413 1.0000000000
94344  26.378  4.608  -34.050 1.0000000000
98935  23.807  9.512  -34.997 1.0000000000
96174  24.053  6.692  -35.290 1.0000000000
140014  24.790  8.163  -34.746 1.0000000000
99789  24.141  10.236  -34.707 1.0000000000
99790  23.324  10.218  -35.326 1.0000000000
153442  17.591  15.509  -35.429 0.1250000000
162349  17.615  14.507  -35.918 0.1250000000
105173  20.148  16.434  -37.598 0.2500000000
103248  18.889  14.785  -37.475 0.3750000000
159090  20.263  14.575  -37.535 0.5000000000
154225  22.115  15.464  -36.065 0.7500000000
107017  21.523  18.962  -36.984 0.2500000000
83579  17.559  -6.400  -33.568 0.2500000000
83549  17.068  -6.614  -32.427 0.1250000000
82524  17.087  -7.609  -33.559 0.1250000000
82534  18.756  -7.417  -33.995 0.6250000000
81529  19.523  -7.902  -34.579 0.7500000000
80563  20.901  -8.268  -35.833 1.0000000000
145141  20.275  5.706  -36.690 0.5000000000
94387  20.750  4.193  -37.954 0.6250000000
93455  21.740  3.579  -38.230 0.8750000000
93442  21.786  3.916  -37.950 0.8750000000
95283  20.751  5.328  -36.884 0.7500000000
94372  21.168  4.469  -37.635 0.8750000000
142797  21.791  4.415  -37.223 1.0000000000
95281  22.311  5.400  -36.409 1.0000000000
100614  22.847  11.009  -35.687 1.0000000000
100607  24.403  10.992  -34.520 1.0000000000
98933  25.382  9.591  -34.189 1.0000000000
154985  21.913  14.058  -36.402 0.7500000000
103246  21.459  14.876  -37.014 0.7500000000
107921  24.577  19.780  -36.456 0.2500000000
76703  21.832  -12.987  -35.087 0.7500000000
76701  23.733  -13.815  -35.449 0.7500000000
76680  21.365  -13.175  -34.620 0.7500000000
77629  21.293  -12.374  -34.754 0.7500000000
77643  23.898  -13.036  -35.406 0.7500000000
162642  22.393  -12.768  -35.400 0.7500000000
77644  21.969  -12.214  -35.295 0.7500000000
145123  21.464  -11.548  -35.223 0.7500000000
145106  23.431  -12.195  -35.535 0.7500000000
147036  22.684  -12.170  -35.545 0.7500000000
80519  20.136  -9.563  -34.772 0.7500000000
80541  19.932  -8.729  -34.923 0.6250000000
78684  22.204  -11.439  -35.666 0.7500000000
79565  21.558  -10.590  -35.688 0.8750000000
79566  20.716  -10.043  -35.290 0.8750000000
149425  24.322  -12.181  -35.223 0.7500000000
78682  23.811  -11.385  -35.614 0.7500000000
144475  23.334  -10.654  -36.123 0.7500000000
79580  22.011  -9.849  -36.275 0.8750000000
80562  21.642  -8.865  -36.258 0.8750000000
79562  24.311  -10.505  -35.700 0.7500000000
79563  23.681  -9.888  -36.345 0.8750000000
81560  21.991  -8.466  -36.609 0.8750000000
80537  25.032  -9.851  -35.414 0.7500000000
80538  24.041  -9.132  -36.437 0.8750000000
81558  23.589  -8.330  -36.736 0.8750000000
159147  26.120  -8.301  -34.809 0.8750000000
81541  25.167  -8.325  -35.541 0.8750000000
154902  25.516  -7.483  -35.342 0.8750000000
83607  24.994  -6.799  -35.731 0.8750000000
81524  29.368  -7.995  -34.715 0.3750000000
82548  28.910  -7.458  -34.359 0.6250000000
82550  27.348  -7.238  -34.417 0.7500000000
83606  25.808  -6.620  -35.265 0.7500000000
82573  29.775  -7.579  -36.125 0.5000000000
82547  29.536  -7.124  -34.642 0.5000000000
83590  29.086  -6.592  -34.307 0.7500000000
146655  28.415  -5.824  -34.292 0.7500000000
83629  29.596  -6.481  -36.735 0.1250000000
83604  30.203  -6.360  -35.981 0.3750000000
84642  30.048  -5.711  -34.792 0.6250000000
146931  29.381  -5.791  -34.366 0.6250000000
145914  28.052  -4.834  -34.318 0.6250000000
150911  27.505  -6.147  -38.947 0.1250000000
154284  28.925  -5.834  -37.280 0.1250000000
85639  30.197  -4.970  -36.197 0.1250000000
159922  29.776  -4.181  -36.616 0.1250000000
86549  29.982  -3.551  -34.209 0.6250000000
87440  29.510  -2.846  -33.824 0.6250000000
87458  28.534  -2.625  -33.848 0.7500000000
85653  28.684  -4.169  -37.401 0.1250000000
86584  28.770  -3.425  -37.776 0.1250000000
87484  30.389  -2.632  -35.812 0.1250000000
87472  30.463  -2.591  -34.880 0.5000000000
88431  29.081  -2.051  -33.661 0.6250000000
160225  29.380  -1.398  -33.659 0.7500000000
84679  26.703  -4.934  -39.858 0.1250000000
88483  30.480  -1.808  -35.398 0.5000000000
156020  30.557  -0.910  -35.081 0.5000000000
89473  29.653  -0.843  -33.735 0.6250000000
89474  28.938  -0.776  -33.562 0.7500000000
100616  21.159  11.436  -37.032 0.5000000000
100615  21.999  10.915  -36.555 0.7500000000
164883  30.243  0.523  -34.613 0.6250000000
91498  29.640  1.518  -34.037 0.6250000000
91500  28.034  1.612  -33.618 0.8750000000
90551  30.239  0.704  -35.882 0.5000000000
161658  30.220  1.229  -34.691 0.6250000000
91497  30.023  1.907  -34.555 0.6250000000
140828  28.334  2.331  -33.583 0.7500000000
92453  27.488  2.320  -33.721 0.8750000000
95256  27.148  5.331  -33.742 0.8750000000
96145  27.169  7.017  -33.914 0.8750000000
139529  28.140  2.965  -33.617 0.7500000000
163273  28.120  4.770  -33.581 0.8750000000
95255  28.204  5.549  -33.608 0.8750000000
96155  27.658  6.237  -33.710 0.8750000000
97101  27.606  7.642  -33.818 0.8750000000
154370  30.035  1.290  -36.234 0.3750000000
91513  30.220  1.897  -35.108 0.5000000000
92463  30.006  2.531  -35.625 0.5000000000
165301  29.536  3.829  -34.079 0.6250000000
91545  29.492  1.401  -37.038 0.2500000000
91530  29.767  2.021  -36.436 0.3750000000
93413  30.007  3.106  -35.068 0.5000000000
101451  21.191  11.983  -37.252 0.6250000000
101450  22.236  12.301  -36.031 0.7500000000
155296  22.090  11.553  -36.510 0.7500000000
100608  23.668  11.578  -34.935 0.8750000000
165985  25.404  8.320  -34.470 0.8750000000
98925  26.164  9.564  -33.946 0.7500000000
97993  27.526  8.456  -33.836 0.8750000000
94342  29.661  4.491  -34.229 0.6250000000
95254  29.084  5.203  -33.735 0.7500000000
92476  29.631  2.767  -36.586 0.3750000000
166279  29.900  4.049  -35.566 0.5000000000
96153  29.376  6.739  -34.450 0.7500000000
92491  29.337  2.216  -37.245 0.2500000000
102318  19.959  12.600  -37.788 0.6250000000
155852  22.816  11.769  -35.617 0.8750000000
100606  25.337  11.238  -34.172 0.8750000000
101442  24.197  12.362  -34.691 0.7500000000
99778  26.581  10.288  -33.874 0.8750000000
98922  28.334  9.407  -34.298 0.7500000000
148945  29.538  5.878  -34.288 0.5000000000
94404  29.227  4.977  -37.568 0.2500000000
148039  29.544  4.859  -36.949 0.5000000000
94358  29.916  4.653  -35.230 0.5000000000
92492  28.943  2.601  -38.022 0.2500000000
102317  21.836  13.024  -36.877 0.5000000000
102316  22.833  13.753  -35.489 0.7500000000
154405  24.713  13.137  -34.562 0.7500000000
102310  24.082  13.858  -34.795 0.7500000000
101440  26.371  12.518  -34.326 0.7500000000
101441  25.320  12.298  -34.375 0.7500000000
102309  25.157  13.954  -34.496 0.7500000000
100605  26.794  11.749  -34.196 0.7500000000
99787  27.641  10.725  -34.188 0.7500000000
100604  27.640  11.511  -34.448 0.7500000000
98018  29.171  8.304  -35.312 0.5000000000
98949  28.923  9.275  -36.104 0.3750000000
144114  28.451  10.094  -34.695 0.6250000000
95297  29.472  5.639  -37.118 0.2500000000
143215  29.501  7.159  -36.373 0.3750000000
156116  29.172  8.005  -36.689 0.3750000000
103245  22.464  14.700  -35.766 0.6250000000
103235  24.575  14.621  -34.649 0.7500000000
153124  26.092  14.066  -34.494 0.7500000000
102307  26.674  13.344  -34.538 0.7500000000
101448  28.172  12.627  -35.487 0.6250000000
98950  28.742  10.060  -36.422 0.3750000000
99803  28.634  10.861  -35.969 0.3750000000
95309  28.354  5.262  -38.565 0.1250000000
97167  28.483  7.623  -38.269 0.1250000000
97160  28.854  7.841  -37.581 0.2500000000
104187  23.163  15.513  -35.320 0.6250000000
104177  24.101  15.199  -34.825 0.7500000000
103234  25.523  14.743  -34.518 0.6250000000
103232  26.880  14.147  -34.767 0.7500000000
101458  28.407  12.420  -36.163 0.3750000000
102315  27.835  13.328  -35.463 0.3750000000
101439  27.303  12.535  -34.572 0.7500000000
151757  28.559  10.045  -37.192 0.2500000000
99807  28.598  10.850  -36.946 0.3750000000
100603  28.212  11.453  -34.873 0.6250000000
96219  27.472  6.700  -39.702 0.1250000000
154102  28.061  7.953  -38.719 0.1250000000
166515  28.045  5.770  -38.894 0.1250000000
105157  26.075  16.266  -34.925 0.3750000000
104176  24.941  15.364  -34.622 0.3750000000
103244  27.012  14.919  -35.102 0.3750000000
102336  27.715  13.180  -37.471 0.2500000000
102314  28.197  13.124  -36.068 0.3750000000
103243  27.461  14.163  -35.415 0.3750000000
98963  27.398  9.507  -38.872 0.1250000000
99808  28.171  10.960  -37.607 0.3750000000
100624  28.350  11.652  -37.182 0.3750000000
154576  27.368  5.889  -40.203 0.1250000000
98962  27.972  9.377  -38.293 0.1250000000
106120  24.889  17.599  -35.244 0.3750000000
105171  23.504  16.467  -35.233 0.3750000000
104186  24.257  15.910  -34.854 0.3750000000
105168  26.328  16.959  -35.368 0.3750000000
105169  25.529  16.907  -35.029 0.3750000000
104212  27.257  15.669  -37.143 0.3750000000
104203  27.436  15.523  -36.279 0.3750000000
151113  26.682  16.254  -35.370 0.3750000000
103279  27.389  14.044  -37.588 0.3750000000
102328  27.844  13.834  -36.811 0.3750000000
103259  27.682  14.541  -36.212 0.3750000000
98978  26.551  9.602  -40.039 0.1250000000
99813  27.541  10.848  -38.293 0.1250000000
100633  27.179  11.747  -38.462 0.2500000000
98066  27.106  8.049  -39.937 0.1250000000
107014  25.976  18.398  -36.170 0.2500000000
146636  26.651  17.166  -37.749 0.2500000000
106131  26.482  17.804  -36.476 0.3750000000
106118  26.204  17.694  -35.770 0.3750000000
103280  26.397  15.187  -38.443 0.1250000000
149925  26.912  16.435  -37.408 0.3750000000
105179  27.124  16.396  -36.581 0.3750000000
148840  26.761  14.165  -38.277 0.1250000000
103269  27.091  14.942  -37.727 0.2500000000
100639  25.494  11.752  -40.136 0.1250000000
102347  27.135  13.299  -38.155 0.1250000000
107015  25.240  19.003  -36.085 0.3750000000
107002  25.499  18.141  -35.647 0.3750000000
106142  26.547  17.853  -37.302 0.2500000000
151910  25.809  15.932  -38.948 0.1250000000
105198  25.956  16.895  -38.881 0.1250000000
103291  25.604  14.992  -39.151 0.1250000000
104230  24.996  15.664  -39.482 0.1250000000
99833  25.312  10.879  -40.579 0.1250000000
102364  24.808  13.845  -39.941 0.1250000000
107050  24.662  18.058  -39.846 0.1250000000
103303  24.044  14.637  -40.242 0.1250000000
105207  24.322  16.327  -39.838 0.1250000000
100644  24.146  12.296  -40.584 0.1250000000
99834  24.380  10.913  -41.026 0.1250000000
80560  23.218  -9.209  -36.639 0.8750000000
160556  26.916  -7.942  -34.425 0.6250000000
89517  30.425  -0.071  -34.840 0.6250000000
94343  28.933  4.268  -33.717 0.8750000000
95253  29.721  5.160  -34.428 0.5000000000
93453  29.524  3.496  -36.928 0.3750000000
155851  22.725  12.913  -35.574 0.8750000000
155409  23.599  13.068  -34.927 0.7500000000
153495  24.604  11.703  -34.509 0.8750000000
147844  26.025  11.795  -34.134 0.7500000000
100599  27.048  10.942  -34.002 0.7500000000
99777  27.331  10.175  -33.926 0.7500000000
96173  29.585  6.988  -35.371 0.5000000000
97147  29.359  7.780  -35.748 0.5000000000
97115  29.224  7.684  -34.787 0.7500000000
158475  29.743  6.214  -36.036 0.5000000000
100638  26.074  11.868  -39.598 0.1250000000
105197  26.477  16.374  -38.261 0.2500000000
103292  24.846  14.798  -39.684 0.1250000000
148897  24.435  13.053  -40.283 0.1250000000
85614  29.824  -4.455  -34.395 0.5000000000
85599  29.324  -4.037  -34.057 0.6250000000
85615  27.728  -3.932  -34.349 0.7500000000
154041  30.288  -1.099  -35.983 0.3750000000
89536  30.333  -0.115  -35.768 0.3750000000
90567  29.218  0.756  -37.669 0.2500000000
97116  28.817  7.291  -34.004 0.7500000000
102348  26.444  13.359  -38.780 0.1250000000
90568  28.874  0.972  -38.397 0.1250000000
74876  22.667  -15.057  -35.070 0.7500000000
75769  21.872  -14.813  -34.835 0.7500000000
75771  21.034  -13.714  -34.271 0.7500000000
76681  20.828  -12.919  -34.103 0.7500000000
74875  23.621  -15.306  -35.136 0.7500000000
76702  22.405  -13.444  -35.347 0.7500000000
75790  25.164  -14.465  -35.167 0.7500000000
78685  20.856  -10.972  -35.040 0.7500000000
141298  24.953  -12.938  -34.996 0.6250000000
78681  24.748  -11.386  -35.088 0.7500000000
78672  25.712  -11.467  -34.590 0.6250000000
80518  25.843  -9.973  -34.651 0.6250000000
81527  27.106  -8.692  -34.302 0.5000000000
80515  28.449  -9.319  -34.633 0.3750000000
81526  27.934  -8.847  -34.303 0.5000000000
81540  29.567  -8.276  -35.618 0.1250000000
83630  28.743  -6.718  -37.454 0.1250000000
162754  28.055  -6.251  -37.930 0.1250000000
83666  27.857  -6.280  -40.106 0.1250000000
84701  26.948  -4.978  -40.362 0.1250000000
85691  27.422  -4.427  -40.257 0.1250000000
86597  27.708  -3.591  -38.959 0.1250000000
154430  21.320  10.979  -36.658 0.3750000000
87507  28.485  -3.070  -38.506 0.1250000000
87497  29.306  -2.795  -37.665 0.1250000000
143054  29.822  -1.311  -36.761 0.1250000000
89537  29.820  -0.546  -36.700 0.2500000000
90552  29.820  0.479  -36.688 0.2500000000
101452  20.014  11.852  -37.663 0.5000000000
92517  28.175  2.115  -39.260 0.1250000000
91546  28.994  1.645  -37.972 0.2500000000
157893  27.525  3.179  -39.720 0.1250000000
95310  27.728  5.133  -39.074 0.1250000000
95320  27.505  5.169  -39.836 0.1250000000
149252  19.437  13.768  -37.683 0.3750000000
161803  27.288  5.162  -40.636 0.1250000000
95333  26.907  5.810  -40.989 0.1250000000
95332  27.024  5.040  -41.469 0.1250000000
98991  25.799  9.376  -40.762 0.1250000000
147081  25.156  8.227  -41.732 0.1250000000
105159  17.958  17.193  -35.359 0.1250000000
107934  25.793  19.719  -37.742 0.2500000000
107040  26.119  18.559  -38.446 0.1250000000
107955  25.392  19.600  -39.540 0.1250000000
104231  24.164  15.492  -40.031 0.1250000000
106165  23.650  16.997  -40.220 0.1250000000
102374  23.835  13.791  -40.426 0.1250000000
153315  23.517  12.984  -40.630 0.1250000000
84630  26.137  -5.827  -35.102 0.7500000000
149338  28.881  0.898  -33.574 0.7500000000
90500  28.448  -0.108  -33.635 0.7500000000
98946  21.365  9.520  -36.447 0.3750000000
97102  26.841  7.841  -33.992 0.8750000000
81542  24.427  -8.368  -36.256 0.8750000000
80540  20.457  -8.930  -35.395 0.7500000000
80539  21.235  -9.430  -35.786 0.8750000000
81559  22.688  -8.486  -36.762 0.8750000000
83592  27.466  -6.276  -34.490 0.7500000000
86550  28.723  -3.475  -33.935 0.6250000000
93416  27.133  3.067  -33.735 0.8750000000
99788  24.935  10.335  -34.249 0.8750000000
99779  25.764  10.360  -33.977 0.8750000000
97994  26.624  8.760  -33.943 0.8750000000
141906  23.857  17.266  -35.248 0.3750000000
107003  24.606  18.419  -35.597 0.3750000000
108768  24.865  20.308  -36.952 0.1250000000
107920  25.470  19.665  -36.891 0.2500000000
75770  21.702  -13.861  -34.887 0.7500000000
75792  22.457  -14.244  -35.232 0.7500000000
158675  23.026  -13.737  -35.531 0.7500000000
75791  23.254  -14.461  -35.354 0.7500000000
152696  24.191  -14.503  -35.300 0.7500000000
76700  24.633  -13.727  -35.214 0.7500000000
77630  20.563  -12.113  -34.152 0.7500000000
77645  20.915  -11.670  -34.727 0.7500000000
144733  23.025  -12.984  -35.600 0.7500000000
78683  22.980  -11.428  -35.862 0.7500000000
80520  19.636  -9.027  -34.264 0.6250000000
79564  22.491  -10.667  -36.102 0.8750000000
79579  22.843  -9.967  -36.478 0.8750000000
80561  22.379  -9.192  -36.552 0.8750000000
165174  24.367  -9.699  -36.030 0.7500000000
79561  25.276  -10.660  -34.897 0.7500000000
81528  25.535  -9.130  -35.104 0.7500000000
154420  24.769  -9.094  -35.869 0.8750000000
150479  26.453  -9.293  -34.497 0.6250000000
82551  26.371  -7.335  -34.811 0.7500000000
80514  29.217  -8.904  -34.971 0.2500000000
81525  28.610  -8.367  -34.445 0.5000000000
144922  27.707  -8.143  -34.226 0.6250000000
83591  28.257  -6.847  -34.298 0.7500000000
83605  30.090  -6.615  -35.136 0.5000000000
160234  29.924  -6.959  -36.305 0.2500000000
82586  29.315  -7.244  -36.830 0.1250000000
84655  29.912  -5.719  -36.537 0.2500000000
84654  30.287  -5.614  -35.889 0.3750000000
85613  29.729  -5.172  -34.478 0.6250000000
84668  27.789  -5.529  -38.056 0.1250000000
84688  27.188  -5.560  -39.847 0.1250000000
85640  29.387  -4.984  -36.926 0.1250000000
154781  30.344  -4.194  -35.688 0.5000000000
154288  30.202  -3.419  -36.231 0.1250000000
86573  29.496  -3.439  -37.073 0.1250000000
86561  30.435  -3.373  -35.294 0.5000000000
86585  27.904  -3.789  -38.268 0.1250000000
87485  29.947  -2.690  -36.766 0.1250000000
88468  30.314  -1.720  -34.453 0.6250000000
88484  30.174  -1.915  -36.348 0.1250000000
90499  29.485  -0.085  -33.697 0.6250000000
90517  29.818  0.716  -34.087 0.6250000000
93414  29.640  3.119  -34.342 0.6250000000
96154  28.765  6.274  -33.757 0.7500000000
150047  28.722  8.126  -34.280 0.7500000000
98923  27.694  9.361  -33.895 0.7500000000
94369  29.746  4.272  -36.332 0.3750000000
100600  26.253  11.080  -33.965 0.7500000000
98006  28.955  8.531  -34.792 0.6250000000
99776  27.999  10.127  -34.141 0.7500000000
95267  29.875  5.573  -35.150 0.5000000000
94405  28.788  4.696  -38.148 0.1250000000
94385  28.699  3.887  -38.250 0.1250000000
93454  29.114  3.390  -37.772 0.2500000000
92502  28.330  2.716  -38.689 0.1250000000
103236  23.519  14.601  -35.048 0.7500000000
102308  25.763  13.238  -34.404 0.7500000000
99795  28.484  10.848  -35.130 0.6250000000
98041  28.962  8.756  -36.575 0.3750000000
147202  28.757  9.934  -35.469 0.3750000000
96204  29.412  6.590  -37.102 0.1250000000
147431  29.245  7.322  -37.168 0.3750000000
103233  26.347  14.851  -34.672 0.3750000000
98954  28.460  9.347  -37.612 0.3750000000
96205  28.967  6.973  -37.915 0.1250000000
98050  28.380  8.503  -38.105 0.1250000000
96213  27.934  6.457  -38.967 0.1250000000
102335  28.155  12.962  -36.748 0.3750000000
103242  27.925  13.764  -36.057 0.3750000000
148266  27.625  10.033  -38.446 0.2500000000
98057  27.568  8.076  -39.295 0.1250000000
97178  27.076  7.319  -40.175 0.1250000000
154739  27.690  5.857  -39.443 0.1250000000
98051  27.734  8.713  -38.788 0.1250000000
100625  27.803  11.686  -37.829 0.2500000000
98058  27.131  8.910  -39.535 0.1250000000
98977  26.948  9.765  -39.369 0.1250000000
99823  27.128  10.285  -38.894 0.1250000000
104213  26.851  15.726  -37.801 0.3750000000
103268  27.567  14.798  -36.994 0.3750000000
99824  26.585  10.511  -39.580 0.1250000000
99825  26.053  11.136  -40.000 0.1250000000
99832  26.039  10.303  -40.353 0.1250000000
99814  26.866  11.081  -38.916 0.1250000000
101467  26.818  12.543  -38.602 0.1250000000
97179  26.584  7.216  -40.775 0.1250000000
98067  26.503  8.599  -40.411 0.1250000000
107039  26.315  18.519  -37.671 0.2500000000
163100  25.844  18.961  -36.618 0.2500000000
151012  26.361  17.228  -38.374 0.2500000000
102349  26.073  14.213  -38.943 0.1250000000
101474  25.106  13.034  -39.899 0.1250000000
101473  25.592  12.505  -39.731 0.1250000000
101480  24.959  12.391  -40.224 0.1250000000
106148  26.047  17.776  -38.776 0.1250000000
106158  25.374  17.489  -39.341 0.1250000000
105206  25.189  16.561  -39.367 0.1250000000
99838  24.748  10.193  -41.152 0.1250000000
102362  25.687  13.394  -39.430 0.1250000000
107049  25.559  18.560  -39.335 0.1250000000
145014  22.124  -15.687  -34.719 0.7500000000
79547  19.774  -10.011  -34.015 0.5000000000
79546  20.275  -10.495  -34.559 0.6250000000
79545  26.201  -10.786  -34.430 0.6250000000
80516  27.554  -9.578  -34.388 0.5000000000
145506  29.161  -2.261  -38.374 0.1250000000
87517  28.747  -2.456  -39.630 0.1250000000
88497  29.650  -1.946  -37.398 0.1250000000
94406  28.055  4.351  -38.754 0.1250000000
98068  25.747  8.469  -41.144 0.1250000000
74860  21.219  -14.519  -34.348 0.7500000000
77618  20.027  -12.661  -33.349 0.5000000000
74857  23.530  -16.174  -34.890 0.6250000000
152261  25.658  -16.089  -35.583 0.3750000000
149286  24.642  -15.192  -35.190 0.6250000000
74873  26.427  -15.572  -35.988 0.2500000000
146996  19.139  12.512  -37.868 0.2500000000
74858  22.899  -15.756  -34.898 0.6250000000
76699  25.782  -13.657  -34.956 0.5000000000
77628  26.259  -12.238  -34.627 0.5000000000
78671  26.687  -11.577  -34.525 0.3750000000
73936  25.712  -17.012  -35.740 0.5000000000
73937  25.024  -16.443  -35.171 0.6250000000
80517  26.791  -10.153  -34.395 0.5000000000
144222  23.189  -17.401  -34.385 0.6250000000
75755  20.712  -14.218  -33.813 0.3750000000
73917  22.715  -16.508  -34.557 0.6250000000
74859  21.407  -15.415  -34.306 0.6250000000
72916  25.829  -17.966  -35.707 0.3750000000
72917  25.011  -17.300  -35.181 0.5000000000
72898  24.120  -17.610  -34.799 0.6250000000
156326  19.391  -12.091  -32.957 0.2500000000
73935  26.576  -17.693  -36.346 0.3750000000
75788  26.982  -14.638  -36.162 0.2500000000
74890  27.155  -16.384  -36.825 0.2500000000
76698  26.641  -13.894  -35.319 0.2500000000
77627  27.010  -12.248  -34.779 0.3750000000
79543  27.869  -10.881  -34.796 0.2500000000
79560  28.197  -10.164  -34.719 0.2500000000
90490  15.851  1.355  -31.977 0.1250000000
92466  19.153  2.909  -36.025 0.2500000000
80559  28.962  -9.652  -35.627 0.2500000000
95284  20.572  4.821  -37.126 0.3750000000
143290  20.126  4.205  -37.321 0.2500000000
143245  21.563  8.888  -36.341 0.2500000000
102319  18.342  12.826  -37.671 0.2500000000
91504  17.888  0.945  -35.088 0.1250000000
81513  18.155  -8.054  -33.427 0.2500000000
165179  20.723  4.467  -37.620 0.3750000000
160290  25.858  -12.824  -34.762 0.5000000000
74874  24.328  -15.920  -35.066 0.6250000000
138724  25.514  -15.253  -35.300 0.5000000000
80536  28.736  -9.873  -35.026 0.2500000000
78656  19.917  -11.727  -33.555 0.3750000000
78673  20.378  -11.327  -34.325 0.3750000000
81512  19.040  -8.442  -33.746 0.2500000000
78674  19.739  -10.930  -33.820 0.3750000000
79544  27.161  -10.931  -34.481 0.2500000000
73915  24.247  -16.705  -34.933 0.6250000000
152380  26.405  -16.666  -36.273 0.2500000000
75805  27.154  -15.596  -36.822 0.2500000000
75789  26.146  -14.593  -35.309 0.3750000000
77642  26.729  -13.037  -34.930 0.3750000000
76672  20.430  -13.546  -33.568 0.3750000000
71848  25.911  -18.910  -35.572 0.3750000000
71849  25.037  -18.232  -35.190 0.5000000000
76697  27.232  -13.539  -35.702 0.2500000000
78670  27.496  -11.672  -34.879 0.2500000000
91474  14.981  1.917  -30.992 0.1250000000
72900  21.505  -17.254  -33.426 0.5000000000
145045  24.132  -19.189  -34.676 0.3750000000
71834  24.355  -18.507  -34.851 0.5000000000
72899  22.334  -17.255  -34.010 0.5000000000
72863  21.230  -18.009  -32.940 0.3750000000
144376  20.924  -16.560  -33.235 0.5000000000
73918  21.665  -16.392  -34.106 0.5000000000
73898  21.040  -15.865  -33.698 0.3750000000
137320  20.131  -18.727  -32.034 0.1250000000
74830  19.924  -15.157  -32.684 0.2500000000
69761  20.523  -20.203  -31.845 0.1250000000
71801  21.014  -18.824  -32.638 0.2500000000
70762  21.768  -19.252  -33.051 0.3750000000
69804  25.330  -20.191  -35.208 0.2500000000
70760  23.171  -19.706  -33.921 0.3750000000
71818  22.826  -18.780  -33.847 0.5000000000
137312  20.157  -19.378  -31.572 0.1250000000
149859  22.177  -18.824  -33.387 0.3750000000
72864  18.834  -17.862  -32.134 0.1250000000
73878  19.564  -16.046  -32.265 0.1250000000
89554  29.363  -0.148  -37.580 0.1250000000
74842  20.721  -15.031  -33.573 0.3750000000
71835  23.551  -18.356  -34.416 0.5000000000
75756  20.132  -14.307  -33.152 0.2500000000
76673  19.643  -13.560  -32.847 0.2500000000
71847  26.683  -19.491  -35.885 0.2500000000
71819  22.104  -18.077  -33.515 0.5000000000
71836  22.835  -17.947  -33.985 0.5000000000
70792  25.034  -19.266  -35.141 0.3750000000
164983  23.492  -19.167  -34.264 0.3750000000
71820  21.659  -18.587  -33.123 0.3750000000
72881  20.614  -17.342  -32.711 0.2500000000
73899  20.070  -16.710  -32.436 0.1250000000
148040  20.440  -15.867  -32.942 0.1250000000
70743  20.696  -19.521  -32.226 0.1250000000
137317  19.691  -18.717  -31.155 0.1250000000
71803  19.358  -18.079  -32.261 0.1250000000
138536  19.480  -18.361  -31.551 0.1250000000
71802  20.246  -18.099  -32.433 0.1250000000
70742  21.326  -19.613  -32.669 0.3750000000
69793  24.278  -20.771  -34.583 0.2500000000
72882  19.281  -17.704  -32.387 0.1250000000
73879  18.834  -17.113  -32.197 0.1250000000
69777  21.973  -20.216  -33.020 0.2500000000
69776  22.827  -20.410  -33.585 0.2500000000
79531  19.436  -10.491  -33.257 0.2500000000
70777  24.635  -20.054  -34.852 0.2500000000
69760  21.198  -20.294  -32.402 0.1250000000
70761  22.453  -19.517  -33.467 0.2500000000
68744  22.612  -21.319  -33.252 0.1250000000
79532  19.280  -9.943  -32.752 0.1250000000
99798  21.111  10.291  -36.500 0.1250000000
155911  20.834  10.995  -36.539 0.1250000000
99799  20.394  10.465  -36.099 0.1250000000
100609  20.011  11.355  -36.413 0.1250000000
101453  19.826  12.611  -37.449 0.1250000000
100617  20.541  11.443  -37.166 0.1250000000
100610  19.118  11.222  -35.271 0.1250000000
101444  18.903  13.389  -37.154 0.1250000000
152451  20.470  9.455  -36.292 0.1250000000
155812  18.884  11.678  -36.604 0.1250000000
101435  16.829  12.404  -34.760 0.1250000000
98022  20.959  8.763  -36.449 0.1250000000
98023  20.315  8.594  -36.289 0.1250000000
79524  19.018  -11.060  -32.719 0.1250000000
160631  19.973  5.263  -36.706 0.1250000000
98936  19.669  9.688  -35.645 0.1250000000
99792  18.697  10.587  -34.714 0.1250000000
101431  16.954  11.642  -33.803 0.1250000000
101436  16.678  13.178  -33.237 0.1250000000
144216  17.419  13.100  -35.637 0.1250000000
98033  20.625  7.978  -36.375 0.1250000000
82535  17.934  -7.210  -33.554 0.1250000000
82523  17.116  -7.998  -33.549 0.1250000000
78657  19.292  -11.391  -33.101 0.1250000000
78645  19.006  -12.014  -32.380 0.1250000000
94388  20.366  4.600  -37.283 0.1250000000
80502  19.438  -9.442  -33.404 0.1250000000
159387  18.769  -9.390  -32.561 0.1250000000
79525  19.021  -10.613  -32.419 0.1250000000
99791  19.685  10.608  -35.337 0.1250000000
154694  17.927  11.385  -35.236 0.1250000000
102304  16.725  13.898  -33.940 0.1250000000
71858  27.386  -19.073  -36.318 0.1250000000
72928  28.127  -18.073  -37.160 0.1250000000
73955  27.285  -17.317  -36.842 0.1250000000
73954  27.927  -16.998  -37.428 0.1250000000
76718  27.496  -14.076  -37.012 0.1250000000
77641  27.376  -12.578  -35.270 0.1250000000
77677  27.920  -13.038  -37.882 0.1250000000
78702  27.776  -12.584  -36.736 0.1250000000
77640  27.783  -12.015  -35.652 0.1250000000
78719  27.798  -11.398  -37.308 0.1250000000
144573  28.124  -11.320  -35.639 0.1250000000
79604  27.660  -10.836  -38.034 0.1250000000
79594  27.840  -10.643  -37.140 0.1250000000
141004  28.350  -10.135  -36.428 0.1250000000
69792  25.101  -20.961  -35.063 0.1250000000
69775  23.539  -20.580  -34.098 0.1250000000
69791  25.737  -21.180  -35.029 0.1250000000
69803  25.849  -20.606  -35.302 0.1250000000
70789  27.128  -19.742  -35.781 0.1250000000
71832  28.333  -18.522  -35.896 0.1250000000
71833  27.798  -19.136  -35.749 0.1250000000
143573  27.935  -17.738  -37.273 0.1250000000
74904  28.629  -16.529  -37.853 0.1250000000
156298  28.466  -15.730  -38.170 0.1250000000
76730  28.868  -14.434  -38.782 0.1250000000
78733  28.097  -11.709  -38.326 0.1250000000
81557  28.226  -9.144  -36.828 0.1250000000
141579  27.639  -9.924  -37.656 0.1250000000
163405  27.715  -10.292  -38.580 0.1250000000
80558  29.227  -8.925  -35.899 0.1250000000
72929  27.591  -18.292  -36.798 0.1250000000
79578  28.276  -10.920  -36.183 0.1250000000
74889  27.809  -16.129  -37.570 0.1250000000
70791  25.927  -19.838  -35.467 0.1250000000
70790  26.495  -20.139  -35.507 0.1250000000
68761  24.612  -21.373  -34.557 0.1250000000
73953  28.485  -17.342  -37.385 0.1250000000
75804  27.599  -15.193  -37.456 0.1250000000
77660  27.620  -13.043  -36.102 0.1250000000
78720  27.881  -12.199  -37.606 0.1250000000
76731  27.978  -13.889  -38.079 0.1250000000
77693  28.586  -12.798  -38.744 0.1250000000
78701  27.894  -11.727  -36.458 0.1250000000
78732  29.135  -12.096  -39.206 0.1250000000
68760  25.148  -21.496  -34.620 0.1250000000
69790  26.245  -21.041  -34.465 0.1250000000
73934  28.717  -17.527  -36.901 0.1250000000
79614  28.145  -10.136  -39.321 0.1250000000
70776  26.367  -20.695  -35.129 0.1250000000
70778  23.861  -19.899  -34.407 0.2500000000
71846  28.086  -18.570  -36.654 0.1250000000
72915  26.724  -18.687  -36.241 0.1250000000
72927  28.364  -17.967  -37.016 0.1250000000
73916  23.547  -16.860  -34.677 0.6250000000
78669  27.991  -11.313  -35.150 0.1250000000
79559  28.355  -10.694  -35.201 0.2500000000
81556  29.003  -8.180  -36.712 0.1250000000
82536  17.077  -7.244  -33.554 0.1250000000
82549  28.194  -7.632  -34.235 0.6250000000
82562  30.104  -7.041  -35.761 0.5000000000
82563  29.841  -7.583  -35.205 0.5000000000
82566  19.908  -7.062  -35.182 0.7500000000
82574  24.124  -7.640  -36.578 1.0000000000
82577  21.418  -6.877  -36.741 1.0000000000
83567  17.444  -6.217  -33.471 0.1250000000
83589  29.664  -6.384  -34.615 0.7500000000
83593  26.630  -6.510  -34.770 0.7500000000
83617  23.005  -6.923  -37.124 1.0000000000
83618  20.887  -6.000  -36.732 1.0000000000
83633  21.385  -5.790  -37.238 1.0000000000
83634  20.824  -5.434  -36.859 1.0000000000
83653  27.615  -6.440  -39.698 0.1250000000
84620  29.087  -4.933  -34.135 0.6250000000
84641  30.249  -5.889  -35.369 0.3750000000
84656  24.438  -5.494  -36.445 1.0000000000
84659  19.941  -4.879  -35.991 1.0000000000
84672  20.676  -4.925  -36.871 1.0000000000
84678  27.072  -5.188  -39.043 0.1250000000
85617  18.820  -4.435  -34.911 0.8750000000
85626  30.311  -5.068  -35.247 0.3750000000
85631  19.117  -4.070  -35.360 1.0000000000
85644  19.773  -4.338  -35.951 1.0000000000
85654  27.657  -4.640  -38.164 0.1250000000
85657  21.038  -4.470  -37.361 1.0000000000
85668  27.140  -4.327  -39.165 0.1250000000
85677  26.952  -4.568  -40.002 0.1250000000
85690  27.773  -4.858  -40.453 0.1250000000
86548  30.282  -4.118  -34.801 0.6250000000
86552  26.988  -3.295  -34.601 0.8750000000
86553  18.818  -3.797  -35.161 1.0000000000
86576  19.563  -3.658  -36.054 1.0000000000
86590  20.683  -3.801  -37.286 1.0000000000
86604  27.552  -3.887  -39.712 0.1250000000
87457  30.169  -2.675  -34.236 0.5000000000
87459  27.718  -2.264  -34.235 0.8750000000
87461  18.338  -2.941  -34.738 0.8750000000
87476  18.676  -2.972  -35.329 1.0000000000
87477  18.560  -2.126  -35.627 1.0000000000
87489  18.801  -2.351  -35.873 1.0000000000
87499  21.870  -2.718  -37.728 1.0000000000
87500  20.322  -3.058  -37.186 1.0000000000
87509  21.397  -2.229  -37.721 1.0000000000
88432  28.580  -1.401  -33.704 0.7500000000
88451  29.874  -2.003  -33.867 0.6250000000
88470  25.512  -1.388  -35.542 1.0000000000
88473  18.270  -1.256  -35.560 1.0000000000
88501  20.014  -2.096  -37.106 1.0000000000
88512  21.310  -1.480  -37.840 1.0000000000
89475  28.238  -0.831  -33.762 0.7500000000
89499  30.149  -0.696  -34.255 0.6250000000
89500  30.076  0.089  -34.267 0.6250000000
89519  25.285  -0.589  -35.621 1.0000000000
89539  23.223  -0.890  -37.194 1.0000000000
89540  18.794  -0.681  -36.305 1.0000000000
89557  21.918  -0.358  -37.914 1.0000000000
89573  21.089  -0.375  -38.067 1.0000000000
90520  17.863  0.055  -35.169 0.5000000000
90533  30.402  0.599  -35.209 0.5000000000
90553  23.982  0.066  -36.351 1.0000000000
90585  21.203  0.380  -38.091 1.0000000000
91499  28.971  1.924  -33.580 0.7500000000
91529  30.283  1.264  -35.478 0.5000000000
91532  22.678  1.940  -37.164 1.0000000000
91547  21.844  1.398  -37.934 1.0000000000
91550  20.360  1.279  -37.590 0.8750000000
92450  30.036  2.502  -34.788 0.5000000000
92451  29.591  2.299  -34.152 0.6250000000
92452  29.012  2.712  -33.714 0.7500000000
92465  24.457  2.446  -35.488 1.0000000000
92494  21.539  3.035  -38.302 1.0000000000
92503  27.779  2.899  -39.226 0.1250000000
93415  28.930  3.458  -33.735 0.7500000000
93438  29.849  3.443  -35.850 0.5000000000
93471  28.647  3.211  -38.308 0.1250000000
93472  28.122  3.444  -38.730 0.1250000000
93484  27.552  3.653  -39.214 0.1250000000
94384  29.296  4.224  -37.479 0.2500000000
94386  21.406  3.931  -38.141 0.6250000000
94430  27.409  4.498  -40.277 0.1250000000
95258  25.115  5.511  -34.788 1.0000000000
95268  24.333  5.539  -35.219 1.0000000000
95280  29.804  5.200  -36.141 0.5000000000
95308  28.993  5.485  -38.005 0.1250000000
96144  28.083  7.047  -33.758 0.7500000000
96156  26.632  6.234  -34.086 0.8750000000
96211  29.163  6.178  -37.783 0.1250000000
96212  28.604  6.166  -38.433 0.1250000000
96230  26.998  6.579  -40.512 0.1250000000
97100  28.220  7.861  -33.865 0.7500000000
97119  24.577  7.299  -35.010 1.0000000000
97134  19.900  7.908  -36.093 0.1250000000
97168  27.813  7.297  -39.047 0.1250000000
97174  27.421  7.493  -39.636 0.1250000000
97992  28.263  8.680  -34.012 0.7500000000
98007  28.619  8.804  -34.443 0.6250000000
98031  29.133  8.524  -35.966 0.5000000000
98042  28.790  8.635  -37.255 0.2500000000
98076  26.224  7.859  -40.960 0.1250000000
98924  26.937  9.537  -33.827 0.7500000000
98932  28.741  9.305  -34.801 0.6250000000
98943  28.985  8.987  -35.378 0.3750000000
98953  28.788  9.357  -36.867 0.3750000000
98992  25.097  8.907  -41.491 0.1250000000
99786  28.125  10.816  -34.565 0.7500000000
99812  28.124  10.159  -37.853 0.2500000000
100613  28.419  11.744  -35.520 0.6250000000
100621  28.531  11.645  -36.427 0.3750000000
100634  26.589  11.853  -39.032 0.1250000000
100642  24.721  11.637  -40.569 0.1250000000
101438  28.023  12.162  -34.914 0.6250000000
101443  23.227  12.347  -35.234 0.8750000000
101445  17.843  12.243  -35.997 0.1250000000
101449  27.808  12.844  -34.999 0.6250000000
101460  28.366  12.234  -36.795 0.3750000000
101461  28.035  12.385  -37.358 0.2500000000
101466  27.481  12.483  -38.013 0.2500000000
101472  26.226  12.593  -39.222 0.1250000000
102306  27.382  13.419  -34.886 0.7500000000
102327  28.030  13.418  -36.434 0.3750000000
102363  25.428  14.240  -39.436 0.1250000000
104174  26.543  15.594  -34.972 0.3750000000
104175  25.818  15.518  -34.653 0.3750000000
104185  27.106  15.630  -35.515 0.3750000000
105158  25.240  16.140  -34.761 0.3750000000
105167  27.090  16.304  -35.875 0.3750000000
105170  24.572  16.747  -34.950 0.3750000000
105180  26.810  17.062  -36.026 0.3750000000
105192  26.821  17.157  -36.902 0.2500000000
106119  25.734  17.490  -35.372 0.3750000000
106147  26.420  17.863  -38.098 0.2500000000
106159  24.522  17.153  -39.751 0.1250000000
107004  23.510  18.445  -35.734 0.3750000000
107030  26.276  18.485  -36.884 0.2500000000
107919  26.045  19.119  -37.271 0.2500000000
107922  23.389  19.814  -36.493 0.2500000000
107941  26.106  19.108  -37.962 0.2500000000
138191  14.304  -5.039  -31.430 0.1250000000
140702  29.480  -1.044  -37.528 0.1250000000
142365  25.769  8.859  -34.204 0.8750000000
142812  28.593  2.102  -38.557 0.2500000000
143020  25.655  -3.092  -35.384 1.0000000000
144199  28.606  -4.256  -34.120 0.6250000000
144559  30.310  -3.262  -34.625 0.5000000000
145444  22.636  3.501  -36.854 1.0000000000
145555  28.338  6.997  -38.556 0.1250000000
145862  26.718  7.819  -40.450 0.1250000000
145968  23.261  -21.142  -33.769 0.2500000000
146707  28.227  -3.169  -39.273 0.1250000000
146877  23.076  -2.892  -37.610 1.0000000000
147758  19.099  -5.152  -34.948 0.8750000000
148821  22.061  -5.047  -37.742 1.0000000000
149875  28.440  -5.023  -37.498 0.1250000000
150469  29.996  -1.328  -33.924 0.6250000000
151332  27.397  14.984  -35.680 0.3750000000
151957  26.439  11.302  -39.430 0.1250000000
152189  29.921  3.824  -34.878 0.5000000000
153032  25.304  -12.176  -34.798 0.5000000000
153223  27.564  -10.359  -34.534 0.5000000000
153567  25.431  10.088  -40.804 0.1250000000
155606  17.155  -6.957  -33.429 0.1250000000
156699  21.267  -0.781  -38.000 1.0000000000
157777  24.287  -1.518  -36.415 1.0000000000
158329  28.649  -10.281  -35.576 0.1250000000
159735  24.512  -4.029  -36.383 1.0000000000
160315  27.701  -13.332  -37.142 0.1250000000
160852  26.852  -3.979  -34.662 0.8750000000
161706  25.049  8.877  -34.479 1.0000000000
161854  26.812  -5.839  -34.724 0.8750000000
162195  18.437  -0.926  -35.938 0.8750000000
162425  25.034  -15.755  -35.177 0.6250000000
163417  28.176  7.467  -38.649 0.1250000000
163660  29.432  -3.485  -33.928 0.6250000000
163967  29.747  6.288  -34.999 0.5000000000
164282  28.703  -2.520  -39.018 0.1250000000
164441  30.105  1.815  -35.764 0.5000000000
165008  27.201  9.033  -33.818 0.7500000000
165204  26.866  -20.220  -35.290 0.1250000000
165931  24.026  17.916  -35.404 0.3750000000
166008  18.894  16.309  -37.465 0.1250000000
166269  30.121  -4.913  -34.735 0.5000000000
166282  23.399  -13.403  -35.549 0.7500000000
166499  29.321  2.893  -37.342 0.3750000000
166575  26.765  16.667  -35.660 0.3750000000
166671  29.574  -8.236  -34.997 0.3750000000
166920  27.339  4.555  -40.987 0.1250000000
167129  28.396  10.495  -37.402 0.2500000000
167612  20.729  -7.257  -35.952 1.0000000000
