#!ascii label  , from subject sub-v1s14x0051575_ses-1 vox2ras=TkReg
614
80130  16.529  -1.263  -52.757 0.0000000000
87403  22.852  5.293  -56.546 0.0000000000
162252  21.605  15.108  -55.515 0.0000000000
138365  15.214  12.148  -54.046 0.0000000000
75891  18.705  -5.960  -51.087 0.0000000000
78032  22.208  -3.166  -52.530 0.0000000000
82329  18.788  0.906  -55.958 0.0000000000
164278  16.597  6.636  -56.412 0.0000000000
92088  21.184  10.461  -56.261 0.0000000000
94112  26.348  12.212  -57.730 0.0000000000
157227  24.351  18.613  -54.732 0.0000000000
78037  17.164  -3.530  -52.632 0.0000000000
76966  20.581  -4.660  -51.681 0.0000000000
79104  18.720  -2.613  -53.853 0.0000000000
87381  15.965  5.323  -53.703 0.0000000000
151137  14.286  7.294  -52.600 0.0000000000
95122  17.472  14.287  -57.168 0.0000000000
93073  17.743  12.037  -58.505 0.0000000000
94100  21.266  13.056  -55.728 0.0000000000
93054  24.043  11.418  -55.337 0.0000000000
95106  25.002  13.455  -54.718 0.0000000000
100460  21.115  19.832  -51.481 0.0000000000
100481  20.543  19.221  -53.377 0.0000000000
101400  25.662  20.456  -54.220 0.0000000000
85426  20.679  3.517  -56.774 0.0000000000
82313  22.147  1.267  -55.335 0.0000000000
85413  23.892  2.995  -55.792 0.0000000000
143417  18.108  16.492  -55.805 0.0000000000
88400  24.919  6.816  -56.924 0.0000000000
82294  16.354  1.377  -53.383 0.0000000000
82306  17.649  0.183  -54.833 0.0000000000
84352  16.699  2.895  -54.969 0.0000000000
85440  16.995  3.905  -56.354 0.0000000000
87416  19.550  5.644  -57.614 0.0000000000
92080  15.528  9.838  -55.035 0.0000000000
91154  18.514  8.954  -58.221 0.0000000000
149676  21.705  7.937  -56.517 0.0000000000
91132  23.868  9.157  -56.169 0.0000000000
98742  19.026  17.628  -54.749 0.0000000000
164605  23.513  16.680  -54.868 0.0000000000
144970  28.746  19.776  -55.338 0.0000000000
98748  27.977  17.180  -54.622 0.0000000000
97027  26.739  15.122  -54.635 0.0000000000
96121  28.126  14.833  -58.381 0.0000000000
81224  20.976  -1.123  -54.900 0.0000000000
81189  14.646  -0.545  -51.080 0.0000000000
79086  16.051  -1.722  -51.089 0.0000000000
79094  16.730  -2.315  -52.690 0.0000000000
78047  18.350  -3.146  -53.362 0.0000000000
80141  17.944  -1.975  -53.930 0.0000000000
96097  18.922  14.683  -56.602 0.0000000000
95120  19.025  13.709  -57.065 0.0000000000
95110  20.946  13.984  -55.789 0.0000000000
139059  23.441  13.128  -54.754 0.0000000000
166135  22.990  13.912  -54.812 0.0000000000
162467  24.149  19.457  -52.207 0.0000000000
101392  23.941  20.209  -53.485 0.0000000000
101390  25.093  20.941  -53.989 0.0000000000
163475  21.710  4.356  -56.670 0.0000000000
84370  22.412  3.344  -56.350 0.0000000000
86424  23.808  4.270  -56.389 0.0000000000
97033  16.460  15.614  -55.164 0.0000000000
97878  17.432  16.448  -54.323 0.0000000000
75893  16.839  -5.347  -50.742 0.0000000000
74765  17.517  -6.675  -50.570 0.0000000000
73660  18.948  -7.127  -50.076 0.0000000000
74762  20.264  -6.290  -50.220 0.0000000000
76975  20.948  -4.102  -52.229 0.0000000000
76958  21.862  -4.842  -50.758 0.0000000000
83327  16.404  2.263  -53.957 0.0000000000
85382  16.020  4.025  -53.839 0.0000000000
153550  16.217  5.984  -54.727 0.0000000000
87391  16.485  4.491  -55.110 0.0000000000
87418  16.899  5.569  -56.782 0.0000000000
140791  18.163  5.173  -57.525 0.0000000000
88405  17.421  6.237  -57.390 0.0000000000
92066  14.991  10.312  -53.117 0.0000000000
150815  15.303  11.382  -54.424 0.0000000000
151054  19.430  11.193  -58.006 0.0000000000
92116  17.760  10.470  -58.621 0.0000000000
91152  19.850  9.569  -57.337 0.0000000000
89322  20.080  7.743  -57.298 0.0000000000
90210  21.181  8.711  -56.557 0.0000000000
90209  22.651  8.159  -56.331 0.0000000000
91134  22.484  9.636  -56.110 0.0000000000
94104  25.515  11.891  -56.110 0.0000000000
143729  25.174  10.918  -56.293 0.0000000000
100499  22.144  18.935  -54.688 0.0000000000
100492  20.043  18.694  -53.873 0.0000000000
146759  21.803  18.129  -55.078 0.0000000000
98753  21.155  17.463  -55.388 0.0000000000
98750  23.728  17.352  -54.904 0.0000000000
97883  27.888  16.250  -54.773 0.0000000000
97038  28.592  15.293  -56.092 0.0000000000
96094  28.203  14.729  -56.598 0.0000000000
82316  18.173  0.309  -55.365 0.0000000000
80167  19.090  -1.140  -55.339 0.0000000000
155543  19.455  -0.333  -55.662 0.0000000000
83339  24.474  1.119  -54.287 0.0000000000
82304  23.308  0.151  -54.353 0.0000000000
140615  16.591  -4.070  -51.323 0.0000000000
76969  17.771  -5.068  -51.909 0.0000000000
75898  19.283  -5.372  -51.418 0.0000000000
76977  19.127  -4.344  -52.472 0.0000000000
78034  19.492  -3.729  -52.989 0.0000000000
78044  20.806  -3.174  -53.397 0.0000000000
87352  14.974  6.024  -52.419 0.0000000000
163895  15.180  6.578  -52.894 0.0000000000
147828  15.528  7.196  -53.738 0.0000000000
95124  15.945  13.450  -56.000 0.0000000000
93065  15.928  11.985  -56.762 0.0000000000
94115  17.360  12.807  -58.011 0.0000000000
93072  19.458  12.020  -57.570 0.0000000000
93062  20.559  11.283  -56.435 0.0000000000
92087  21.991  10.858  -55.766 0.0000000000
147675  22.418  12.014  -55.338 0.0000000000
160283  24.935  12.230  -55.354 0.0000000000
137893  26.134  12.593  -56.150 0.0000000000
100454  19.709  19.247  -51.010 0.0000000000
152377  20.803  19.740  -52.171 0.0000000000
101394  22.096  20.064  -53.750 0.0000000000
100488  24.152  19.259  -54.596 0.0000000000
84373  19.400  2.560  -56.562 0.0000000000
83349  20.503  1.410  -55.925 0.0000000000
83348  21.469  1.754  -55.815 0.0000000000
142003  23.851  2.150  -55.296 0.0000000000
95101  15.599  13.938  -54.121 0.0000000000
164544  15.913  14.546  -54.773 0.0000000000
97043  17.710  15.730  -56.494 0.0000000000
97898  19.850  16.180  -55.784 0.0000000000
75890  20.664  -5.666  -50.572 0.0000000000
88391  23.573  5.813  -56.636 0.0000000000
87401  24.500  4.887  -56.555 0.0000000000
81199  16.298  -0.342  -52.828 0.0000000000
151070  17.004  -0.812  -53.665 0.0000000000
82307  17.149  0.662  -54.531 0.0000000000
82318  17.339  1.161  -54.904 0.0000000000
83362  17.530  1.952  -55.501 0.0000000000
85415  16.378  3.969  -54.673 0.0000000000
141742  16.919  3.157  -55.653 0.0000000000
84374  18.381  2.422  -56.400 0.0000000000
85437  19.401  3.941  -57.218 0.0000000000
86440  19.759  4.790  -57.464 0.0000000000
87414  21.159  5.538  -57.067 0.0000000000
154235  15.055  8.568  -53.385 0.0000000000
90213  15.949  8.217  -55.411 0.0000000000
92101  16.255  10.532  -57.290 0.0000000000
151969  16.833  9.100  -57.636 0.0000000000
148260  17.451  7.843  -57.690 0.0000000000
89323  19.158  7.208  -57.762 0.0000000000
89321  20.449  6.997  -57.185 0.0000000000
88393  21.685  6.220  -56.830 0.0000000000
89309  23.484  6.786  -56.548 0.0000000000
89320  24.804  7.580  -56.817 0.0000000000
143656  24.144  9.888  -55.995 0.0000000000
98755  19.117  17.198  -55.390 0.0000000000
97890  20.223  16.737  -55.624 0.0000000000
153091  21.347  16.168  -55.545 0.0000000000
101398  27.407  20.111  -54.761 0.0000000000
156724  26.236  18.942  -54.534 0.0000000000
99596  29.067  18.481  -55.088 0.0000000000
98740  26.303  17.777  -54.571 0.0000000000
97885  25.266  16.809  -54.591 0.0000000000
152417  24.987  15.980  -54.550 0.0000000000
142767  23.561  15.285  -54.656 0.0000000000
152259  25.408  14.206  -54.652 0.0000000000
95116  27.348  13.726  -56.838 0.0000000000
95126  27.296  13.536  -57.941 0.0000000000
80155  18.322  -1.598  -54.510 0.0000000000
79119  19.888  -2.221  -54.475 0.0000000000
79100  21.648  -2.081  -54.039 0.0000000000
82305  21.894  0.359  -55.053 0.0000000000
142854  22.696  -1.153  -54.058 0.0000000000
80131  15.688  -0.785  -51.821 0.0000000000
80121  15.309  -1.119  -51.178 0.0000000000
79085  16.136  -1.600  -51.823 0.0000000000
79106  17.497  -2.445  -53.363 0.0000000000
152641  17.249  -1.706  -53.504 0.0000000000
96090  20.623  14.775  -55.776 0.0000000000
163932  20.307  14.105  -56.075 0.0000000000
96089  21.372  14.680  -55.597 0.0000000000
95109  21.751  13.814  -55.504 0.0000000000
96088  22.235  14.585  -55.287 0.0000000000
101391  24.487  20.615  -53.780 0.0000000000
86426  22.216  4.797  -56.603 0.0000000000
144675  22.324  4.096  -56.517 0.0000000000
86425  22.998  4.563  -56.486 0.0000000000
74771  17.763  -6.158  -51.065 0.0000000000
75892  17.154  -6.047  -50.748 0.0000000000
73661  17.944  -7.290  -50.282 0.0000000000
74764  18.362  -6.645  -50.637 0.0000000000
74763  19.349  -6.464  -50.440 0.0000000000
158718  21.306  -3.507  -52.718 0.0000000000
78028  21.789  -3.815  -51.943 0.0000000000
78027  22.614  -3.577  -51.662 0.0000000000
79084  22.965  -3.068  -52.021 0.0000000000
84324  16.099  3.067  -53.602 0.0000000000
88379  16.366  6.507  -55.693 0.0000000000
87406  16.406  5.651  -55.382 0.0000000000
88394  16.563  5.952  -56.233 0.0000000000
88406  16.888  6.636  -56.955 0.0000000000
93050  15.125  11.228  -53.533 0.0000000000
92098  20.287  10.424  -56.826 0.0000000000
153265  19.210  10.251  -58.058 0.0000000000
91136  20.708  9.549  -56.678 0.0000000000
90211  20.346  8.609  -57.018 0.0000000000
150525  22.101  8.849  -56.327 0.0000000000
91135  21.594  9.568  -56.311 0.0000000000
93059  26.065  11.981  -56.899 0.0000000000
100496  23.668  18.566  -54.802 0.0000000000
99601  21.352  18.629  -54.793 0.0000000000
99600  22.773  18.518  -54.877 0.0000000000
98751  22.471  17.807  -55.133 0.0000000000
99598  24.082  18.041  -54.863 0.0000000000
97037  29.180  16.033  -56.154 0.0000000000
97053  29.503  15.982  -57.291 0.0000000000
97064  28.811  15.381  -57.825 0.0000000000
82330  18.291  0.797  -55.628 0.0000000000
81248  18.716  0.202  -55.709 0.0000000000
157187  19.277  0.410  -55.911 0.0000000000
82291  24.405  0.471  -53.934 0.0000000000
76980  16.737  -3.939  -52.029 0.0000000000
78029  16.484  -3.433  -51.541 0.0000000000
76970  16.912  -4.684  -51.525 0.0000000000
76979  17.340  -4.280  -52.321 0.0000000000
76978  18.198  -4.400  -52.491 0.0000000000
78035  18.640  -3.758  -52.966 0.0000000000
78046  19.051  -3.190  -53.532 0.0000000000
78045  19.892  -3.228  -53.567 0.0000000000
79103  19.412  -2.608  -54.082 0.0000000000
89261  14.602  6.714  -52.620 0.0000000000
154362  14.958  7.236  -52.899 0.0000000000
138274  16.793  14.289  -56.814 0.0000000000
95123  16.430  13.473  -56.694 0.0000000000
95130  17.064  13.540  -57.398 0.0000000000
94107  20.390  13.170  -56.260 0.0000000000
94108  19.552  12.917  -56.912 0.0000000000
93063  20.058  12.103  -56.661 0.0000000000
94106  20.866  12.188  -56.089 0.0000000000
164516  21.998  11.525  -55.557 0.0000000000
157003  21.645  12.164  -55.615 0.0000000000
94098  22.953  12.587  -55.031 0.0000000000
95107  24.483  12.870  -54.831 0.0000000000
95118  25.424  12.722  -55.430 0.0000000000
101374  21.950  20.265  -51.600 0.0000000000
100452  21.119  19.756  -50.754 0.0000000000
151678  20.485  19.593  -51.184 0.0000000000
100461  20.295  19.542  -51.791 0.0000000000
155537  21.456  20.165  -52.208 0.0000000000
101401  24.235  19.994  -54.175 0.0000000000
101393  22.914  20.226  -53.717 0.0000000000
101402  23.358  19.926  -54.139 0.0000000000
100489  23.616  19.593  -54.402 0.0000000000
100487  24.949  19.770  -54.390 0.0000000000
84372  20.305  2.767  -56.550 0.0000000000
83358  20.845  2.249  -56.242 0.0000000000
151277  21.038  2.963  -56.496 0.0000000000
84369  23.144  3.119  -56.175 0.0000000000
84363  23.164  2.445  -55.740 0.0000000000
157461  15.254  13.429  -52.944 0.0000000000
95103  15.702  14.058  -54.518 0.0000000000
96082  15.865  14.667  -54.228 0.0000000000
97032  16.927  16.052  -55.688 0.0000000000
97044  17.084  15.821  -56.299 0.0000000000
97901  17.538  16.241  -56.067 0.0000000000
97042  18.557  15.587  -56.401 0.0000000000
97899  19.079  16.205  -56.037 0.0000000000
76967  19.683  -4.793  -51.840 0.0000000000
75897  20.189  -5.245  -51.210 0.0000000000
76959  21.060  -5.076  -51.007 0.0000000000
75888  22.270  -5.240  -50.116 0.0000000000
157761  24.294  6.310  -56.739 0.0000000000
82279  16.134  0.821  -52.453 0.0000000000
82278  16.307  0.518  -53.079 0.0000000000
81214  16.756  0.148  -53.873 0.0000000000
83326  16.713  2.273  -54.601 0.0000000000
83341  17.010  1.969  -54.933 0.0000000000
83350  17.339  1.751  -55.194 0.0000000000
154555  16.966  2.481  -55.200 0.0000000000
87371  15.806  5.430  -53.311 0.0000000000
86384  15.950  4.815  -53.640 0.0000000000
86395  16.081  4.660  -54.084 0.0000000000
86427  16.727  4.188  -55.796 0.0000000000
86412  16.578  3.922  -55.129 0.0000000000
85428  16.795  3.594  -55.662 0.0000000000
85427  17.164  3.318  -56.154 0.0000000000
84385  17.872  3.130  -56.615 0.0000000000
84384  18.897  3.192  -56.839 0.0000000000
85438  18.464  3.795  -57.140 0.0000000000
138473  18.939  5.045  -57.616 0.0000000000
86439  20.676  4.856  -57.198 0.0000000000
87415  20.350  5.557  -57.391 0.0000000000
151982  15.351  9.911  -54.321 0.0000000000
91107  15.107  9.502  -53.505 0.0000000000
91116  15.377  8.964  -54.202 0.0000000000
90193  15.614  8.089  -54.452 0.0000000000
91123  15.691  9.012  -55.210 0.0000000000
93064  16.289  11.827  -57.485 0.0000000000
93075  16.008  11.245  -57.061 0.0000000000
93074  16.475  11.220  -57.845 0.0000000000
91166  18.031  9.639  -58.480 0.0000000000
91155  16.997  9.824  -58.088 0.0000000000
91167  17.434  9.163  -58.177 0.0000000000
90226  17.169  8.416  -57.676 0.0000000000
90230  17.711  8.363  -58.029 0.0000000000
89329  17.899  7.628  -57.906 0.0000000000
90224  19.012  8.152  -57.962 0.0000000000
89312  20.796  7.800  -56.849 0.0000000000
89311  21.266  7.016  -56.807 0.0000000000
89310  22.355  7.088  -56.535 0.0000000000
90208  23.539  8.380  -56.310 0.0000000000
90206  24.508  8.523  -56.528 0.0000000000
90222  25.424  8.268  -57.047 0.0000000000
92078  23.506  10.958  -55.459 0.0000000000
92085  23.673  10.328  -55.720 0.0000000000
157283  24.379  10.715  -55.730 0.0000000000
100473  19.701  19.100  -52.129 0.0000000000
100482  19.819  18.917  -52.978 0.0000000000
151371  19.601  18.145  -54.421 0.0000000000
99585  19.349  18.366  -53.435 0.0000000000
99586  18.874  17.833  -53.872 0.0000000000
98743  18.431  17.339  -54.262 0.0000000000
162114  18.603  17.211  -54.955 0.0000000000
97889  21.655  16.846  -55.453 0.0000000000
163672  20.524  17.191  -55.489 0.0000000000
97888  22.132  16.188  -55.327 0.0000000000
101407  27.804  20.632  -55.077 0.0000000000
101397  28.176  19.951  -54.956 0.0000000000
100485  26.850  19.321  -54.591 0.0000000000
100484  27.872  19.320  -54.655 0.0000000000
98762  29.943  17.753  -56.017 0.0000000000
99595  29.692  18.469  -55.676 0.0000000000
98747  28.660  17.751  -54.850 0.0000000000
98738  27.957  17.949  -54.460 0.0000000000
98739  27.143  17.735  -54.490 0.0000000000
161901  26.709  17.328  -54.517 0.0000000000
97876  27.172  16.885  -54.526 0.0000000000
97026  27.647  15.323  -54.887 0.0000000000
97020  26.020  15.968  -54.483 0.0000000000
138870  24.671  15.171  -54.527 0.0000000000
97028  25.740  15.080  -54.534 0.0000000000
96085  26.419  14.251  -54.921 0.0000000000
96108  27.848  14.311  -57.498 0.0000000000
165824  27.772  14.267  -56.773 0.0000000000
96122  27.549  14.156  -58.423 0.0000000000
81226  17.401  -0.333  -54.386 0.0000000000
80156  17.683  -1.237  -54.193 0.0000000000
81225  17.914  -0.776  -54.782 0.0000000000
80166  19.986  -1.123  -55.304 0.0000000000
80153  19.532  -1.698  -54.932 0.0000000000
80152  20.344  -1.723  -54.777 0.0000000000
79118  20.747  -2.240  -54.273 0.0000000000
80151  21.127  -1.723  -54.485 0.0000000000
82314  21.136  0.857  -55.513 0.0000000000
81213  23.885  -0.715  -53.523 0.0000000000
81221  23.199  -0.581  -54.096 0.0000000000
80139  23.227  -1.267  -53.626 0.0000000000
80140  22.502  -1.737  -53.804 0.0000000000
78038  16.669  -3.187  -52.319 0.0000000000
78036  17.851  -3.743  -52.881 0.0000000000
78048  17.676  -3.067  -53.174 0.0000000000
79105  18.140  -2.550  -53.644 0.0000000000
79122  18.452  -2.146  -54.052 0.0000000000
95121  18.247  14.089  -57.189 0.0000000000
164279  19.395  14.219  -56.583 0.0000000000
95119  19.759  13.807  -56.518 0.0000000000
94099  22.074  12.862  -55.365 0.0000000000
95108  22.561  13.518  -55.137 0.0000000000
96087  23.856  13.726  -54.610 0.0000000000
100459  23.965  19.231  -51.795 0.0000000000
101380  22.661  20.031  -52.080 0.0000000000
101379  23.295  20.073  -52.858 0.0000000000
161049  21.562  3.617  -56.559 0.0000000000
85425  23.060  3.827  -56.389 0.0000000000
85423  24.141  3.696  -56.049 0.0000000000
97879  16.897  16.085  -54.771 0.0000000000
151372  17.607  16.440  -55.288 0.0000000000
75880  16.285  -5.089  -49.515 0.0000000000
146660  16.809  -5.843  -50.174 0.0000000000
74766  16.960  -6.513  -50.183 0.0000000000
73654  19.527  -7.616  -49.486 0.0000000000
74756  19.907  -6.910  -49.847 0.0000000000
74755  20.658  -6.667  -49.726 0.0000000000
76965  21.430  -4.463  -51.471 0.0000000000
83312  16.187  1.937  -53.135 0.0000000000
84338  16.355  3.228  -54.361 0.0000000000
151945  16.020  5.724  -54.021 0.0000000000
152174  16.178  4.866  -54.324 0.0000000000
87392  16.301  5.276  -54.820 0.0000000000
87405  16.587  4.995  -55.754 0.0000000000
86443  16.944  4.639  -56.529 0.0000000000
86442  17.471  4.486  -57.058 0.0000000000
87417  17.452  5.313  -57.236 0.0000000000
87423  18.075  5.978  -57.684 0.0000000000
138388  18.805  5.803  -57.729 0.0000000000
92065  15.233  10.521  -53.943 0.0000000000
165413  15.411  10.623  -54.796 0.0000000000
152629  18.857  11.014  -58.433 0.0000000000
93083  18.155  11.190  -58.729 0.0000000000
161224  18.682  9.691  -58.288 0.0000000000
91153  19.164  9.175  -57.945 0.0000000000
90223  19.659  8.475  -57.539 0.0000000000
149284  23.001  9.003  -56.190 0.0000000000
94105  24.774  11.564  -55.600 0.0000000000
93060  25.696  11.119  -56.922 0.0000000000
100491  21.717  19.328  -54.305 0.0000000000
161833  20.834  18.913  -54.268 0.0000000000
99593  20.661  18.333  -54.897 0.0000000000
144742  20.112  18.110  -54.934 0.0000000000
99602  20.434  17.742  -55.261 0.0000000000
149943  21.056  18.073  -55.159 0.0000000000
98752  21.917  17.457  -55.309 0.0000000000
152387  22.687  17.058  -55.188 0.0000000000
97881  29.614  16.981  -55.923 0.0000000000
97882  28.819  16.744  -55.239 0.0000000000
97025  28.430  15.691  -55.398 0.0000000000
97039  28.060  14.887  -55.626 0.0000000000
97040  27.302  14.529  -55.229 0.0000000000
97054  28.824  15.357  -56.868 0.0000000000
96107  28.382  14.918  -57.430 0.0000000000
81237  18.064  -0.239  -55.128 0.0000000000
81236  18.584  -0.448  -55.421 0.0000000000
83340  22.946  0.788  -54.795 0.0000000000
82303  23.823  0.636  -54.368 0.0000000000
82292  23.888  -0.028  -53.940 0.0000000000
76960  16.527  -4.436  -50.349 0.0000000000
75900  17.329  -5.541  -51.298 0.0000000000
75899  17.956  -5.689  -51.472 0.0000000000
154496  18.484  -5.419  -51.602 0.0000000000
76968  18.765  -4.909  -51.964 0.0000000000
76976  20.067  -4.263  -52.399 0.0000000000
78033  20.421  -3.670  -52.896 0.0000000000
140154  21.573  -3.031  -53.194 0.0000000000
142566  15.573  6.026  -53.133 0.0000000000
88336  15.001  6.434  -52.572 0.0000000000
139327  15.533  6.495  -53.328 0.0000000000
88367  15.919  6.510  -54.117 0.0000000000
159557  16.145  6.705  -54.895 0.0000000000
94101  15.680  12.923  -55.482 0.0000000000
143728  15.420  12.193  -54.930 0.0000000000
94110  15.947  12.767  -56.383 0.0000000000
94109  16.507  12.655  -57.335 0.0000000000
95128  18.397  13.368  -57.596 0.0000000000
94114  18.175  12.814  -58.174 0.0000000000
146314  18.738  11.905  -58.318 0.0000000000
93071  19.873  11.237  -57.080 0.0000000000
92079  22.667  11.245  -55.480 0.0000000000
93055  23.277  11.736  -55.251 0.0000000000
94097  24.025  12.203  -55.050 0.0000000000
153802  26.466  12.586  -56.880 0.0000000000
100472  20.328  19.403  -52.550 0.0000000000
101381  21.738  20.283  -53.052 0.0000000000
100480  21.304  19.588  -53.647 0.0000000000
100490  22.565  19.660  -54.258 0.0000000000
100497  23.350  19.103  -54.633 0.0000000000
99592  24.965  18.977  -54.619 0.0000000000
83360  18.981  1.713  -56.269 0.0000000000
82328  19.553  1.117  -56.066 0.0000000000
83359  19.937  1.971  -56.265 0.0000000000
84371  21.764  2.673  -56.217 0.0000000000
84364  22.376  2.080  -55.749 0.0000000000
83347  23.060  1.677  -55.292 0.0000000000
84351  23.791  1.366  -54.810 0.0000000000
94092  15.256  12.784  -53.917 0.0000000000
94094  15.492  13.150  -54.549 0.0000000000
95112  15.823  13.896  -55.253 0.0000000000
96100  16.505  14.861  -56.331 0.0000000000
152468  16.137  15.131  -54.603 0.0000000000
97045  16.600  15.507  -56.041 0.0000000000
96099  17.078  15.160  -56.723 0.0000000000
96098  17.966  14.964  -56.850 0.0000000000
97041  19.412  15.502  -56.071 0.0000000000
97031  20.234  15.490  -55.776 0.0000000000
146256  19.763  -5.816  -50.793 0.0000000000
87402  23.719  5.042  -56.601 0.0000000000
88390  24.407  5.581  -56.719 0.0000000000
144984  15.411  -0.063  -51.780 0.0000000000
82293  16.671  1.285  -54.101 0.0000000000
163604  16.988  1.514  -54.679 0.0000000000
82317  17.746  0.716  -55.110 0.0000000000
82331  17.827  1.175  -55.384 0.0000000000
83361  18.109  1.604  -55.888 0.0000000000
85398  16.132  4.025  -54.172 0.0000000000
161170  16.442  3.500  -54.646 0.0000000000
86413  16.334  4.306  -54.632 0.0000000000
85414  16.665  3.432  -55.163 0.0000000000
84375  17.495  2.576  -55.920 0.0000000000
84383  19.855  3.335  -56.923 0.0000000000
142302  18.986  4.417  -57.407 0.0000000000
85436  20.257  4.110  -57.165 0.0000000000
85435  21.047  4.249  -56.873 0.0000000000
86438  21.462  4.891  -56.884 0.0000000000
87404  21.992  5.470  -56.726 0.0000000000
90176  14.288  8.077  -52.622 0.0000000000
90175  14.702  7.877  -52.938 0.0000000000
90181  15.238  7.921  -53.534 0.0000000000
89314  16.199  7.396  -55.590 0.0000000000
148622  15.492  11.374  -55.309 0.0000000000
159884  15.618  10.598  -55.632 0.0000000000
92089  15.885  10.563  -56.477 0.0000000000
92100  16.737  10.498  -58.014 0.0000000000
91156  16.542  9.811  -57.471 0.0000000000
91157  16.137  9.817  -56.690 0.0000000000
91137  16.405  9.062  -56.904 0.0000000000
90227  16.687  8.303  -57.114 0.0000000000
89313  16.570  7.349  -56.532 0.0000000000
89325  17.449  7.135  -57.519 0.0000000000
88404  18.667  6.599  -57.796 0.0000000000
88403  19.341  6.418  -57.675 0.0000000000
152325  19.535  7.704  -57.624 0.0000000000
141106  19.765  7.042  -57.497 0.0000000000
88402  20.057  6.306  -57.467 0.0000000000
88401  20.822  6.257  -57.159 0.0000000000
88392  22.648  6.090  -56.604 0.0000000000
142385  24.299  7.009  -56.698 0.0000000000
148585  23.208  7.631  -56.387 0.0000000000
90207  23.974  7.666  -56.494 0.0000000000
143118  22.009  10.178  -56.023 0.0000000000
91133  23.343  9.738  -55.966 0.0000000000
156702  24.535  9.377  -56.353 0.0000000000
98757  18.068  16.849  -54.678 0.0000000000
98756  18.404  16.810  -55.365 0.0000000000
98754  19.911  17.246  -55.474 0.0000000000
97891  19.498  16.730  -55.691 0.0000000000
97892  18.762  16.637  -55.789 0.0000000000
151633  20.611  16.160  -55.652 0.0000000000
97029  21.802  15.506  -55.447 0.0000000000
102336  26.434  21.119  -54.249 0.0000000000
101399  26.560  20.227  -54.486 0.0000000000
100486  25.833  19.447  -54.479 0.0000000000
99591  25.732  18.509  -54.590 0.0000000000
100494  29.245  19.209  -55.452 0.0000000000
99588  28.330  18.562  -54.665 0.0000000000
99590  26.598  18.481  -54.543 0.0000000000
99597  24.857  18.232  -54.703 0.0000000000
98741  25.480  17.643  -54.630 0.0000000000
98749  24.609  17.495  -54.726 0.0000000000
97886  24.329  16.745  -54.708 0.0000000000
97884  26.997  16.025  -54.554 0.0000000000
97887  22.999  16.112  -54.881 0.0000000000
143539  22.596  15.382  -55.033 0.0000000000
140010  23.196  14.562  -54.723 0.0000000000
158837  24.263  14.400  -54.560 0.0000000000
142562  27.649  14.272  -56.108 0.0000000000
96095  26.974  13.812  -55.749 0.0000000000
96086  26.096  13.380  -55.398 0.0000000000
95117  26.702  13.146  -56.372 0.0000000000
95127  26.831  12.999  -57.369 0.0000000000
95139  26.451  12.895  -58.374 0.0000000000
96128  27.331  14.480  -59.294 0.0000000000
96123  26.842  13.692  -58.839 0.0000000000
79121  18.856  -2.111  -54.338 0.0000000000
80168  18.414  -1.050  -55.089 0.0000000000
80154  18.881  -1.657  -54.857 0.0000000000
79102  20.307  -2.742  -53.983 0.0000000000
79101  21.232  -2.676  -53.749 0.0000000000
138424  22.189  -2.475  -53.335 0.0000000000
82315  20.086  0.505  -55.797 0.0000000000
81235  20.752  -0.227  -55.361 0.0000000000
81223  21.766  -0.504  -54.771 0.0000000000
149231  22.606  -0.074  -54.568 0.0000000000
80150  21.890  -1.289  -54.347 0.0000000000
79093  22.950  -2.561  -52.563 0.0000000000
86411  24.674  4.191  -56.085 0.0000000000
78049  17.085  -2.952  -52.886 0.0000000000
79120  19.285  -2.054  -54.536 0.0000000000
81222  22.453  -0.719  -54.366 0.0000000000
84350  24.511  1.884  -54.731 0.0000000000
84365  16.822  2.937  -55.311 0.0000000000
84376  17.119  2.518  -55.432 0.0000000000
85424  23.605  3.589  -56.199 0.0000000000
85439  17.566  3.786  -56.855 0.0000000000
86441  18.235  4.440  -57.359 0.0000000000
88410  17.998  6.813  -57.807 0.0000000000
89297  15.909  7.350  -54.673 0.0000000000
89324  18.528  7.430  -57.915 0.0000000000
89326  17.013  7.620  -57.278 0.0000000000
90212  16.293  8.245  -56.299 0.0000000000
90225  18.301  8.230  -58.088 0.0000000000
91138  16.027  9.047  -56.081 0.0000000000
92086  22.819  10.415  -55.744 0.0000000000
92099  19.734  10.532  -57.476 0.0000000000
92115  18.454  10.389  -58.506 0.0000000000
92117  17.217  10.393  -58.403 0.0000000000
93056  15.661  12.088  -55.850 0.0000000000
93061  21.362  11.405  -55.923 0.0000000000
93084  17.219  11.139  -58.502 0.0000000000
94113  18.886  12.799  -57.670 0.0000000000
94116  16.835  11.994  -58.115 0.0000000000
95111  16.231  14.153  -56.110 0.0000000000
95129  17.787  13.495  -57.671 0.0000000000
96091  16.176  14.872  -55.479 0.0000000000
96096  19.815  14.684  -56.137 0.0000000000
97030  21.091  15.452  -55.633 0.0000000000
97877  26.271  16.926  -54.551 0.0000000000
97900  18.276  16.223  -56.181 0.0000000000
98746  29.385  17.673  -55.402 0.0000000000
99589  27.474  18.571  -54.527 0.0000000000
99599  23.240  17.893  -55.016 0.0000000000
99603  19.690  17.707  -55.108 0.0000000000
100471  21.003  19.709  -52.844 0.0000000000
100495  28.616  19.225  -54.956 0.0000000000
100498  22.781  19.153  -54.584 0.0000000000
101408  23.121  19.509  -54.420 0.0000000000
144338  15.733  11.308  -56.194 0.0000000000
145497  24.915  20.395  -54.148 0.0000000000
151904  15.785  9.830  -55.875 0.0000000000
151988  17.485  9.920  -58.416 0.0000000000
153008  20.909  16.772  -55.561 0.0000000000
153073  22.471  20.381  -53.173 0.0000000000
154622  18.003  8.866  -58.316 0.0000000000
156902  23.974  16.015  -54.662 0.0000000000
158777  20.250  18.440  -54.543 0.0000000000
162244  22.589  2.721  -56.081 0.0000000000
