#!ascii label  , from subject sub-v1s14x0051557_ses-1 vox2ras=TkReg
1717
130266  -39.908  -21.878  22.471 0.0000000000
78098  -52.915  -8.139  16.367 0.0000000000
70663  -47.809  -16.688  18.536 0.0000000000
48980  -11.831  -37.746  48.353 0.0000000000
65293  -37.265  -21.278  26.950 0.0000000000
52117  -28.418  -35.362  44.058 0.0000000000
54224  -34.254  -32.523  41.768 0.0000000000
58528  -40.258  -28.227  34.229 0.0000000000
63272  -43.207  -24.113  31.827 0.0000000000
51081  -18.697  -36.099  41.614 0.0000000000
53156  -25.508  -34.099  45.842 0.0000000000
54231  -23.627  -33.929  40.237 0.0000000000
140230  -30.882  -31.907  36.274 0.0000000000
55369  -36.344  -31.821  35.235 0.0000000000
68547  -43.519  -19.196  27.286 0.0000000000
64330  -46.620  -22.772  26.967 0.0000000000
74580  -50.419  -12.801  17.807 0.0000000000
67517  -44.293  -20.019  20.845 0.0000000000
77259  -50.930  -9.618  12.302 0.0000000000
46870  -8.713  -39.776  51.330 0.0000000000
67393  -41.420  -18.998  30.697 0.0000000000
148533  -37.623  -18.436  24.576 0.0000000000
52221  -26.461  -34.771  37.220 0.0000000000
49047  -32.249  -37.508  40.455 0.0000000000
67486  -50.093  -19.736  24.045 0.0000000000
78217  -58.119  -8.058  5.839 0.0000000000
58565  -37.781  -28.533  32.377 0.0000000000
59601  -39.286  -26.943  30.570 0.0000000000
51084  -21.227  -35.452  41.036 0.0000000000
56386  -33.303  -30.964  32.326 0.0000000000
57460  -35.571  -29.531  32.132 0.0000000000
56347  -37.783  -29.875  35.022 0.0000000000
66339  -41.694  -20.437  25.527 0.0000000000
66326  -45.164  -20.666  27.241 0.0000000000
64360  -43.384  -22.712  24.710 0.0000000000
76307  -51.363  -10.201  17.538 0.0000000000
74570  -53.601  -12.176  19.895 0.0000000000
79051  -54.040  -6.845  15.656 0.0000000000
47960  -9.958  -39.440  46.083 0.0000000000
47915  -10.177  -38.894  49.854 0.0000000000
64287  -41.189  -22.466  29.049 0.0000000000
65247  -43.001  -21.507  30.643 0.0000000000
66295  -39.307  -20.184  28.714 0.0000000000
69568  -39.341  -17.970  27.705 0.0000000000
151360  -36.834  -18.477  26.008 0.0000000000
54172  -27.821  -33.976  45.336 0.0000000000
50987  -27.527  -35.561  46.922 0.0000000000
51001  -29.455  -36.704  46.104 0.0000000000
49014  -30.957  -37.769  45.592 0.0000000000
54320  -23.896  -32.740  35.187 0.0000000000
53335  -26.703  -33.335  33.982 0.0000000000
55309  -32.855  -32.520  38.301 0.0000000000
53275  -30.675  -33.910  38.314 0.0000000000
52164  -32.860  -34.352  41.101 0.0000000000
49025  -34.164  -38.201  42.982 0.0000000000
53165  -14.290  -35.590  45.278 0.0000000000
135013  -17.026  -35.191  48.249 0.0000000000
53091  -17.657  -33.949  51.579 0.0000000000
68614  -45.827  -18.562  20.105 0.0000000000
66387  -47.680  -20.771  22.170 0.0000000000
68606  -49.341  -18.429  21.762 0.0000000000
150707  -60.225  -6.834  4.536 0.0000000000
50963  -10.919  -36.346  52.123 0.0000000000
59489  -42.005  -26.983  36.605 0.0000000000
151714  -43.270  -25.173  35.865 0.0000000000
61433  -41.899  -26.003  32.849 0.0000000000
62394  -40.940  -24.877  29.882 0.0000000000
51023  -19.363  -35.961  45.439 0.0000000000
52061  -22.789  -35.287  47.828 0.0000000000
133766  -22.154  -36.356  43.805 0.0000000000
53196  -24.040  -33.902  42.995 0.0000000000
54222  -26.004  -33.924  42.514 0.0000000000
55403  -28.169  -30.999  33.759 0.0000000000
56359  -30.470  -30.550  33.554 0.0000000000
130029  -32.667  -31.691  35.955 0.0000000000
55312  -35.196  -32.380  38.356 0.0000000000
55338  -38.194  -31.396  37.426 0.0000000000
57402  -39.983  -29.534  37.340 0.0000000000
52134  -16.446  -35.081  42.491 0.0000000000
69526  -44.833  -17.678  30.709 0.0000000000
69484  -48.601  -18.011  32.771 0.0000000000
152024  -46.955  -18.307  29.193 0.0000000000
66297  -48.449  -20.457  28.560 0.0000000000
136359  -49.086  -15.115  17.430 0.0000000000
70623  -50.233  -16.177  21.608 0.0000000000
147531  -51.430  -14.181  21.108 0.0000000000
42989  -6.764  -43.153  54.774 0.0000000000
65364  -42.355  -21.401  22.017 0.0000000000
68649  -43.064  -18.463  18.641 0.0000000000
72692  -46.871  -14.787  17.598 0.0000000000
74591  -48.071  -12.754  16.886 0.0000000000
76304  -48.541  -10.709  17.184 0.0000000000
78095  -49.721  -8.519  16.022 0.0000000000
78118  -51.234  -7.893  14.457 0.0000000000
77248  -49.185  -10.183  13.291 0.0000000000
48919  -9.573  -37.338  53.699 0.0000000000
145051  -7.856  -38.625  54.738 0.0000000000
45020  -6.731  -40.884  55.323 0.0000000000
149952  -45.707  -18.970  36.329 0.0000000000
63251  -44.524  -23.221  34.356 0.0000000000
66251  -43.856  -20.489  33.442 0.0000000000
68471  -43.237  -18.113  32.513 0.0000000000
69552  -41.909  -17.854  29.042 0.0000000000
142056  -40.842  -19.042  25.756 0.0000000000
67498  -39.315  -20.084  23.618 0.0000000000
52028  -25.409  -35.266  49.083 0.0000000000
133715  -24.372  -33.836  38.894 0.0000000000
51085  -27.523  -35.982  41.250 0.0000000000
53304  -28.640  -34.069  36.096 0.0000000000
50052  -28.860  -36.670  38.826 0.0000000000
47992  -29.767  -38.265  41.815 0.0000000000
46967  -32.539  -39.621  43.554 0.0000000000
49007  -11.725  -38.132  45.235 0.0000000000
51020  -13.434  -36.410  45.577 0.0000000000
50985  -12.950  -35.795  48.394 0.0000000000
65337  -45.126  -22.262  23.447 0.0000000000
64365  -48.226  -22.302  24.827 0.0000000000
65297  -51.243  -21.574  26.600 0.0000000000
69610  -51.088  -17.624  24.649 0.0000000000
79073  -53.117  -6.788  13.049 0.0000000000
79088  -55.116  -6.681  11.187 0.0000000000
80104  -57.757  -5.690  10.165 0.0000000000
78192  -55.824  -8.517  7.946 0.0000000000
135232  -60.340  -5.572  8.604 0.0000000000
58594  -36.241  -28.414  30.807 0.0000000000
136865  -37.270  -27.720  30.149 0.0000000000
58609  -35.637  -27.949  29.178 0.0000000000
57498  -33.995  -29.644  30.777 0.0000000000
57482  -35.717  -28.878  31.353 0.0000000000
57445  -36.919  -28.953  32.691 0.0000000000
65323  -41.012  -21.797  24.178 0.0000000000
145267  -41.958  -21.973  24.854 0.0000000000
64358  -41.667  -22.418  24.107 0.0000000000
77201  -51.893  -9.531  17.108 0.0000000000
75473  -53.043  -10.993  17.914 0.0000000000
77203  -54.057  -9.629  17.281 0.0000000000
77219  -54.570  -8.884  17.056 0.0000000000
79036  -53.474  -7.432  16.048 0.0000000000
47946  -11.002  -38.941  47.262 0.0000000000
47935  -10.383  -39.373  47.709 0.0000000000
47928  -10.968  -38.431  49.227 0.0000000000
65279  -38.910  -21.553  28.016 0.0000000000
65262  -39.570  -21.180  28.476 0.0000000000
66310  -38.188  -20.123  27.923 0.0000000000
67432  -38.138  -19.173  27.892 0.0000000000
66322  -36.642  -19.718  26.613 0.0000000000
52024  -20.284  -34.706  49.389 0.0000000000
53200  -28.375  -34.577  44.792 0.0000000000
53170  -28.586  -34.766  45.536 0.0000000000
52093  -29.089  -35.689  45.245 0.0000000000
49987  -30.531  -37.388  45.444 0.0000000000
49992  -30.186  -36.892  45.205 0.0000000000
54255  -33.550  -32.618  39.694 0.0000000000
54236  -32.503  -33.562  39.974 0.0000000000
54223  -33.616  -33.141  41.300 0.0000000000
139598  -33.559  -34.443  42.089 0.0000000000
52075  -18.177  -35.616  46.553 0.0000000000
52057  -18.169  -35.297  48.098 0.0000000000
52022  -18.724  -34.712  49.571 0.0000000000
155069  -47.743  -18.801  35.798 0.0000000000
69669  -47.048  -17.585  19.315 0.0000000000
67535  -48.064  -19.267  20.270 0.0000000000
69654  -48.855  -17.843  19.831 0.0000000000
59504  -41.027  -27.949  35.260 0.0000000000
60428  -41.801  -26.918  34.980 0.0000000000
59551  -41.082  -27.293  33.812 0.0000000000
60498  -39.914  -25.946  29.980 0.0000000000
61503  -39.379  -25.489  28.579 0.0000000000
63343  -39.346  -24.094  27.757 0.0000000000
51049  -18.749  -36.102  43.480 0.0000000000
138237  -20.865  -36.453  44.965 0.0000000000
51051  -20.585  -36.588  43.458 0.0000000000
53247  -22.340  -34.247  40.139 0.0000000000
52137  -22.954  -34.466  42.063 0.0000000000
53234  -23.904  -33.589  41.526 0.0000000000
54206  -25.226  -33.695  42.882 0.0000000000
54219  -24.573  -33.719  41.465 0.0000000000
56382  -29.230  -30.212  32.570 0.0000000000
55406  -34.346  -31.598  33.456 0.0000000000
136799  -32.809  -31.472  33.685 0.0000000000
55367  -34.408  -32.177  35.683 0.0000000000
55353  -34.335  -32.210  36.535 0.0000000000
54309  -36.001  -32.554  36.612 0.0000000000
54277  -37.294  -32.493  37.895 0.0000000000
55336  -37.191  -32.040  36.669 0.0000000000
57438  -39.136  -29.003  34.993 0.0000000000
57428  -39.434  -29.313  35.864 0.0000000000
57429  -40.146  -28.908  35.882 0.0000000000
58460  -41.276  -28.320  36.929 0.0000000000
52158  -17.124  -35.446  41.861 0.0000000000
69554  -44.369  -17.976  29.060 0.0000000000
69540  -45.809  -17.970  29.431 0.0000000000
129662  -45.027  -18.794  28.104 0.0000000000
65295  -45.402  -21.590  26.979 0.0000000000
66312  -46.474  -20.368  27.745 0.0000000000
65281  -47.359  -21.712  27.821 0.0000000000
65265  -48.727  -21.765  28.443 0.0000000000
63344  -48.202  -22.985  27.355 0.0000000000
73666  -49.336  -13.755  17.222 0.0000000000
72681  -50.561  -14.925  18.448 0.0000000000
73658  -51.395  -13.872  18.617 0.0000000000
74564  -54.878  -11.769  21.548 0.0000000000
73676  -46.936  -13.867  17.048 0.0000000000
74599  -45.719  -12.458  16.637 0.0000000000
76302  -47.487  -11.097  16.554 0.0000000000
129883  -47.794  -10.418  16.177 0.0000000000
77213  -48.467  -9.872  16.329 0.0000000000
76332  -48.329  -10.420  15.536 0.0000000000
77236  -49.668  -10.187  14.992 0.0000000000
139685  -8.923  -40.088  49.542 0.0000000000
45964  -7.587  -40.785  51.447 0.0000000000
50933  -10.928  -35.649  54.725 0.0000000000
49939  -10.006  -37.008  53.053 0.0000000000
49914  -10.444  -36.259  54.965 0.0000000000
48893  -8.947  -38.113  55.992 0.0000000000
152336  -8.495  -39.380  56.127 0.0000000000
46835  -7.121  -39.587  55.223 0.0000000000
140677  -8.381  -40.846  55.903 0.0000000000
45011  -8.030  -41.454  55.658 0.0000000000
61426  -43.164  -25.101  33.810 0.0000000000
62335  -43.929  -24.477  35.089 0.0000000000
63259  -43.973  -23.649  32.952 0.0000000000
66277  -42.552  -20.337  31.156 0.0000000000
66258  -43.604  -20.773  32.552 0.0000000000
66257  -42.962  -20.091  32.133 0.0000000000
67362  -43.303  -18.856  33.271 0.0000000000
68470  -42.764  -18.321  32.151 0.0000000000
69510  -42.292  -17.943  31.101 0.0000000000
69524  -41.645  -18.027  30.427 0.0000000000
69601  -38.530  -18.131  26.392 0.0000000000
69587  -39.855  -17.963  27.158 0.0000000000
68574  -39.388  -18.858  24.807 0.0000000000
67483  -39.737  -19.569  24.222 0.0000000000
68588  -38.120  -18.847  23.971 0.0000000000
52077  -24.024  -35.277  46.895 0.0000000000
52045  -24.336  -34.701  48.525 0.0000000000
53137  -25.704  -34.672  48.160 0.0000000000
53301  -25.102  -33.690  36.447 0.0000000000
54288  -24.337  -33.404  37.165 0.0000000000
53273  -25.761  -34.101  37.899 0.0000000000
52192  -26.329  -34.549  40.160 0.0000000000
52205  -26.890  -35.291  38.530 0.0000000000
55362  -29.626  -31.642  35.235 0.0000000000
129304  -28.289  -32.417  34.782 0.0000000000
54307  -29.670  -32.759  36.332 0.0000000000
50042  -31.439  -36.310  39.385 0.0000000000
51130  -30.322  -35.677  38.390 0.0000000000
49057  -31.089  -37.284  39.460 0.0000000000
49044  -29.395  -37.763  40.383 0.0000000000
48014  -30.867  -38.448  40.727 0.0000000000
47986  -31.158  -39.096  43.132 0.0000000000
47995  -32.650  -38.994  42.193 0.0000000000
55273  -38.250  -31.153  40.587 0.0000000000
151618  -13.893  -35.748  44.807 0.0000000000
52071  -13.985  -35.795  46.327 0.0000000000
51007  -13.458  -36.347  46.526 0.0000000000
136605  -17.893  -34.118  52.873 0.0000000000
66397  -42.812  -20.797  21.400 0.0000000000
65350  -43.564  -21.950  22.794 0.0000000000
66384  -44.996  -20.938  22.147 0.0000000000
66373  -48.816  -20.716  23.163 0.0000000000
65340  -48.238  -21.328  23.540 0.0000000000
130927  -49.394  -21.506  24.644 0.0000000000
64350  -50.328  -21.951  25.870 0.0000000000
65313  -50.665  -21.128  25.844 0.0000000000
71596  -51.257  -15.432  22.920 0.0000000000
70606  -50.255  -17.065  22.510 0.0000000000
70591  -51.477  -16.357  24.197 0.0000000000
77249  -51.365  -9.640  13.519 0.0000000000
78128  -51.974  -7.868  13.749 0.0000000000
77250  -52.204  -9.060  13.165 0.0000000000
78140  -54.087  -8.019  11.561 0.0000000000
79094  -55.258  -7.392  10.398 0.0000000000
80103  -56.757  -5.906  10.454 0.0000000000
79112  -55.446  -7.974  9.608 0.0000000000
78226  -56.111  -8.194  5.847 0.0000000000
78213  -55.146  -8.333  6.880 0.0000000000
78205  -56.958  -8.338  6.898 0.0000000000
79130  -58.074  -6.258  7.950 0.0000000000
79140  -58.539  -6.543  7.200 0.0000000000
79152  -59.647  -6.326  6.169 0.0000000000
80191  -61.779  -6.395  4.802 0.0000000000
58546  -38.927  -28.523  33.356 0.0000000000
148087  -40.120  -27.482  32.525 0.0000000000
147105  -38.430  -27.926  31.608 0.0000000000
59618  -38.424  -27.025  29.817 0.0000000000
51082  -19.591  -36.208  41.435 0.0000000000
56422  -33.208  -30.349  31.179 0.0000000000
132144  -34.074  -30.721  32.196 0.0000000000
56345  -36.074  -30.819  34.048 0.0000000000
56335  -37.340  -30.638  35.308 0.0000000000
138439  -36.818  -29.501  33.434 0.0000000000
57436  -38.259  -28.901  33.778 0.0000000000
67450  -42.611  -19.813  26.615 0.0000000000
67452  -44.223  -19.781  27.272 0.0000000000
155670  -43.497  -20.486  26.492 0.0000000000
65311  -44.200  -21.952  26.116 0.0000000000
64345  -44.587  -22.610  25.644 0.0000000000
75455  -50.634  -11.929  18.003 0.0000000000
146882  -51.942  -13.240  18.682 0.0000000000
75457  -52.634  -11.681  18.240 0.0000000000
75445  -54.098  -11.603  19.520 0.0000000000
80065  -55.370  -6.054  14.482 0.0000000000
46897  -9.669  -39.672  49.196 0.0000000000
46884  -9.464  -39.553  50.154 0.0000000000
63309  -42.051  -23.667  29.980 0.0000000000
64269  -43.372  -22.506  30.732 0.0000000000
131290  -41.960  -22.201  29.547 0.0000000000
66283  -41.263  -20.534  29.994 0.0000000000
151010  -40.268  -19.087  29.736 0.0000000000
68498  -40.352  -18.229  29.638 0.0000000000
67413  -38.702  -18.667  28.255 0.0000000000
68543  -38.005  -18.359  27.095 0.0000000000
68558  -37.346  -18.277  25.994 0.0000000000
53157  -26.392  -33.771  45.801 0.0000000000
129045  -26.715  -34.565  47.181 0.0000000000
53150  -27.941  -34.590  46.406 0.0000000000
50999  -28.417  -35.647  46.388 0.0000000000
48995  -30.822  -38.539  46.296 0.0000000000
53319  -25.398  -33.705  34.660 0.0000000000
53320  -26.616  -34.174  35.204 0.0000000000
55333  -31.910  -32.201  37.341 0.0000000000
54290  -30.736  -32.870  37.392 0.0000000000
53276  -31.375  -33.535  38.825 0.0000000000
52180  -31.838  -34.331  39.963 0.0000000000
51104  -32.655  -35.932  40.858 0.0000000000
49039  -33.218  -37.334  41.583 0.0000000000
50015  -33.215  -36.072  41.592 0.0000000000
53214  -14.594  -34.842  43.477 0.0000000000
52086  -15.285  -35.120  45.321 0.0000000000
52036  -15.476  -34.918  48.037 0.0000000000
53119  -15.902  -34.560  49.892 0.0000000000
145655  -17.584  -34.617  49.936 0.0000000000
67532  -45.504  -19.332  20.518 0.0000000000
66400  -45.332  -20.359  21.553 0.0000000000
67520  -46.634  -19.985  20.892 0.0000000000
66403  -48.272  -20.172  21.600 0.0000000000
67510  -49.640  -19.153  22.818 0.0000000000
78144  -50.943  -8.500  11.621 0.0000000000
134764  -51.714  -9.361  11.861 0.0000000000
78145  -51.580  -8.516  11.144 0.0000000000
78239  -57.225  -8.251  4.807 0.0000000000
79174  -59.272  -7.585  4.812 0.0000000000
78249  -58.142  -8.147  3.767 0.0000000000
78257  -59.454  -7.643  2.904 0.0000000000
143793  -12.158  -35.782  49.837 0.0000000000
49955  -11.392  -36.666  50.650 0.0000000000
61399  -43.076  -25.383  37.115 0.0000000000
60418  -42.453  -26.304  36.280 0.0000000000
131269  -42.797  -25.625  34.171 0.0000000000
61434  -42.362  -25.434  32.570 0.0000000000
60461  -40.606  -26.778  31.978 0.0000000000
61444  -41.512  -25.594  31.414 0.0000000000
62396  -42.182  -24.294  30.625 0.0000000000
63319  -41.067  -23.428  29.041 0.0000000000
63328  -39.660  -23.278  28.046 0.0000000000
51009  -19.832  -35.726  46.598 0.0000000000
52059  -20.964  -35.192  47.921 0.0000000000
51010  -20.855  -35.835  46.500 0.0000000000
51012  -22.770  -35.928  46.412 0.0000000000
52090  -23.901  -35.437  45.560 0.0000000000
51067  -21.643  -35.954  42.380 0.0000000000
51054  -23.352  -35.425  44.041 0.0000000000
53167  -25.403  -33.804  44.786 0.0000000000
54177  -25.803  -33.629  44.145 0.0000000000
54193  -26.403  -33.825  43.409 0.0000000000
52116  -27.352  -34.521  43.179 0.0000000000
56357  -28.924  -30.516  33.303 0.0000000000
56342  -30.441  -30.751  34.368 0.0000000000
56384  -31.667  -30.872  32.833 0.0000000000
56343  -31.286  -30.854  34.441 0.0000000000
55364  -31.497  -31.341  35.801 0.0000000000
55352  -32.884  -31.903  36.799 0.0000000000
55310  -33.452  -32.310  38.363 0.0000000000
55288  -34.447  -32.116  39.518 0.0000000000
55270  -35.691  -31.766  40.798 0.0000000000
54256  -36.360  -32.420  38.989 0.0000000000
55290  -37.668  -31.916  39.506 0.0000000000
56290  -38.810  -31.082  39.128 0.0000000000
56324  -38.233  -30.703  36.704 0.0000000000
136088  -39.143  -30.435  38.007 0.0000000000
56305  -39.779  -30.058  38.954 0.0000000000
57390  -41.016  -29.065  38.680 0.0000000000
135168  -15.601  -34.824  43.272 0.0000000000
147527  -45.096  -17.689  32.855 0.0000000000
69514  -46.343  -17.546  31.975 0.0000000000
69529  -47.623  -17.924  30.371 0.0000000000
138884  -49.072  -18.371  30.557 0.0000000000
135453  -45.618  -19.709  27.758 0.0000000000
67417  -47.537  -19.332  28.532 0.0000000000
69684  -48.453  -16.302  18.199 0.0000000000
137392  -49.410  -16.856  19.693 0.0000000000
71631  -50.233  -15.595  19.104 0.0000000000
71609  -50.650  -15.354  21.473 0.0000000000
129076  -51.666  -14.370  22.421 0.0000000000
73650  -52.492  -13.161  20.558 0.0000000000
73630  -52.951  -13.138  22.601 0.0000000000
65362  -39.791  -21.807  21.543 0.0000000000
65348  -41.171  -22.120  22.589 0.0000000000
65379  -40.112  -21.451  20.827 0.0000000000
66413  -41.430  -20.511  20.458 0.0000000000
67530  -42.775  -19.847  20.185 0.0000000000
67553  -43.266  -19.379  19.659 0.0000000000
68634  -44.825  -18.437  19.531 0.0000000000
69667  -45.349  -17.683  19.280 0.0000000000
70649  -46.291  -16.550  18.841 0.0000000000
71639  -47.042  -15.440  18.220 0.0000000000
140322  -47.882  -14.836  17.754 0.0000000000
73665  -48.667  -13.932  17.131 0.0000000000
74578  -48.970  -13.169  17.237 0.0000000000
75466  -46.982  -11.534  16.633 0.0000000000
75467  -47.906  -11.882  16.798 0.0000000000
75469  -49.169  -11.409  17.542 0.0000000000
76305  -49.278  -10.326  17.487 0.0000000000
77199  -49.442  -9.263  17.072 0.0000000000
78096  -50.226  -7.882  16.073 0.0000000000
79034  -51.432  -7.216  15.783 0.0000000000
78108  -50.264  -7.975  15.604 0.0000000000
76344  -50.721  -10.154  13.873 0.0000000000
76369  -50.319  -10.073  12.826 0.0000000000
78136  -49.718  -8.705  12.405 0.0000000000
48949  -10.479  -37.698  51.459 0.0000000000
47901  -9.906  -38.402  51.558 0.0000000000
154904  -8.923  -38.944  52.408 0.0000000000
140062  -9.899  -37.486  55.526 0.0000000000
47867  -8.404  -38.197  54.505 0.0000000000
47889  -8.410  -39.180  52.923 0.0000000000
46858  -7.094  -40.071  53.196 0.0000000000
45944  -6.469  -40.176  54.092 0.0000000000
45025  -5.294  -41.021  54.733 0.0000000000
141198  -6.149  -41.672  55.178 0.0000000000
68427  -45.935  -18.311  35.685 0.0000000000
64214  -44.810  -22.719  35.654 0.0000000000
64255  -44.099  -22.804  32.532 0.0000000000
64243  -44.598  -22.259  34.161 0.0000000000
133010  -44.689  -20.246  35.084 0.0000000000
68445  -44.485  -18.354  34.498 0.0000000000
69465  -44.813  -17.901  34.104 0.0000000000
69498  -44.421  -17.766  32.373 0.0000000000
153730  -43.293  -17.763  30.112 0.0000000000
69572  -42.703  -18.063  28.586 0.0000000000
69550  -40.257  -17.922  28.723 0.0000000000
69570  -41.186  -17.974  27.750 0.0000000000
130956  -41.913  -19.013  26.764 0.0000000000
67467  -41.376  -19.664  25.760 0.0000000000
66356  -40.051  -20.459  23.930 0.0000000000
66371  -39.657  -21.172  23.334 0.0000000000
66338  -36.224  -20.362  26.355 0.0000000000
67464  -35.434  -19.081  25.631 0.0000000000
68571  -36.049  -18.179  24.797 0.0000000000
68586  -36.418  -18.290  24.039 0.0000000000
67495  -36.839  -18.874  23.269 0.0000000000
67507  -37.133  -19.830  22.729 0.0000000000
66382  -38.295  -21.119  22.382 0.0000000000
128996  -38.583  -21.643  21.859 0.0000000000
52029  -26.400  -35.241  47.726 0.0000000000
153658  -22.942  -33.617  37.934 0.0000000000
55307  -24.164  -33.510  37.717 0.0000000000
54251  -23.923  -34.036  39.783 0.0000000000
54235  -24.902  -33.846  40.730 0.0000000000
52161  -26.704  -34.695  41.599 0.0000000000
51069  -27.831  -35.859  42.291 0.0000000000
146532  -27.624  -32.704  34.190 0.0000000000
53321  -27.571  -33.950  35.238 0.0000000000
52238  -28.029  -34.786  36.456 0.0000000000
53285  -29.735  -34.056  37.123 0.0000000000
52224  -28.886  -34.662  36.838 0.0000000000
51138  -27.656  -35.746  37.912 0.0000000000
50039  -28.163  -36.714  39.560 0.0000000000
50021  -28.571  -37.203  41.893 0.0000000000
50004  -29.445  -37.193  43.561 0.0000000000
49024  -30.162  -37.957  43.706 0.0000000000
47977  -31.303  -38.604  44.851 0.0000000000
49006  -11.247  -38.591  45.774 0.0000000000
151600  -12.102  -38.028  46.985 0.0000000000
51047  -13.035  -36.440  43.215 0.0000000000
149780  -11.975  -37.310  43.902 0.0000000000
51019  -12.987  -37.078  45.126 0.0000000000
50992  -12.954  -36.787  47.099 0.0000000000
137304  -12.647  -36.557  48.067 0.0000000000
52017  -12.936  -34.831  49.740 0.0000000000
53106  -16.516  -34.242  50.749 0.0000000000
64383  -42.607  -22.319  23.098 0.0000000000
145503  -43.951  -22.750  24.181 0.0000000000
64363  -46.006  -22.903  25.038 0.0000000000
65353  -46.387  -21.364  22.790 0.0000000000
64378  -46.677  -22.410  24.197 0.0000000000
63366  -47.272  -23.045  25.818 0.0000000000
64331  -48.899  -22.792  26.035 0.0000000000
155515  -49.453  -17.674  21.528 0.0000000000
68589  -50.288  -18.136  23.271 0.0000000000
67500  -50.352  -18.942  24.002 0.0000000000
80052  -52.646  -6.399  14.774 0.0000000000
80063  -53.158  -5.988  14.204 0.0000000000
136018  -54.434  -5.896  13.041 0.0000000000
78139  -53.476  -8.370  12.040 0.0000000000
80086  -54.393  -6.239  12.363 0.0000000000
80088  -56.295  -5.749  12.273 0.0000000000
149522  -56.873  -5.696  11.562 0.0000000000
80096  -57.992  -5.660  11.128 0.0000000000
78191  -55.016  -8.665  8.255 0.0000000000
79114  -56.909  -6.729  8.889 0.0000000000
80137  -59.093  -5.602  8.793 0.0000000000
80180  -60.876  -6.046  5.291 0.0000000000
58610  -36.325  -28.009  29.959 0.0000000000
57499  -34.990  -29.066  30.826 0.0000000000
58593  -35.616  -28.538  30.491 0.0000000000
65334  -40.296  -21.836  23.319 0.0000000000
65335  -41.042  -22.217  23.423 0.0000000000
77217  -52.418  -8.865  16.748 0.0000000000
77202  -52.966  -9.673  17.086 0.0000000000
77218  -53.479  -8.959  16.802 0.0000000000
78099  -54.011  -8.248  16.476 0.0000000000
48988  -11.703  -38.317  47.697 0.0000000000
47936  -11.011  -38.767  48.222 0.0000000000
48971  -11.543  -37.627  49.138 0.0000000000
148763  -38.185  -21.735  27.426 0.0000000000
136192  -38.379  -20.961  27.817 0.0000000000
65278  -37.786  -20.663  27.466 0.0000000000
66309  -37.640  -19.652  27.471 0.0000000000
66323  -37.145  -20.160  27.088 0.0000000000
52025  -21.118  -34.711  49.295 0.0000000000
52041  -20.597  -34.901  48.634 0.0000000000
149053  -28.596  -34.976  44.649 0.0000000000
52103  -28.807  -35.150  44.828 0.0000000000
51042  -29.062  -35.599  44.831 0.0000000000
134965  -29.571  -36.311  44.808 0.0000000000
50005  -29.591  -36.454  44.628 0.0000000000
54239  -34.049  -32.428  40.980 0.0000000000
54238  -33.542  -32.808  40.405 0.0000000000
54208  -33.864  -32.828  41.896 0.0000000000
52040  -19.691  -34.919  48.684 0.0000000000
69682  -47.763  -17.376  18.925 0.0000000000
137092  -47.623  -18.090  19.360 0.0000000000
69670  -48.290  -17.710  19.178 0.0000000000
59525  -40.701  -28.101  34.751 0.0000000000
59526  -41.241  -27.535  34.657 0.0000000000
132439  -40.745  -27.810  34.167 0.0000000000
61502  -38.841  -25.671  28.216 0.0000000000
129009  -19.606  -36.431  43.697 0.0000000000
51065  -19.391  -36.348  42.248 0.0000000000
53248  -23.193  -33.919  40.044 0.0000000000
137910  -22.950  -34.020  40.750 0.0000000000
53249  -23.786  -33.658  40.785 0.0000000000
54218  -24.184  -33.664  41.159 0.0000000000
54232  -23.961  -33.840  40.434 0.0000000000
155512  -35.278  -31.884  34.467 0.0000000000
140442  -34.563  -32.006  34.805 0.0000000000
55368  -35.414  -32.150  35.187 0.0000000000
55354  -35.191  -32.424  36.115 0.0000000000
130410  -35.956  -32.336  35.793 0.0000000000
155256  -36.677  -32.364  36.622 0.0000000000
55355  -36.695  -32.045  36.037 0.0000000000
58527  -39.726  -28.640  34.515 0.0000000000
58502  -39.896  -28.818  35.245 0.0000000000
147746  -40.260  -28.487  34.819 0.0000000000
58503  -40.579  -28.473  35.448 0.0000000000
51064  -17.888  -35.796  42.201 0.0000000000
68527  -43.433  -18.594  27.989 0.0000000000
134809  -44.887  -18.307  28.669 0.0000000000
68528  -44.306  -19.012  27.655 0.0000000000
64329  -45.809  -22.492  26.580 0.0000000000
65296  -46.137  -21.930  27.206 0.0000000000
64313  -46.761  -22.144  27.472 0.0000000000
64314  -47.364  -22.559  27.473 0.0000000000
63354  -47.399  -23.139  26.940 0.0000000000
73667  -50.247  -13.689  17.501 0.0000000000
72682  -50.817  -14.243  18.015 0.0000000000
73668  -51.062  -13.499  18.005 0.0000000000
74552  -55.224  -12.282  22.134 0.0000000000
130627  -47.845  -10.547  15.295 0.0000000000
76342  -48.403  -10.619  14.702 0.0000000000
46883  -8.782  -39.968  50.467 0.0000000000
45976  -8.187  -40.643  49.880 0.0000000000
148507  -7.585  -41.002  50.489 0.0000000000
45965  -8.198  -40.400  50.922 0.0000000000
49901  -11.002  -36.023  55.174 0.0000000000
49902  -10.981  -36.710  55.237 0.0000000000
46829  -8.588  -40.007  56.053 0.0000000000
45012  -8.922  -41.603  55.642 0.0000000000
62357  -43.454  -24.271  32.548 0.0000000000
62349  -43.661  -24.439  33.401 0.0000000000
66276  -41.677  -19.967  30.635 0.0000000000
67394  -41.974  -19.296  31.273 0.0000000000
67371  -42.808  -19.019  32.488 0.0000000000
67383  -41.856  -18.432  31.184 0.0000000000
69509  -41.875  -18.071  31.033 0.0000000000
68489  -41.467  -18.271  30.562 0.0000000000
68559  -38.033  -18.163  25.846 0.0000000000
129161  -38.980  -18.356  25.732 0.0000000000
68573  -38.362  -18.523  24.888 0.0000000000
52078  -24.782  -34.759  46.483 0.0000000000
132949  -25.341  -34.588  47.968 0.0000000000
53147  -25.532  -34.367  46.912 0.0000000000
53284  -25.748  -34.216  36.955 0.0000000000
52204  -26.330  -34.718  38.194 0.0000000000
54323  -29.246  -32.336  35.721 0.0000000000
55350  -29.987  -32.043  36.040 0.0000000000
50027  -31.866  -36.991  39.874 0.0000000000
49046  -31.470  -37.932  40.183 0.0000000000
48015  -31.574  -38.436  40.850 0.0000000000
48002  -31.332  -38.757  41.395 0.0000000000
48003  -32.181  -38.639  41.357 0.0000000000
56260  -38.971  -30.628  40.744 0.0000000000
53134  -14.497  -34.728  48.574 0.0000000000
66398  -43.779  -20.596  21.498 0.0000000000
66399  -44.622  -20.430  21.542 0.0000000000
66374  -49.515  -20.261  23.566 0.0000000000
65341  -49.080  -21.111  23.832 0.0000000000
66360  -49.790  -20.600  24.261 0.0000000000
65326  -50.137  -20.849  25.041 0.0000000000
66361  -50.325  -19.965  24.818 0.0000000000
71583  -51.901  -15.447  23.813 0.0000000000
71582  -51.064  -16.109  23.181 0.0000000000
77260  -51.465  -9.698  12.695 0.0000000000
78161  -54.572  -8.365  10.020 0.0000000000
78216  -57.236  -8.400  6.066 0.0000000000
78215  -56.346  -8.433  6.381 0.0000000000
79150  -57.806  -7.795  6.617 0.0000000000
79151  -58.690  -7.115  6.363 0.0000000000
155175  -59.335  -6.122  6.815 0.0000000000
59567  -38.726  -28.254  32.562 0.0000000000
136659  -39.349  -27.757  32.105 0.0000000000
140216  -36.997  -27.550  29.513 0.0000000000
130009  -37.955  -27.490  30.197 0.0000000000
59633  -37.288  -27.127  28.947 0.0000000000
143458  -32.940  -30.056  30.500 0.0000000000
57481  -34.923  -29.515  31.510 0.0000000000
56408  -34.071  -30.078  31.420 0.0000000000
56409  -34.815  -30.154  32.167 0.0000000000
56363  -35.516  -30.832  33.413 0.0000000000
56387  -35.491  -30.160  32.819 0.0000000000
56364  -36.102  -30.117  33.472 0.0000000000
56388  -36.183  -29.503  32.799 0.0000000000
58564  -36.995  -28.599  32.031 0.0000000000
57446  -37.572  -28.948  33.272 0.0000000000
58545  -38.264  -28.633  33.059 0.0000000000
67468  -42.181  -20.013  26.154 0.0000000000
67469  -43.046  -20.198  26.419 0.0000000000
66340  -42.424  -20.691  25.929 0.0000000000
64343  -42.866  -22.273  25.230 0.0000000000
65310  -43.392  -21.760  25.847 0.0000000000
64344  -43.729  -22.455  25.472 0.0000000000
75471  -50.957  -11.036  17.939 0.0000000000
75456  -51.635  -11.825  18.069 0.0000000000
75472  -51.965  -11.023  17.900 0.0000000000
75459  -54.621  -11.025  19.153 0.0000000000
75446  -55.087  -11.167  20.088 0.0000000000
75460  -55.656  -10.728  19.636 0.0000000000
79052  -55.074  -6.919  15.897 0.0000000000
80055  -55.754  -6.560  15.420 0.0000000000
80054  -54.647  -6.406  15.138 0.0000000000
47927  -10.370  -39.206  48.752 0.0000000000
135971  -9.708  -39.797  48.136 0.0000000000
46871  -9.742  -38.966  50.819 0.0000000000
64288  -41.774  -23.042  29.373 0.0000000000
151213  -42.357  -22.872  29.764 0.0000000000
66296  -40.071  -20.699  29.040 0.0000000000
65254  -40.923  -21.038  29.320 0.0000000000
66282  -40.487  -20.137  29.621 0.0000000000
67415  -39.762  -19.637  29.239 0.0000000000
67401  -39.727  -18.577  29.214 0.0000000000
67414  -39.155  -19.107  28.787 0.0000000000
67431  -37.729  -18.849  27.312 0.0000000000
68542  -37.380  -18.611  26.588 0.0000000000
69584  -37.922  -18.232  26.478 0.0000000000
148656  -27.037  -33.795  45.655 0.0000000000
54166  -27.213  -33.966  46.160 0.0000000000
54167  -27.527  -33.931  45.725 0.0000000000
52066  -29.065  -35.877  45.854 0.0000000000
52065  -28.864  -35.472  45.958 0.0000000000
51000  -29.259  -36.223  46.040 0.0000000000
49000  -30.909  -38.077  45.940 0.0000000000
133370  -30.971  -38.006  45.891 0.0000000000
53327  -25.902  -33.605  34.054 0.0000000000
137037  -25.637  -34.007  35.385 0.0000000000
53328  -26.239  -33.882  34.591 0.0000000000
55308  -32.256  -32.595  37.968 0.0000000000
54291  -31.491  -32.728  37.685 0.0000000000
54273  -31.784  -33.145  38.406 0.0000000000
53252  -32.381  -33.883  40.221 0.0000000000
52163  -32.373  -34.327  40.534 0.0000000000
136987  -32.005  -34.890  40.250 0.0000000000
51086  -32.442  -35.008  40.756 0.0000000000
51087  -32.967  -35.069  41.354 0.0000000000
51072  -33.689  -35.004  42.309 0.0000000000
52114  -15.086  -34.749  44.052 0.0000000000
53195  -14.482  -35.138  44.245 0.0000000000
52100  -15.058  -34.961  44.758 0.0000000000
52055  -16.558  -35.258  47.309 0.0000000000
52037  -16.169  -35.055  47.883 0.0000000000
52020  -16.274  -34.885  48.873 0.0000000000
52021  -17.259  -34.876  49.146 0.0000000000
53122  -19.124  -34.450  50.153 0.0000000000
67533  -46.082  -19.291  20.564 0.0000000000
68605  -48.787  -18.954  20.932 0.0000000000
146925  -48.375  -19.616  20.997 0.0000000000
67522  -48.954  -19.348  21.630 0.0000000000
67509  -49.105  -19.703  22.273 0.0000000000
67523  -49.419  -18.982  22.258 0.0000000000
79162  -56.242  -7.738  5.299 0.0000000000
79172  -56.756  -7.891  4.683 0.0000000000
78240  -57.886  -8.258  4.499 0.0000000000
79184  -57.021  -7.407  4.034 0.0000000000
50969  -11.839  -35.779  50.673 0.0000000000
51967  -12.520  -34.918  54.505 0.0000000000
147553  -42.119  -27.134  37.901 0.0000000000
132883  -42.318  -26.626  37.267 0.0000000000
60438  -42.226  -26.277  34.344 0.0000000000
61425  -42.474  -25.750  33.449 0.0000000000
59582  -39.863  -27.237  31.806 0.0000000000
60477  -39.958  -26.743  31.117 0.0000000000
61468  -40.575  -25.632  30.278 0.0000000000
60478  -40.747  -26.063  31.136 0.0000000000
61469  -41.214  -25.282  30.668 0.0000000000
62372  -41.881  -24.898  31.010 0.0000000000
62395  -41.626  -24.555  30.264 0.0000000000
63320  -41.336  -24.106  29.569 0.0000000000
62411  -40.592  -24.390  29.031 0.0000000000
51024  -20.263  -36.022  45.747 0.0000000000
51039  -21.983  -36.506  44.825 0.0000000000
51026  -22.356  -36.235  45.700 0.0000000000
141150  -22.803  -36.220  45.077 0.0000000000
51027  -23.184  -35.972  45.655 0.0000000000
51041  -23.502  -35.698  44.826 0.0000000000
128886  -21.032  -35.991  41.798 0.0000000000
52138  -23.586  -34.095  42.374 0.0000000000
51068  -22.920  -34.986  42.741 0.0000000000
52115  -23.643  -34.676  43.309 0.0000000000
52102  -23.961  -34.828  44.196 0.0000000000
53177  -24.480  -33.986  43.593 0.0000000000
53179  -25.657  -33.598  44.283 0.0000000000
53197  -24.882  -33.570  43.088 0.0000000000
132084  -25.209  -33.700  42.448 0.0000000000
155448  -25.641  -33.675  42.857 0.0000000000
53198  -27.122  -34.078  43.638 0.0000000000
53218  -26.659  -34.159  42.911 0.0000000000
130241  -29.914  -30.364  32.922 0.0000000000
56358  -29.695  -30.587  33.848 0.0000000000
152444  -32.042  -30.769  32.126 0.0000000000
56385  -32.527  -30.987  32.531 0.0000000000
55383  -33.062  -31.655  34.353 0.0000000000
56344  -32.183  -31.172  34.269 0.0000000000
55365  -32.481  -31.482  35.153 0.0000000000
56333  -31.749  -30.990  35.175 0.0000000000
149935  -32.044  -31.303  35.757 0.0000000000
142784  -32.169  -31.637  36.248 0.0000000000
55335  -34.734  -32.340  37.825 0.0000000000
144639  -34.200  -32.155  37.296 0.0000000000
55311  -34.370  -32.232  38.679 0.0000000000
128982  -35.309  -32.221  39.154 0.0000000000
54275  -35.852  -32.518  38.455 0.0000000000
55337  -37.567  -32.093  37.334 0.0000000000
54257  -37.339  -32.357  38.731 0.0000000000
55314  -38.206  -31.801  38.893 0.0000000000
55291  -38.310  -31.471  39.691 0.0000000000
56303  -38.661  -31.178  38.229 0.0000000000
56346  -37.181  -30.201  34.685 0.0000000000
56336  -37.953  -30.252  35.849 0.0000000000
57417  -39.383  -29.657  36.743 0.0000000000
149816  -38.832  -30.119  36.949 0.0000000000
56315  -39.275  -29.985  37.468 0.0000000000
135525  -39.764  -29.900  38.184 0.0000000000
139794  -40.391  -29.640  38.832 0.0000000000
132399  -40.533  -29.344  37.997 0.0000000000
142640  -41.536  -28.186  37.726 0.0000000000
59474  -41.807  -27.517  37.277 0.0000000000
151118  -16.747  -35.191  43.365 0.0000000000
144227  -18.707  -35.932  44.838 0.0000000000
154306  -44.849  -17.663  31.602 0.0000000000
69513  -45.634  -17.611  31.279 0.0000000000
68499  -46.421  -18.326  28.993 0.0000000000
69541  -46.704  -17.958  29.763 0.0000000000
68490  -48.310  -18.212  30.134 0.0000000000
68500  -47.583  -18.346  29.488 0.0000000000
66325  -44.424  -20.462  27.037 0.0000000000
67434  -45.046  -19.448  27.702 0.0000000000
67453  -45.059  -20.045  27.452 0.0000000000
66313  -47.278  -20.679  27.956 0.0000000000
67436  -47.080  -19.835  28.128 0.0000000000
133111  -47.970  -20.001  28.373 0.0000000000
67403  -49.135  -19.254  29.526 0.0000000000
67418  -48.784  -19.930  28.891 0.0000000000
66298  -48.999  -20.903  28.774 0.0000000000
64299  -49.739  -22.387  28.625 0.0000000000
71642  -49.151  -15.830  17.893 0.0000000000
71630  -49.649  -15.918  18.469 0.0000000000
71643  -49.870  -15.401  17.931 0.0000000000
72663  -51.393  -14.326  20.179 0.0000000000
72671  -50.821  -14.933  19.659 0.0000000000
72662  -50.973  -14.777  20.779 0.0000000000
72652  -51.228  -14.532  21.695 0.0000000000
74569  -52.777  -12.686  19.260 0.0000000000
147959  -52.455  -13.161  19.644 0.0000000000
74562  -53.064  -12.668  20.280 0.0000000000
73640  -53.334  -12.618  22.201 0.0000000000
44035  -6.144  -42.533  55.040 0.0000000000
140319  -4.736  -42.935  54.870 0.0000000000
42988  -5.583  -43.174  54.840 0.0000000000
66433  -40.966  -20.004  19.715 0.0000000000
66414  -42.316  -20.337  20.743 0.0000000000
67529  -41.853  -19.835  19.993 0.0000000000
68632  -42.745  -18.881  19.068 0.0000000000
68633  -43.787  -18.719  19.091 0.0000000000
69665  -43.636  -18.172  18.530 0.0000000000
69680  -44.773  -17.421  18.489 0.0000000000
70660  -45.037  -16.923  18.092 0.0000000000
144980  -46.006  -17.101  19.343 0.0000000000
70661  -45.745  -16.348  18.145 0.0000000000
71653  -46.338  -15.541  17.865 0.0000000000
71640  -47.480  -15.331  18.134 0.0000000000
72678  -47.483  -14.989  17.877 0.0000000000
73677  -47.747  -13.413  16.990 0.0000000000
73664  -48.249  -14.048  17.169 0.0000000000
74577  -48.464  -13.389  17.024 0.0000000000
150972  -47.824  -10.751  16.493 0.0000000000
76303  -48.092  -11.061  16.750 0.0000000000
75468  -48.546  -11.678  17.162 0.0000000000
77214  -49.052  -9.039  16.400 0.0000000000
77215  -49.868  -8.556  16.460 0.0000000000
77228  -49.819  -8.918  15.475 0.0000000000
130575  -49.080  -10.612  14.040 0.0000000000
76343  -49.899  -10.512  14.156 0.0000000000
76358  -50.421  -10.263  13.380 0.0000000000
45048  -6.982  -41.451  50.951 0.0000000000
49948  -11.356  -36.139  51.416 0.0000000000
49954  -10.909  -37.527  50.566 0.0000000000
131771  -10.920  -36.909  51.384 0.0000000000
49946  -9.962  -37.738  52.258 0.0000000000
47890  -9.474  -38.474  52.355 0.0000000000
131092  -10.694  -37.550  55.345 0.0000000000
47862  -8.348  -38.428  55.732 0.0000000000
48896  -8.259  -38.162  55.168 0.0000000000
47878  -8.239  -38.710  53.851 0.0000000000
46849  -7.720  -39.461  53.493 0.0000000000
46859  -7.906  -39.792  52.628 0.0000000000
46840  -7.448  -39.174  54.342 0.0000000000
145228  -6.980  -39.955  55.386 0.0000000000
46834  -6.685  -39.973  55.083 0.0000000000
45940  -6.121  -40.418  54.808 0.0000000000
45943  -5.726  -40.773  54.186 0.0000000000
45019  -5.854  -40.887  55.065 0.0000000000
44026  -8.646  -42.190  55.289 0.0000000000
135154  -46.500  -19.086  36.991 0.0000000000
68414  -46.623  -18.657  36.314 0.0000000000
61407  -42.934  -25.553  36.381 0.0000000000
62321  -43.530  -24.719  37.263 0.0000000000
130877  -43.407  -24.925  36.473 0.0000000000
62342  -44.280  -23.959  34.714 0.0000000000
62336  -44.255  -24.045  35.547 0.0000000000
63245  -44.594  -23.393  35.191 0.0000000000
64227  -44.736  -22.753  34.875 0.0000000000
64270  -43.787  -22.683  31.596 0.0000000000
65237  -43.620  -21.904  31.273 0.0000000000
65223  -43.978  -21.338  33.031 0.0000000000
66252  -44.299  -21.327  33.765 0.0000000000
139924  -44.653  -21.239  34.605 0.0000000000
66245  -44.255  -20.316  34.274 0.0000000000
68460  -43.526  -18.289  33.202 0.0000000000
68444  -43.787  -18.614  33.953 0.0000000000
68461  -44.014  -17.994  33.752 0.0000000000
69480  -44.508  -17.832  33.292 0.0000000000
69497  -43.530  -17.913  32.131 0.0000000000
69525  -42.180  -17.817  30.365 0.0000000000
148118  -42.844  -17.780  30.558 0.0000000000
135062  -42.737  -17.826  29.636 0.0000000000
69549  -39.581  -17.949  28.415 0.0000000000
129236  -40.501  -18.525  26.492 0.0000000000
69588  -40.604  -18.027  27.282 0.0000000000
68545  -41.265  -18.554  27.019 0.0000000000
68561  -41.345  -19.020  26.288 0.0000000000
67484  -40.418  -19.917  24.538 0.0000000000
66370  -38.861  -20.584  22.972 0.0000000000
67465  -36.051  -19.376  26.150 0.0000000000
68570  -35.310  -18.252  24.435 0.0000000000
68585  -35.548  -18.155  23.968 0.0000000000
68597  -35.905  -18.513  23.242 0.0000000000
67506  -36.267  -19.485  22.619 0.0000000000
67496  -37.688  -19.287  23.330 0.0000000000
65346  -37.888  -21.455  21.866 0.0000000000
52060  -21.870  -35.261  47.880 0.0000000000
52043  -22.333  -34.910  48.534 0.0000000000
52044  -23.258  -34.869  48.528 0.0000000000
135825  -25.235  -34.834  49.071 0.0000000000
52046  -27.080  -35.186  47.205 0.0000000000
53139  -26.720  -34.915  47.400 0.0000000000
144714  -26.774  -35.490  47.430 0.0000000000
54271  -24.372  -33.586  38.072 0.0000000000
54287  -24.133  -33.493  37.272 0.0000000000
54270  -24.082  -33.775  38.471 0.0000000000
133555  -24.111  -33.974  39.411 0.0000000000
130005  -24.450  -33.949  40.411 0.0000000000
54252  -24.790  -33.924  39.750 0.0000000000
52178  -26.749  -34.944  40.543 0.0000000000
53251  -26.150  -34.285  41.072 0.0000000000
52179  -27.079  -35.341  41.096 0.0000000000
52162  -27.271  -35.099  42.190 0.0000000000
54347  -27.634  -31.737  33.668 0.0000000000
54322  -28.630  -32.744  35.321 0.0000000000
54321  -27.980  -33.184  34.908 0.0000000000
53322  -28.324  -33.594  35.511 0.0000000000
53303  -27.848  -34.325  35.848 0.0000000000
53286  -30.374  -33.470  37.653 0.0000000000
53274  -30.098  -34.246  37.695 0.0000000000
50053  -29.863  -36.434  38.599 0.0000000000
51129  -29.396  -35.860  38.083 0.0000000000
51139  -28.680  -35.519  37.524 0.0000000000
51128  -28.310  -36.133  38.288 0.0000000000
50038  -27.957  -36.432  39.016 0.0000000000
49037  -28.603  -37.329  40.854 0.0000000000
145136  -29.178  -37.828  41.343 0.0000000000
142901  -29.156  -37.648  42.385 0.0000000000
49031  -29.808  -38.127  42.769 0.0000000000
46966  -31.822  -39.387  43.346 0.0000000000
134702  -31.384  -39.130  43.879 0.0000000000
46956  -31.890  -39.442  44.240 0.0000000000
49032  -33.692  -37.814  42.238 0.0000000000
47996  -33.432  -38.776  42.533 0.0000000000
55258  -36.418  -31.601  41.344 0.0000000000
48998  -11.565  -38.580  46.707 0.0000000000
48999  -11.955  -38.052  46.173 0.0000000000
53175  -14.212  -35.461  44.451 0.0000000000
52113  -13.777  -35.661  43.114 0.0000000000
52099  -13.811  -35.664  44.000 0.0000000000
52098  -13.697  -36.002  45.116 0.0000000000
131363  -13.585  -35.916  44.169 0.0000000000
51034  -13.272  -36.549  44.442 0.0000000000
49991  -12.465  -36.987  43.538 0.0000000000
51033  -12.667  -37.176  44.303 0.0000000000
50993  -13.312  -36.145  47.466 0.0000000000
51006  -13.070  -36.902  46.121 0.0000000000
50978  -12.697  -35.485  49.349 0.0000000000
149310  -17.190  -34.422  50.455 0.0000000000
149799  -17.220  -34.113  51.020 0.0000000000
67364  -48.295  -18.182  33.212 0.0000000000
141937  -41.592  -21.758  22.059 0.0000000000
65349  -42.030  -22.065  22.593 0.0000000000
65351  -44.595  -21.683  22.798 0.0000000000
65336  -44.204  -22.431  23.497 0.0000000000
64376  -44.704  -22.721  24.178 0.0000000000
64377  -45.608  -22.621  24.194 0.0000000000
66386  -46.754  -20.879  22.123 0.0000000000
66385  -45.852  -20.869  22.176 0.0000000000
65354  -47.227  -21.204  22.776 0.0000000000
65325  -48.416  -21.812  24.275 0.0000000000
65324  -47.572  -21.852  23.855 0.0000000000
64364  -47.606  -22.351  24.551 0.0000000000
131091  -46.941  -22.816  25.137 0.0000000000
64348  -47.773  -22.681  25.225 0.0000000000
63367  -48.053  -22.932  25.807 0.0000000000
64349  -48.533  -22.513  25.322 0.0000000000
64332  -49.825  -22.492  26.195 0.0000000000
64333  -50.708  -22.295  26.593 0.0000000000
135427  -49.813  -16.522  20.833 0.0000000000
132166  -49.350  -17.303  20.797 0.0000000000
70622  -49.849  -16.978  21.709 0.0000000000
69637  -50.689  -16.922  23.329 0.0000000000
69624  -50.271  -17.660  22.920 0.0000000000
69625  -50.600  -17.622  23.693 0.0000000000
140029  -50.509  -18.220  23.968 0.0000000000
79047  -50.860  -7.497  15.145 0.0000000000
79049  -52.019  -6.765  15.336 0.0000000000
79062  -51.302  -7.007  14.793 0.0000000000
79072  -52.492  -6.857  13.683 0.0000000000
80062  -52.517  -6.381  14.255 0.0000000000
80074  -53.056  -6.146  13.636 0.0000000000
80075  -53.763  -5.955  13.613 0.0000000000
80085  -53.694  -6.200  13.007 0.0000000000
77262  -52.897  -9.076  11.731 0.0000000000
79087  -54.521  -6.926  11.720 0.0000000000
80094  -54.923  -6.196  11.815 0.0000000000
80087  -55.286  -5.844  12.473 0.0000000000
80095  -55.655  -5.944  11.616 0.0000000000
80105  -58.957  -5.716  10.729 0.0000000000
78204  -56.090  -8.586  7.172 0.0000000000
78203  -55.268  -8.582  7.490 0.0000000000
141697  -54.634  -8.571  7.949 0.0000000000
79128  -56.463  -7.825  8.499 0.0000000000
138816  -59.182  -5.744  8.028 0.0000000000
80136  -57.798  -6.016  8.724 0.0000000000
80117  -60.051  -5.650  9.545 0.0000000000
80118  -60.550  -5.960  9.283 0.0000000000
151857  -59.433  -7.668  4.270 0.0000000000
79164  -59.945  -6.510  5.393 0.0000000000
58581  -37.434  -28.282  31.499 0.0000000000
59599  -37.771  -27.818  30.819 0.0000000000
58595  -36.934  -28.117  30.787 0.0000000000
154647  -33.543  -29.921  30.824 0.0000000000
142074  -34.348  -29.258  30.436 0.0000000000
57461  -36.321  -28.978  32.082 0.0000000000
58580  -36.618  -28.545  31.425 0.0000000000
66358  -41.367  -21.134  24.884 0.0000000000
66359  -41.980  -21.191  25.375 0.0000000000
64359  -42.506  -22.573  24.484 0.0000000000
76308  -52.443  -10.345  17.453 0.0000000000
76309  -53.531  -10.315  17.588 0.0000000000
77204  -55.214  -9.456  17.686 0.0000000000
77220  -55.722  -8.768  17.406 0.0000000000
78101  -56.202  -8.095  17.107 0.0000000000
78100  -55.062  -8.107  16.883 0.0000000000
79037  -54.529  -7.515  16.248 0.0000000000
47945  -10.387  -39.386  46.860 0.0000000000
47916  -10.702  -38.185  50.041 0.0000000000
64297  -39.693  -22.171  28.224 0.0000000000
65263  -40.498  -21.718  28.771 0.0000000000
66311  -38.809  -20.634  28.252 0.0000000000
67433  -38.656  -19.628  28.351 0.0000000000
67449  -37.110  -19.221  26.983 0.0000000000
53123  -19.984  -34.435  50.155 0.0000000000
53180  -28.090  -34.165  44.973 0.0000000000
53169  -28.284  -34.342  45.383 0.0000000000
53181  -28.567  -34.681  45.199 0.0000000000
52092  -28.836  -35.214  45.348 0.0000000000
51014  -29.356  -36.300  45.659 0.0000000000
51002  -29.788  -37.019  45.985 0.0000000000
51028  -29.443  -36.328  45.382 0.0000000000
49986  -30.043  -36.891  45.381 0.0000000000
55286  -33.268  -32.673  38.973 0.0000000000
54274  -32.589  -32.987  38.701 0.0000000000
54254  -32.934  -33.083  39.666 0.0000000000
53253  -33.013  -33.667  40.669 0.0000000000
53219  -33.318  -33.816  41.413 0.0000000000
52140  -33.281  -34.371  41.707 0.0000000000
52141  -33.592  -33.912  41.962 0.0000000000
52118  -33.769  -34.273  42.234 0.0000000000
52056  -17.521  -35.402  47.577 0.0000000000
154396  -17.629  -35.269  48.153 0.0000000000
52038  -17.809  -35.017  48.623 0.0000000000
52039  -18.703  -34.936  48.802 0.0000000000
52023  -19.417  -34.716  49.465 0.0000000000
68635  -46.630  -18.181  19.674 0.0000000000
68615  -46.571  -18.946  20.032 0.0000000000
67554  -47.401  -18.828  19.806 0.0000000000
68636  -48.168  -18.450  19.708 0.0000000000
68616  -48.582  -18.584  20.253 0.0000000000
59488  -41.614  -27.579  36.346 0.0000000000
59506  -41.947  -26.938  35.836 0.0000000000
59505  -41.484  -27.525  35.497 0.0000000000
60437  -41.597  -26.921  34.244 0.0000000000
60449  -41.668  -26.574  33.441 0.0000000000
60521  -39.196  -26.474  29.788 0.0000000000
148818  -39.732  -26.495  30.395 0.0000000000
61484  -39.642  -25.718  29.214 0.0000000000
62410  -39.883  -25.020  28.735 0.0000000000
62421  -39.269  -24.902  28.038 0.0000000000
51037  -19.488  -36.232  44.590 0.0000000000
143050  -20.046  -36.272  45.019 0.0000000000
51038  -20.305  -36.500  44.315 0.0000000000
139513  -21.255  -36.605  44.093 0.0000000000
52177  -21.479  -34.923  40.305 0.0000000000
148341  -21.815  -35.345  41.618 0.0000000000
52160  -22.606  -34.567  41.483 0.0000000000
53215  -23.512  -33.778  41.499 0.0000000000
53216  -23.880  -33.461  42.100 0.0000000000
53217  -24.614  -33.559  42.396 0.0000000000
54204  -24.507  -33.600  41.832 0.0000000000
133406  -25.160  -33.424  41.880 0.0000000000
54220  -25.224  -33.605  41.593 0.0000000000
55419  -33.860  -31.303  32.834 0.0000000000
55404  -33.048  -31.390  32.977 0.0000000000
55405  -33.511  -31.632  33.574 0.0000000000
55384  -33.954  -31.907  34.224 0.0000000000
55366  -33.507  -31.913  35.205 0.0000000000
131932  -33.565  -31.963  36.207 0.0000000000
54292  -35.027  -32.481  36.985 0.0000000000
54293  -35.731  -32.595  37.658 0.0000000000
54294  -36.747  -32.526  37.261 0.0000000000
149647  -37.774  -31.532  36.825 0.0000000000
57437  -38.362  -29.260  34.592 0.0000000000
57427  -38.546  -29.590  35.438 0.0000000000
57418  -40.078  -29.208  36.541 0.0000000000
58459  -40.667  -29.024  37.146 0.0000000000
58479  -40.675  -28.696  36.314 0.0000000000
58504  -41.131  -28.110  35.960 0.0000000000
52135  -17.228  -35.452  42.633 0.0000000000
69539  -44.519  -17.783  29.838 0.0000000000
148703  -45.208  -17.776  29.889 0.0000000000
69555  -45.080  -17.982  29.220 0.0000000000
68512  -45.633  -18.436  28.657 0.0000000000
131177  -46.304  -18.765  28.473 0.0000000000
67454  -45.775  -20.196  27.581 0.0000000000
66327  -45.916  -20.929  27.364 0.0000000000
65280  -46.624  -21.266  27.598 0.0000000000
65264  -48.145  -21.084  28.220 0.0000000000
149778  -48.199  -22.247  27.958 0.0000000000
63330  -48.817  -22.790  27.866 0.0000000000
129981  -49.945  -14.602  17.379 0.0000000000
72672  -51.211  -14.422  19.028 0.0000000000
74563  -53.879  -12.073  21.019 0.0000000000
80090  -58.561  -6.175  12.925 0.0000000000
139287  -43.927  -17.688  18.169 0.0000000000
130292  -46.043  -14.367  16.924 0.0000000000
74589  -46.770  -12.901  16.709 0.0000000000
74590  -47.364  -12.386  16.734 0.0000000000
76323  -47.220  -10.619  16.319 0.0000000000
76324  -48.154  -10.389  16.678 0.0000000000
77227  -48.991  -9.454  15.827 0.0000000000
76333  -49.091  -10.587  14.810 0.0000000000
50948  -10.937  -35.448  53.933 0.0000000000
49929  -10.463  -36.250  53.544 0.0000000000
50932  -10.426  -36.114  54.379 0.0000000000
49913  -9.895  -36.696  54.737 0.0000000000
47858  -9.920  -38.427  55.636 0.0000000000
47856  -8.514  -38.861  56.066 0.0000000000
47855  -7.834  -38.985  55.971 0.0000000000
47860  -7.296  -39.070  55.025 0.0000000000
46828  -7.469  -39.677  55.714 0.0000000000
45932  -7.778  -40.270  56.007 0.0000000000
45010  -7.447  -40.860  55.667 0.0000000000
61412  -43.407  -25.088  35.130 0.0000000000
62328  -43.747  -24.656  35.758 0.0000000000
62341  -43.764  -24.617  34.336 0.0000000000
63250  -44.184  -23.841  33.851 0.0000000000
64242  -44.380  -22.995  33.468 0.0000000000
65246  -42.154  -20.886  30.282 0.0000000000
66268  -43.329  -21.083  31.624 0.0000000000
67372  -43.325  -19.736  33.013 0.0000000000
67351  -43.704  -19.412  33.882 0.0000000000
69496  -42.789  -18.004  31.862 0.0000000000
68480  -42.301  -18.153  31.522 0.0000000000
69537  -41.773  -17.834  29.837 0.0000000000
69586  -39.030  -17.997  26.932 0.0000000000
153297  -39.061  -18.138  26.324 0.0000000000
68544  -39.558  -18.238  26.373 0.0000000000
68560  -40.025  -18.791  25.555 0.0000000000
68575  -40.089  -19.254  24.785 0.0000000000
67482  -38.952  -19.161  24.069 0.0000000000
67497  -38.509  -19.670  23.439 0.0000000000
52062  -23.696  -35.086  47.723 0.0000000000
53136  -25.052  -34.651  48.885 0.0000000000
53129  -25.542  -34.958  48.678 0.0000000000
154013  -24.257  -32.991  35.613 0.0000000000
55361  -23.682  -32.857  36.033 0.0000000000
54305  -24.304  -33.157  36.305 0.0000000000
53283  -25.052  -33.640  37.590 0.0000000000
53272  -25.046  -33.815  38.666 0.0000000000
53261  -25.425  -34.024  39.520 0.0000000000
131549  -25.794  -34.100  38.712 0.0000000000
52191  -26.219  -34.495  39.273 0.0000000000
51101  -26.838  -35.186  39.527 0.0000000000
155695  -29.047  -31.452  34.676 0.0000000000
55381  -28.357  -31.744  34.333 0.0000000000
54337  -28.799  -32.004  35.079 0.0000000000
54306  -28.940  -33.098  35.972 0.0000000000
52193  -30.767  -34.769  38.641 0.0000000000
51118  -30.963  -35.622  38.942 0.0000000000
50041  -30.577  -36.651  38.979 0.0000000000
49056  -30.277  -37.353  39.374 0.0000000000
49055  -29.681  -37.534  39.674 0.0000000000
49045  -30.378  -37.885  40.039 0.0000000000
48013  -29.987  -38.243  40.902 0.0000000000
48001  -30.531  -38.626  41.475 0.0000000000
47993  -30.277  -38.608  42.214 0.0000000000
47994  -31.015  -38.951  42.219 0.0000000000
46975  -31.639  -39.211  42.657 0.0000000000
46976  -32.302  -39.326  42.752 0.0000000000
155817  -13.779  -35.820  45.156 0.0000000000
53153  -13.878  -35.819  46.022 0.0000000000
52085  -13.939  -35.778  45.555 0.0000000000
52084  -13.735  -35.960  46.012 0.0000000000
52070  -13.799  -35.932  46.870 0.0000000000
52051  -13.591  -35.635  47.770 0.0000000000
52033  -13.305  -35.159  48.733 0.0000000000
155132  -18.647  -33.956  52.097 0.0000000000
155293  -42.773  -21.856  22.465 0.0000000000
65365  -43.243  -21.218  22.064 0.0000000000
66383  -44.129  -21.080  22.126 0.0000000000
65352  -45.503  -21.514  22.793 0.0000000000
66388  -48.585  -20.459  22.455 0.0000000000
65355  -48.027  -21.006  22.886 0.0000000000
64366  -48.791  -22.071  24.871 0.0000000000
65312  -49.398  -22.178  25.396 0.0000000000
148285  -49.972  -21.557  25.293 0.0000000000
71595  -50.682  -15.850  22.351 0.0000000000
141440  -50.316  -16.521  22.184 0.0000000000
70607  -50.568  -16.500  22.706 0.0000000000
70572  -51.051  -17.113  24.129 0.0000000000
140596  -51.592  -8.848  13.832 0.0000000000
151078  -51.814  -6.947  14.283 0.0000000000
78129  -52.724  -7.918  13.141 0.0000000000
79093  -54.635  -7.697  10.956 0.0000000000
80102  -55.848  -6.332  10.775 0.0000000000
79095  -55.971  -6.860  9.956 0.0000000000
80114  -56.762  -6.350  9.624 0.0000000000
79149  -55.241  -7.697  6.404 0.0000000000
78214  -55.668  -8.237  6.344 0.0000000000
148549  -55.686  -8.522  6.863 0.0000000000
78193  -56.707  -8.136  7.709 0.0000000000
79139  -57.529  -7.491  7.426 0.0000000000
80152  -59.848  -5.654  7.608 0.0000000000
79175  -60.815  -6.654  3.762 0.0000000000
141734  -61.349  -6.197  4.696 0.0000000000
80190  -61.885  -6.323  3.832 0.0000000000
58547  -39.656  -28.367  33.758 0.0000000000
59550  -40.352  -27.792  33.462 0.0000000000
59568  -39.510  -27.995  32.971 0.0000000000
59581  -39.280  -27.389  31.286 0.0000000000
59600  -38.599  -27.413  30.629 0.0000000000
152009  -38.873  -26.973  30.207 0.0000000000
150296  -38.629  -26.554  29.225 0.0000000000
52176  -20.963  -35.025  39.695 0.0000000000
53260  -22.543  -34.019  39.288 0.0000000000
56420  -31.575  -30.432  30.676 0.0000000000
56407  -32.718  -30.704  31.740 0.0000000000
56423  -33.497  -30.608  31.754 0.0000000000
56362  -34.759  -30.907  32.874 0.0000000000
55386  -35.481  -31.433  33.959 0.0000000000
55387  -35.961  -31.597  34.534 0.0000000000
147178  -36.941  -31.356  35.465 0.0000000000
56334  -36.676  -30.947  34.753 0.0000000000
56365  -37.510  -29.517  34.143 0.0000000000
58526  -39.020  -28.791  34.152 0.0000000000
68546  -42.651  -19.277  26.953 0.0000000000
67451  -43.306  -19.816  26.944 0.0000000000
66324  -43.766  -20.276  26.801 0.0000000000
65309  -42.596  -21.563  25.605 0.0000000000
66342  -43.899  -20.974  26.452 0.0000000000
65294  -44.662  -21.290  26.741 0.0000000000
64328  -44.988  -22.202  26.376 0.0000000000
64346  -45.444  -22.828  25.811 0.0000000000
74581  -51.354  -12.677  18.060 0.0000000000
74582  -52.287  -12.432  18.457 0.0000000000
74583  -53.184  -12.067  18.951 0.0000000000
74571  -54.511  -11.632  20.547 0.0000000000
75440  -55.460  -11.404  20.989 0.0000000000
80066  -56.638  -6.319  14.974 0.0000000000
80077  -56.458  -5.950  14.084 0.0000000000
46915  -9.628  -39.833  46.968 0.0000000000
46904  -8.922  -40.238  47.581 0.0000000000
134903  -9.011  -40.153  48.576 0.0000000000
63310  -42.649  -23.835  30.627 0.0000000000
63291  -43.293  -23.507  31.135 0.0000000000
139619  -42.849  -23.129  30.304 0.0000000000
131616  -42.761  -22.311  30.077 0.0000000000
65255  -42.371  -21.646  29.988 0.0000000000
155287  -41.287  -21.745  29.221 0.0000000000
146561  -41.699  -21.340  29.664 0.0000000000
67402  -40.926  -19.579  30.194 0.0000000000
67392  -40.851  -18.606  30.163 0.0000000000
68510  -39.308  -18.280  28.624 0.0000000000
69548  -38.875  -18.070  28.096 0.0000000000
68525  -38.366  -18.499  27.659 0.0000000000
69567  -38.657  -18.134  27.415 0.0000000000
69585  -38.404  -18.133  26.879 0.0000000000
142021  -37.438  -18.253  25.315 0.0000000000
139898  -26.091  -33.899  46.237 0.0000000000
53158  -26.431  -34.017  46.506 0.0000000000
54161  -26.816  -34.153  46.647 0.0000000000
53149  -27.240  -34.432  46.725 0.0000000000
52047  -27.794  -35.123  46.723 0.0000000000
53161  -28.416  -34.885  46.149 0.0000000000
52064  -28.390  -35.066  46.294 0.0000000000
50998  -28.052  -36.082  46.673 0.0000000000
49977  -30.188  -37.724  46.063 0.0000000000
53318  -24.602  -33.281  34.802 0.0000000000
137145  -24.862  -33.474  35.545 0.0000000000
53302  -25.966  -34.364  36.031 0.0000000000
52236  -26.396  -34.587  36.506 0.0000000000
54308  -30.406  -32.500  36.701 0.0000000000
55332  -31.165  -32.301  37.024 0.0000000000
54272  -30.976  -33.205  38.135 0.0000000000
53263  -31.099  -33.957  39.026 0.0000000000
54253  -32.093  -33.446  39.228 0.0000000000
53264  -31.766  -33.790  39.527 0.0000000000
52194  -31.274  -34.512  39.345 0.0000000000
51119  -31.578  -35.216  39.660 0.0000000000
51103  -32.053  -35.864  40.142 0.0000000000
50028  -32.378  -36.684  40.397 0.0000000000
49038  -32.634  -37.941  41.046 0.0000000000
50022  -32.792  -36.950  40.937 0.0000000000
50016  -33.688  -36.641  42.158 0.0000000000
51071  -33.387  -35.053  41.950 0.0000000000
136563  -33.929  -35.874  42.518 0.0000000000
50006  -34.193  -37.003  42.731 0.0000000000
53194  -14.191  -35.285  43.654 0.0000000000
53176  -14.542  -35.445  44.950 0.0000000000
53166  -14.619  -35.501  45.716 0.0000000000
53146  -14.885  -34.973  47.374 0.0000000000
52019  -15.235  -34.733  48.986 0.0000000000
53120  -16.788  -34.646  49.846 0.0000000000
53107  -17.881  -34.288  50.768 0.0000000000
143818  -18.065  -34.810  49.359 0.0000000000
53121  -18.347  -34.535  50.084 0.0000000000
53092  -18.470  -33.996  51.501 0.0000000000
67531  -45.011  -19.492  20.555 0.0000000000
67518  -45.088  -19.961  20.958 0.0000000000
67519  -45.740  -19.889  20.999 0.0000000000
66402  -47.190  -20.477  21.427 0.0000000000
67534  -47.068  -19.492  20.294 0.0000000000
67521  -47.600  -19.917  20.846 0.0000000000
66389  -49.339  -19.980  22.908 0.0000000000
67499  -49.862  -19.433  23.404 0.0000000000
144389  -50.747  -9.110  11.976 0.0000000000
77268  -51.357  -9.100  11.657 0.0000000000
77269  -52.075  -9.047  11.091 0.0000000000
79161  -55.753  -7.708  5.860 0.0000000000
78227  -56.749  -8.309  5.470 0.0000000000
78228  -57.556  -8.309  5.270 0.0000000000
79163  -58.980  -7.398  5.598 0.0000000000
78229  -58.423  -8.129  5.027 0.0000000000
78241  -58.794  -8.145  4.158 0.0000000000
79185  -57.659  -7.591  3.498 0.0000000000
79186  -58.845  -7.985  3.324 0.0000000000
78250  -59.635  -7.600  3.672 0.0000000000
130678  -11.800  -36.893  49.340 0.0000000000
140499  -11.415  -37.143  49.904 0.0000000000
139775  -11.803  -36.412  49.917 0.0000000000
134889  -11.743  -35.478  51.537 0.0000000000
51965  -11.359  -35.173  54.439 0.0000000000
60419  -42.700  -25.960  36.946 0.0000000000
61406  -42.853  -25.673  35.630 0.0000000000
60429  -42.376  -26.328  35.311 0.0000000000
61418  -42.815  -25.702  34.839 0.0000000000
61419  -43.211  -25.226  34.459 0.0000000000
62348  -42.956  -24.930  33.022 0.0000000000
62356  -42.807  -24.744  32.164 0.0000000000
149989  -40.867  -27.070  32.954 0.0000000000
60462  -41.365  -26.453  32.521 0.0000000000
60479  -41.200  -26.165  31.843 0.0000000000
131995  -41.744  -25.816  32.170 0.0000000000
61445  -42.122  -25.123  31.800 0.0000000000
62373  -42.633  -24.411  31.293 0.0000000000
155815  -41.589  -23.577  29.441 0.0000000000
63329  -40.399  -23.630  28.510 0.0000000000
64298  -40.461  -22.767  28.533 0.0000000000
139946  -38.933  -22.512  27.718 0.0000000000
50995  -21.382  -35.600  47.219 0.0000000000
50996  -22.324  -35.669  47.167 0.0000000000
51025  -21.361  -36.228  45.720 0.0000000000
51011  -21.850  -35.950  46.466 0.0000000000
51013  -23.571  -35.676  46.314 0.0000000000
154632  -24.205  -35.221  46.155 0.0000000000
52091  -24.689  -34.652  45.467 0.0000000000
51066  -20.206  -36.366  42.011 0.0000000000
50003  -20.833  -36.441  42.601 0.0000000000
52136  -22.365  -35.224  42.196 0.0000000000
129291  -22.254  -35.845  42.958 0.0000000000
51040  -22.794  -36.080  44.352 0.0000000000
137168  -24.157  -35.000  44.902 0.0000000000
53168  -26.038  -33.641  45.145 0.0000000000
153849  -25.949  -33.628  44.521 0.0000000000
138820  -26.523  -33.711  44.785 0.0000000000
54191  -25.647  -33.686  43.566 0.0000000000
54178  -26.187  -33.652  44.190 0.0000000000
54179  -26.756  -33.733  44.541 0.0000000000
53199  -27.661  -34.189  44.370 0.0000000000
137835  -27.947  -34.713  44.070 0.0000000000
56381  -28.447  -30.171  32.567 0.0000000000
56341  -28.911  -30.928  34.169 0.0000000000
55382  -29.625  -30.975  34.592 0.0000000000
55363  -30.546  -31.440  35.575 0.0000000000
139214  -31.331  -30.616  32.109 0.0000000000
147261  -31.113  -30.673  33.349 0.0000000000
56361  -32.308  -31.149  33.305 0.0000000000
56360  -31.592  -30.876  33.670 0.0000000000
134555  -30.975  -30.656  33.886 0.0000000000
56332  -30.942  -30.966  35.108 0.0000000000
55351  -31.688  -31.876  36.573 0.0000000000
146790  -32.289  -31.935  36.907 0.0000000000
146601  -32.696  -32.176  37.635 0.0000000000
147142  -33.681  -31.988  36.902 0.0000000000
55334  -33.464  -32.069  37.509 0.0000000000
55287  -33.829  -32.319  39.276 0.0000000000
55268  -34.045  -32.256  40.141 0.0000000000
154312  -34.354  -32.082  40.683 0.0000000000
55269  -34.697  -31.963  41.272 0.0000000000
129495  -34.905  -31.938  40.200 0.0000000000
128932  -35.994  -32.039  39.831 0.0000000000
55271  -36.628  -31.825  40.387 0.0000000000
55289  -36.904  -32.125  39.579 0.0000000000
141624  -37.285  -31.829  40.070 0.0000000000
146683  -37.791  -31.616  40.122 0.0000000000
56275  -38.895  -30.882  39.947 0.0000000000
55370  -37.494  -31.256  36.090 0.0000000000
56325  -38.694  -29.893  36.279 0.0000000000
56314  -38.739  -30.637  37.461 0.0000000000
56304  -39.263  -30.518  38.650 0.0000000000
56291  -39.403  -30.470  39.417 0.0000000000
56292  -40.078  -29.882  39.689 0.0000000000
57403  -41.125  -28.760  37.821 0.0000000000
58444  -41.501  -28.417  38.473 0.0000000000
154681  -14.834  -34.687  42.750 0.0000000000
52101  -16.013  -35.010  44.334 0.0000000000
51035  -17.257  -35.408  44.203 0.0000000000
52076  -19.014  -35.558  47.010 0.0000000000
69482  -46.997  -17.654  33.609 0.0000000000
69528  -46.721  -17.646  30.966 0.0000000000
69515  -47.847  -17.746  31.339 0.0000000000
69516  -48.733  -17.910  31.654 0.0000000000
69503  -49.049  -18.187  31.661 0.0000000000
68529  -45.826  -19.104  28.016 0.0000000000
68530  -46.499  -19.142  28.243 0.0000000000
67435  -46.314  -19.659  27.964 0.0000000000
67416  -46.907  -19.341  28.296 0.0000000000
148901  -47.845  -18.843  28.974 0.0000000000
68501  -48.554  -18.691  29.636 0.0000000000
68502  -49.314  -18.812  30.096 0.0000000000
65266  -49.406  -21.833  28.773 0.0000000000
69671  -48.823  -17.246  19.070 0.0000000000
70651  -49.152  -16.576  18.544 0.0000000000
70652  -49.715  -16.206  19.154 0.0000000000
70639  -49.982  -16.076  20.024 0.0000000000
71620  -50.490  -15.448  20.347 0.0000000000
144930  -50.197  -15.886  20.903 0.0000000000
135027  -51.125  -15.011  22.330 0.0000000000
72640  -51.824  -14.785  23.081 0.0000000000
73649  -51.864  -13.752  19.617 0.0000000000
73638  -51.902  -13.688  20.847 0.0000000000
73651  -53.196  -12.549  21.357 0.0000000000
73639  -52.546  -13.068  21.621 0.0000000000
72653  -51.929  -13.754  21.936 0.0000000000
45024  -4.768  -41.771  54.436 0.0000000000
138910  -40.567  -22.076  22.815 0.0000000000
147317  -40.429  -21.934  22.224 0.0000000000
65363  -40.789  -21.746  21.646 0.0000000000
66396  -41.764  -21.065  21.323 0.0000000000
65380  -40.926  -21.076  20.919 0.0000000000
66415  -43.271  -20.256  20.851 0.0000000000
131879  -43.604  -19.825  20.294 0.0000000000
67552  -42.319  -19.335  19.515 0.0000000000
141067  -44.365  -19.324  19.960 0.0000000000
68613  -45.257  -18.863  20.078 0.0000000000
150046  -45.514  -18.222  19.794 0.0000000000
69666  -44.399  -18.030  18.818 0.0000000000
154035  -45.877  -17.760  19.727 0.0000000000
69668  -46.342  -17.416  19.459 0.0000000000
70650  -46.861  -16.776  19.112 0.0000000000
71638  -46.570  -15.971  18.447 0.0000000000
70662  -46.970  -15.938  18.712 0.0000000000
152759  -47.233  -16.241  18.770 0.0000000000
134418  -47.671  -15.945  18.312 0.0000000000
71641  -48.258  -15.363  17.891 0.0000000000
139166  -48.303  -14.729  17.528 0.0000000000
72693  -47.730  -14.406  17.439 0.0000000000
72679  -48.217  -14.478  17.355 0.0000000000
72680  -48.804  -14.408  17.233 0.0000000000
74579  -49.611  -12.942  17.523 0.0000000000
75465  -46.376  -11.913  16.690 0.0000000000
74592  -48.550  -12.559  17.086 0.0000000000
75453  -49.094  -12.323  17.416 0.0000000000
75454  -49.782  -12.088  17.760 0.0000000000
75470  -49.972  -11.148  17.870 0.0000000000
76306  -50.250  -10.121  17.604 0.0000000000
77198  -48.632  -9.736  16.929 0.0000000000
77200  -50.623  -9.126  17.085 0.0000000000
145615  -51.455  -8.695  16.794 0.0000000000
78097  -51.691  -7.905  16.359 0.0000000000
145078  -50.870  -7.606  16.076 0.0000000000
79033  -50.850  -7.519  15.645 0.0000000000
78117  -50.425  -8.386  14.957 0.0000000000
77237  -50.309  -9.816  14.659 0.0000000000
77238  -51.010  -9.264  14.269 0.0000000000
76345  -50.966  -10.078  13.240 0.0000000000
76370  -50.794  -10.016  12.857 0.0000000000
77258  -50.157  -9.444  12.390 0.0000000000
78137  -50.268  -8.452  12.056 0.0000000000
49960  -11.085  -37.768  49.779 0.0000000000
48962  -10.352  -38.302  50.735 0.0000000000
49947  -10.489  -37.052  52.157 0.0000000000
154113  -9.200  -39.473  50.896 0.0000000000
49900  -9.914  -36.898  55.278 0.0000000000
48906  -9.399  -37.230  54.406 0.0000000000
48894  -9.595  -37.979  55.787 0.0000000000
48905  -8.812  -37.706  54.778 0.0000000000
48918  -8.924  -37.869  53.908 0.0000000000
48935  -8.932  -38.516  53.077 0.0000000000
46860  -8.605  -39.534  52.142 0.0000000000
46869  -8.073  -40.092  51.785 0.0000000000
45955  -7.462  -40.430  52.313 0.0000000000
46848  -7.036  -39.650  53.974 0.0000000000
45018  -5.177  -41.604  54.982 0.0000000000
44036  -7.134  -42.445  55.115 0.0000000000
45021  -7.210  -41.544  55.408 0.0000000000
67320  -47.821  -19.139  36.489 0.0000000000
68415  -47.370  -18.662  36.112 0.0000000000
135600  -43.643  -24.611  37.981 0.0000000000
63273  -43.727  -23.530  32.046 0.0000000000
65228  -43.899  -21.820  32.210 0.0000000000
64256  -44.299  -22.109  33.160 0.0000000000
65214  -44.864  -22.014  35.116 0.0000000000
148867  -44.969  -20.278  35.792 0.0000000000
67335  -44.952  -19.437  35.685 0.0000000000
67352  -44.271  -19.181  34.784 0.0000000000
68426  -45.058  -18.670  35.361 0.0000000000
68446  -45.315  -18.040  34.924 0.0000000000
69481  -45.333  -17.708  33.547 0.0000000000
69512  -44.073  -17.744  31.475 0.0000000000
69511  -43.161  -17.824  31.338 0.0000000000
147663  -43.781  -17.727  30.546 0.0000000000
69538  -43.736  -17.823  29.669 0.0000000000
69553  -43.569  -18.039  28.849 0.0000000000
129263  -42.896  -18.838  27.452 0.0000000000
69523  -40.957  -18.033  30.072 0.0000000000
69535  -40.657  -17.930  29.397 0.0000000000
69551  -41.031  -17.820  28.658 0.0000000000
69569  -40.228  -17.860  27.989 0.0000000000
69571  -41.935  -17.978  28.200 0.0000000000
68526  -42.076  -18.599  27.428 0.0000000000
68562  -41.986  -19.512  26.454 0.0000000000
67485  -41.093  -20.157  24.948 0.0000000000
67466  -40.697  -19.413  25.144 0.0000000000
66357  -40.675  -20.846  24.422 0.0000000000
66372  -40.305  -21.310  23.835 0.0000000000
153234  -39.765  -21.671  22.953 0.0000000000
65292  -36.554  -21.236  26.433 0.0000000000
67448  -36.662  -18.907  26.353 0.0000000000
68557  -36.161  -18.584  25.636 0.0000000000
132478  -36.762  -18.329  25.441 0.0000000000
68572  -36.882  -18.220  24.758 0.0000000000
68587  -37.291  -18.571  23.966 0.0000000000
67508  -38.001  -20.199  22.812 0.0000000000
66380  -36.551  -20.349  22.230 0.0000000000
65347  -39.203  -21.467  22.532 0.0000000000
141692  -39.275  -21.768  21.900 0.0000000000
52042  -21.458  -34.923  48.583 0.0000000000
52026  -21.919  -34.685  49.234 0.0000000000
53127  -23.695  -34.571  49.271 0.0000000000
129890  -26.343  -34.406  47.249 0.0000000000
53138  -26.202  -34.802  47.808 0.0000000000
53271  -22.911  -33.792  38.667 0.0000000000
54249  -23.207  -33.925  39.332 0.0000000000
54250  -23.674  -33.937  39.298 0.0000000000
54233  -24.239  -33.831  40.847 0.0000000000
54234  -24.885  -33.645  40.974 0.0000000000
53235  -25.800  -34.036  41.727 0.0000000000
53262  -25.750  -34.182  40.268 0.0000000000
53236  -26.307  -34.270  42.075 0.0000000000
53237  -26.841  -34.527  42.436 0.0000000000
52139  -27.811  -35.193  43.202 0.0000000000
51070  -28.249  -35.964  43.177 0.0000000000
53329  -27.216  -33.606  34.587 0.0000000000
52248  -26.926  -34.494  35.813 0.0000000000
135476  -27.290  -35.089  36.920 0.0000000000
54289  -29.996  -33.115  37.035 0.0000000000
53305  -29.350  -33.616  36.528 0.0000000000
52207  -30.177  -34.984  37.997 0.0000000000
52206  -29.545  -34.987  37.421 0.0000000000
52223  -27.943  -35.344  37.105 0.0000000000
52222  -27.017  -35.282  37.632 0.0000000000
51127  -27.427  -35.923  38.827 0.0000000000
51102  -27.376  -36.023  39.988 0.0000000000
49054  -28.864  -37.233  39.753 0.0000000000
50026  -28.044  -36.725  40.452 0.0000000000
50020  -28.071  -36.649  41.508 0.0000000000
50013  -28.251  -36.498  42.366 0.0000000000
50014  -28.722  -36.785  42.902 0.0000000000
51055  -28.887  -36.183  43.935 0.0000000000
129717  -30.027  -37.203  44.391 0.0000000000
49013  -30.599  -37.748  44.700 0.0000000000
47985  -30.819  -38.587  43.881 0.0000000000
48004  -32.996  -38.379  41.740 0.0000000000
46977  -33.066  -39.377  42.953 0.0000000000
47961  -10.789  -39.028  46.347 0.0000000000
49985  -12.127  -37.623  44.620 0.0000000000
49981  -12.519  -37.596  45.656 0.0000000000
135314  -12.600  -37.510  46.639 0.0000000000
49973  -12.307  -37.438  47.657 0.0000000000
49965  -12.018  -37.051  48.605 0.0000000000
50977  -12.276  -36.258  49.077 0.0000000000
50970  -12.404  -35.188  50.239 0.0000000000
53090  -16.907  -33.937  51.628 0.0000000000
64373  -41.772  -22.369  23.305 0.0000000000
64374  -42.308  -22.596  23.768 0.0000000000
64375  -43.214  -22.671  23.755 0.0000000000
64361  -44.223  -22.827  24.884 0.0000000000
64362  -45.085  -22.892  24.957 0.0000000000
64347  -46.384  -23.076  26.011 0.0000000000
65338  -46.052  -22.050  23.435 0.0000000000
148145  -47.588  -21.428  23.286 0.0000000000
65339  -46.925  -21.750  23.369 0.0000000000
63353  -46.997  -23.141  26.441 0.0000000000
151019  -47.568  -23.129  26.280 0.0000000000
138731  -48.777  -23.020  26.756 0.0000000000
63345  -49.162  -22.969  27.380 0.0000000000
63356  -49.490  -22.857  26.751 0.0000000000
68617  -49.039  -18.134  20.863 0.0000000000
69645  -49.838  -17.701  22.194 0.0000000000
68598  -49.859  -18.390  22.644 0.0000000000
133267  -50.118  -18.709  23.300 0.0000000000
67487  -50.504  -19.250  24.621 0.0000000000
66343  -50.807  -20.178  25.713 0.0000000000
79035  -52.358  -7.240  15.953 0.0000000000
79050  -52.984  -6.759  15.447 0.0000000000
80053  -53.546  -6.302  14.893 0.0000000000
80064  -54.134  -5.997  14.342 0.0000000000
141213  -54.597  -5.924  13.765 0.0000000000
80076  -55.392  -5.858  13.462 0.0000000000
77261  -52.287  -9.340  12.208 0.0000000000
78138  -52.864  -8.704  12.491 0.0000000000
78130  -53.258  -7.859  12.629 0.0000000000
79081  -53.793  -7.081  12.339 0.0000000000
135351  -56.388  -5.770  13.123 0.0000000000
80089  -57.465  -5.782  12.736 0.0000000000
132992  -58.289  -5.848  12.089 0.0000000000
80097  -59.079  -6.000  11.545 0.0000000000
78181  -54.781  -8.522  9.072 0.0000000000
78182  -55.621  -8.294  8.768 0.0000000000
79113  -56.184  -7.382  9.221 0.0000000000
79129  -57.206  -7.131  8.180 0.0000000000
80115  -57.493  -5.908  9.360 0.0000000000
80116  -58.772  -5.573  9.719 0.0000000000
80165  -60.843  -5.823  6.124 0.0000000000
80181  -61.404  -6.097  5.528 0.0000000000
44034  -5.271  -42.334  55.012 0.0000000000
45936  -6.594  -40.367  55.147 0.0000000000
45937  -7.178  -40.303  55.574 0.0000000000
45941  -6.853  -39.710  54.699 0.0000000000
46836  -7.512  -39.225  55.480 0.0000000000
46986  -31.883  -39.069  42.025 0.0000000000
47857  -9.280  -38.593  56.014 0.0000000000
47861  -7.818  -38.733  55.395 0.0000000000
48016  -32.038  -38.184  40.720 0.0000000000
48897  -8.816  -37.834  55.437 0.0000000000
48898  -9.419  -37.603  55.549 0.0000000000
48899  -10.364  -37.142  55.406 0.0000000000
48936  -9.512  -37.857  53.060 0.0000000000
48979  -11.458  -38.215  48.556 0.0000000000
49001  -31.053  -38.361  46.110 0.0000000000
49899  -9.344  -37.279  55.066 0.0000000000
49982  -30.399  -37.592  45.797 0.0000000000
50002  -19.985  -36.568  42.828 0.0000000000
50040  -29.659  -37.074  39.114 0.0000000000
50955  -10.891  -35.827  52.952 0.0000000000
50997  -23.220  -35.602  47.084 0.0000000000
51015  -29.850  -36.914  45.556 0.0000000000
51048  -17.822  -35.714  43.240 0.0000000000
51052  -21.479  -36.417  43.201 0.0000000000
51053  -22.864  -35.627  43.522 0.0000000000
51966  -11.893  -34.880  54.461 0.0000000000
52063  -24.648  -34.803  47.468 0.0000000000
52079  -28.769  -35.203  45.698 0.0000000000
52080  -29.062  -35.791  45.523 0.0000000000
52159  -22.030  -34.711  40.889 0.0000000000
52237  -27.147  -34.794  36.412 0.0000000000
53076  -17.372  -33.932  52.327 0.0000000000
53130  -26.067  -34.925  48.081 0.0000000000
53140  -27.356  -34.848  46.923 0.0000000000
53148  -25.901  -34.284  47.111 0.0000000000
53159  -27.678  -34.152  46.174 0.0000000000
53160  -28.017  -34.155  45.924 0.0000000000
53164  -14.043  -35.609  44.623 0.0000000000
53178  -25.058  -33.711  44.123 0.0000000000
53238  -32.805  -33.988  40.792 0.0000000000
53250  -25.445  -33.947  41.028 0.0000000000
54165  -26.752  -33.834  45.992 0.0000000000
54170  -26.569  -33.721  45.308 0.0000000000
54171  -27.093  -33.764  45.183 0.0000000000
54176  -25.318  -33.647  43.514 0.0000000000
54180  -27.433  -33.881  44.813 0.0000000000
54192  -25.983  -33.662  43.528 0.0000000000
54194  -27.014  -33.811  44.120 0.0000000000
54205  -24.940  -33.608  42.604 0.0000000000
54207  -25.692  -33.728  42.863 0.0000000000
54221  -25.379  -33.806  41.934 0.0000000000
54237  -33.120  -33.329  40.448 0.0000000000
54268  -22.951  -33.939  38.555 0.0000000000
54276  -36.580  -32.613  38.149 0.0000000000
55257  -35.500  -31.731  41.827 0.0000000000
55313  -37.958  -32.039  38.077 0.0000000000
55331  -23.383  -33.492  37.149 0.0000000000
55385  -34.806  -31.810  34.026 0.0000000000
56331  -30.202  -30.996  35.059 0.0000000000
56383  -30.833  -30.565  32.812 0.0000000000
59617  -37.668  -27.333  29.605 0.0000000000
60499  -40.190  -26.194  30.585 0.0000000000
61485  -40.289  -25.280  29.490 0.0000000000
62422  -39.917  -24.240  28.286 0.0000000000
63355  -48.149  -23.092  26.484 0.0000000000
66341  -43.158  -20.895  26.129 0.0000000000
66401  -46.213  -20.422  21.513 0.0000000000
67361  -43.111  -18.464  32.741 0.0000000000
67384  -42.333  -18.656  31.770 0.0000000000
68428  -46.865  -18.151  35.680 0.0000000000
68491  -48.510  -17.953  30.833 0.0000000000
68511  -44.284  -18.457  28.382 0.0000000000
68513  -48.323  -19.294  28.930 0.0000000000
69479  -43.808  -17.925  32.924 0.0000000000
69499  -46.039  -17.577  32.932 0.0000000000
69527  -45.804  -17.711  30.319 0.0000000000
69534  -39.867  -17.998  29.098 0.0000000000
69536  -41.281  -17.853  29.394 0.0000000000
69681  -45.587  -17.017  18.778 0.0000000000
69683  -48.401  -17.022  18.655 0.0000000000
77216  -50.642  -8.119  16.489 0.0000000000
79048  -51.309  -6.966  15.235 0.0000000000
79173  -57.397  -8.048  4.175 0.0000000000
79197  -58.927  -7.586  2.520 0.0000000000
80051  -51.904  -6.644  14.796 0.0000000000
129164  -47.039  -18.770  28.703 0.0000000000
130587  -18.124  -33.907  52.218 0.0000000000
130635  -34.010  -32.172  37.953 0.0000000000
132276  -26.448  -33.700  43.991 0.0000000000
133343  -25.001  -33.745  41.302 0.0000000000
133512  -45.373  -17.616  32.159 0.0000000000
134808  -42.608  -18.400  27.932 0.0000000000
136349  -9.238  -39.089  51.649 0.0000000000
139112  -26.173  -33.656  44.663 0.0000000000
140388  -30.460  -38.671  42.978 0.0000000000
141189  -24.681  -34.222  44.465 0.0000000000
141251  -25.235  -33.957  40.307 0.0000000000
141593  -33.611  -35.677  42.184 0.0000000000
143418  -8.045  -39.472  56.109 0.0000000000
144563  -9.884  -36.675  54.002 0.0000000000
147071  -57.274  -7.108  3.619 0.0000000000
147193  -35.028  -31.379  33.492 0.0000000000
147209  -14.864  -34.818  48.109 0.0000000000
147594  -27.528  -34.353  43.819 0.0000000000
148741  -36.712  -30.161  34.109 0.0000000000
150146  -47.256  -17.596  31.877 0.0000000000
150291  -42.500  -19.466  31.775 0.0000000000
150578  -48.955  -18.081  30.997 0.0000000000
151892  -10.548  -36.599  55.164 0.0000000000
152334  -18.949  -36.113  44.163 0.0000000000
152868  -30.474  -36.137  38.651 0.0000000000
153636  -34.451  -29.500  30.998 0.0000000000
154951  -41.182  -17.935  29.906 0.0000000000
155164  -7.862  -40.856  55.859 0.0000000000
