#!ascii label  , from subject sub-v1s14x0051557_ses-1 vox2ras=TkReg
606
18806  -24.540  -70.113  -26.052 0.6999999881
20474  -24.519  -68.581  -26.182 0.6000000238
21339  -25.025  -67.904  -26.075 0.6000000238
21340  -26.034  -67.321  -26.499 0.4000000060
19570  -21.248  -69.752  -20.347 0.6999999881
134620  -21.398  -69.127  -20.131 0.6999999881
18711  -20.922  -69.837  -21.300 0.6999999881
19569  -21.067  -69.108  -21.243 0.6000000238
18724  -20.512  -70.075  -22.166 0.6999999881
19580  -20.494  -69.338  -21.974 0.6000000238
18725  -21.240  -70.689  -21.557 0.6000000238
19594  -20.088  -69.562  -22.649 0.6000000238
131591  -21.645  -71.323  -23.229 0.6000000238
18735  -20.282  -70.353  -23.155 0.6000000238
19621  -19.531  -69.515  -25.098 0.5000000000
18770  -20.779  -71.016  -24.796 0.5000000000
153853  -19.733  -69.758  -25.902 0.5000000000
19642  -20.797  -69.585  -26.604 0.6000000238
19644  -22.715  -69.760  -26.309 0.6000000238
134142  -22.021  -69.274  -26.574 0.6000000238
20472  -22.535  -68.422  -26.484 0.6000000238
20473  -23.522  -68.472  -26.232 0.6000000238
133146  -21.692  -68.713  -19.932 0.6000000238
20403  -21.187  -68.423  -21.654 0.6000000238
21267  -20.786  -68.154  -22.369 0.6000000238
20420  -20.296  -68.470  -22.791 0.6000000238
21283  -20.093  -67.902  -23.479 0.6000000238
19593  -19.867  -69.040  -23.028 0.6000000238
19608  -19.575  -69.061  -23.980 0.6000000238
20445  -19.302  -68.556  -24.888 0.6000000238
20457  -19.396  -69.002  -25.820 0.6000000238
19633  -20.084  -70.065  -26.260 0.6000000238
20469  -19.430  -68.508  -26.543 0.6999999881
21335  -20.700  -67.883  -27.066 0.6000000238
20471  -21.395  -68.622  -26.817 0.6000000238
21338  -24.105  -67.790  -25.926 0.5000000000
21317  -24.686  -67.300  -25.564 0.5000000000
20382  -22.110  -68.428  -19.335 0.6000000238
21253  -21.804  -68.185  -21.061 0.6000000238
145791  -21.621  -67.890  -21.678 0.6000000238
21285  -20.879  -67.538  -22.632 0.6000000238
21284  -20.504  -67.685  -22.988 0.6000000238
22211  -20.649  -66.813  -23.013 0.6000000238
22227  -20.183  -67.093  -23.595 0.6000000238
132539  -19.213  -66.759  -24.361 0.6000000238
20433  -19.587  -68.137  -24.009 0.6000000238
150243  -18.790  -67.165  -25.536 0.6000000238
21315  -18.950  -68.032  -25.875 0.6999999881
21336  -22.042  -67.494  -26.607 0.6000000238
22272  -22.836  -66.699  -25.766 0.6000000238
21318  -25.454  -67.306  -25.916 0.4000000060
21244  -22.800  -68.039  -19.709 0.6000000238
21254  -22.683  -67.941  -20.670 0.6000000238
21269  -22.425  -67.656  -21.483 0.6000000238
22212  -21.263  -67.035  -22.503 0.6000000238
23156  -20.629  -65.821  -23.076 0.5000000000
23169  -19.512  -65.598  -23.993 0.6000000238
21303  -18.843  -66.599  -24.936 0.6999999881
148041  -19.536  -66.669  -27.841 0.6000000238
21333  -18.959  -67.696  -26.887 0.6000000238
22269  -20.063  -67.185  -27.428 0.6000000238
22270  -21.116  -66.874  -27.098 0.6000000238
22271  -22.022  -66.362  -26.387 0.6000000238
22252  -23.348  -66.199  -25.006 0.6000000238
21316  -23.779  -66.942  -25.377 0.6000000238
23185  -25.754  -65.715  -24.528 0.4000000060
144968  -24.521  -66.781  -24.981 0.5000000000
21245  -23.665  -67.665  -19.257 0.5000000000
21255  -23.685  -67.710  -20.194 0.6000000238
21270  -23.608  -67.379  -21.225 0.6000000238
22197  -22.902  -66.925  -21.948 0.6000000238
22213  -22.046  -66.375  -22.419 0.5000000000
23157  -21.458  -65.404  -22.718 0.5000000000
131810  -21.176  -66.285  -22.734 0.5000000000
23170  -20.007  -65.294  -23.481 0.6000000238
24149  -18.214  -64.572  -24.733 0.6000000238
23182  -18.885  -65.115  -24.614 0.6999999881
23200  -18.020  -65.730  -25.985 0.6999999881
22268  -18.431  -66.220  -26.757 0.6999999881
24183  -18.924  -64.639  -27.856 0.6000000238
21332  -18.862  -66.759  -27.274 0.6999999881
23229  -18.885  -65.738  -28.108 0.6000000238
23231  -20.452  -65.345  -27.925 0.6000000238
22283  -20.348  -66.347  -27.693 0.6000000238
23220  -21.214  -65.858  -27.069 0.6000000238
23221  -21.987  -65.421  -26.285 0.6000000238
23202  -24.065  -65.691  -24.640 0.5000000000
23184  -24.942  -65.541  -24.477 0.4000000060
21246  -24.428  -67.361  -19.653 0.6000000238
22198  -24.499  -66.849  -21.135 0.6000000238
131151  -23.965  -66.359  -21.743 0.5000000000
22214  -23.061  -65.939  -22.224 0.6000000238
24124  -22.175  -64.540  -22.590 0.5000000000
24123  -21.251  -64.521  -22.811 0.5000000000
24122  -20.586  -64.935  -23.019 0.6000000238
24138  -20.561  -64.022  -23.025 0.5000000000
24137  -20.008  -64.591  -23.307 0.5000000000
25091  -18.246  -63.510  -24.981 0.5000000000
153124  -17.824  -64.704  -25.346 0.6000000238
25103  -18.077  -63.001  -26.016 0.5000000000
139659  -17.838  -64.072  -25.711 0.5000000000
24162  -17.678  -64.843  -26.192 0.6000000238
25116  -18.219  -63.120  -26.755 0.4000000060
24182  -17.775  -64.678  -27.335 0.6999999881
25998  -19.169  -62.835  -27.110 0.4000000060
25999  -19.928  -63.112  -27.485 0.5000000000
24184  -20.042  -64.703  -28.120 0.6000000238
25126  -20.631  -63.515  -27.375 0.5000000000
24185  -20.633  -64.342  -27.631 0.6000000238
138865  -21.990  -63.031  -26.617 0.5000000000
24176  -22.132  -64.434  -26.190 0.6000000238
23183  -24.483  -64.848  -24.592 0.5000000000
25117  -21.394  -63.804  -26.894 0.6000000238
25104  -22.794  -63.828  -25.797 0.6000000238
24164  -23.631  -64.799  -24.872 0.6000000238
22184  -25.201  -66.647  -20.602 0.5000000000
23145  -23.796  -65.341  -22.111 0.5000000000
24125  -23.042  -64.998  -22.364 0.5000000000
25083  -20.121  -63.262  -23.271 0.4000000060
154815  -19.508  -63.290  -23.667 0.5000000000
25082  -19.027  -63.829  -24.165 0.5000000000
25951  -18.844  -62.998  -24.230 0.5000000000
27699  -18.809  -60.554  -26.336 0.4000000060
25989  -18.006  -62.134  -26.084 0.4000000060
25990  -18.753  -62.180  -26.646 0.4000000060
26835  -19.358  -61.347  -26.704 0.5000000000
25991  -19.886  -62.236  -27.034 0.5000000000
26836  -20.496  -61.389  -26.751 0.5000000000
25992  -20.665  -62.781  -27.062 0.5000000000
137652  -21.632  -62.366  -26.688 0.5000000000
25106  -24.342  -63.341  -25.222 0.5000000000
25107  -25.202  -63.248  -24.942 0.5000000000
25118  -22.894  -62.997  -26.198 0.6000000238
144554  -23.380  -64.156  -25.291 0.5000000000
25952  -19.542  -62.533  -23.663 0.4000000060
26806  -19.050  -61.511  -23.711 0.5000000000
153603  -17.899  -61.834  -24.907 0.5000000000
26819  -17.658  -61.216  -25.167 0.5000000000
26837  -21.517  -61.501  -26.666 0.5000000000
26824  -25.013  -61.774  -25.877 0.5000000000
25979  -25.543  -62.468  -25.297 0.3000000119
142204  -21.222  -60.725  -26.631 0.5000000000
141358  -22.487  -62.410  -26.491 0.5000000000
25977  -23.785  -62.704  -25.820 0.5000000000
26805  -18.052  -61.348  -24.362 0.4000000060
26823  -17.700  -61.264  -25.691 0.4000000060
153406  -17.416  -60.020  -24.733 0.4000000060
29394  -19.340  -58.635  -25.872 0.4000000060
27692  -18.318  -59.710  -26.046 0.4000000060
28544  -20.293  -59.677  -26.369 0.4000000060
140776  -20.340  -58.915  -26.095 0.4000000060
152149  -21.003  -60.044  -26.559 0.5000000000
26840  -25.413  -61.053  -26.352 0.4000000060
26825  -25.896  -61.682  -25.682 0.4000000060
141811  -22.984  -60.922  -26.623 0.5000000000
26839  -24.566  -61.175  -26.460 0.5000000000
27701  -22.205  -60.842  -26.621 0.5000000000
26838  -23.613  -61.289  -26.535 0.5000000000
25993  -23.249  -62.143  -26.336 0.5000000000
29397  -20.167  -58.235  -25.819 0.4000000060
28545  -21.404  -59.284  -26.389 0.4000000060
134528  -25.826  -60.358  -26.731 0.4000000060
27704  -25.036  -60.474  -26.729 0.5000000000
28546  -22.558  -59.449  -26.574 0.5000000000
27712  -23.928  -60.107  -26.745 0.5000000000
29398  -21.242  -58.215  -26.045 0.4000000060
27714  -25.489  -59.916  -26.911 0.4000000060
27715  -26.270  -59.789  -26.976 0.3000000119
29399  -22.290  -58.621  -26.381 0.5000000000
28547  -23.510  -59.573  -26.690 0.5000000000
27713  -24.722  -60.023  -26.828 0.5000000000
31266  -21.579  -57.212  -25.859 0.4000000060
28556  -25.930  -59.384  -27.046 0.3000000119
28557  -26.727  -59.301  -27.221 0.3000000119
141112  -22.261  -57.756  -26.198 0.4000000060
28554  -24.335  -59.550  -26.782 0.5000000000
141421  -23.000  -58.118  -26.452 0.4000000060
29400  -23.183  -58.892  -26.614 0.5000000000
29406  -24.597  -58.837  -26.827 0.5000000000
31256  -21.927  -56.365  -25.757 0.4000000060
29408  -26.343  -58.716  -27.301 0.3000000119
148146  -27.594  -58.226  -27.622 0.3000000119
31267  -22.465  -56.962  -26.057 0.4000000060
30304  -25.045  -58.260  -26.922 0.4000000060
31268  -23.248  -56.844  -26.242 0.4000000060
30295  -24.368  -57.916  -26.709 0.4000000060
32315  -22.196  -55.466  -25.649 0.5000000000
143600  -26.412  -57.774  -27.295 0.3000000119
30306  -27.162  -57.520  -27.449 0.4000000060
31281  -28.351  -56.552  -27.367 0.4000000060
30308  -28.851  -57.293  -27.636 0.4000000060
32327  -22.773  -56.180  -25.933 0.4000000060
30296  -25.029  -57.455  -26.797 0.5000000000
31279  -26.629  -56.740  -27.073 0.4000000060
141168  -24.367  -55.992  -26.234 0.5000000000
31269  -24.186  -56.890  -26.443 0.5000000000
31270  -25.122  -56.395  -26.547 0.5000000000
31271  -25.951  -56.329  -26.712 0.4000000060
32341  -27.144  -56.051  -26.950 0.4000000060
32343  -28.714  -55.810  -27.032 0.4000000060
134153  -29.962  -56.395  -27.290 0.3000000119
32316  -23.094  -55.383  -25.829 0.5000000000
33310  -24.025  -55.188  -25.934 0.5000000000
140665  -28.390  -54.746  -26.247 0.4000000060
33316  -29.478  -54.892  -26.048 0.3000000119
34201  -22.660  -53.605  -25.438 0.5000000000
154591  -27.024  -54.693  -26.223 0.4000000060
32331  -27.243  -55.286  -26.567 0.4000000060
32332  -28.160  -55.221  -26.620 0.4000000060
32334  -29.886  -55.513  -26.496 0.4000000060
32335  -30.695  -55.699  -26.502 0.3000000119
153465  -22.668  -54.947  -25.654 0.5000000000
32329  -24.897  -55.441  -26.189 0.5000000000
32330  -25.714  -55.598  -26.404 0.5000000000
33301  -24.216  -54.227  -25.766 0.5000000000
34222  -28.264  -54.115  -25.811 0.4000000060
33302  -29.089  -54.170  -25.648 0.4000000060
33317  -30.231  -55.190  -25.981 0.3000000119
34219  -25.072  -54.081  -25.811 0.5000000000
34220  -25.917  -54.065  -25.890 0.5000000000
33313  -26.385  -54.898  -26.234 0.5000000000
33311  -24.736  -54.744  -25.925 0.5000000000
34208  -29.512  -53.369  -25.197 0.4000000060
35085  -22.137  -52.735  -25.158 0.5000000000
35088  -25.902  -52.578  -25.645 0.5000000000
34209  -30.596  -53.808  -25.044 0.3000000119
33303  -29.887  -54.424  -25.517 0.3000000119
35086  -23.142  -52.772  -25.368 0.5000000000
35087  -25.010  -52.470  -25.592 0.5000000000
34203  -24.589  -53.382  -25.662 0.5000000000
19645  -23.843  -69.369  -26.228 0.6000000238
151415  -25.739  -67.869  -26.400 0.5000000000
18769  -20.121  -70.576  -24.234 0.6000000238
22238  -19.024  -65.911  -24.541 0.6999999881
22251  -22.616  -65.887  -25.548 0.6000000238
23181  -18.010  -65.308  -25.043 0.6999999881
24163  -22.897  -64.625  -25.400 0.6000000238
150386  -18.117  -65.398  -27.831 0.6999999881
25124  -19.012  -63.577  -27.420 0.5000000000
24175  -21.295  -64.839  -27.045 0.6000000238
25965  -18.168  -62.579  -25.067 0.5000000000
25976  -17.858  -61.902  -25.600 0.5000000000
128979  -17.706  -63.882  -26.744 0.4000000060
25105  -23.533  -63.494  -25.532 0.5000000000
28543  -19.380  -59.945  -26.333 0.4000000060
27700  -20.089  -60.510  -26.586 0.5000000000
140336  -17.542  -59.829  -25.412 0.4000000060
29407  -25.481  -58.844  -27.018 0.4000000060
31280  -27.509  -56.658  -27.295 0.4000000060
32344  -29.549  -55.865  -26.966 0.3000000119
34202  -23.641  -53.525  -25.580 0.5000000000
34205  -26.278  -53.295  -25.711 0.5000000000
12873  -18.815  -78.223  -23.929 0.5000000000
12064  -19.485  -78.194  -25.627 0.5000000000
12048  -19.429  -78.151  -24.793 0.5000000000
14523  -20.604  -75.472  -27.162 0.5000000000
12896  -19.538  -77.614  -26.346 0.5000000000
12855  -19.393  -77.590  -23.537 0.5000000000
155265  -19.726  -77.888  -25.258 0.6000000238
12874  -19.570  -77.840  -24.244 0.6000000238
153518  -20.155  -76.559  -26.456 0.5000000000
13701  -20.543  -76.710  -26.063 0.5000000000
16193  -21.330  -73.575  -28.371 0.4000000060
14460  -19.400  -75.506  -21.832 0.6999999881
13638  -19.295  -76.235  -22.242 0.6999999881
13668  -20.733  -76.771  -23.543 0.6999999881
13694  -21.280  -76.716  -25.196 0.5000000000
13684  -20.868  -77.035  -24.447 0.6999999881
15348  -21.258  -74.863  -27.582 0.5000000000
14524  -21.699  -75.569  -26.986 0.5000000000
13702  -21.473  -76.324  -26.044 0.5000000000
137389  -22.133  -73.546  -28.384 0.5000000000
134238  -20.966  -74.175  -27.978 0.5000000000
16096  -18.016  -73.740  -20.627 0.5000000000
16114  -18.255  -74.326  -20.994 0.6999999881
15280  -19.672  -74.899  -21.367 0.6999999881
14459  -18.648  -75.015  -21.462 0.6999999881
14461  -20.229  -75.284  -21.795 0.6999999881
13653  -20.140  -76.442  -22.703 0.6000000238
14501  -22.739  -76.006  -25.673 0.6999999881
13686  -22.023  -76.385  -24.683 0.6000000238
15350  -22.927  -74.625  -27.717 0.5000000000
14525  -22.886  -75.372  -27.064 0.6000000238
13703  -22.275  -75.944  -26.314 0.6000000238
15362  -22.867  -73.861  -28.208 0.5000000000
136241  -22.810  -71.755  -29.312 0.5000000000
16097  -18.749  -73.896  -20.392 0.5000000000
15265  -19.182  -74.431  -20.874 0.6999999881
14474  -20.657  -75.683  -22.318 0.6999999881
14462  -21.146  -74.990  -21.854 0.6999999881
139256  -21.202  -74.439  -21.346 0.6999999881
13669  -21.380  -76.345  -23.505 0.8000000119
15300  -22.872  -75.022  -23.199 0.6999999881
15330  -23.830  -75.054  -26.598 0.6000000238
14502  -23.231  -75.690  -25.263 0.6999999881
16179  -23.834  -74.068  -27.779 0.6999999881
15331  -24.326  -74.356  -26.990 0.6000000238
17098  -23.321  -72.527  -28.898 0.6000000238
16195  -23.542  -73.315  -28.386 0.6000000238
18012  -24.218  -71.260  -29.252 0.6000000238
16957  -17.254  -72.153  -19.056 0.5000000000
16959  -18.896  -72.428  -18.621 0.6000000238
16973  -17.715  -72.744  -19.555 0.5000000000
16085  -19.110  -73.451  -19.716 0.6000000238
16098  -19.618  -73.919  -20.241 0.6000000238
15267  -20.898  -74.146  -20.876 0.6999999881
16116  -22.498  -73.770  -21.785 0.6999999881
16115  -22.168  -73.492  -21.272 0.6000000238
14476  -22.228  -75.305  -22.820 0.6999999881
16129  -22.931  -73.817  -22.364 0.6999999881
14496  -23.498  -75.192  -24.575 0.6999999881
16180  -24.661  -73.649  -27.383 0.6999999881
17116  -24.577  -71.793  -28.873 0.6999999881
131909  -24.898  -72.500  -28.287 0.6999999881
17837  -18.432  -71.829  -18.204 0.5000000000
16976  -20.327  -72.630  -19.227 0.6000000238
16087  -20.933  -73.022  -19.787 0.6000000238
16100  -21.502  -73.376  -20.577 0.6000000238
15294  -23.127  -74.356  -22.935 0.8000000119
17019  -23.522  -72.977  -23.351 0.5000000000
16994  -22.706  -73.080  -21.786 0.6000000238
15308  -24.317  -74.255  -25.228 0.6999999881
17033  -24.408  -72.869  -24.895 0.6999999881
17072  -25.517  -72.444  -26.806 0.6999999881
17071  -25.173  -73.070  -26.427 0.6999999881
18013  -25.095  -71.005  -29.009 0.5000000000
17994  -25.929  -71.198  -28.157 0.6999999881
18830  -26.416  -69.826  -28.214 0.5000000000
17824  -18.032  -71.173  -17.791 0.5000000000
17825  -18.908  -71.219  -17.765 0.5000000000
155509  -20.632  -71.229  -18.641 0.6000000238
17838  -19.283  -71.790  -18.204 0.6000000238
136320  -20.512  -71.887  -18.894 0.6000000238
16977  -21.061  -72.140  -19.489 0.6000000238
18712  -21.317  -70.608  -20.560 0.6000000238
16985  -21.625  -72.368  -20.227 0.6000000238
17867  -21.894  -71.583  -20.937 0.6000000238
144557  -23.112  -71.640  -24.575 0.6000000238
17920  -22.310  -71.417  -24.369 0.5000000000
17876  -21.873  -71.392  -22.081 0.5000000000
17943  -24.622  -72.098  -25.357 0.6000000238
17921  -23.906  -72.180  -24.582 0.6000000238
137859  -25.712  -70.913  -26.337 0.6000000238
17944  -25.218  -71.519  -25.903 0.6000000238
19648  -26.443  -69.261  -27.302 0.5000000000
151921  -18.590  -70.409  -17.359 0.5000000000
18677  -19.575  -70.627  -17.522 0.6000000238
18701  -21.256  -70.541  -19.673 0.6000000238
17895  -22.385  -71.667  -23.545 0.5000000000
18752  -20.830  -70.962  -23.787 0.5000000000
18787  -22.941  -70.881  -25.617 0.4000000060
17940  -21.894  -70.997  -25.642 0.5000000000
17919  -21.544  -71.179  -24.998 0.5000000000
18807  -25.514  -70.135  -26.312 0.6000000238
19538  -18.691  -69.459  -16.973 0.5000000000
19539  -19.557  -69.810  -17.008 0.6000000238
19552  -20.735  -69.917  -17.797 0.6000000238
19561  -21.005  -70.093  -18.447 0.6000000238
19643  -21.679  -70.067  -26.342 0.5000000000
19634  -20.778  -70.425  -26.181 0.4000000060
132290  -18.039  -68.987  -17.203 0.5000000000
19523  -20.015  -69.157  -16.713 0.5000000000
19541  -21.037  -69.317  -17.483 0.6000000238
19562  -21.292  -69.766  -19.256 0.6000000238
20361  -18.213  -68.159  -17.191 0.5000000000
151361  -19.336  -68.301  -16.546 0.5000000000
20362  -20.643  -68.914  -16.800 0.6000000238
20381  -21.606  -68.994  -19.075 0.6000000238
21219  -18.447  -67.334  -17.271 0.5000000000
21203  -19.623  -67.678  -16.448 0.5000000000
20346  -20.907  -68.156  -16.573 0.5000000000
20364  -21.983  -68.350  -17.574 0.6000000238
20374  -21.636  -68.991  -17.981 0.6000000238
22135  -19.951  -66.929  -16.428 0.5000000000
21205  -21.212  -67.372  -16.467 0.5000000000
22147  -19.531  -66.320  -16.920 0.5000000000
20375  -22.114  -68.484  -18.415 0.5000000000
22148  -20.276  -66.307  -16.589 0.5000000000
21221  -22.337  -67.694  -17.285 0.5000000000
24037  -19.756  -64.991  -17.859 0.5000000000
23085  -20.978  -65.856  -16.625 0.5000000000
21206  -21.964  -67.226  -16.727 0.5000000000
21234  -22.884  -67.972  -18.681 0.4000000060
24038  -20.815  -64.885  -17.346 0.5000000000
23086  -21.833  -65.979  -16.655 0.5000000000
22149  -23.003  -66.550  -17.142 0.4000000060
21222  -23.132  -67.377  -17.746 0.4000000060
23093  -21.728  -65.258  -16.911 0.4000000060
23095  -23.471  -65.755  -17.343 0.4000000060
22165  -24.650  -66.612  -18.528 0.4000000060
18805  -23.421  -70.252  -26.011 0.6000000238
19647  -26.039  -69.351  -26.621 0.5000000000
20485  -26.634  -68.293  -27.806 0.4000000060
17868  -22.431  -72.204  -21.716 0.6000000238
21236  -24.284  -67.239  -18.876 0.4000000060
22174  -24.963  -66.915  -19.265 0.4000000060
13654  -21.048  -76.142  -22.911 0.6999999881
15301  -23.450  -74.565  -23.688 0.6999999881
16166  -24.827  -73.712  -26.692 0.6999999881
15317  -24.469  -74.311  -26.097 0.6999999881
17008  -23.159  -73.107  -22.581 0.6000000238
16993  -22.217  -72.660  -21.003 0.6000000238
17084  -25.444  -72.511  -27.501 0.6999999881
17032  -23.951  -72.890  -24.106 0.6999999881
17050  -24.877  -72.933  -25.664 0.6999999881
17962  -26.049  -71.066  -26.794 0.6000000238
18818  -26.445  -69.969  -27.580 0.6000000238
12047  -18.729  -78.763  -24.828 0.5000000000
12875  -20.204  -77.430  -24.105 0.5000000000
12888  -19.943  -77.719  -24.870 0.6000000238
12889  -20.519  -77.265  -25.088 0.6000000238
13637  -18.559  -75.858  -21.874 0.6999999881
13670  -21.956  -76.215  -23.859 0.8000000119
13685  -21.397  -76.657  -24.206 0.6000000238
13693  -19.956  -77.458  -25.686 0.5000000000
13695  -22.104  -76.293  -25.511 0.6999999881
13700  -19.826  -76.821  -26.476 0.5000000000
13714  -20.129  -76.196  -26.756 0.5000000000
14473  -19.948  -75.825  -22.166 0.6999999881
14475  -21.492  -75.507  -22.523 0.6999999881
14483  -21.762  -75.884  -23.160 0.6999999881
14484  -22.420  -75.658  -23.515 0.6999999881
14485  -23.048  -75.413  -23.926 0.6999999881
14495  -22.666  -76.094  -25.005 0.6999999881
14509  -20.987  -76.072  -26.599 0.5000000000
14510  -23.224  -75.663  -26.143 0.6000000238
15266  -20.058  -74.371  -20.787 0.6999999881
15268  -21.567  -73.980  -21.093 0.6000000238
15281  -20.524  -74.699  -21.346 0.6999999881
15282  -21.897  -74.305  -21.600 0.6999999881
15283  -22.435  -74.289  -22.074 0.6999999881
15292  -22.017  -74.895  -22.189 0.6999999881
15293  -22.632  -74.623  -22.572 0.6999999881
15307  -23.955  -74.431  -24.546 0.6999999881
15316  -23.928  -75.067  -25.506 0.6999999881
15349  -22.170  -74.981  -27.514 0.5000000000
15361  -21.966  -74.259  -28.006 0.5000000000
16084  -18.231  -73.378  -19.975 0.5000000000
16086  -20.036  -73.368  -19.631 0.6000000238
16099  -20.519  -73.745  -20.279 0.6000000238
16130  -23.400  -73.736  -23.084 0.8000000119
16135  -23.818  -73.681  -23.848 0.6999999881
16143  -24.245  -73.612  -24.618 0.6999999881
16144  -24.568  -73.608  -25.416 0.6999999881
16151  -24.827  -73.567  -26.080 0.6999999881
16167  -25.230  -73.141  -27.087 0.6999999881
16194  -22.662  -73.104  -28.628 0.5000000000
16196  -24.392  -73.296  -28.044 0.6999999881
16958  -18.031  -72.379  -18.773 0.5000000000
16960  -19.767  -72.252  -18.681 0.6000000238
16974  -18.551  -72.931  -19.252 0.6000000238
16975  -19.451  -72.895  -19.135 0.6000000238
17018  -22.984  -72.389  -23.017 0.6000000238
17051  -25.293  -72.318  -26.049 0.6999999881
17099  -25.632  -72.003  -27.954 0.6999999881
17115  -23.743  -71.807  -29.175 0.6000000238
17836  -17.611  -71.714  -18.367 0.5000000000
17839  -20.065  -71.546  -18.352 0.6000000238
17848  -21.031  -71.298  -19.232 0.6000000238
17859  -21.442  -71.412  -19.976 0.6000000238
17877  -22.433  -71.921  -22.616 0.5000000000
17894  -21.504  -71.230  -24.197 0.5000000000
17896  -23.226  -72.109  -23.859 0.6000000238
17941  -22.497  -71.273  -25.081 0.5000000000
17942  -23.707  -71.443  -25.136 0.6000000238
17961  -25.671  -71.676  -26.512 0.6000000238
17978  -25.889  -71.699  -27.242 0.6999999881
17979  -26.247  -70.792  -27.353 0.6000000238
17995  -26.325  -70.437  -28.024 0.6000000238
18678  -20.168  -70.164  -17.457 0.6000000238
18691  -17.204  -71.015  -17.983 0.5000000000
18692  -19.674  -71.215  -17.914 0.5000000000
18693  -20.423  -70.717  -18.047 0.6000000238
18700  -21.005  -70.597  -18.856 0.6000000238
18736  -20.970  -70.849  -22.673 0.6000000238
18785  -20.054  -70.476  -25.443 0.5000000000
18786  -20.978  -71.028  -25.671 0.4000000060
18788  -24.084  -70.815  -25.678 0.6000000238
18789  -25.030  -70.805  -25.915 0.6000000238
18803  -21.488  -70.694  -26.070 0.4000000060
18804  -22.332  -70.481  -26.053 0.5000000000
18808  -26.195  -70.243  -26.839 0.6000000238
18829  -25.931  -70.164  -28.721 0.5000000000
19521  -18.721  -68.621  -16.797 0.5000000000
19522  -19.394  -68.966  -16.664 0.5000000000
19540  -20.388  -69.584  -17.142 0.6000000238
19553  -21.261  -69.529  -18.341 0.6000000238
19609  -19.832  -69.773  -23.536 0.6000000238
19622  -19.698  -69.943  -24.458 0.5000000000
19646  -25.067  -69.354  -26.252 0.6000000238
19659  -26.655  -69.171  -28.042 0.5000000000
20345  -20.051  -68.402  -16.474 0.5000000000
20363  -21.365  -68.675  -17.120 0.6000000238
20391  -21.494  -68.689  -20.736 0.6000000238
20392  -21.989  -68.335  -20.213 0.6000000238
20402  -20.656  -68.761  -22.096 0.6000000238
20419  -19.892  -68.523  -23.385 0.6000000238
20470  -20.182  -68.782  -26.965 0.6000000238
20475  -25.528  -68.576  -26.370 0.5000000000
20476  -26.237  -68.310  -26.961 0.4000000060
21202  -18.880  -67.843  -16.703 0.5000000000
21204  -20.420  -67.548  -16.387 0.5000000000
21220  -21.665  -67.934  -16.857 0.5000000000
21235  -23.612  -67.461  -18.536 0.5000000000
21247  -25.043  -67.049  -19.952 0.6000000238
21256  -24.482  -67.244  -20.478 0.6000000238
21268  -21.208  -67.781  -22.162 0.6000000238
21294  -19.660  -67.305  -24.022 0.6000000238
21304  -19.046  -67.528  -24.706 0.6000000238
21314  -18.780  -67.080  -26.411 0.6999999881
21334  -19.565  -67.952  -27.130 0.6999999881
21337  -23.146  -67.614  -26.069 0.6000000238
21349  -19.166  -67.184  -27.502 0.6000000238
22134  -19.129  -67.050  -16.741 0.5000000000
22136  -20.730  -66.765  -16.393 0.5000000000
22137  -21.510  -66.622  -16.507 0.5000000000
22138  -22.272  -66.551  -16.781 0.5000000000
22150  -23.579  -66.591  -17.608 0.4000000060
22151  -24.172  -66.191  -17.865 0.4000000060
22164  -23.953  -66.966  -18.156 0.4000000060
22196  -21.903  -67.331  -22.080 0.6000000238
22199  -24.936  -66.188  -21.295 0.5000000000
22226  -19.656  -66.480  -24.038 0.6000000238
22237  -18.618  -65.916  -25.217 0.6999999881
22250  -18.626  -66.423  -25.792 0.6999999881
22253  -24.901  -66.256  -24.618 0.5000000000
22254  -25.217  -66.846  -25.167 0.5000000000
22281  -18.440  -66.030  -27.641 0.6999999881
22282  -18.980  -66.493  -27.962 0.6999999881
23092  -19.207  -65.728  -17.667 0.5000000000
23094  -22.570  -65.713  -16.913 0.4000000060
23158  -22.373  -65.443  -22.465 0.6000000238
23201  -23.128  -65.423  -25.058 0.6000000238
23203  -25.643  -66.368  -24.806 0.4000000060
23219  -17.857  -65.519  -27.092 0.6999999881
23230  -19.615  -66.052  -28.188 0.6000000238
24136  -19.345  -64.690  -23.939 0.6000000238
24150  -25.363  -64.869  -24.446 0.4000000060
24165  -24.015  -64.083  -24.926 0.5000000000
25067  -21.533  -63.805  -22.809 0.5000000000
25092  -24.852  -64.049  -24.675 0.5000000000
25123  -18.040  -63.928  -27.344 0.5000000000
25125  -19.947  -63.941  -27.800 0.5000000000
25978  -24.662  -62.557  -25.543 0.5000000000
25980  -26.423  -62.385  -25.048 0.3000000119
25994  -24.145  -61.938  -26.155 0.5000000000
26834  -18.261  -61.350  -26.202 0.4000000060
27689  -17.611  -60.586  -24.566 0.4000000060
27698  -17.825  -60.558  -25.825 0.4000000060
27702  -22.965  -60.233  -26.649 0.5000000000
27703  -24.255  -60.585  -26.672 0.5000000000
28541  -19.360  -59.309  -26.146 0.4000000060
28555  -25.128  -59.474  -26.891 0.3000000119
29401  -23.777  -58.421  -26.646 0.5000000000
29405  -23.902  -59.088  -26.738 0.5000000000
29409  -27.181  -58.843  -27.482 0.3000000119
30293  -22.908  -57.443  -26.305 0.4000000060
30294  -23.577  -57.599  -26.471 0.4000000060
30305  -25.677  -58.070  -27.118 0.4000000060
30307  -27.966  -57.402  -27.576 0.4000000060
31278  -25.799  -57.138  -26.923 0.4000000060
31282  -29.232  -56.472  -27.353 0.3000000119
32328  -23.620  -56.073  -26.096 0.4000000060
32333  -29.019  -55.218  -26.536 0.4000000060
32342  -27.852  -55.879  -27.037 0.4000000060
33300  -23.207  -54.474  -25.667 0.5000000000
33304  -31.021  -55.322  -25.977 0.3000000119
33312  -25.456  -54.798  -26.057 0.5000000000
33314  -27.632  -54.564  -26.165 0.4000000060
33315  -28.842  -54.633  -26.071 0.4000000060
34204  -25.474  -53.304  -25.701 0.5000000000
129152  -19.768  -63.927  -23.443 0.5000000000
129390  -30.578  -54.758  -25.548 0.3000000119
130842  -17.871  -69.818  -17.382 0.5000000000
131559  -24.077  -72.828  -28.525 0.6000000238
132298  -24.128  -72.317  -28.816 0.6999999881
133683  -20.073  -65.624  -17.088 0.5000000000
134869  -24.107  -66.399  -24.799 0.5000000000
136517  -18.528  -62.160  -24.222 0.5000000000
137500  -25.004  -73.064  -27.686 0.6999999881
137749  -21.239  -63.109  -26.926 0.5000000000
140288  -18.058  -78.784  -24.010 0.5000000000
141222  -24.051  -52.698  -25.526 0.5000000000
141898  -21.911  -60.080  -26.610 0.5000000000
142535  -22.538  -61.620  -26.558 0.5000000000
142832  -19.643  -65.324  -28.222 0.6000000238
143260  -23.565  -60.621  -26.646 0.5000000000
143607  -17.499  -60.583  -25.278 0.5000000000
144532  -22.217  -63.571  -26.369 0.6000000238
145034  -24.581  -71.356  -25.569 0.6000000238
145221  -26.508  -55.805  -26.658 0.4000000060
147386  -20.130  -66.191  -23.595 0.6000000238
148460  -25.281  -71.740  -28.492 0.6999999881
148509  -22.513  -65.166  -25.595 0.6000000238
149020  -23.603  -74.760  -27.277 0.6000000238
149234  -22.551  -68.048  -17.925 0.4000000060
149625  -19.839  -69.373  -26.444 0.5000000000
151525  -22.578  -67.103  -17.072 0.5000000000
151532  -22.946  -69.058  -26.398 0.6000000238
151796  -22.554  -75.957  -24.255 0.6000000238
153298  -26.938  -58.280  -27.480 0.3000000119
153716  -20.218  -69.008  -22.455 0.6000000238
154018  -20.852  -62.062  -26.804 0.5000000000
154045  -21.605  -76.012  -26.497 0.5000000000
154956  -23.032  -75.708  -24.600 0.6999999881
155345  -22.819  -72.569  -22.281 0.6000000238
