#!ascii label  , from subject sub-v1s14x0051557_ses-1 vox2ras=TkReg
1831
67062  47.437  -13.221  20.969 0.0000000000
54783  43.360  -25.182  37.754 0.0000000000
46735  28.348  -32.833  33.552 0.0000000000
43769  17.827  -36.817  34.848 0.0000000000
47625  36.398  -32.358  41.617 0.0000000000
51502  39.407  -28.194  32.606 0.0000000000
60897  46.910  -19.175  28.049 0.0000000000
73095  55.471  -8.357  16.647 0.0000000000
66926  47.767  -14.117  34.285 0.0000000000
61898  40.548  -18.300  29.485 0.0000000000
54961  37.220  -25.266  25.568 0.0000000000
126430  26.956  -32.908  38.160 0.0000000000
46723  22.655  -33.733  33.890 0.0000000000
44666  22.285  -35.680  37.711 0.0000000000
45612  33.152  -32.575  37.661 0.0000000000
68845  49.028  -12.014  32.286 0.0000000000
55816  39.743  -24.393  42.621 0.0000000000
60759  42.909  -20.401  39.538 0.0000000000
62889  42.628  -17.174  35.607 0.0000000000
58942  40.825  -21.515  33.645 0.0000000000
59002  38.384  -21.656  27.903 0.0000000000
55969  39.979  -24.784  31.726 0.0000000000
51581  36.020  -28.520  28.905 0.0000000000
50510  40.507  -29.817  27.030 0.0000000000
70079  50.758  -10.355  17.900 0.0000000000
71116  48.395  -9.397  13.152 0.0000000000
48595  30.438  -31.796  27.958 0.0000000000
45740  23.971  -33.576  28.748 0.0000000000
136321  41.324  -30.037  40.263 0.0000000000
141562  42.691  -28.790  34.839 0.0000000000
48530  38.115  -30.632  37.308 0.0000000000
48551  34.299  -31.311  32.632 0.0000000000
64044  45.934  -15.589  24.726 0.0000000000
41762  19.025  -38.693  39.231 0.0000000000
42725  15.367  -37.509  40.330 0.0000000000
71021  53.701  -8.827  22.449 0.0000000000
67973  50.242  -11.712  25.190 0.0000000000
66032  49.844  -14.331  29.030 0.0000000000
61866  49.140  -18.601  32.691 0.0000000000
63981  46.115  -16.244  29.404 0.0000000000
67837  44.515  -12.284  37.858 0.0000000000
65985  43.542  -14.497  32.243 0.0000000000
64036  41.639  -16.601  25.939 0.0000000000
60943  38.059  -18.841  23.764 0.0000000000
53815  41.473  -27.313  28.425 0.0000000000
127630  25.955  -33.199  40.067 0.0000000000
45616  24.307  -33.430  37.688 0.0000000000
45583  23.134  -34.281  39.733 0.0000000000
46617  28.886  -33.152  40.347 0.0000000000
130013  42.577  -24.429  39.757 0.0000000000
57970  43.531  -22.664  38.661 0.0000000000
58916  42.716  -21.075  37.175 0.0000000000
56972  41.625  -23.656  36.292 0.0000000000
57014  39.894  -23.572  32.673 0.0000000000
55949  40.858  -25.063  34.210 0.0000000000
48604  35.126  -30.764  28.091 0.0000000000
49497  37.423  -30.599  29.446 0.0000000000
69050  49.128  -11.785  19.481 0.0000000000
68062  47.911  -11.704  17.464 0.0000000000
67090  46.141  -13.447  18.662 0.0000000000
47706  29.686  -33.083  31.295 0.0000000000
47758  27.460  -32.386  28.050 0.0000000000
47708  26.603  -32.208  31.399 0.0000000000
43801  19.919  -36.093  33.823 0.0000000000
44725  20.133  -35.335  31.646 0.0000000000
42841  17.668  -37.285  33.300 0.0000000000
40757  15.703  -39.210  35.403 0.0000000000
50319  38.805  -29.149  42.330 0.0000000000
48493  39.243  -30.969  41.111 0.0000000000
48520  40.395  -30.586  38.623 0.0000000000
149355  37.738  -31.659  39.483 0.0000000000
45646  30.914  -33.226  35.479 0.0000000000
46713  33.795  -32.537  35.114 0.0000000000
46751  31.973  -33.111  32.568 0.0000000000
48557  32.765  -31.921  30.839 0.0000000000
62986  46.457  -17.399  26.566 0.0000000000
63017  44.964  -17.871  24.484 0.0000000000
133530  45.664  -19.377  25.906 0.0000000000
41676  15.351  -36.977  43.799 0.0000000000
66998  49.573  -12.911  27.064 0.0000000000
68900  50.645  -11.921  28.643 0.0000000000
66939  48.914  -13.651  33.416 0.0000000000
65980  50.216  -15.477  32.219 0.0000000000
64981  48.902  -16.270  33.237 0.0000000000
62937  47.475  -17.945  32.149 0.0000000000
65998  47.480  -14.918  31.701 0.0000000000
61868  42.083  -17.796  32.834 0.0000000000
63925  42.244  -16.141  33.715 0.0000000000
63952  42.043  -16.571  31.121 0.0000000000
65052  42.527  -15.410  28.464 0.0000000000
63997  40.816  -16.677  27.968 0.0000000000
63005  40.141  -17.348  24.847 0.0000000000
61927  39.518  -18.285  27.460 0.0000000000
59028  36.839  -22.055  25.428 0.0000000000
50443  41.878  -29.214  33.350 0.0000000000
52634  43.300  -28.313  31.063 0.0000000000
50475  42.624  -29.001  30.562 0.0000000000
49548  39.481  -30.029  26.089 0.0000000000
72169  57.194  -8.931  13.239 0.0000000000
141815  55.807  -8.919  14.099 0.0000000000
142152  27.790  -32.770  36.183 0.0000000000
149561  25.844  -32.421  34.115 0.0000000000
46702  25.227  -32.667  35.800 0.0000000000
45648  22.631  -34.552  35.313 0.0000000000
43766  20.651  -37.129  35.399 0.0000000000
46576  33.085  -33.142  42.204 0.0000000000
45560  34.687  -32.682  39.911 0.0000000000
45581  31.488  -33.288  39.968 0.0000000000
146229  30.184  -33.193  38.225 0.0000000000
69902  50.609  -9.886  30.491 0.0000000000
68805  47.490  -12.063  35.246 0.0000000000
61820  43.292  -18.503  38.374 0.0000000000
60821  42.537  -19.101  35.203 0.0000000000
60840  41.109  -20.015  32.021 0.0000000000
59909  39.388  -20.229  28.826 0.0000000000
58968  39.676  -21.571  30.802 0.0000000000
57046  38.828  -23.582  30.098 0.0000000000
56033  38.638  -25.007  28.359 0.0000000000
52615  37.165  -27.736  31.076 0.0000000000
135691  40.008  -28.744  29.441 0.0000000000
51579  38.460  -28.870  29.011 0.0000000000
71091  53.220  -9.111  17.143 0.0000000000
72150  52.033  -8.337  14.817 0.0000000000
70103  49.231  -10.031  16.115 0.0000000000
47712  22.777  -32.876  31.455 0.0000000000
52469  40.562  -26.868  41.062 0.0000000000
52514  43.057  -27.796  38.766 0.0000000000
53707  43.114  -27.451  36.223 0.0000000000
50394  42.691  -28.867  37.296 0.0000000000
49458  40.482  -29.533  36.286 0.0000000000
50430  38.539  -29.488  34.969 0.0000000000
47655  35.474  -31.987  37.375 0.0000000000
48544  36.096  -31.093  35.146 0.0000000000
50454  36.374  -29.033  32.740 0.0000000000
50462  34.587  -29.699  31.078 0.0000000000
49513  33.402  -30.034  28.283 0.0000000000
66085  46.515  -14.125  22.714 0.0000000000
65147  44.947  -15.188  20.704 0.0000000000
64069  44.470  -16.443  22.389 0.0000000000
42766  19.953  -37.384  37.116 0.0000000000
41812  18.287  -38.309  36.854 0.0000000000
40715  17.622  -39.371  39.534 0.0000000000
128073  16.144  -37.778  38.004 0.0000000000
131398  53.551  -8.458  19.272 0.0000000000
70060  52.508  -9.770  20.352 0.0000000000
69019  50.370  -11.243  21.065 0.0000000000
67987  48.769  -12.397  22.934 0.0000000000
67013  48.214  -13.149  24.886 0.0000000000
66043  47.683  -14.625  26.796 0.0000000000
151183  48.192  -16.803  28.528 0.0000000000
66963  50.539  -13.905  30.393 0.0000000000
63979  49.823  -16.490  30.578 0.0000000000
61908  48.659  -18.741  30.450 0.0000000000
60849  47.082  -20.415  32.396 0.0000000000
61896  45.503  -19.033  30.485 0.0000000000
67862  46.207  -12.782  35.864 0.0000000000
65923  42.952  -14.389  37.446 0.0000000000
66914  43.718  -13.404  34.865 0.0000000000
66941  46.013  -14.036  33.324 0.0000000000
66023  45.514  -14.543  29.587 0.0000000000
64011  44.102  -15.874  27.352 0.0000000000
59934  37.854  -20.305  26.220 0.0000000000
138475  42.086  -26.528  32.764 0.0000000000
53778  41.011  -26.333  29.545 0.0000000000
54951  39.577  -26.650  27.022 0.0000000000
51591  41.008  -28.118  27.849 0.0000000000
52708  39.503  -28.551  26.201 0.0000000000
45565  24.119  -33.879  40.253 0.0000000000
45549  23.736  -33.357  41.046 0.0000000000
128965  43.363  -24.757  39.030 0.0000000000
56944  42.985  -23.592  39.546 0.0000000000
55889  43.439  -24.232  37.977 0.0000000000
129056  42.613  -22.740  37.287 0.0000000000
55900  42.125  -24.432  36.703 0.0000000000
55932  40.943  -24.417  34.988 0.0000000000
55915  41.893  -25.121  36.245 0.0000000000
68028  48.577  -12.413  20.619 0.0000000000
130139  47.873  -12.486  19.052 0.0000000000
67079  46.753  -13.428  19.774 0.0000000000
46754  29.295  -33.097  32.496 0.0000000000
126122  28.343  -32.591  31.301 0.0000000000
46756  27.769  -32.536  32.888 0.0000000000
43785  19.311  -36.512  34.367 0.0000000000
43802  18.886  -36.116  33.498 0.0000000000
43787  17.626  -36.776  34.091 0.0000000000
41836  16.767  -38.027  34.291 0.0000000000
42829  16.598  -37.564  35.160 0.0000000000
47604  35.236  -32.064  42.946 0.0000000000
47603  36.740  -31.761  42.853 0.0000000000
48466  38.156  -30.876  42.913 0.0000000000
144425  38.054  -31.824  41.265 0.0000000000
47631  38.151  -31.822  40.593 0.0000000000
46626  36.768  -32.190  40.264 0.0000000000
133871  29.904  -33.208  34.182 0.0000000000
46716  31.462  -33.277  34.093 0.0000000000
46733  30.228  -33.281  33.233 0.0000000000
46775  30.392  -33.173  31.610 0.0000000000
61924  46.911  -18.397  27.553 0.0000000000
149469  45.801  -18.395  25.931 0.0000000000
128063  46.470  -19.051  27.171 0.0000000000
69927  51.976  -10.074  28.285 0.0000000000
68919  51.040  -11.439  27.869 0.0000000000
69928  51.251  -10.842  28.538 0.0000000000
66925  48.409  -13.940  34.052 0.0000000000
66924  49.024  -14.664  33.596 0.0000000000
65968  48.480  -15.301  33.570 0.0000000000
65002  48.071  -15.746  32.672 0.0000000000
65983  47.254  -14.563  33.223 0.0000000000
61889  41.337  -18.092  30.903 0.0000000000
62921  41.999  -17.018  32.074 0.0000000000
139084  41.511  -17.235  30.517 0.0000000000
63983  41.286  -16.667  29.177 0.0000000000
62951  40.802  -17.431  29.163 0.0000000000
62963  40.030  -17.794  27.887 0.0000000000
61913  39.785  -18.529  28.249 0.0000000000
51479  40.184  -28.638  33.072 0.0000000000
50459  42.241  -29.055  31.477 0.0000000000
51518  40.524  -28.454  31.084 0.0000000000
72146  56.452  -8.680  14.979 0.0000000000
126790  55.293  -8.785  15.719 0.0000000000
126429  27.696  -32.862  37.545 0.0000000000
129121  26.094  -32.599  35.956 0.0000000000
46668  25.780  -32.875  37.433 0.0000000000
45617  23.582  -34.135  37.750 0.0000000000
45635  23.401  -34.036  36.669 0.0000000000
44674  22.346  -35.521  36.748 0.0000000000
44683  21.731  -35.963  35.375 0.0000000000
44675  21.837  -36.145  36.303 0.0000000000
46578  31.582  -33.197  42.314 0.0000000000
45547  32.618  -33.282  40.934 0.0000000000
46597  31.023  -33.365  41.457 0.0000000000
126432  27.824  -33.074  39.303 0.0000000000
148643  29.015  -33.115  39.136 0.0000000000
127926  28.595  -33.031  38.035 0.0000000000
46666  28.627  -33.012  37.157 0.0000000000
58854  42.191  -21.180  40.303 0.0000000000
60748  42.056  -19.565  40.333 0.0000000000
60774  42.794  -19.198  39.546 0.0000000000
61812  43.206  -18.553  39.002 0.0000000000
60783  43.300  -19.814  39.074 0.0000000000
147880  41.701  -21.425  35.833 0.0000000000
133464  42.565  -19.766  36.138 0.0000000000
59853  41.740  -20.428  34.593 0.0000000000
60831  41.848  -19.561  33.496 0.0000000000
59870  40.822  -20.625  32.327 0.0000000000
59878  40.518  -20.585  31.583 0.0000000000
58959  40.413  -21.254  32.259 0.0000000000
55959  40.146  -24.452  32.703 0.0000000000
57026  39.383  -23.365  31.397 0.0000000000
55970  39.505  -24.239  31.198 0.0000000000
56014  38.621  -24.438  28.889 0.0000000000
54879  39.486  -25.073  29.990 0.0000000000
51544  36.406  -27.926  30.138 0.0000000000
52658  37.969  -27.954  29.746 0.0000000000
51563  37.247  -28.210  29.325 0.0000000000
71082  51.422  -9.823  17.505 0.0000000000
145045  51.257  -9.323  16.432 0.0000000000
70090  50.478  -10.152  17.186 0.0000000000
69082  47.252  -11.224  16.055 0.0000000000
48609  30.680  -31.816  27.216 0.0000000000
47773  29.252  -32.328  26.964 0.0000000000
47676  24.099  -32.627  33.952 0.0000000000
47698  24.245  -32.372  32.550 0.0000000000
151065  22.728  -33.023  32.177 0.0000000000
43837  19.448  -36.656  31.257 0.0000000000
44740  20.577  -35.901  30.271 0.0000000000
137015  40.040  -29.603  41.223 0.0000000000
52442  39.489  -27.689  42.122 0.0000000000
51408  41.209  -28.781  40.330 0.0000000000
140827  41.862  -26.910  39.784 0.0000000000
51418  42.695  -28.741  39.061 0.0000000000
50357  43.097  -28.699  37.793 0.0000000000
49399  42.218  -29.709  38.850 0.0000000000
48529  38.894  -30.463  37.933 0.0000000000
49435  40.991  -30.062  37.949 0.0000000000
49459  39.447  -29.734  36.441 0.0000000000
50412  39.654  -29.417  35.432 0.0000000000
50413  38.830  -29.758  35.816 0.0000000000
133510  33.476  -32.584  39.051 0.0000000000
46644  35.163  -32.316  38.593 0.0000000000
46663  34.251  -32.445  37.504 0.0000000000
47680  34.028  -32.234  33.911 0.0000000000
47672  34.870  -31.972  35.159 0.0000000000
48547  35.201  -31.153  33.945 0.0000000000
49471  36.375  -30.186  34.042 0.0000000000
49472  35.704  -30.332  33.491 0.0000000000
127151  35.792  -29.102  32.161 0.0000000000
49474  34.653  -30.578  32.294 0.0000000000
48568  31.860  -31.916  29.882 0.0000000000
49489  32.708  -30.959  29.618 0.0000000000
49501  31.830  -31.253  28.746 0.0000000000
131222  45.896  -15.146  23.939 0.0000000000
65112  45.497  -15.223  22.704 0.0000000000
134660  45.199  -16.377  23.889 0.0000000000
61980  43.916  -18.841  23.170 0.0000000000
130208  19.211  -37.887  37.662 0.0000000000
42767  19.429  -38.022  36.932 0.0000000000
40725  18.322  -39.155  38.402 0.0000000000
41727  15.866  -37.913  41.772 0.0000000000
41764  16.209  -38.086  40.086 0.0000000000
41782  16.883  -38.518  38.437 0.0000000000
42738  15.567  -37.671  39.375 0.0000000000
42754  14.758  -37.921  38.247 0.0000000000
42739  14.532  -37.631  39.742 0.0000000000
144576  53.681  -7.283  18.523 0.0000000000
72085  53.658  -8.567  21.007 0.0000000000
71051  53.096  -9.343  20.847 0.0000000000
70050  50.987  -10.681  20.590 0.0000000000
70029  51.863  -10.256  21.839 0.0000000000
146110  51.179  -10.866  24.319 0.0000000000
68994  50.502  -11.252  23.453 0.0000000000
68984  49.772  -11.820  24.323 0.0000000000
67975  48.691  -12.632  24.354 0.0000000000
67965  48.944  -12.649  25.297 0.0000000000
66992  49.814  -13.159  27.887 0.0000000000
66042  48.448  -14.021  27.150 0.0000000000
139212  48.318  -14.743  27.686 0.0000000000
65064  47.688  -15.462  27.459 0.0000000000
65047  48.967  -15.523  28.980 0.0000000000
68863  49.495  -11.512  31.399 0.0000000000
67913  49.946  -12.236  30.486 0.0000000000
66964  50.244  -13.444  30.921 0.0000000000
63949  49.886  -17.064  32.233 0.0000000000
63948  50.257  -16.258  31.635 0.0000000000
62928  49.587  -17.833  32.232 0.0000000000
62947  48.938  -17.840  30.168 0.0000000000
61886  48.929  -19.157  31.952 0.0000000000
60872  48.410  -19.630  31.309 0.0000000000
61877  48.188  -19.487  32.657 0.0000000000
134687  46.925  -17.334  31.058 0.0000000000
62938  46.731  -18.499  31.692 0.0000000000
62949  45.645  -17.973  29.784 0.0000000000
62961  45.214  -17.653  28.908 0.0000000000
141738  45.572  -12.395  36.550 0.0000000000
63899  42.976  -17.203  37.379 0.0000000000
64911  42.969  -15.477  37.728 0.0000000000
64912  42.776  -15.622  36.870 0.0000000000
145158  42.632  -15.096  32.833 0.0000000000
65959  42.608  -14.547  34.209 0.0000000000
65972  43.406  -13.947  33.559 0.0000000000
66929  45.068  -13.561  34.132 0.0000000000
65984  44.332  -14.223  32.085 0.0000000000
66000  45.431  -14.151  31.196 0.0000000000
66001  44.615  -14.250  31.177 0.0000000000
65066  42.460  -15.560  27.735 0.0000000000
141467  43.653  -15.381  27.658 0.0000000000
64022  42.943  -16.312  26.458 0.0000000000
62988  43.551  -16.874  26.540 0.0000000000
63002  42.485  -17.378  25.494 0.0000000000
63019  41.336  -17.517  24.677 0.0000000000
61964  39.234  -17.867  24.484 0.0000000000
61983  39.530  -18.340  23.308 0.0000000000
148829  39.150  -20.894  28.770 0.0000000000
59933  38.588  -20.194  27.362 0.0000000000
59921  38.354  -21.016  27.459 0.0000000000
128339  36.158  -21.580  23.558 0.0000000000
137949  42.944  -28.403  35.520 0.0000000000
53741  42.605  -26.947  34.052 0.0000000000
52585  43.055  -27.679  33.754 0.0000000000
52657  42.892  -27.929  29.383 0.0000000000
130510  42.241  -26.992  30.431 0.0000000000
53798  41.765  -26.951  29.015 0.0000000000
53817  39.987  -26.282  28.167 0.0000000000
53829  40.302  -26.886  27.538 0.0000000000
50484  40.394  -29.277  28.327 0.0000000000
51560  41.174  -28.735  28.997 0.0000000000
128475  40.543  -28.804  27.434 0.0000000000
50534  39.502  -29.296  26.159 0.0000000000
52709  38.921  -28.105  25.732 0.0000000000
72152  49.759  -8.768  14.034 0.0000000000
72160  51.392  -8.284  13.779 0.0000000000
65166  44.099  -15.148  18.852 0.0000000000
143328  26.405  -33.087  39.360 0.0000000000
144332  25.731  -33.023  38.157 0.0000000000
46634  24.995  -33.382  39.655 0.0000000000
45582  24.047  -33.908  39.386 0.0000000000
44665  22.789  -35.081  38.261 0.0000000000
143977  27.320  -33.171  40.847 0.0000000000
55832  41.199  -23.948  41.295 0.0000000000
130284  40.884  -23.005  41.853 0.0000000000
56912  42.187  -23.198  40.283 0.0000000000
57929  42.671  -22.334  39.855 0.0000000000
58880  43.216  -21.842  39.388 0.0000000000
59822  43.424  -20.633  38.855 0.0000000000
58903  43.405  -21.956  38.215 0.0000000000
138169  42.159  -21.834  36.686 0.0000000000
58001  40.995  -22.370  35.119 0.0000000000
58010  40.515  -22.388  33.743 0.0000000000
56991  40.513  -23.226  34.171 0.0000000000
55950  40.452  -24.512  33.544 0.0000000000
54847  40.699  -25.179  33.188 0.0000000000
49512  35.669  -29.870  28.327 0.0000000000
50499  36.441  -29.166  28.683 0.0000000000
48591  36.156  -30.917  29.143 0.0000000000
69059  49.804  -11.233  18.957 0.0000000000
70081  49.109  -10.924  17.389 0.0000000000
68054  48.122  -12.070  18.377 0.0000000000
68064  46.804  -12.614  17.851 0.0000000000
47740  29.887  -32.681  29.665 0.0000000000
47756  28.883  -32.252  27.694 0.0000000000
47742  28.215  -32.434  29.394 0.0000000000
47744  26.606  -32.220  29.204 0.0000000000
47745  25.063  -32.240  29.528 0.0000000000
45676  21.630  -34.634  33.396 0.0000000000
45689  21.399  -34.364  32.545 0.0000000000
44712  20.203  -35.335  32.524 0.0000000000
43819  19.058  -36.300  31.960 0.0000000000
39723  16.549  -40.250  34.596 0.0000000000
49348  38.985  -30.070  41.918 0.0000000000
49383  40.792  -30.448  40.389 0.0000000000
48506  41.238  -30.653  39.168 0.0000000000
48508  39.731  -31.230  39.829 0.0000000000
48515  38.755  -31.112  38.962 0.0000000000
47652  37.806  -31.229  38.577 0.0000000000
45632  32.297  -32.706  36.919 0.0000000000
46681  33.531  -32.561  36.185 0.0000000000
46697  32.718  -32.781  35.407 0.0000000000
46730  32.894  -32.900  33.949 0.0000000000
47691  33.224  -32.428  32.552 0.0000000000
48552  33.692  -31.742  32.130 0.0000000000
47693  31.963  -32.945  31.812 0.0000000000
144953  31.327  -32.728  30.618 0.0000000000
64033  46.076  -16.231  25.555 0.0000000000
63033  45.043  -17.074  24.266 0.0000000000
63000  45.744  -17.603  25.580 0.0000000000
60939  45.022  -18.675  24.716 0.0000000000
41688  15.801  -37.578  43.320 0.0000000000
42710  15.084  -37.320  42.026 0.0000000000
42718  14.400  -37.365  41.487 0.0000000000
42711  14.226  -37.192  42.308 0.0000000000
68955  51.130  -11.381  26.582 0.0000000000
67963  50.526  -11.796  26.195 0.0000000000
67954  50.677  -11.877  26.941 0.0000000000
66991  50.227  -12.783  28.206 0.0000000000
66986  50.003  -13.539  28.707 0.0000000000
67894  48.691  -12.547  33.235 0.0000000000
140578  49.925  -13.797  31.868 0.0000000000
66938  49.600  -14.188  32.797 0.0000000000
138798  49.801  -16.042  32.786 0.0000000000
63937  49.097  -17.264  32.939 0.0000000000
62929  48.353  -18.603  32.889 0.0000000000
63950  48.650  -17.611  32.904 0.0000000000
65015  47.729  -15.943  31.598 0.0000000000
65016  47.032  -15.651  30.514 0.0000000000
62907  42.414  -17.609  34.327 0.0000000000
63916  42.423  -16.491  34.697 0.0000000000
133537  42.149  -16.639  33.257 0.0000000000
63938  42.232  -16.206  32.389 0.0000000000
65003  42.592  -15.644  31.367 0.0000000000
65017  43.312  -14.888  30.822 0.0000000000
65019  42.214  -15.762  29.844 0.0000000000
65053  41.847  -15.804  28.110 0.0000000000
64012  41.370  -16.218  26.996 0.0000000000
63004  41.045  -16.905  25.397 0.0000000000
62989  40.294  -16.982  26.652 0.0000000000
61950  39.087  -18.027  25.839 0.0000000000
61940  38.676  -18.750  26.187 0.0000000000
58067  37.937  -22.490  27.632 0.0000000000
59003  37.850  -21.635  27.041 0.0000000000
58080  37.106  -22.780  26.060 0.0000000000
57125  36.133  -23.335  24.222 0.0000000000
57137  35.640  -23.449  23.439 0.0000000000
133955  42.426  -29.195  33.862 0.0000000000
52597  43.326  -28.525  32.764 0.0000000000
50451  42.761  -29.119  32.129 0.0000000000
50474  43.041  -28.950  30.610 0.0000000000
51577  42.645  -28.232  29.335 0.0000000000
50519  40.232  -29.991  26.717 0.0000000000
49536  39.359  -30.855  26.148 0.0000000000
73995  56.699  -7.147  14.693 0.0000000000
147877  56.355  -9.212  13.575 0.0000000000
72171  54.220  -8.469  12.602 0.0000000000
126648  28.563  -33.002  35.062 0.0000000000
46736  27.490  -32.537  33.761 0.0000000000
135416  26.663  -32.557  35.288 0.0000000000
46721  25.791  -32.524  35.199 0.0000000000
46722  24.186  -32.776  34.684 0.0000000000
46669  24.885  -33.095  37.176 0.0000000000
46688  23.871  -33.400  36.068 0.0000000000
46705  23.002  -33.816  34.772 0.0000000000
44693  21.493  -35.673  34.552 0.0000000000
43784  20.342  -36.660  34.587 0.0000000000
43767  19.877  -37.274  35.088 0.0000000000
46575  34.511  -32.956  41.907 0.0000000000
46613  35.303  -32.740  40.587 0.0000000000
46595  34.165  -32.925  40.989 0.0000000000
45561  33.305  -32.706  40.068 0.0000000000
45596  32.528  -32.734  38.976 0.0000000000
46616  29.817  -33.239  40.472 0.0000000000
45598  31.224  -33.279  39.172 0.0000000000
137802  31.833  -32.999  38.101 0.0000000000
46682  30.308  -33.169  36.888 0.0000000000
46699  29.199  -33.067  35.696 0.0000000000
60885  46.873  -19.997  28.599 0.0000000000
60898  46.410  -19.919  27.572 0.0000000000
140059  46.400  -20.528  28.276 0.0000000000
70932  51.538  -9.321  30.060 0.0000000000
68846  48.929  -10.920  33.078 0.0000000000
68818  48.247  -11.755  34.005 0.0000000000
67873  47.923  -12.845  34.416 0.0000000000
67874  47.540  -13.008  34.879 0.0000000000
62869  43.178  -17.930  38.706 0.0000000000
62888  42.844  -17.880  36.983 0.0000000000
146077  43.202  -19.494  37.711 0.0000000000
60813  42.764  -18.934  36.328 0.0000000000
61846  42.684  -18.305  35.690 0.0000000000
60830  42.322  -18.870  34.114 0.0000000000
61869  41.747  -18.644  32.253 0.0000000000
61880  41.097  -18.993  30.997 0.0000000000
60876  40.363  -19.121  29.757 0.0000000000
60864  40.181  -19.923  29.996 0.0000000000
59888  39.831  -20.790  30.221 0.0000000000
58978  38.997  -21.835  29.479 0.0000000000
58951  40.009  -22.105  32.209 0.0000000000
129559  39.275  -22.215  30.613 0.0000000000
58043  38.695  -22.419  29.166 0.0000000000
57077  38.101  -23.348  28.161 0.0000000000
138804  38.290  -24.246  28.306 0.0000000000
56054  38.068  -25.040  27.277 0.0000000000
52599  38.227  -27.795  32.006 0.0000000000
51519  39.519  -28.072  31.475 0.0000000000
52636  38.370  -27.776  30.524 0.0000000000
51561  39.169  -28.780  29.081 0.0000000000
50497  37.960  -29.246  28.923 0.0000000000
50496  38.970  -29.518  28.801 0.0000000000
72124  54.721  -8.794  16.776 0.0000000000
72142  54.822  -8.901  16.001 0.0000000000
72126  53.271  -8.905  16.595 0.0000000000
71104  50.643  -9.053  15.584 0.0000000000
71110  49.101  -9.284  14.514 0.0000000000
70092  48.698  -10.672  16.610 0.0000000000
70111  48.054  -10.191  15.194 0.0000000000
47696  26.292  -32.236  32.250 0.0000000000
47710  24.692  -32.205  31.060 0.0000000000
47730  23.369  -32.678  30.324 0.0000000000
46779  21.717  -33.744  31.182 0.0000000000
46794  21.873  -33.924  30.251 0.0000000000
54743  40.081  -25.636  42.078 0.0000000000
54751  41.453  -25.154  40.675 0.0000000000
53626  42.898  -26.034  39.208 0.0000000000
53666  43.754  -26.743  37.921 0.0000000000
53688  42.861  -26.504  36.625 0.0000000000
52549  43.621  -27.666  37.664 0.0000000000
51435  43.170  -28.354  36.830 0.0000000000
129451  42.629  -28.825  36.622 0.0000000000
135419  41.760  -29.817  38.190 0.0000000000
49446  42.316  -29.127  36.882 0.0000000000
49456  42.284  -29.025  35.942 0.0000000000
50428  41.183  -29.283  34.611 0.0000000000
50429  40.168  -29.096  34.522 0.0000000000
51481  38.760  -28.411  33.342 0.0000000000
46627  36.075  -32.346  39.801 0.0000000000
47648  36.450  -31.822  38.606 0.0000000000
47660  36.722  -31.413  37.357 0.0000000000
46694  34.577  -32.223  36.231 0.0000000000
47666  35.746  -31.690  36.292 0.0000000000
48539  36.927  -30.986  36.175 0.0000000000
49466  37.573  -29.908  34.881 0.0000000000
125733  37.812  -29.255  34.201 0.0000000000
51504  37.855  -28.242  32.804 0.0000000000
51505  36.911  -28.413  32.462 0.0000000000
50460  35.803  -28.584  31.383 0.0000000000
51546  35.193  -28.576  29.970 0.0000000000
49477  34.052  -30.532  31.121 0.0000000000
49487  33.978  -30.035  30.334 0.0000000000
50486  34.516  -29.066  28.941 0.0000000000
49525  33.933  -30.187  27.712 0.0000000000
67039  46.876  -13.696  22.056 0.0000000000
66109  46.150  -14.134  20.935 0.0000000000
66099  45.700  -14.669  21.546 0.0000000000
63048  44.330  -17.176  22.961 0.0000000000
63060  43.221  -18.199  21.929 0.0000000000
60908  46.060  -19.638  26.733 0.0000000000
44636  22.397  -34.382  39.822 0.0000000000
44654  22.439  -34.919  39.155 0.0000000000
43735  22.018  -35.674  38.462 0.0000000000
42752  20.579  -36.729  37.513 0.0000000000
43745  21.245  -36.519  37.483 0.0000000000
43755  20.735  -37.248  36.259 0.0000000000
42787  19.421  -37.971  36.258 0.0000000000
42788  18.032  -37.653  36.157 0.0000000000
40714  18.276  -39.303  39.221 0.0000000000
40726  17.725  -39.215  38.586 0.0000000000
41799  17.032  -38.212  37.672 0.0000000000
42789  17.105  -37.497  36.270 0.0000000000
42791  15.673  -37.914  36.322 0.0000000000
73976  54.274  -6.521  16.864 0.0000000000
73082  54.306  -8.224  17.832 0.0000000000
133254  53.959  -8.827  17.646 0.0000000000
126582  52.855  -9.389  18.080 0.0000000000
73062  53.675  -7.449  20.234 0.0000000000
71062  53.243  -9.114  19.122 0.0000000000
70070  51.799  -10.150  19.030 0.0000000000
69048  50.420  -10.913  19.543 0.0000000000
69037  49.731  -11.614  20.636 0.0000000000
68012  48.852  -12.306  21.471 0.0000000000
70011  51.142  -10.703  22.321 0.0000000000
69006  49.908  -11.596  22.630 0.0000000000
68001  48.461  -12.593  22.171 0.0000000000
67025  47.546  -13.377  23.320 0.0000000000
141754  47.368  -13.575  23.863 0.0000000000
66057  47.007  -14.317  25.177 0.0000000000
67007  48.487  -13.217  25.809 0.0000000000
137907  47.451  -14.237  25.979 0.0000000000
65085  46.464  -15.247  25.390 0.0000000000
64019  47.058  -16.215  27.100 0.0000000000
64008  47.291  -17.050  27.574 0.0000000000
62973  47.400  -17.790  27.905 0.0000000000
147670  50.706  -11.391  29.078 0.0000000000
67923  50.397  -12.868  29.209 0.0000000000
66031  50.257  -13.995  29.344 0.0000000000
66951  50.436  -14.257  31.228 0.0000000000
65032  50.369  -15.273  30.540 0.0000000000
65046  49.644  -15.136  29.373 0.0000000000
63980  49.196  -16.928  29.879 0.0000000000
62959  48.425  -18.052  29.469 0.0000000000
61909  48.039  -18.620  29.301 0.0000000000
60873  47.827  -20.008  30.566 0.0000000000
59883  47.262  -20.759  31.273 0.0000000000
62930  47.621  -19.261  32.687 0.0000000000
60860  46.403  -20.380  32.156 0.0000000000
67861  47.109  -12.734  35.403 0.0000000000
67875  47.033  -13.320  35.031 0.0000000000
67853  43.815  -12.845  37.269 0.0000000000
65949  42.535  -14.684  35.585 0.0000000000
66903  42.805  -13.937  36.038 0.0000000000
66888  44.030  -12.891  36.342 0.0000000000
66900  45.701  -13.182  35.476 0.0000000000
66912  46.005  -13.583  34.917 0.0000000000
66927  46.746  -14.165  34.161 0.0000000000
66952  46.512  -14.232  32.622 0.0000000000
127167  46.461  -14.780  30.103 0.0000000000
66022  45.943  -14.938  29.378 0.0000000000
66025  44.015  -14.626  28.955 0.0000000000
65050  44.766  -15.041  28.387 0.0000000000
63994  45.537  -16.047  28.668 0.0000000000
62975  44.295  -17.485  27.456 0.0000000000
61963  40.746  -17.901  24.008 0.0000000000
60957  40.744  -19.281  23.099 0.0000000000
60901  39.300  -19.009  27.823 0.0000000000
129146  38.601  -19.465  26.843 0.0000000000
60928  37.650  -19.671  25.017 0.0000000000
143522  37.229  -21.333  25.687 0.0000000000
59958  37.180  -20.265  24.595 0.0000000000
54835  42.028  -26.194  35.114 0.0000000000
53742  41.942  -26.307  33.579 0.0000000000
54858  41.140  -25.927  31.783 0.0000000000
52611  43.060  -27.736  31.714 0.0000000000
53767  41.655  -26.455  31.211 0.0000000000
54878  40.605  -25.820  30.479 0.0000000000
130385  39.658  -25.766  28.672 0.0000000000
54922  39.275  -25.667  28.222 0.0000000000
54959  38.318  -26.217  26.221 0.0000000000
51542  40.822  -28.683  30.034 0.0000000000
51559  42.013  -28.300  29.157 0.0000000000
52685  41.301  -27.729  28.137 0.0000000000
137269  40.264  -29.282  26.920 0.0000000000
51598  39.991  -28.818  26.718 0.0000000000
53828  40.550  -27.564  27.450 0.0000000000
53841  39.976  -27.441  26.880 0.0000000000
53847  38.380  -26.810  25.749 0.0000000000
72158  53.694  -8.242  14.286 0.0000000000
132034  53.156  -8.163  13.100 0.0000000000
72183  52.453  -8.497  11.486 0.0000000000
66127  45.568  -14.234  19.674 0.0000000000
134177  43.621  -24.894  38.214 0.0000000000
130637  43.545  -24.580  38.664 0.0000000000
55890  42.888  -24.391  37.470 0.0000000000
54800  42.637  -25.402  36.973 0.0000000000
68029  47.910  -12.815  20.609 0.0000000000
67078  47.398  -13.108  20.179 0.0000000000
46755  28.618  -32.908  32.679 0.0000000000
43786  18.358  -36.508  34.243 0.0000000000
42828  17.147  -37.163  34.623 0.0000000000
42812  17.314  -37.210  35.485 0.0000000000
47618  35.904  -32.360  42.398 0.0000000000
127993  36.090  -31.978  43.049 0.0000000000
129159  36.696  -32.104  42.251 0.0000000000
47624  37.320  -32.000  41.701 0.0000000000
126714  37.229  -32.087  40.962 0.0000000000
46593  36.442  -32.351  40.931 0.0000000000
136711  28.905  -33.053  34.243 0.0000000000
46734  29.295  -33.123  33.293 0.0000000000
151711  29.811  -33.200  32.685 0.0000000000
61936  46.387  -18.230  26.726 0.0000000000
69915  51.817  -9.742  29.150 0.0000000000
135559  48.230  -14.576  33.984 0.0000000000
65969  47.711  -14.669  33.972 0.0000000000
65982  47.995  -15.181  33.401 0.0000000000
62940  41.075  -17.828  29.985 0.0000000000
61912  40.248  -18.004  28.709 0.0000000000
51501  40.329  -28.407  32.128 0.0000000000
73094  56.112  -7.816  16.223 0.0000000000
73112  56.302  -8.401  15.785 0.0000000000
72141  55.714  -8.619  16.207 0.0000000000
126428  26.725  -32.767  37.425 0.0000000000
46667  26.284  -32.897  37.952 0.0000000000
45618  22.958  -34.956  37.246 0.0000000000
134002  31.045  -32.696  43.120 0.0000000000
46579  30.466  -33.118  42.420 0.0000000000
46632  27.039  -33.030  38.963 0.0000000000
46648  28.524  -33.072  38.850 0.0000000000
126431  27.770  -33.013  38.468 0.0000000000
59798  42.580  -20.739  39.843 0.0000000000
59785  42.080  -20.359  40.333 0.0000000000
60760  42.560  -19.883  39.794 0.0000000000
133288  42.411  -19.188  39.912 0.0000000000
60773  43.035  -19.817  39.402 0.0000000000
132591  43.142  -19.175  39.209 0.0000000000
58941  41.267  -21.063  34.334 0.0000000000
59846  41.707  -20.884  35.208 0.0000000000
59860  41.125  -20.841  33.530 0.0000000000
59861  40.818  -21.057  32.931 0.0000000000
55980  39.233  -24.406  30.437 0.0000000000
55979  39.825  -25.115  30.739 0.0000000000
51564  36.510  -28.125  29.451 0.0000000000
51580  36.703  -28.488  29.001 0.0000000000
70080  49.889  -10.625  17.619 0.0000000000
48610  29.799  -32.011  27.372 0.0000000000
145023  23.440  -33.103  34.113 0.0000000000
47687  23.725  -32.642  33.228 0.0000000000
46738  22.896  -33.144  33.031 0.0000000000
42869  20.001  -37.108  30.670 0.0000000000
49364  40.663  -30.008  40.727 0.0000000000
51395  40.388  -28.776  40.979 0.0000000000
50340  41.659  -29.476  39.986 0.0000000000
50339  41.983  -28.781  39.689 0.0000000000
50346  42.301  -29.430  39.313 0.0000000000
131913  42.693  -29.238  38.702 0.0000000000
50347  41.820  -29.940  39.611 0.0000000000
49449  39.105  -30.092  37.302 0.0000000000
49450  38.497  -30.116  36.516 0.0000000000
45595  33.312  -32.574  38.470 0.0000000000
45611  33.687  -32.557  38.017 0.0000000000
45629  33.629  -32.532  37.355 0.0000000000
48548  34.497  -31.596  33.509 0.0000000000
47679  34.699  -31.843  34.364 0.0000000000
48550  34.979  -30.894  33.062 0.0000000000
131931  35.239  -30.149  32.633 0.0000000000
148792  30.781  -31.930  28.748 0.0000000000
48582  31.399  -31.786  29.251 0.0000000000
48594  31.280  -31.477  28.235 0.0000000000
48608  31.581  -31.452  27.520 0.0000000000
65102  45.406  -15.641  23.376 0.0000000000
65092  45.578  -15.839  24.138 0.0000000000
131153  19.085  -38.139  38.591 0.0000000000
41780  19.001  -38.825  38.250 0.0000000000
40713  18.692  -39.059  38.992 0.0000000000
41746  16.001  -37.950  40.923 0.0000000000
128204  14.839  -37.710  38.956 0.0000000000
74822  53.483  -5.456  19.211 0.0000000000
74815  53.970  -5.517  20.339 0.0000000000
72073  53.940  -8.393  22.060 0.0000000000
71033  53.564  -8.932  21.426 0.0000000000
71034  53.215  -9.322  21.863 0.0000000000
70048  52.560  -9.775  21.333 0.0000000000
137446  50.839  -11.236  25.039 0.0000000000
68983  50.381  -11.431  24.318 0.0000000000
67974  49.419  -12.189  24.774 0.0000000000
66041  49.453  -13.889  28.277 0.0000000000
146531  48.854  -14.163  27.846 0.0000000000
66033  49.052  -14.741  28.521 0.0000000000
65063  48.378  -15.522  28.274 0.0000000000
67903  49.615  -12.789  31.579 0.0000000000
62919  49.359  -17.804  32.635 0.0000000000
61885  49.286  -18.572  32.216 0.0000000000
61876  48.844  -19.162  32.705 0.0000000000
62948  46.269  -17.364  30.233 0.0000000000
63982  45.661  -16.951  29.159 0.0000000000
67836  45.271  -12.012  37.369 0.0000000000
143474  42.784  -17.429  36.501 0.0000000000
63891  42.935  -16.348  37.332 0.0000000000
63900  42.761  -16.592  36.463 0.0000000000
65973  43.080  -14.491  32.968 0.0000000000
65971  44.123  -13.815  33.104 0.0000000000
66002  43.845  -14.524  31.401 0.0000000000
65077  41.855  -16.051  26.875 0.0000000000
65076  42.483  -15.821  27.037 0.0000000000
64023  42.125  -16.250  26.428 0.0000000000
64035  42.331  -16.720  25.893 0.0000000000
63018  42.053  -17.595  25.005 0.0000000000
63003  41.805  -17.060  25.346 0.0000000000
61965  38.606  -18.359  24.194 0.0000000000
61984  38.748  -18.473  23.413 0.0000000000
60958  38.242  -18.907  22.930 0.0000000000
58990  38.844  -21.578  28.745 0.0000000000
59910  38.876  -20.781  28.135 0.0000000000
51459  42.971  -28.620  34.225 0.0000000000
52574  43.164  -28.188  34.465 0.0000000000
52584  43.243  -28.353  33.526 0.0000000000
53797  42.101  -27.622  28.942 0.0000000000
53776  42.315  -27.357  29.524 0.0000000000
53816  40.789  -26.801  28.202 0.0000000000
53827  40.935  -27.409  27.975 0.0000000000
136849  40.493  -29.160  27.486 0.0000000000
129748  49.041  -9.109  13.587 0.0000000000
71115  49.021  -9.102  12.813 0.0000000000
46633  25.798  -33.141  39.290 0.0000000000
45600  23.362  -34.411  38.834 0.0000000000
132795  25.848  -33.308  41.057 0.0000000000
146451  26.562  -33.204  40.639 0.0000000000
127440  27.021  -33.122  39.883 0.0000000000
55849  41.594  -24.241  40.729 0.0000000000
56913  41.710  -23.563  40.691 0.0000000000
55848  42.163  -23.760  40.227 0.0000000000
56956  43.487  -23.342  38.942 0.0000000000
57941  42.873  -23.000  39.682 0.0000000000
57940  43.086  -22.492  39.530 0.0000000000
57928  42.940  -21.883  39.605 0.0000000000
57955  43.372  -22.573  39.220 0.0000000000
58892  43.462  -21.732  38.965 0.0000000000
56971  42.379  -23.586  37.061 0.0000000000
57985  41.842  -22.813  36.564 0.0000000000
57994  41.502  -22.158  35.851 0.0000000000
56982  41.269  -22.964  35.729 0.0000000000
56990  40.788  -23.093  34.983 0.0000000000
54818  41.506  -25.303  35.278 0.0000000000
127671  35.751  -30.614  28.610 0.0000000000
69060  48.925  -11.653  18.674 0.0000000000
68043  48.489  -12.169  19.223 0.0000000000
68044  47.266  -12.918  19.311 0.0000000000
68055  47.393  -12.557  18.517 0.0000000000
68056  46.754  -12.982  18.610 0.0000000000
129802  46.274  -13.112  18.104 0.0000000000
47725  29.742  -32.961  30.510 0.0000000000
127649  29.012  -32.702  29.965 0.0000000000
47707  27.541  -32.346  31.302 0.0000000000
47727  26.892  -32.198  30.394 0.0000000000
126602  25.917  -32.142  29.881 0.0000000000
47728  25.293  -32.156  30.472 0.0000000000
44702  21.236  -35.347  33.766 0.0000000000
45677  20.979  -35.050  32.937 0.0000000000
44703  20.474  -35.585  33.381 0.0000000000
43803  18.090  -36.545  33.476 0.0000000000
137277  19.011  -35.989  32.648 0.0000000000
152260  18.009  -36.896  32.947 0.0000000000
43838  18.778  -37.017  31.830 0.0000000000
42853  18.217  -37.470  32.483 0.0000000000
40796  18.226  -39.095  32.693 0.0000000000
41851  17.846  -38.277  32.866 0.0000000000
41827  16.127  -38.439  35.047 0.0000000000
40771  16.575  -39.218  34.281 0.0000000000
144501  16.057  -39.990  35.161 0.0000000000
39706  15.638  -40.217  35.757 0.0000000000
49331  37.784  -30.364  43.416 0.0000000000
48494  38.597  -31.318  41.487 0.0000000000
49349  38.633  -30.371  42.373 0.0000000000
48483  38.943  -30.691  41.777 0.0000000000
49366  39.503  -30.384  41.392 0.0000000000
48492  39.949  -30.680  40.731 0.0000000000
48500  40.358  -30.969  40.097 0.0000000000
48501  39.500  -31.185  40.401 0.0000000000
47638  38.150  -31.681  39.892 0.0000000000
47645  38.964  -31.316  39.612 0.0000000000
47646  38.121  -31.410  39.275 0.0000000000
149695  31.864  -32.878  36.400 0.0000000000
45644  32.373  -32.759  36.107 0.0000000000
45645  31.678  -33.005  35.762 0.0000000000
46715  32.291  -33.003  34.572 0.0000000000
46731  32.108  -33.155  33.547 0.0000000000
47681  33.390  -32.591  33.465 0.0000000000
47682  32.725  -32.937  33.018 0.0000000000
47692  32.567  -32.760  32.131 0.0000000000
46774  30.927  -33.069  31.085 0.0000000000
47705  30.276  -33.091  30.957 0.0000000000
47724  30.621  -32.818  30.323 0.0000000000
62999  46.091  -17.091  25.943 0.0000000000
64034  45.756  -16.949  25.341 0.0000000000
148656  45.428  -18.796  25.354 0.0000000000
60925  45.169  -19.428  25.056 0.0000000000
41708  15.818  -37.829  42.616 0.0000000000
42696  14.962  -37.104  42.928 0.0000000000
43714  14.562  -36.799  43.631 0.0000000000
68938  51.153  -11.385  27.178 0.0000000000
67944  50.618  -12.018  27.620 0.0000000000
67933  50.434  -12.394  28.390 0.0000000000
67893  49.292  -13.246  32.560 0.0000000000
64964  49.251  -15.699  33.304 0.0000000000
63924  49.330  -16.493  33.018 0.0000000000
65001  48.699  -16.634  32.979 0.0000000000
66011  47.213  -15.024  30.840 0.0000000000
61859  42.364  -18.075  33.789 0.0000000000
62915  42.232  -17.343  33.570 0.0000000000
149232  42.174  -16.340  31.789 0.0000000000
65018  42.750  -15.356  30.296 0.0000000000
63966  42.234  -15.932  30.543 0.0000000000
150433  40.919  -16.867  28.620 0.0000000000
130415  41.322  -16.325  28.427 0.0000000000
63996  41.319  -16.216  27.677 0.0000000000
64013  40.804  -16.563  27.191 0.0000000000
62976  40.350  -17.117  27.513 0.0000000000
62977  39.817  -17.575  27.031 0.0000000000
61939  39.268  -18.108  26.613 0.0000000000
57078  37.668  -23.386  27.289 0.0000000000
58068  37.514  -22.600  26.802 0.0000000000
57095  37.327  -23.448  26.518 0.0000000000
57112  36.544  -23.584  25.074 0.0000000000
56086  35.918  -24.273  23.886 0.0000000000
50442  42.599  -29.179  33.053 0.0000000000
50458  42.938  -29.064  31.257 0.0000000000
144059  43.002  -28.439  29.791 0.0000000000
50483  42.834  -28.736  29.889 0.0000000000
72147  55.873  -8.838  15.002 0.0000000000
72157  56.387  -8.987  14.195 0.0000000000
72170  55.556  -8.956  13.040 0.0000000000
128288  54.587  -8.415  13.665 0.0000000000
46700  28.349  -32.913  35.733 0.0000000000
131980  27.653  -32.709  35.342 0.0000000000
47669  24.962  -32.579  35.012 0.0000000000
46703  24.405  -32.921  35.526 0.0000000000
46651  24.976  -33.171  38.069 0.0000000000
45647  23.222  -33.935  35.695 0.0000000000
46704  23.654  -33.278  35.153 0.0000000000
45661  22.386  -34.394  34.486 0.0000000000
44692  22.085  -35.162  34.935 0.0000000000
43765  21.283  -36.688  35.838 0.0000000000
43783  21.122  -36.458  34.938 0.0000000000
46561  32.700  -32.887  43.078 0.0000000000
47607  32.429  -32.330  43.117 0.0000000000
46560  33.426  -33.016  42.977 0.0000000000
46559  34.169  -32.713  42.574 0.0000000000
133500  33.788  -33.045  42.314 0.0000000000
46596  33.672  -33.076  41.554 0.0000000000
45563  32.118  -33.230  40.471 0.0000000000
45562  32.792  -32.871  40.274 0.0000000000
45580  32.320  -32.898  39.767 0.0000000000
45579  32.950  -32.655  39.603 0.0000000000
46599  29.167  -33.165  41.343 0.0000000000
46647  29.389  -33.121  38.615 0.0000000000
46646  30.310  -33.223  38.943 0.0000000000
131705  31.087  -33.247  38.344 0.0000000000
45615  31.432  -33.103  37.626 0.0000000000
46664  30.596  -33.192  37.629 0.0000000000
46684  28.550  -32.976  36.363 0.0000000000
46683  29.401  -33.085  36.620 0.0000000000
69852  48.716  -10.277  33.729 0.0000000000
68819  47.857  -11.128  34.755 0.0000000000
151786  47.812  -12.337  34.709 0.0000000000
57901  41.461  -22.492  41.192 0.0000000000
62877  43.170  -17.888  37.885 0.0000000000
61830  43.078  -18.427  37.498 0.0000000000
59832  43.220  -20.412  37.799 0.0000000000
59837  42.688  -20.298  36.889 0.0000000000
59845  42.117  -20.087  35.285 0.0000000000
61853  42.540  -18.235  34.699 0.0000000000
60839  41.573  -19.429  32.575 0.0000000000
60851  41.306  -19.259  31.745 0.0000000000
60852  40.821  -19.747  31.260 0.0000000000
60863  40.606  -19.436  30.506 0.0000000000
59879  40.118  -20.916  30.963 0.0000000000
59898  39.349  -21.029  29.383 0.0000000000
58977  39.303  -21.656  30.097 0.0000000000
58021  40.055  -22.763  32.994 0.0000000000
57015  39.674  -22.993  32.135 0.0000000000
58031  39.094  -22.946  30.751 0.0000000000
58042  38.899  -22.523  29.984 0.0000000000
146596  38.643  -23.078  29.494 0.0000000000
138434  38.442  -23.119  28.890 0.0000000000
151468  38.304  -24.781  27.871 0.0000000000
52614  37.908  -27.619  31.217 0.0000000000
52613  38.670  -27.781  31.334 0.0000000000
51562  38.492  -28.418  29.364 0.0000000000
49510  37.215  -29.782  28.940 0.0000000000
49509  38.049  -30.015  29.024 0.0000000000
136619  38.867  -30.215  28.938 0.0000000000
48590  40.237  -30.305  28.378 0.0000000000
72125  54.316  -8.850  16.809 0.0000000000
71093  50.238  -9.734  16.384 0.0000000000
71103  51.569  -8.920  15.970 0.0000000000
71105  49.632  -9.464  15.476 0.0000000000
71109  49.933  -8.963  14.836 0.0000000000
69079  48.483  -11.224  17.205 0.0000000000
69080  47.980  -11.209  16.700 0.0000000000
70093  47.970  -10.671  15.978 0.0000000000
126749  28.193  -32.360  28.430 0.0000000000
47774  28.388  -32.585  27.111 0.0000000000
47775  27.534  -32.679  27.348 0.0000000000
46737  26.779  -32.453  33.955 0.0000000000
47683  26.807  -32.357  33.114 0.0000000000
126305  25.876  -32.297  32.983 0.0000000000
46757  23.359  -32.623  32.186 0.0000000000
126844  24.861  -32.232  31.975 0.0000000000
47711  24.051  -32.337  31.605 0.0000000000
47729  23.941  -32.393  30.695 0.0000000000
47731  22.839  -32.894  30.652 0.0000000000
45690  20.699  -34.796  32.054 0.0000000000
46759  21.815  -33.764  32.113 0.0000000000
45704  21.213  -34.260  31.615 0.0000000000
43863  21.124  -35.888  29.890 0.0000000000
147526  21.485  -34.635  30.060 0.0000000000
44756  21.562  -35.226  29.792 0.0000000000
51357  38.548  -28.995  42.714 0.0000000000
51356  38.735  -28.225  42.595 0.0000000000
52455  40.089  -27.809  41.422 0.0000000000
53584  39.968  -26.727  41.925 0.0000000000
53603  40.632  -25.851  41.316 0.0000000000
149201  41.073  -26.114  40.744 0.0000000000
52490  42.320  -27.872  39.463 0.0000000000
53625  43.239  -26.731  38.792 0.0000000000
53644  43.677  -26.606  38.317 0.0000000000
52532  43.747  -27.538  38.044 0.0000000000
53687  43.576  -26.944  37.583 0.0000000000
131683  42.960  -28.652  37.514 0.0000000000
51428  43.207  -28.443  37.452 0.0000000000
50393  42.941  -28.620  37.094 0.0000000000
128037  42.831  -28.626  36.442 0.0000000000
48513  40.717  -30.808  39.031 0.0000000000
49418  41.735  -30.113  38.733 0.0000000000
48519  41.205  -30.424  38.664 0.0000000000
138138  41.050  -29.566  37.046 0.0000000000
49447  41.782  -29.489  37.384 0.0000000000
49457  41.599  -29.350  36.277 0.0000000000
50410  41.832  -29.269  35.178 0.0000000000
50411  40.868  -29.383  35.371 0.0000000000
133684  39.263  -29.113  34.619 0.0000000000
50445  39.371  -28.811  33.958 0.0000000000
50446  38.622  -28.960  34.118 0.0000000000
46612  36.016  -32.495  40.500 0.0000000000
126314  35.519  -32.601  40.058 0.0000000000
46662  35.004  -32.252  37.772 0.0000000000
46661  35.704  -32.005  38.158 0.0000000000
47654  36.196  -31.720  37.768 0.0000000000
47653  36.973  -31.439  38.173 0.0000000000
47661  35.974  -31.718  36.999 0.0000000000
46696  33.380  -32.626  35.552 0.0000000000
46680  34.024  -32.452  36.679 0.0000000000
46695  33.983  -32.468  35.825 0.0000000000
48541  35.564  -31.625  35.549 0.0000000000
48540  36.249  -31.321  35.901 0.0000000000
48532  36.476  -31.414  36.630 0.0000000000
48543  36.668  -30.881  35.505 0.0000000000
49461  37.283  -30.489  35.557 0.0000000000
49467  36.715  -30.433  34.799 0.0000000000
50448  36.391  -29.611  33.464 0.0000000000
49470  37.025  -29.732  34.116 0.0000000000
50447  37.188  -28.967  33.357 0.0000000000
51482  38.030  -28.709  33.597 0.0000000000
50461  35.255  -29.282  31.607 0.0000000000
50476  35.153  -28.893  30.747 0.0000000000
51545  35.701  -28.315  30.431 0.0000000000
47702  33.046  -32.173  31.664 0.0000000000
48556  33.484  -31.339  31.219 0.0000000000
49499  33.022  -30.351  29.002 0.0000000000
49488  33.340  -30.463  29.887 0.0000000000
50487  33.784  -29.713  29.244 0.0000000000
50502  34.096  -29.546  28.299 0.0000000000
50511  34.587  -29.797  27.914 0.0000000000
66098  46.338  -14.162  21.824 0.0000000000
65111  45.859  -14.676  22.340 0.0000000000
64068  45.015  -15.762  22.586 0.0000000000
128812  45.325  -15.234  22.035 0.0000000000
146978  44.068  -16.524  21.710 0.0000000000
148911  44.775  -16.897  23.632 0.0000000000
63034  44.598  -17.595  23.749 0.0000000000
61999  43.473  -18.690  22.450 0.0000000000
63061  42.846  -18.018  21.270 0.0000000000
59930  46.015  -20.313  26.956 0.0000000000
45550  23.179  -33.560  40.557 0.0000000000
44644  22.013  -34.814  39.504 0.0000000000
44655  21.715  -35.303  38.917 0.0000000000
43736  21.278  -36.088  38.162 0.0000000000
42785  20.721  -37.116  36.983 0.0000000000
43754  21.309  -36.724  36.735 0.0000000000
41811  18.803  -38.236  36.874 0.0000000000
144202  18.741  -38.072  36.391 0.0000000000
42811  18.850  -37.721  35.812 0.0000000000
40698  17.115  -39.242  41.209 0.0000000000
40697  17.762  -39.554  41.424 0.0000000000
40708  17.523  -39.404  40.513 0.0000000000
40707  18.214  -39.442  40.059 0.0000000000
42768  17.077  -37.855  36.974 0.0000000000
42769  16.322  -37.703  37.287 0.0000000000
42790  16.294  -37.604  36.497 0.0000000000
125989  15.631  -37.786  37.058 0.0000000000
41800  14.956  -38.055  37.408 0.0000000000
42740  13.935  -37.762  40.330 0.0000000000
74846  53.898  -5.324  16.753 0.0000000000
73963  54.911  -7.820  17.230 0.0000000000
73964  53.834  -6.853  17.706 0.0000000000
139499  53.687  -7.973  18.903 0.0000000000
73075  53.942  -8.701  18.107 0.0000000000
71070  53.565  -9.053  18.023 0.0000000000
72110  53.582  -8.852  18.505 0.0000000000
73940  53.929  -6.384  20.526 0.0000000000
73053  54.013  -7.428  21.224 0.0000000000
135489  53.020  -9.354  19.948 0.0000000000
72098  53.451  -8.764  19.748 0.0000000000
71063  52.584  -9.653  19.332 0.0000000000
70062  51.106  -10.489  19.446 0.0000000000
70061  51.701  -10.276  19.927 0.0000000000
69036  50.346  -11.137  20.266 0.0000000000
145918  49.181  -12.017  20.897 0.0000000000
69020  49.635  -11.736  21.550 0.0000000000
70010  51.913  -10.266  22.802 0.0000000000
68993  51.194  -10.734  23.239 0.0000000000
132043  49.335  -11.980  23.018 0.0000000000
68000  49.159  -12.125  22.273 0.0000000000
67048  47.858  -12.993  22.151 0.0000000000
67037  48.049  -12.918  22.930 0.0000000000
67024  47.979  -13.127  23.907 0.0000000000
67014  47.506  -13.621  24.573 0.0000000000
66063  46.892  -14.038  24.191 0.0000000000
67955  50.042  -12.303  26.623 0.0000000000
67006  49.262  -12.742  26.212 0.0000000000
66051  48.043  -13.803  26.335 0.0000000000
65084  46.980  -14.882  26.091 0.0000000000
65074  46.658  -15.751  26.225 0.0000000000
65073  47.181  -15.381  26.743 0.0000000000
64007  47.822  -16.365  28.030 0.0000000000
63993  47.847  -17.199  28.268 0.0000000000
69916  50.948  -10.384  29.445 0.0000000000
68881  50.265  -11.196  29.821 0.0000000000
67912  50.467  -13.154  30.021 0.0000000000
147394  50.451  -13.534  29.735 0.0000000000
66975  50.466  -14.051  29.858 0.0000000000
65997  50.143  -14.634  32.083 0.0000000000
65996  50.448  -15.036  31.477 0.0000000000
63962  50.311  -16.009  30.926 0.0000000000
65014  50.449  -15.490  31.130 0.0000000000
65033  50.037  -15.583  30.164 0.0000000000
65034  49.409  -15.983  29.643 0.0000000000
61895  48.137  -19.265  30.083 0.0000000000
60848  47.608  -20.088  32.525 0.0000000000
60859  47.797  -20.275  32.056 0.0000000000
59876  46.964  -20.710  32.355 0.0000000000
146580  46.305  -21.082  32.219 0.0000000000
60850  46.462  -20.885  32.206 0.0000000000
61888  46.182  -19.350  31.585 0.0000000000
132925  45.710  -19.956  31.480 0.0000000000
67850  46.616  -12.392  35.934 0.0000000000
139468  46.766  -13.019  35.436 0.0000000000
139769  43.076  -14.779  38.292 0.0000000000
65922  43.211  -14.026  38.266 0.0000000000
66875  43.327  -13.495  37.612 0.0000000000
64935  42.455  -15.546  35.143 0.0000000000
64949  42.361  -15.421  34.298 0.0000000000
65958  43.132  -13.874  34.187 0.0000000000
66915  42.772  -14.000  35.044 0.0000000000
66902  43.390  -13.387  35.727 0.0000000000
66901  44.458  -13.062  35.533 0.0000000000
67863  45.165  -12.737  36.102 0.0000000000
138810  45.248  -13.777  33.520 0.0000000000
66928  46.027  -13.839  34.193 0.0000000000
66940  46.746  -14.323  33.561 0.0000000000
66013  45.950  -14.297  30.513 0.0000000000
65036  43.492  -14.776  29.723 0.0000000000
65051  43.298  -14.973  28.742 0.0000000000
66035  43.999  -14.915  28.307 0.0000000000
66044  44.292  -15.328  27.908 0.0000000000
65049  45.271  -15.385  28.574 0.0000000000
64010  44.847  -15.772  28.052 0.0000000000
63995  44.580  -16.607  27.648 0.0000000000
144463  43.484  -17.748  26.483 0.0000000000
62000  39.999  -18.749  22.876 0.0000000000
61982  40.369  -18.413  23.406 0.0000000000
60970  39.991  -19.362  22.442 0.0000000000
60877  39.897  -19.613  29.285 0.0000000000
60888  39.584  -19.319  28.551 0.0000000000
149094  38.230  -20.067  26.709 0.0000000000
60902  38.923  -19.443  27.441 0.0000000000
60912  38.189  -19.596  26.197 0.0000000000
151217  37.810  -19.838  25.694 0.0000000000
136033  37.361  -21.914  26.214 0.0000000000
59016  37.617  -21.078  26.263 0.0000000000
59959  36.634  -20.852  24.125 0.0000000000
59972  36.547  -20.634  23.190 0.0000000000
53708  42.613  -26.728  35.691 0.0000000000
53757  42.681  -27.025  33.185 0.0000000000
53727  42.133  -26.435  34.377 0.0000000000
133970  41.337  -25.913  32.742 0.0000000000
53758  41.865  -26.466  32.042 0.0000000000
52610  43.320  -28.419  32.000 0.0000000000
148524  41.765  -26.766  29.768 0.0000000000
53777  41.366  -26.379  30.424 0.0000000000
54869  41.031  -25.999  31.061 0.0000000000
131949  40.097  -25.681  29.814 0.0000000000
54897  40.344  -26.150  28.871 0.0000000000
54941  39.456  -26.175  27.586 0.0000000000
54952  38.708  -25.974  26.939 0.0000000000
51543  39.777  -28.280  30.391 0.0000000000
141527  41.150  -28.420  28.194 0.0000000000
51590  41.511  -27.967  28.232 0.0000000000
50520  39.899  -29.680  26.531 0.0000000000
52698  39.933  -28.162  26.612 0.0000000000
52697  40.398  -28.057  27.071 0.0000000000
52699  39.442  -27.786  26.254 0.0000000000
52710  38.317  -27.506  25.408 0.0000000000
135245  38.853  -27.428  25.880 0.0000000000
53848  37.757  -26.779  25.207 0.0000000000
73126  56.821  -7.820  12.796 0.0000000000
131096  53.049  -8.495  15.390 0.0000000000
72148  54.103  -8.550  15.375 0.0000000000
72149  53.028  -8.300  14.759 0.0000000000
134357  51.925  -8.221  13.022 0.0000000000
138220  52.261  -8.316  12.255 0.0000000000
138249  53.176  -8.354  12.054 0.0000000000
66110  45.458  -14.724  20.820 0.0000000000
67064  46.188  -13.896  20.108 0.0000000000
66111  45.055  -14.844  20.099 0.0000000000
46618  25.044  -33.423  40.671 0.0000000000
55874  43.010  -24.202  39.447 0.0000000000
55861  42.609  -23.924  39.802 0.0000000000
55873  43.385  -23.932  39.111 0.0000000000
55882  43.561  -24.077  38.569 0.0000000000
56963  43.502  -23.456  38.311 0.0000000000
129920  43.308  -22.731  37.939 0.0000000000
56964  43.120  -23.535  37.738 0.0000000000
137735  41.078  -23.713  35.460 0.0000000000
55916  41.471  -24.444  35.860 0.0000000000
138669  48.697  -12.209  19.885 0.0000000000
127621  48.052  -12.611  19.847 0.0000000000
68045  46.627  -13.308  19.146 0.0000000000
46777  28.955  -32.990  31.806 0.0000000000
129966  28.972  -32.870  30.882 0.0000000000
47694  28.083  -32.564  32.030 0.0000000000
47695  27.198  -32.323  32.170 0.0000000000
41843  17.287  -38.126  33.523 0.0000000000
147555  17.239  -37.413  33.944 0.0000000000
48468  36.491  -31.371  43.520 0.0000000000
48467  37.299  -31.149  43.214 0.0000000000
47617  37.522  -31.572  42.399 0.0000000000
149258  37.991  -31.619  41.793 0.0000000000
47630  38.778  -31.484  40.854 0.0000000000
47632  37.542  -31.962  40.313 0.0000000000
47639  37.371  -31.899  39.739 0.0000000000
126645  30.049  -33.188  35.153 0.0000000000
45660  31.561  -33.153  34.963 0.0000000000
46717  30.781  -33.272  34.611 0.0000000000
127900  30.726  -33.327  33.834 0.0000000000
46732  31.183  -33.318  33.082 0.0000000000
46752  31.226  -33.174  31.945 0.0000000000
46753  30.444  -33.251  32.416 0.0000000000
46776  29.770  -33.158  32.040 0.0000000000
148899  46.084  -17.742  26.164 0.0000000000
61937  46.054  -18.937  26.518 0.0000000000
43710  14.686  -36.554  44.485 0.0000000000
147540  52.210  -9.964  27.839 0.0000000000
68918  51.692  -10.676  27.532 0.0000000000
151384  51.561  -10.804  27.966 0.0000000000
64982  48.514  -15.846  33.231 0.0000000000
151102  47.587  -14.852  32.624 0.0000000000
62922  41.787  -17.927  31.810 0.0000000000
62931  41.761  -17.372  31.297 0.0000000000
63967  41.744  -16.440  30.009 0.0000000000
62950  41.245  -17.112  29.774 0.0000000000
148087  40.498  -17.296  28.323 0.0000000000
50453  41.077  -28.964  32.748 0.0000000000
50452  41.998  -29.132  32.424 0.0000000000
51500  41.272  -28.834  31.764 0.0000000000
51517  41.580  -28.821  30.758 0.0000000000
73987  56.446  -7.016  15.260 0.0000000000
72140  55.836  -8.734  15.736 0.0000000000
127722  54.954  -8.607  14.756 0.0000000000
145376  27.978  -32.833  36.806 0.0000000000
46701  26.977  -32.631  36.052 0.0000000000
46685  27.256  -32.708  36.787 0.0000000000
128340  26.389  -32.672  36.711 0.0000000000
46686  25.509  -32.779  36.582 0.0000000000
45636  22.842  -34.742  36.228 0.0000000000
44682  22.253  -35.345  35.806 0.0000000000
46562  31.939  -32.799  43.069 0.0000000000
46577  32.410  -33.122  42.640 0.0000000000
45537  32.426  -33.274  41.772 0.0000000000
45548  31.866  -33.396  41.268 0.0000000000
45564  31.445  -33.413  40.740 0.0000000000
127441  27.990  -33.124  40.162 0.0000000000
46631  28.613  -33.109  39.558 0.0000000000
46665  29.581  -33.111  37.594 0.0000000000
145558  42.338  -21.871  40.212 0.0000000000
59786  41.625  -20.894  41.056 0.0000000000
130945  41.629  -20.008  41.022 0.0000000000
61806  42.542  -18.579  39.788 0.0000000000
62861  42.664  -17.857  39.666 0.0000000000
61813  42.915  -18.550  39.386 0.0000000000
136487  43.349  -19.119  38.759 0.0000000000
135848  42.171  -20.736  36.199 0.0000000000
60822  42.047  -19.728  34.404 0.0000000000
137818  41.546  -20.323  33.859 0.0000000000
59869  41.251  -20.259  32.939 0.0000000000
58960  40.050  -21.457  31.524 0.0000000000
57025  39.711  -23.919  31.987 0.0000000000
57035  39.156  -23.708  30.808 0.0000000000
57047  38.598  -23.765  29.300 0.0000000000
55993  38.961  -24.597  29.602 0.0000000000
56013  39.060  -25.201  28.882 0.0000000000
52638  36.989  -27.769  30.443 0.0000000000
52637  37.587  -27.698  30.466 0.0000000000
52659  37.103  -27.827  29.898 0.0000000000
50485  37.914  -28.537  29.142 0.0000000000
71081  52.499  -9.438  17.629 0.0000000000
131196  51.954  -9.378  17.070 0.0000000000
150769  51.047  -9.702  16.930 0.0000000000
69072  47.161  -12.077  17.278 0.0000000000
148141  47.432  -11.618  16.823 0.0000000000
47759  26.120  -32.451  28.276 0.0000000000
47675  24.778  -32.507  34.223 0.0000000000
47697  25.067  -32.289  32.823 0.0000000000
47686  24.534  -32.432  33.420 0.0000000000
44726  19.689  -35.942  31.390 0.0000000000
134127  20.283  -35.537  30.831 0.0000000000
44741  20.062  -36.281  30.679 0.0000000000
43853  20.701  -36.673  30.206 0.0000000000
50328  39.258  -29.442  41.828 0.0000000000
150588  39.194  -28.886  42.007 0.0000000000
51378  39.591  -28.732  41.716 0.0000000000
52468  40.760  -27.876  40.671 0.0000000000
141112  41.213  -26.937  40.438 0.0000000000
52491  41.530  -27.897  40.046 0.0000000000
52533  43.587  -27.997  38.227 0.0000000000
51424  43.154  -28.675  38.290 0.0000000000
50358  42.757  -29.186  38.223 0.0000000000
49417  42.312  -29.555  38.226 0.0000000000
48521  39.355  -30.718  38.545 0.0000000000
49436  39.844  -30.265  37.998 0.0000000000
49448  40.167  -29.788  37.212 0.0000000000
45577  33.903  -32.638  39.439 0.0000000000
45576  34.506  -32.546  39.068 0.0000000000
46645  34.375  -32.486  38.277 0.0000000000
47673  34.190  -32.292  34.765 0.0000000000
47668  34.370  -32.272  35.513 0.0000000000
48545  35.405  -31.440  34.761 0.0000000000
49468  35.940  -30.790  34.355 0.0000000000
50455  35.811  -29.628  32.789 0.0000000000
147195  35.387  -29.597  32.236 0.0000000000
49476  34.941  -29.941  31.913 0.0000000000
48567  32.410  -31.621  30.125 0.0000000000
48581  32.100  -31.391  29.416 0.0000000000
49500  32.380  -30.843  28.827 0.0000000000
49514  32.712  -30.534  28.193 0.0000000000
49515  32.024  -30.980  28.117 0.0000000000
66073  46.417  -14.439  23.643 0.0000000000
65101  45.895  -14.832  23.132 0.0000000000
64058  44.844  -16.361  23.163 0.0000000000
61979  44.490  -18.540  23.874 0.0000000000
41796  18.920  -38.370  37.432 0.0000000000
41797  18.378  -38.747  37.576 0.0000000000
41707  16.491  -38.647  42.333 0.0000000000
40709  16.670  -38.847  40.674 0.0000000000
40716  16.906  -39.004  39.847 0.0000000000
40727  17.125  -39.080  39.102 0.0000000000
41763  16.499  -38.306  39.279 0.0000000000
42737  16.113  -37.876  38.737 0.0000000000
42770  15.454  -37.788  37.786 0.0000000000
42753  15.421  -37.718  38.507 0.0000000000
149768  53.385  -6.325  18.564 0.0000000000
73952  53.525  -6.637  19.495 0.0000000000
70049  51.816  -10.280  20.894 0.0000000000
70030  51.071  -10.709  21.435 0.0000000000
68995  49.814  -11.696  23.573 0.0000000000
67986  49.174  -12.186  23.774 0.0000000000
145630  48.524  -12.643  23.561 0.0000000000
66999  48.825  -13.367  26.675 0.0000000000
66993  49.162  -13.568  27.490 0.0000000000
131455  48.618  -16.332  28.901 0.0000000000
68882  49.882  -10.867  30.695 0.0000000000
63935  50.129  -16.295  32.251 0.0000000000
65000  50.375  -15.720  31.722 0.0000000000
63963  49.944  -16.874  31.530 0.0000000000
62935  49.541  -17.618  31.158 0.0000000000
62936  49.191  -18.449  31.243 0.0000000000
60847  48.333  -19.686  32.494 0.0000000000
62939  46.042  -18.426  30.732 0.0000000000
61897  44.924  -19.218  29.657 0.0000000000
61910  45.209  -18.453  29.491 0.0000000000
67851  46.011  -11.908  36.755 0.0000000000
63890  43.076  -16.483  38.100 0.0000000000
64903  42.990  -15.653  38.715 0.0000000000
151108  42.824  -14.996  37.137 0.0000000000
64965  42.487  -15.070  33.435 0.0000000000
144995  42.890  -14.345  33.629 0.0000000000
66930  44.019  -13.513  34.074 0.0000000000
66942  45.021  -13.955  32.683 0.0000000000
66953  45.689  -14.070  32.193 0.0000000000
66954  44.976  -14.107  31.859 0.0000000000
137152  45.051  -14.231  30.201 0.0000000000
65065  43.171  -15.218  28.002 0.0000000000
141560  43.019  -15.499  27.477 0.0000000000
65075  43.315  -15.792  27.090 0.0000000000
64021  43.600  -16.254  26.853 0.0000000000
62987  44.049  -16.678  27.036 0.0000000000
63001  43.039  -17.107  26.008 0.0000000000
61948  43.022  -18.012  25.887 0.0000000000
61962  41.456  -18.298  24.213 0.0000000000
63020  39.818  -17.851  23.903 0.0000000000
135342  39.143  -18.094  23.831 0.0000000000
60889  39.097  -19.808  28.039 0.0000000000
59922  38.081  -20.736  26.845 0.0000000000
147886  36.182  -22.359  24.138 0.0000000000
59044  36.501  -21.748  24.521 0.0000000000
52568  43.164  -27.959  35.359 0.0000000000
52569  42.874  -27.381  35.327 0.0000000000
52575  42.954  -27.559  34.601 0.0000000000
51558  43.196  -28.173  30.155 0.0000000000
52635  42.971  -27.636  30.769 0.0000000000
147285  41.136  -26.696  28.722 0.0000000000
50535  38.919  -29.602  25.738 0.0000000000
51606  38.938  -28.881  25.711 0.0000000000
72151  50.748  -8.557  14.565 0.0000000000
65148  44.297  -15.576  20.275 0.0000000000
132215  44.383  -15.207  19.566 0.0000000000
65149  43.577  -15.806  19.331 0.0000000000
46649  26.229  -33.026  38.652 0.0000000000
46650  25.407  -33.172  38.764 0.0000000000
139537  24.727  -33.432  38.859 0.0000000000
45599  24.166  -33.718  38.446 0.0000000000
133753  28.230  -33.157  41.093 0.0000000000
55833  40.546  -24.202  41.938 0.0000000000
56899  41.347  -23.271  41.231 0.0000000000
139296  41.763  -23.001  40.719 0.0000000000
56928  42.583  -23.393  39.880 0.0000000000
136130  42.525  -22.907  39.977 0.0000000000
57913  42.141  -22.521  40.393 0.0000000000
58865  42.642  -21.529  39.850 0.0000000000
59797  42.994  -21.143  39.521 0.0000000000
137603  43.266  -21.158  39.274 0.0000000000
141407  43.186  -20.480  39.301 0.0000000000
150682  43.408  -21.222  38.362 0.0000000000
58904  43.215  -21.328  37.824 0.0000000000
57971  42.935  -21.946  37.549 0.0000000000
58932  41.329  -21.627  35.106 0.0000000000
58933  40.912  -21.911  34.390 0.0000000000
58002  40.718  -22.600  34.476 0.0000000000
149903  40.281  -22.986  33.592 0.0000000000
138571  40.716  -23.711  34.765 0.0000000000
55933  40.569  -24.114  34.185 0.0000000000
57004  40.212  -23.676  33.427 0.0000000000
54859  40.582  -25.304  32.253 0.0000000000
134726  35.678  -29.063  28.491 0.0000000000
49511  36.368  -30.123  28.804 0.0000000000
49498  36.796  -30.535  29.274 0.0000000000
70071  50.115  -10.764  18.288 0.0000000000
69070  49.416  -11.150  18.121 0.0000000000
69071  48.666  -11.480  17.866 0.0000000000
68063  47.503  -12.237  17.895 0.0000000000
48583  30.080  -32.251  28.808 0.0000000000
48596  29.628  -32.079  28.101 0.0000000000
47741  29.129  -32.436  28.870 0.0000000000
47743  27.451  -32.316  28.876 0.0000000000
47726  28.066  -32.470  30.435 0.0000000000
126354  27.444  -32.290  29.682 0.0000000000
129238  25.673  -32.264  28.957 0.0000000000
47760  24.981  -32.506  28.626 0.0000000000
47746  24.249  -32.546  29.273 0.0000000000
45675  22.151  -34.314  33.801 0.0000000000
46739  22.128  -33.874  33.052 0.0000000000
44704  19.610  -35.733  33.015 0.0000000000
44713  19.530  -35.725  32.162 0.0000000000
41865  18.871  -37.967  31.764 0.0000000000
40770  17.052  -38.844  33.789 0.0000000000
149434  16.894  -40.011  34.166 0.0000000000
49330  38.361  -30.061  42.870 0.0000000000
49329  38.594  -29.959  42.448 0.0000000000
50320  38.883  -29.712  42.081 0.0000000000
49347  39.474  -29.918  41.606 0.0000000000
49365  40.086  -30.177  41.005 0.0000000000
49382  41.422  -30.308  39.916 0.0000000000
48499  41.089  -30.667  39.752 0.0000000000
48507  40.556  -30.959  39.505 0.0000000000
48514  39.839  -31.006  39.215 0.0000000000
47637  38.918  -31.502  40.188 0.0000000000
48522  38.350  -30.855  38.217 0.0000000000
48523  37.482  -31.094  37.759 0.0000000000
45613  32.637  -32.637  37.614 0.0000000000
45630  33.318  -32.563  36.830 0.0000000000
45631  32.801  -32.613  36.885 0.0000000000
45643  33.005  -32.658  36.154 0.0000000000
46714  33.135  -32.749  34.795 0.0000000000
47674  33.566  -32.611  34.338 0.0000000000
47690  33.900  -32.077  33.005 0.0000000000
47703  32.346  -32.528  31.336 0.0000000000
47704  31.657  -32.858  31.188 0.0000000000
47723  31.989  -32.320  30.545 0.0000000000
48569  31.335  -32.346  30.026 0.0000000000
141648  30.698  -32.347  29.489 0.0000000000
64045  45.558  -16.482  24.696 0.0000000000
63016  45.417  -17.348  24.922 0.0000000000
61961  45.395  -18.111  25.169 0.0000000000
60940  44.657  -19.378  24.275 0.0000000000
137753  16.523  -38.412  43.295 0.0000000000
42717  15.234  -37.404  41.192 0.0000000000
42726  14.519  -37.486  40.672 0.0000000000
42697  14.024  -36.960  43.128 0.0000000000
68971  50.998  -11.349  25.831 0.0000000000
67945  50.199  -12.461  27.407 0.0000000000
65981  49.775  -15.118  32.876 0.0000000000
63936  49.607  -16.911  32.638 0.0000000000
61867  48.775  -19.007  32.805 0.0000000000
62920  48.951  -18.348  32.864 0.0000000000
63951  47.985  -17.280  32.368 0.0000000000
138741  48.320  -16.718  32.619 0.0000000000
63964  47.354  -16.714  31.245 0.0000000000
63965  46.705  -16.421  30.267 0.0000000000
67824  44.520  -11.990  38.849 0.0000000000
62899  42.566  -17.730  35.192 0.0000000000
136008  42.451  -17.254  34.750 0.0000000000
129697  42.330  -16.978  34.036 0.0000000000
142066  42.101  -16.985  32.902 0.0000000000
127286  42.363  -15.742  32.906 0.0000000000
64984  42.790  -15.166  32.282 0.0000000000
64983  43.193  -14.902  31.620 0.0000000000
65037  42.660  -15.311  29.331 0.0000000000
65038  41.889  -15.902  29.040 0.0000000000
65067  41.861  -15.895  27.400 0.0000000000
64024  41.567  -16.317  26.529 0.0000000000
64025  40.970  -16.546  26.327 0.0000000000
133086  40.380  -16.960  25.824 0.0000000000
62990  39.680  -17.430  26.003 0.0000000000
141877  39.309  -17.726  25.232 0.0000000000
61951  38.668  -18.335  25.139 0.0000000000
60927  38.056  -18.925  24.627 0.0000000000
58092  36.725  -22.954  25.480 0.0000000000
58093  36.460  -22.662  24.820 0.0000000000
50425  42.794  -29.005  33.817 0.0000000000
51478  43.185  -28.804  33.232 0.0000000000
50441  43.032  -29.048  32.721 0.0000000000
51516  43.240  -28.782  31.450 0.0000000000
50457  43.097  -28.922  31.095 0.0000000000
51540  43.131  -28.732  30.523 0.0000000000
52672  41.766  -27.788  28.583 0.0000000000
49534  40.471  -30.590  26.745 0.0000000000
49535  39.975  -30.394  26.435 0.0000000000
49549  38.784  -30.278  25.767 0.0000000000
73119  57.165  -8.206  13.701 0.0000000000
73115  57.008  -8.186  14.519 0.0000000000
72156  56.894  -8.880  14.061 0.0000000000
71114  56.732  -9.183  13.431 0.0000000000
134606  54.917  -8.825  12.196 0.0000000000
72182  54.018  -8.609  11.734 0.0000000000
46718  28.024  -32.757  34.427 0.0000000000
46719  27.154  -32.553  34.566 0.0000000000
46720  26.278  -32.464  34.498 0.0000000000
144999  25.514  -32.466  34.475 0.0000000000
46687  24.658  -33.026  36.361 0.0000000000
45634  24.066  -33.446  36.960 0.0000000000
45662  21.860  -34.941  34.151 0.0000000000
44694  20.841  -36.073  34.133 0.0000000000
43768  18.794  -37.008  35.043 0.0000000000
47605  33.935  -32.458  42.968 0.0000000000
46558  34.990  -32.541  42.396 0.0000000000
46574  35.484  -32.741  41.853 0.0000000000
46594  35.814  -32.666  41.173 0.0000000000
132079  35.019  -32.905  41.206 0.0000000000
46614  34.592  -32.817  40.566 0.0000000000
45536  33.038  -33.220  41.388 0.0000000000
45546  33.348  -32.973  40.733 0.0000000000
45545  33.884  -32.739  40.171 0.0000000000
45578  33.439  -32.621  39.559 0.0000000000
127753  33.104  -32.584  38.991 0.0000000000
135657  32.866  -32.612  38.325 0.0000000000
46598  30.120  -33.245  41.383 0.0000000000
46615  30.723  -33.370  40.612 0.0000000000
46630  29.507  -33.169  39.540 0.0000000000
46629  30.504  -33.299  39.775 0.0000000000
141771  31.923  -33.051  39.310 0.0000000000
45597  31.885  -33.036  38.689 0.0000000000
135193  32.372  -32.759  38.222 0.0000000000
45614  32.107  -32.812  37.587 0.0000000000
127881  31.677  -32.931  36.993 0.0000000000
45633  31.123  -33.154  36.364 0.0000000000
46698  30.162  -33.186  36.033 0.0000000000
131532  29.328  -33.097  34.879 0.0000000000
146714  50.207  -10.020  31.060 0.0000000000
69887  49.877  -10.247  31.505 0.0000000000
69871  49.388  -10.652  32.176 0.0000000000
146936  49.484  -9.721  32.743 0.0000000000
69837  48.381  -10.158  34.260 0.0000000000
67882  48.348  -13.099  33.975 0.0000000000
66909  47.882  -13.453  34.399 0.0000000000
66910  47.347  -13.665  34.608 0.0000000000
138091  42.984  -17.229  39.020 0.0000000000
135350  43.107  -17.271  38.359 0.0000000000
60794  43.387  -19.732  38.444 0.0000000000
60803  43.358  -19.030  38.000 0.0000000000
60804  42.848  -19.585  37.052 0.0000000000
60812  42.986  -18.921  37.212 0.0000000000
61845  42.799  -18.342  36.630 0.0000000000
62898  42.720  -17.820  36.103 0.0000000000
61860  42.084  -18.729  33.174 0.0000000000
61879  41.456  -18.604  31.519 0.0000000000
61890  40.846  -18.642  30.255 0.0000000000
59887  40.341  -20.213  30.762 0.0000000000
127252  39.751  -20.308  29.543 0.0000000000
58950  40.375  -21.825  32.987 0.0000000000
58026  39.552  -22.369  31.363 0.0000000000
58054  38.384  -22.420  28.427 0.0000000000
57058  38.387  -23.763  28.725 0.0000000000
56034  37.920  -24.171  27.655 0.0000000000
51520  38.894  -27.887  32.023 0.0000000000
52612  39.052  -27.966  30.699 0.0000000000
138423  38.940  -28.198  29.859 0.0000000000
50495  40.554  -29.881  27.453 0.0000000000
50498  37.270  -28.840  28.905 0.0000000000
126452  55.107  -8.807  16.381 0.0000000000
136257  55.338  -8.781  16.232 0.0000000000
147785  54.966  -8.821  16.490 0.0000000000
72143  53.725  -8.723  16.132 0.0000000000
72144  52.458  -8.681  15.853 0.0000000000
71092  52.285  -9.044  16.550 0.0000000000
72145  51.438  -8.654  15.357 0.0000000000
70091  49.606  -10.395  16.870 0.0000000000
139243  48.548  -10.269  15.857 0.0000000000
71106  48.780  -9.779  15.302 0.0000000000
46832  28.871  -32.967  26.613 0.0000000000
145991  25.538  -32.225  32.302 0.0000000000
47709  25.619  -32.169  31.467 0.0000000000
128670  24.488  -32.300  30.147 0.0000000000
144385  23.862  -32.527  29.967 0.0000000000
47747  23.473  -32.905  29.579 0.0000000000
135128  22.363  -33.383  32.438 0.0000000000
46758  22.273  -33.311  31.716 0.0000000000
45714  21.248  -34.375  30.693 0.0000000000
46778  22.295  -33.297  30.885 0.0000000000
46793  22.537  -33.405  30.196 0.0000000000
46805  22.910  -33.474  29.686 0.0000000000
46804  23.416  -33.520  29.203 0.0000000000
51355  39.049  -28.406  42.295 0.0000000000
54721  39.532  -25.292  42.680 0.0000000000
54735  40.145  -24.870  42.179 0.0000000000
54734  40.815  -24.823  41.452 0.0000000000
54750  42.179  -25.064  39.995 0.0000000000
53613  41.655  -25.967  40.221 0.0000000000
54760  42.848  -25.053  39.427 0.0000000000
54759  43.358  -25.709  38.838 0.0000000000
54770  43.624  -25.534  38.351 0.0000000000
54782  43.620  -25.930  37.911 0.0000000000
54799  43.308  -26.214  37.437 0.0000000000
148458  43.316  -27.011  36.995 0.0000000000
52558  43.419  -27.757  37.061 0.0000000000
51423  43.498  -28.240  37.784 0.0000000000
142001  43.404  -28.178  37.443 0.0000000000
139914  43.231  -28.059  36.215 0.0000000000
50409  42.593  -28.793  35.758 0.0000000000
49400  41.629  -30.283  39.343 0.0000000000
49434  42.334  -29.282  37.662 0.0000000000
50426  42.413  -29.060  34.800 0.0000000000
50427  41.907  -29.321  34.245 0.0000000000
50444  40.908  -29.087  33.763 0.0000000000
149105  40.001  -28.824  33.746 0.0000000000
51480  39.528  -28.519  33.377 0.0000000000
47640  36.657  -32.037  39.434 0.0000000000
46643  35.924  -32.115  39.008 0.0000000000
47647  37.310  -31.672  39.032 0.0000000000
48531  37.224  -31.078  36.946 0.0000000000
46679  34.809  -32.243  36.992 0.0000000000
47662  35.241  -31.968  36.645 0.0000000000
47667  35.003  -31.930  35.927 0.0000000000
48538  37.674  -30.592  36.375 0.0000000000
49460  38.054  -30.051  35.686 0.0000000000
51503  38.618  -28.073  32.579 0.0000000000
51521  37.420  -27.943  31.884 0.0000000000
145509  36.262  -28.623  32.091 0.0000000000
51522  36.601  -28.157  31.541 0.0000000000
130483  36.658  -27.899  30.808 0.0000000000
128582  36.202  -28.117  30.870 0.0000000000
51565  35.704  -28.326  29.516 0.0000000000
48555  34.124  -30.984  31.827 0.0000000000
132703  34.462  -30.334  31.658 0.0000000000
49478  33.583  -30.713  30.606 0.0000000000
50477  34.547  -29.152  29.957 0.0000000000
51566  35.014  -28.688  29.378 0.0000000000
51582  35.228  -28.793  28.742 0.0000000000
50500  35.160  -29.409  28.165 0.0000000000
49523  35.050  -30.075  27.924 0.0000000000
49524  34.480  -30.509  27.751 0.0000000000
138530  33.179  -30.547  27.609 0.0000000000
48606  33.711  -30.988  27.465 0.0000000000
48605  34.406  -31.270  27.782 0.0000000000
67049  47.426  -13.308  21.747 0.0000000000
67050  46.828  -13.642  21.356 0.0000000000
65128  45.141  -15.210  21.301 0.0000000000
127569  44.633  -15.603  21.001 0.0000000000
61998  44.045  -18.092  23.149 0.0000000000
63049  43.676  -17.803  22.437 0.0000000000
63059  43.850  -17.089  22.131 0.0000000000
147284  43.379  -17.644  21.822 0.0000000000
60909  45.741  -20.242  26.270 0.0000000000
45566  23.020  -34.102  40.195 0.0000000000
149795  21.729  -36.135  37.918 0.0000000000
43753  21.815  -36.203  37.213 0.0000000000
42786  20.092  -37.608  36.530 0.0000000000
42809  20.119  -37.619  35.844 0.0000000000
42810  19.493  -37.592  35.630 0.0000000000
132652  18.102  -37.142  35.462 0.0000000000
40737  17.932  -39.136  37.928 0.0000000000
41781  17.563  -39.003  37.923 0.0000000000
41798  17.797  -38.619  37.397 0.0000000000
41813  17.699  -38.016  36.722 0.0000000000
145821  16.650  -37.480  35.850 0.0000000000
42813  16.031  -37.759  35.739 0.0000000000
41828  15.611  -38.425  35.846 0.0000000000
41814  15.175  -38.402  36.636 0.0000000000
73975  55.296  -7.237  16.549 0.0000000000
74845  54.756  -5.947  16.153 0.0000000000
73081  54.870  -8.544  17.230 0.0000000000
72118  54.087  -8.847  17.259 0.0000000000
72117  54.365  -8.761  17.269 0.0000000000
71080  53.362  -9.135  17.615 0.0000000000
70078  51.829  -9.919  18.203 0.0000000000
135949  53.681  -8.177  20.579 0.0000000000
71071  53.012  -9.303  18.584 0.0000000000
71072  52.462  -9.655  18.620 0.0000000000
69058  50.818  -10.534  18.771 0.0000000000
69049  49.763  -11.484  19.848 0.0000000000
141906  50.873  -10.660  19.955 0.0000000000
68027  49.164  -11.926  20.231 0.0000000000
68013  48.073  -12.792  21.387 0.0000000000
71022  53.274  -9.309  22.870 0.0000000000
69005  50.441  -11.215  21.939 0.0000000000
146489  50.616  -11.115  22.705 0.0000000000
67038  47.331  -13.456  22.604 0.0000000000
66072  46.970  -13.785  23.386 0.0000000000
66064  46.399  -14.778  24.514 0.0000000000
67964  49.754  -12.218  25.727 0.0000000000
66056  47.741  -13.684  25.463 0.0000000000
64020  46.504  -16.621  26.394 0.0000000000
64009  46.798  -16.992  26.985 0.0000000000
62974  46.864  -17.651  27.216 0.0000000000
61923  47.463  -18.526  28.387 0.0000000000
138855  50.384  -12.248  29.454 0.0000000000
66985  50.279  -13.330  29.102 0.0000000000
66010  50.487  -14.673  30.628 0.0000000000
66021  50.287  -14.714  29.850 0.0000000000
126881  48.467  -17.284  29.072 0.0000000000
62960  47.939  -17.896  28.681 0.0000000000
60884  47.543  -19.404  29.161 0.0000000000
61878  47.551  -19.973  32.579 0.0000000000
61887  46.988  -19.827  32.446 0.0000000000
67838  43.917  -12.705  38.319 0.0000000000
143931  42.583  -16.320  35.565 0.0000000000
64922  42.578  -15.577  36.018 0.0000000000
65938  42.709  -14.656  36.534 0.0000000000
138267  42.468  -14.790  34.828 0.0000000000
66876  42.931  -13.914  36.800 0.0000000000
66889  43.274  -13.425  36.628 0.0000000000
67852  44.712  -12.485  36.911 0.0000000000
66913  44.867  -13.308  34.848 0.0000000000
66899  46.534  -13.322  35.214 0.0000000000
66911  46.765  -13.752  34.666 0.0000000000
65957  47.220  -14.168  34.311 0.0000000000
65970  47.172  -14.465  34.049 0.0000000000
65999  47.025  -14.407  32.052 0.0000000000
66965  46.268  -14.202  31.528 0.0000000000
66012  46.768  -14.489  31.029 0.0000000000
65035  46.379  -15.499  29.687 0.0000000000
66014  44.116  -14.437  30.463 0.0000000000
140165  44.433  -14.464  29.583 0.0000000000
149494  44.972  -14.405  29.521 0.0000000000
66024  44.731  -14.646  28.976 0.0000000000
66034  45.356  -14.916  28.925 0.0000000000
65048  45.786  -15.446  29.044 0.0000000000
135551  45.137  -16.712  28.356 0.0000000000
62962  44.744  -17.528  28.177 0.0000000000
148817  43.892  -17.417  26.896 0.0000000000
61981  41.150  -18.745  23.723 0.0000000000
61899  40.079  -18.815  29.007 0.0000000000
61928  39.020  -18.811  27.083 0.0000000000
136446  38.145  -19.166  25.474 0.0000000000
59944  37.444  -20.512  25.502 0.0000000000
59043  36.930  -21.110  24.993 0.0000000000
54817  42.222  -25.894  36.018 0.0000000000
53726  42.549  -26.877  34.833 0.0000000000
54836  41.552  -25.845  34.370 0.0000000000
150380  41.225  -25.677  33.620 0.0000000000
54870  40.495  -25.478  31.346 0.0000000000
52598  43.160  -27.850  32.739 0.0000000000
131435  42.606  -27.092  32.312 0.0000000000
53766  42.443  -27.039  31.426 0.0000000000
54898  39.570  -25.439  29.308 0.0000000000
54942  38.714  -25.462  27.722 0.0000000000
54953  37.750  -25.365  26.404 0.0000000000
51541  41.861  -28.674  29.861 0.0000000000
51578  41.927  -28.039  28.763 0.0000000000
132124  40.490  -28.461  27.288 0.0000000000
52686  40.835  -27.882  27.682 0.0000000000
53842  39.097  -26.878  26.360 0.0000000000
54960  37.751  -26.069  25.685 0.0000000000
72159  52.483  -8.136  13.958 0.0000000000
148376  53.210  -8.559  11.363 0.0000000000
71123  49.144  -9.125  12.095 0.0000000000
67063  46.797  -13.558  20.552 0.0000000000
67080  46.113  -13.697  19.373 0.0000000000
66128  44.842  -14.633  19.264 0.0000000000
66135  45.379  -13.996  18.793 0.0000000000
39732  17.205  -39.744  33.799 0.0000000000
42861  19.434  -37.517  31.233 0.0000000000
43820  18.460  -36.522  32.664 0.0000000000
44739  20.904  -35.162  30.245 0.0000000000
45594  33.801  -32.585  38.737 0.0000000000
45659  32.127  -32.919  35.342 0.0000000000
45705  20.665  -34.840  31.134 0.0000000000
45724  23.607  -34.150  29.120 0.0000000000
46628  35.329  -32.460  39.412 0.0000000000
46814  24.299  -33.125  28.467 0.0000000000
46815  23.890  -32.981  28.884 0.0000000000
47684  26.164  -32.382  33.737 0.0000000000
47685  25.399  -32.382  33.693 0.0000000000
47748  22.982  -33.013  30.058 0.0000000000
47757  28.066  -32.423  27.690 0.0000000000
47790  29.621  -32.593  26.636 0.0000000000
48484  38.344  -31.080  42.131 0.0000000000
48566  33.055  -31.190  30.383 0.0000000000
50333  40.881  -29.505  40.587 0.0000000000
50375  42.725  -28.995  37.794 0.0000000000
50450  43.140  -29.013  31.809 0.0000000000
50501  34.695  -29.248  28.335 0.0000000000
51499  43.312  -28.864  32.326 0.0000000000
52513  43.600  -27.371  38.398 0.0000000000
52671  42.348  -27.975  29.001 0.0000000000
53612  42.333  -25.956  39.641 0.0000000000
55862  42.122  -24.369  40.185 0.0000000000
56943  43.256  -23.171  39.371 0.0000000000
58855  41.842  -21.758  40.746 0.0000000000
71050  53.374  -9.035  20.320 0.0000000000
71124  48.441  -9.403  12.337 0.0000000000
72162  49.650  -8.815  13.188 0.0000000000
73111  56.727  -7.986  15.256 0.0000000000
126355  26.060  -32.143  30.737 0.0000000000
128244  26.796  -32.594  27.723 0.0000000000
128548  34.548  -32.370  42.706 0.0000000000
128993  31.031  -33.141  37.097 0.0000000000
141075  23.345  -32.554  31.141 0.0000000000
141723  42.616  -26.894  39.276 0.0000000000
147132  26.864  -32.357  28.408 0.0000000000
148201  40.878  -23.599  41.711 0.0000000000
148245  45.700  -14.364  20.330 0.0000000000
148819  39.480  -27.010  42.450 0.0000000000
150278  32.887  -33.094  42.851 0.0000000000
150401  36.340  -32.117  42.611 0.0000000000
151474  15.875  -37.684  37.540 0.0000000000
152128  30.986  -31.597  27.687 0.0000000000
152252  42.838  -27.658  29.973 0.0000000000
