#!ascii label  , from subject sub-v1s14x0051577_ses-1 vox2ras=TkReg
932
44845  -10.502  -26.138  32.917 0.0000000000
56260  -36.090  -16.763  26.249 0.0000000000
64905  -32.751  -8.793  26.185 0.0000000000
55158  -28.749  -16.838  31.879 0.0000000000
72039  -38.211  -1.196  13.518 0.0000000000
138779  -34.850  -5.434  17.742 0.0000000000
55174  -35.571  -16.661  30.182 0.0000000000
55191  -32.549  -16.220  29.503 0.0000000000
74134  -44.195  1.358  13.747 0.0000000000
77210  -47.479  3.926  10.257 0.0000000000
159895  -48.484  8.963  10.566 0.0000000000
67947  -36.325  -4.406  26.065 0.0000000000
160355  -32.728  -6.259  22.776 0.0000000000
68005  -38.139  -4.639  22.432 0.0000000000
66973  -40.486  -4.577  18.566 0.0000000000
52109  -21.415  -19.837  31.388 0.0000000000
42846  -8.905  -27.654  33.841 0.0000000000
60597  -34.717  -12.702  28.126 0.0000000000
65900  -35.504  -7.585  29.937 0.0000000000
55183  -23.734  -17.353  29.192 0.0000000000
57319  -27.467  -15.404  26.136 0.0000000000
82758  -49.135  8.891  4.607 0.0000000000
85753  -51.389  13.146  7.434 0.0000000000
68074  -36.453  -5.179  14.579 0.0000000000
144265  -42.466  -2.350  16.736 0.0000000000
48174  -12.756  -23.866  31.521 0.0000000000
39877  -6.922  -32.343  30.301 0.0000000000
149878  -45.438  2.195  11.510 0.0000000000
146599  -37.305  -4.254  24.035 0.0000000000
51169  -20.932  -21.085  28.192 0.0000000000
43872  -9.799  -26.820  33.791 0.0000000000
58441  -35.766  -14.665  24.656 0.0000000000
58434  -36.404  -14.833  26.949 0.0000000000
55167  -25.863  -16.840  30.390 0.0000000000
56230  -25.649  -16.245  28.089 0.0000000000
152314  -28.121  -16.005  29.491 0.0000000000
55225  -34.019  -17.027  27.440 0.0000000000
55237  -31.755  -16.823  26.130 0.0000000000
55251  -33.653  -17.163  25.283 0.0000000000
54124  -27.066  -17.387  32.955 0.0000000000
139060  -24.326  -17.582  32.235 0.0000000000
78235  -42.705  4.153  7.797 0.0000000000
81845  -46.583  7.997  5.223 0.0000000000
84753  -49.063  11.405  9.742 0.0000000000
66947  -33.121  -5.723  19.915 0.0000000000
67003  -35.593  -5.807  15.755 0.0000000000
68065  -41.081  -4.283  17.129 0.0000000000
50207  -18.196  -21.464  31.004 0.0000000000
50159  -16.499  -21.966  32.576 0.0000000000
49196  -14.187  -22.380  33.906 0.0000000000
50206  -14.485  -22.110  30.520 0.0000000000
40864  -9.463  -31.587  30.649 0.0000000000
55228  -36.038  -16.456  28.480 0.0000000000
58423  -35.884  -14.629  29.267 0.0000000000
58417  -36.444  -13.528  31.148 0.0000000000
54127  -30.218  -17.387  32.617 0.0000000000
135378  -30.110  -15.889  31.124 0.0000000000
141713  -32.929  -17.340  31.299 0.0000000000
54172  -35.080  -18.251  29.616 0.0000000000
73070  -41.724  0.188  13.684 0.0000000000
74157  -43.120  1.258  11.685 0.0000000000
76209  -44.537  2.671  9.611 0.0000000000
78227  -45.860  5.147  9.138 0.0000000000
80996  -46.459  7.776  8.525 0.0000000000
80112  -48.027  5.918  10.695 0.0000000000
65913  -34.014  -6.234  26.740 0.0000000000
65938  -32.666  -7.422  24.764 0.0000000000
66898  -34.591  -5.131  24.036 0.0000000000
68003  -35.228  -4.681  22.405 0.0000000000
68029  -36.277  -4.702  19.646 0.0000000000
66970  -37.524  -4.676  17.636 0.0000000000
66936  -39.145  -4.731  19.695 0.0000000000
51107  -20.593  -20.866  31.523 0.0000000000
50229  -20.003  -21.616  28.853 0.0000000000
155742  -54.299  12.435  3.603 0.0000000000
42843  -7.514  -27.457  32.760 0.0000000000
59499  -34.384  -13.390  24.979 0.0000000000
62703  -33.767  -10.821  27.627 0.0000000000
60585  -35.394  -12.499  29.293 0.0000000000
62692  -34.828  -10.794  28.960 0.0000000000
64888  -33.992  -7.887  28.113 0.0000000000
66848  -35.432  -5.150  28.098 0.0000000000
56235  -30.151  -15.891  28.244 0.0000000000
53128  -22.476  -18.606  32.823 0.0000000000
53165  -22.269  -18.565  30.061 0.0000000000
82742  -47.726  10.015  8.023 0.0000000000
142429  -50.272  10.776  6.256 0.0000000000
83804  -52.848  10.459  5.247 0.0000000000
85765  -53.872  13.418  5.871 0.0000000000
44872  -11.272  -26.792  31.003 0.0000000000
42881  -10.014  -28.444  31.382 0.0000000000
70110  -37.212  -3.549  13.351 0.0000000000
158463  -38.529  -4.911  16.530 0.0000000000
68077  -39.384  -4.186  16.160 0.0000000000
71029  -40.044  -2.345  15.641 0.0000000000
72026  -42.972  -0.577  15.956 0.0000000000
47034  -11.497  -24.976  32.281 0.0000000000
42879  -9.402  -28.526  31.806 0.0000000000
41860  -7.954  -29.853  31.092 0.0000000000
41845  -6.975  -29.339  30.866 0.0000000000
44844  -10.036  -26.714  33.317 0.0000000000
56272  -35.904  -16.412  25.313 0.0000000000
57331  -36.091  -15.503  25.091 0.0000000000
57321  -36.771  -15.652  26.760 0.0000000000
55156  -26.910  -16.802  31.413 0.0000000000
145964  -27.222  -16.175  30.382 0.0000000000
55187  -28.128  -15.948  30.401 0.0000000000
55240  -35.356  -17.170  26.814 0.0000000000
55239  -33.965  -17.173  26.366 0.0000000000
55252  -34.545  -17.129  25.503 0.0000000000
55264  -34.232  -16.996  24.483 0.0000000000
54125  -28.635  -17.332  33.170 0.0000000000
54107  -28.166  -17.745  33.789 0.0000000000
54143  -28.014  -17.006  32.548 0.0000000000
54141  -26.096  -17.156  31.775 0.0000000000
158246  -45.449  7.316  5.792 0.0000000000
62708  -32.883  -10.833  26.303 0.0000000000
63779  -32.441  -9.494  25.742 0.0000000000
138193  -33.829  -5.443  19.175 0.0000000000
151682  -32.830  -6.154  18.146 0.0000000000
153226  -35.060  -5.656  17.040 0.0000000000
51143  -17.088  -21.279  29.359 0.0000000000
51106  -17.107  -21.305  30.985 0.0000000000
51105  -16.130  -21.358  30.925 0.0000000000
148360  -15.213  -21.629  30.834 0.0000000000
50226  -15.370  -21.834  29.421 0.0000000000
55192  -35.817  -16.438  29.646 0.0000000000
158967  -36.077  -15.616  29.799 0.0000000000
144817  -36.092  -15.363  30.370 0.0000000000
53131  -31.216  -16.874  32.985 0.0000000000
54147  -32.028  -16.606  31.855 0.0000000000
161061  -32.029  -16.553  32.360 0.0000000000
54150  -35.538  -16.942  31.201 0.0000000000
53158  -35.130  -18.228  31.307 0.0000000000
54174  -36.411  -17.877  30.160 0.0000000000
54189  -35.434  -18.014  29.051 0.0000000000
73071  -42.928  0.545  14.324 0.0000000000
73085  -42.026  0.658  12.841 0.0000000000
74148  -44.083  1.434  12.670 0.0000000000
76184  -46.562  2.884  10.879 0.0000000000
75218  -45.100  2.023  10.455 0.0000000000
154230  -45.850  3.313  9.523 0.0000000000
78226  -44.838  4.248  8.966 0.0000000000
78228  -46.405  4.381  9.360 0.0000000000
79215  -47.270  5.248  10.079 0.0000000000
79216  -47.880  4.887  10.201 0.0000000000
138162  -34.719  -5.377  26.265 0.0000000000
66872  -34.182  -5.733  25.843 0.0000000000
66887  -35.543  -4.716  25.088 0.0000000000
67995  -37.523  -4.426  23.127 0.0000000000
67994  -36.460  -4.487  23.536 0.0000000000
148222  -36.929  -4.548  22.028 0.0000000000
150991  -35.980  -4.598  20.632 0.0000000000
68012  -37.082  -4.657  21.044 0.0000000000
68022  -37.704  -4.761  20.177 0.0000000000
142494  -39.058  -4.827  20.614 0.0000000000
52102  -21.454  -20.112  32.474 0.0000000000
51094  -21.180  -20.813  32.847 0.0000000000
51125  -20.880  -20.403  30.999 0.0000000000
50230  -20.340  -21.374  28.806 0.0000000000
85802  -54.362  13.502  3.151 0.0000000000
87753  -53.026  14.974  2.869 0.0000000000
42845  -8.266  -27.795  33.178 0.0000000000
158044  -35.282  -13.820  26.516 0.0000000000
133884  -35.145  -13.913  24.556 0.0000000000
59485  -34.627  -13.283  27.012 0.0000000000
60610  -34.021  -12.887  26.283 0.0000000000
142533  -34.255  -12.477  27.431 0.0000000000
59470  -36.088  -13.230  30.294 0.0000000000
59469  -35.805  -13.838  29.586 0.0000000000
61641  -36.265  -11.595  30.696 0.0000000000
64857  -35.821  -8.494  30.354 0.0000000000
146678  -35.538  -9.284  30.048 0.0000000000
64856  -35.192  -8.546  29.582 0.0000000000
64873  -34.765  -9.078  29.137 0.0000000000
64872  -34.558  -8.255  28.864 0.0000000000
156219  -34.391  -7.299  28.464 0.0000000000
66839  -35.354  -6.149  29.365 0.0000000000
56245  -27.108  -15.571  27.817 0.0000000000
55190  -31.921  -15.939  30.311 0.0000000000
55205  -30.672  -15.672  29.183 0.0000000000
55206  -31.435  -15.929  28.569 0.0000000000
149499  -31.017  -16.456  25.932 0.0000000000
53110  -24.329  -18.158  33.886 0.0000000000
55165  -23.968  -17.228  30.129 0.0000000000
54139  -23.374  -17.635  31.688 0.0000000000
54158  -23.056  -17.773  29.843 0.0000000000
53164  -22.563  -18.435  28.980 0.0000000000
81826  -47.322  8.073  9.763 0.0000000000
82738  -47.393  9.368  8.302 0.0000000000
82739  -47.663  9.843  8.977 0.0000000000
85742  -50.228  12.767  8.819 0.0000000000
84771  -49.309  11.528  7.562 0.0000000000
84773  -51.086  12.125  6.753 0.0000000000
83792  -51.139  10.842  5.983 0.0000000000
84784  -52.014  11.649  6.110 0.0000000000
84786  -53.399  11.720  5.368 0.0000000000
85754  -52.859  13.216  6.435 0.0000000000
65944  -32.821  -6.582  23.841 0.0000000000
64944  -32.276  -7.695  23.815 0.0000000000
69127  -36.440  -4.136  13.274 0.0000000000
69128  -37.501  -4.218  13.936 0.0000000000
66971  -38.904  -4.593  17.897 0.0000000000
142108  -37.812  -5.030  16.851 0.0000000000
66990  -39.517  -4.698  17.406 0.0000000000
69096  -41.632  -3.667  16.893 0.0000000000
135625  -40.379  -4.228  16.759 0.0000000000
70092  -41.095  -3.240  16.468 0.0000000000
70101  -39.555  -3.208  15.607 0.0000000000
71016  -41.649  -2.228  16.347 0.0000000000
71031  -41.838  -1.320  15.890 0.0000000000
71017  -43.185  -1.643  16.827 0.0000000000
48168  -12.887  -23.120  32.454 0.0000000000
48159  -12.154  -23.452  33.229 0.0000000000
48158  -11.585  -24.281  33.006 0.0000000000
48167  -12.087  -24.037  32.333 0.0000000000
151383  -11.814  -25.381  31.395 0.0000000000
48173  -12.507  -24.501  30.839 0.0000000000
42905  -10.836  -30.042  30.537 0.0000000000
42880  -9.703  -28.527  31.504 0.0000000000
41863  -10.104  -30.114  30.807 0.0000000000
39878  -7.870  -32.291  30.539 0.0000000000
41861  -8.477  -30.092  30.991 0.0000000000
149845  -7.388  -30.427  30.665 0.0000000000
136927  -7.531  -29.667  31.025 0.0000000000
41859  -7.228  -30.062  30.665 0.0000000000
53133  -33.064  -16.491  32.835 0.0000000000
74136  -46.027  1.831  14.190 0.0000000000
135528  -45.532  1.992  13.203 0.0000000000
74150  -46.339  2.331  13.229 0.0000000000
67960  -36.376  -4.384  25.323 0.0000000000
52131  -21.392  -19.791  29.460 0.0000000000
51146  -20.897  -20.369  29.960 0.0000000000
145560  -9.733  -26.672  34.615 0.0000000000
42847  -9.384  -27.392  33.401 0.0000000000
57343  -35.489  -15.112  23.766 0.0000000000
140264  -36.210  -14.734  25.810 0.0000000000
139765  -35.145  -13.672  27.471 0.0000000000
66834  -35.934  -6.163  30.137 0.0000000000
55166  -24.935  -17.066  30.272 0.0000000000
55204  -24.951  -16.630  28.628 0.0000000000
56220  -25.912  -16.250  28.946 0.0000000000
142914  -26.725  -16.120  29.094 0.0000000000
133860  -28.122  -15.519  28.123 0.0000000000
55209  -33.461  -16.861  27.999 0.0000000000
144994  -31.741  -16.407  27.786 0.0000000000
134541  -32.477  -17.022  26.666 0.0000000000
55238  -33.082  -17.137  26.039 0.0000000000
55275  -33.056  -16.899  23.057 0.0000000000
151637  -26.145  -17.840  33.375 0.0000000000
54105  -25.143  -18.001  33.428 0.0000000000
160434  -25.706  -17.425  32.249 0.0000000000
55155  -25.448  -17.141  31.085 0.0000000000
77231  -41.734  3.111  7.806 0.0000000000
81847  -47.907  8.859  5.091 0.0000000000
82731  -49.982  9.628  11.406 0.0000000000
83758  -48.745  10.643  10.143 0.0000000000
66934  -32.918  -5.736  20.911 0.0000000000
137744  -34.303  -6.088  14.469 0.0000000000
67022  -36.266  -5.563  15.523 0.0000000000
66975  -41.932  -4.582  19.231 0.0000000000
66992  -40.630  -4.582  17.747 0.0000000000
68049  -42.075  -4.478  18.339 0.0000000000
50186  -19.778  -21.724  31.642 0.0000000000
50161  -18.548  -21.965  32.717 0.0000000000
50135  -15.851  -22.238  33.460 0.0000000000
50158  -15.286  -22.055  32.550 0.0000000000
50134  -14.414  -22.250  32.495 0.0000000000
49228  -13.354  -23.199  30.938 0.0000000000
159294  -13.136  -24.213  29.718 0.0000000000
157731  -14.088  -23.268  29.208 0.0000000000
55241  -36.179  -17.007  27.190 0.0000000000
56262  -36.645  -15.941  27.657 0.0000000000
137352  -36.302  -15.796  28.466 0.0000000000
57306  -36.010  -14.845  29.676 0.0000000000
54145  -29.659  -17.038  32.104 0.0000000000
55171  -29.417  -16.573  31.463 0.0000000000
55172  -30.261  -16.633  31.582 0.0000000000
54160  -32.291  -16.487  31.158 0.0000000000
54169  -32.802  -16.515  30.387 0.0000000000
54148  -33.494  -18.109  31.689 0.0000000000
54162  -33.584  -18.214  30.901 0.0000000000
54170  -33.544  -16.857  29.851 0.0000000000
54187  -34.340  -17.009  28.522 0.0000000000
54205  -34.756  -17.184  27.837 0.0000000000
53129  -29.937  -17.781  33.084 0.0000000000
73068  -39.788  -0.425  13.840 0.0000000000
73082  -39.206  -0.041  12.921 0.0000000000
73084  -41.206  0.253  12.894 0.0000000000
156684  -41.813  0.942  11.531 0.0000000000
75199  -42.200  1.374  10.349 0.0000000000
75202  -44.471  1.568  11.246 0.0000000000
75216  -43.586  1.696  10.241 0.0000000000
76207  -42.531  2.174  9.207 0.0000000000
77233  -43.311  3.405  8.706 0.0000000000
78237  -44.096  4.840  8.562 0.0000000000
80118  -44.673  6.468  7.939 0.0000000000
81000  -45.541  7.492  7.401 0.0000000000
155694  -46.159  6.768  9.066 0.0000000000
80993  -47.365  7.012  10.247 0.0000000000
80988  -48.112  7.159  10.828 0.0000000000
79202  -49.557  5.409  11.429 0.0000000000
81824  -49.672  8.642  11.479 0.0000000000
64906  -33.215  -8.062  26.673 0.0000000000
65926  -32.892  -7.732  25.770 0.0000000000
65939  -33.146  -6.807  25.370 0.0000000000
65945  -33.294  -6.297  24.643 0.0000000000
139712  -33.712  -5.727  23.821 0.0000000000
67978  -36.400  -4.410  24.531 0.0000000000
67993  -35.405  -4.727  23.346 0.0000000000
68002  -34.182  -4.972  22.166 0.0000000000
152738  -34.270  -4.853  21.247 0.0000000000
66948  -34.595  -5.030  19.676 0.0000000000
66949  -35.547  -4.875  19.106 0.0000000000
66987  -35.757  -5.118  17.282 0.0000000000
66950  -36.476  -4.698  18.669 0.0000000000
66952  -38.921  -4.618  18.752 0.0000000000
66953  -39.808  -4.671  19.230 0.0000000000
66938  -40.915  -4.673  20.479 0.0000000000
152024  -41.404  -4.547  19.779 0.0000000000
49231  -20.544  -21.422  32.516 0.0000000000
51124  -20.613  -20.662  30.476 0.0000000000
50211  -20.292  -21.087  30.463 0.0000000000
149638  -19.825  -21.523  30.956 0.0000000000
150123  -19.085  -21.438  29.790 0.0000000000
61673  -33.247  -11.939  26.065 0.0000000000
142425  -33.271  -10.266  27.035 0.0000000000
58428  -36.170  -14.843  27.979 0.0000000000
59476  -35.657  -14.153  27.921 0.0000000000
160086  -35.079  -12.552  28.753 0.0000000000
62693  -35.255  -11.032  29.429 0.0000000000
61653  -34.983  -11.821  28.949 0.0000000000
62691  -34.294  -10.330  28.377 0.0000000000
63770  -33.676  -9.738  27.739 0.0000000000
64887  -33.607  -8.588  27.588 0.0000000000
65912  -33.639  -7.368  27.209 0.0000000000
66861  -34.575  -5.729  27.147 0.0000000000
67930  -36.188  -4.444  27.075 0.0000000000
67910  -35.958  -4.834  28.710 0.0000000000
149646  -36.786  -4.126  27.943 0.0000000000
56222  -28.916  -15.756  29.793 0.0000000000
56234  -29.581  -15.724  29.087 0.0000000000
56256  -28.987  -15.466  26.720 0.0000000000
56259  -31.186  -16.372  26.917 0.0000000000
56257  -29.573  -15.693  26.456 0.0000000000
52094  -22.006  -19.510  33.774 0.0000000000
52110  -21.961  -19.281  32.145 0.0000000000
54120  -23.311  -17.866  32.621 0.0000000000
149514  -22.563  -18.319  31.946 0.0000000000
53145  -22.059  -18.900  31.145 0.0000000000
147903  -21.994  -19.144  29.157 0.0000000000
81834  -46.627  8.434  7.112 0.0000000000
81841  -47.179  8.899  6.568 0.0000000000
82747  -48.454  9.900  6.385 0.0000000000
84752  -48.481  11.003  9.085 0.0000000000
83780  -49.070  10.929  7.053 0.0000000000
82751  -49.743  9.658  5.357 0.0000000000
83802  -50.722  10.183  5.682 0.0000000000
82753  -52.615  9.789  5.056 0.0000000000
82754  -53.402  9.847  4.728 0.0000000000
84808  -53.808  10.884  4.692 0.0000000000
85786  -54.536  12.797  4.940 0.0000000000
44859  -10.690  -26.475  32.028 0.0000000000
44858  -10.164  -27.063  32.439 0.0000000000
44871  -10.719  -27.588  31.339 0.0000000000
64928  -32.228  -8.360  24.330 0.0000000000
71043  -37.982  -2.280  13.641 0.0000000000
66988  -36.539  -5.025  16.947 0.0000000000
149360  -36.597  -5.408  16.103 0.0000000000
67040  -37.656  -5.088  15.770 0.0000000000
67026  -39.685  -4.643  16.864 0.0000000000
68063  -39.189  -4.620  16.489 0.0000000000
69108  -38.407  -4.381  15.279 0.0000000000
69130  -38.630  -3.869  15.085 0.0000000000
140773  -38.549  -2.896  14.252 0.0000000000
72040  -39.084  -1.045  14.277 0.0000000000
159141  -40.981  -0.883  15.123 0.0000000000
73060  -42.933  0.079  15.151 0.0000000000
154351  -44.104  0.542  15.475 0.0000000000
149461  -10.556  -25.551  34.458 0.0000000000
47015  -10.855  -24.907  34.159 0.0000000000
45916  -10.842  -25.593  32.627 0.0000000000
45931  -11.293  -25.875  31.687 0.0000000000
45947  -11.922  -26.107  30.617 0.0000000000
43899  -9.795  -27.748  31.998 0.0000000000
42866  -9.570  -27.833  32.147 0.0000000000
41837  -8.901  -28.706  32.000 0.0000000000
157580  -9.039  -30.022  31.029 0.0000000000
41848  -8.428  -29.196  31.600 0.0000000000
41836  -8.632  -28.490  32.264 0.0000000000
152476  -7.608  -28.546  31.941 0.0000000000
41834  -7.350  -28.233  31.992 0.0000000000
39876  -6.307  -32.661  29.962 0.0000000000
41871  -6.837  -30.664  30.194 0.0000000000
44831  -10.478  -25.896  33.844 0.0000000000
56273  -36.433  -16.060  25.982 0.0000000000
55157  -27.814  -16.680  31.736 0.0000000000
55169  -27.543  -16.339  31.086 0.0000000000
55170  -28.506  -16.361  31.311 0.0000000000
157692  -34.758  -17.166  26.263 0.0000000000
55253  -35.382  -17.036  25.777 0.0000000000
54144  -28.937  -17.011  32.551 0.0000000000
81012  -45.023  6.986  5.878 0.0000000000
63780  -32.749  -9.801  26.387 0.0000000000
62707  -32.451  -10.383  25.642 0.0000000000
66967  -33.757  -5.747  18.167 0.0000000000
66986  -34.056  -5.824  17.151 0.0000000000
51122  -16.613  -21.224  30.163 0.0000000000
51121  -16.182  -21.440  29.395 0.0000000000
157109  -15.687  -21.383  30.132 0.0000000000
54175  -35.199  -17.023  29.909 0.0000000000
56224  -36.068  -15.902  29.938 0.0000000000
157019  -36.041  -15.653  30.485 0.0000000000
136313  -31.861  -16.712  33.226 0.0000000000
54151  -35.641  -16.708  30.850 0.0000000000
54164  -36.428  -17.564  30.911 0.0000000000
54165  -36.029  -17.368  30.382 0.0000000000
53117  -31.453  -17.360  33.889 0.0000000000
73072  -43.610  0.748  14.697 0.0000000000
74133  -43.344  1.123  13.473 0.0000000000
76196  -47.044  3.394  10.558 0.0000000000
146730  -46.501  2.938  10.321 0.0000000000
77209  -46.794  3.381  9.996 0.0000000000
77223  -46.318  3.594  9.559 0.0000000000
77224  -47.037  4.047  9.775 0.0000000000
78229  -47.214  4.697  9.813 0.0000000000
78216  -47.774  4.484  10.114 0.0000000000
66862  -35.347  -4.917  26.578 0.0000000000
66873  -35.521  -4.747  25.815 0.0000000000
158522  -37.464  -4.610  22.408 0.0000000000
160139  -37.766  -4.744  21.742 0.0000000000
68013  -38.138  -4.821  20.916 0.0000000000
134877  -38.806  -4.815  21.645 0.0000000000
51108  -20.985  -20.567  32.011 0.0000000000
86814  -54.859  14.247  3.657 0.0000000000
86824  -54.374  14.652  3.023 0.0000000000
88680  -53.768  15.381  3.166 0.0000000000
134036  -8.632  -27.486  34.025 0.0000000000
41824  -8.667  -27.969  33.083 0.0000000000
60573  -36.163  -12.351  30.515 0.0000000000
65899  -34.847  -7.352  29.169 0.0000000000
138075  -24.232  -17.095  28.672 0.0000000000
134403  -31.652  -15.805  29.371 0.0000000000
55207  -32.167  -16.251  28.551 0.0000000000
54185  -23.185  -17.887  28.741 0.0000000000
81827  -47.929  8.344  10.351 0.0000000000
81831  -47.410  9.005  9.426 0.0000000000
82734  -47.956  9.412  9.976 0.0000000000
85743  -51.024  13.355  8.447 0.0000000000
85752  -50.484  12.655  7.740 0.0000000000
85763  -52.043  12.631  6.557 0.0000000000
152869  -52.234  13.550  7.207 0.0000000000
65948  -32.277  -7.127  23.223 0.0000000000
68073  -35.418  -5.195  14.052 0.0000000000
158793  -34.967  -5.313  13.723 0.0000000000
68089  -35.948  -4.801  13.717 0.0000000000
68090  -36.969  -4.730  14.231 0.0000000000
66972  -40.058  -4.615  18.239 0.0000000000
135471  -39.554  -4.620  17.799 0.0000000000
135470  -39.979  -4.626  18.012 0.0000000000
69097  -42.411  -3.096  17.013 0.0000000000
153900  -41.892  -2.996  16.641 0.0000000000
137834  -13.184  -23.226  31.723 0.0000000000
151226  -12.119  -24.677  31.540 0.0000000000
40852  -7.482  -31.407  30.465 0.0000000000
154134  -7.817  -30.591  30.762 0.0000000000
40851  -6.904  -31.340  30.228 0.0000000000
67962  -38.012  -3.806  25.574 0.0000000000
43864  -9.897  -26.569  34.655 0.0000000000
42829  -9.683  -26.863  34.033 0.0000000000
42848  -9.641  -27.222  32.962 0.0000000000
56285  -35.433  -15.931  24.310 0.0000000000
57332  -36.514  -15.371  26.061 0.0000000000
59486  -35.819  -14.202  26.691 0.0000000000
55185  -25.396  -16.607  29.607 0.0000000000
55186  -26.445  -16.315  29.853 0.0000000000
56221  -27.372  -16.084  29.663 0.0000000000
56232  -27.492  -15.942  28.757 0.0000000000
56233  -28.582  -15.918  28.912 0.0000000000
55224  -33.230  -17.041  27.056 0.0000000000
55250  -32.725  -17.119  24.987 0.0000000000
55263  -33.327  -17.087  24.172 0.0000000000
56283  -33.812  -16.660  23.392 0.0000000000
151811  -27.817  -17.382  33.260 0.0000000000
54106  -27.207  -17.740  33.696 0.0000000000
53112  -26.506  -18.130  34.278 0.0000000000
54123  -26.222  -17.419  32.560 0.0000000000
147353  -26.237  -17.025  31.028 0.0000000000
77243  -42.135  3.750  7.428 0.0000000000
140977  -34.548  -5.952  16.235 0.0000000000
67020  -34.433  -6.038  15.207 0.0000000000
67021  -35.247  -5.850  14.943 0.0000000000
66994  -42.335  -4.605  19.115 0.0000000000
66993  -41.319  -4.554  18.523 0.0000000000
68055  -42.951  -3.781  17.721 0.0000000000
50185  -18.886  -21.786  31.768 0.0000000000
50183  -16.594  -21.569  31.635 0.0000000000
50184  -17.645  -21.748  31.969 0.0000000000
50181  -14.643  -22.077  31.596 0.0000000000
49229  -13.993  -22.552  31.019 0.0000000000
49215  -13.725  -22.691  31.897 0.0000000000
49237  -13.387  -23.527  29.862 0.0000000000
49238  -13.876  -22.746  30.128 0.0000000000
55227  -35.915  -16.819  28.034 0.0000000000
56248  -36.410  -16.536  27.709 0.0000000000
57300  -36.114  -14.966  30.164 0.0000000000
58416  -36.194  -14.213  30.442 0.0000000000
148918  -30.443  -16.941  32.103 0.0000000000
54161  -32.932  -17.877  30.665 0.0000000000
53134  -33.824  -16.692  32.331 0.0000000000
53147  -33.263  -16.885  31.979 0.0000000000
135078  -34.431  -18.304  30.448 0.0000000000
153485  -34.201  -18.262  31.334 0.0000000000
135100  -33.552  -18.102  30.153 0.0000000000
54171  -34.065  -18.015  29.351 0.0000000000
54186  -33.862  -16.837  28.951 0.0000000000
54207  -35.301  -17.100  28.588 0.0000000000
54206  -34.992  -17.308  28.519 0.0000000000
55226  -35.446  -17.112  27.785 0.0000000000
53130  -30.543  -17.540  33.066 0.0000000000
54126  -29.474  -17.433  32.864 0.0000000000
73069  -40.832  -0.138  13.726 0.0000000000
73083  -40.244  0.060  12.948 0.0000000000
138557  -42.272  1.025  12.030 0.0000000000
74145  -41.549  0.668  12.141 0.0000000000
74156  -42.360  1.161  11.187 0.0000000000
74168  -41.662  1.007  10.807 0.0000000000
75191  -45.210  2.045  12.212 0.0000000000
74159  -44.573  1.635  11.940 0.0000000000
75203  -44.920  1.855  11.393 0.0000000000
149432  -44.700  2.116  10.018 0.0000000000
75217  -44.399  1.761  10.520 0.0000000000
76193  -44.076  2.093  9.860 0.0000000000
76192  -43.342  2.120  9.576 0.0000000000
76208  -43.798  2.543  9.427 0.0000000000
77219  -43.098  2.772  8.960 0.0000000000
77220  -43.920  3.062  9.049 0.0000000000
161234  -45.590  4.492  9.058 0.0000000000
78238  -44.999  5.050  8.821 0.0000000000
153254  -44.343  5.661  8.270 0.0000000000
139390  -45.197  5.896  8.741 0.0000000000
80119  -45.482  6.825  8.410 0.0000000000
79225  -45.989  6.014  9.283 0.0000000000
80111  -47.329  5.962  10.257 0.0000000000
159217  -47.666  7.638  10.358 0.0000000000
80990  -49.493  7.602  11.587 0.0000000000
65927  -33.444  -6.793  26.178 0.0000000000
66886  -34.625  -5.266  24.957 0.0000000000
66885  -33.705  -5.992  25.298 0.0000000000
133807  -33.980  -5.643  24.563 0.0000000000
67979  -37.217  -4.139  24.820 0.0000000000
68004  -36.178  -4.583  22.624 0.0000000000
66911  -34.442  -5.073  23.144 0.0000000000
68010  -35.108  -4.632  21.446 0.0000000000
68020  -34.871  -4.741  20.562 0.0000000000
68028  -35.457  -4.736  19.925 0.0000000000
153541  -38.486  -4.796  20.159 0.0000000000
68031  -38.312  -4.685  19.438 0.0000000000
66939  -41.630  -4.669  20.784 0.0000000000
134350  -41.110  -4.565  20.181 0.0000000000
66955  -42.113  -4.626  19.915 0.0000000000
50189  -20.983  -20.826  32.556 0.0000000000
50188  -20.611  -21.176  32.269 0.0000000000
49220  -20.734  -21.437  32.944 0.0000000000
51145  -20.557  -20.923  29.457 0.0000000000
154030  -20.111  -21.305  29.728 0.0000000000
50210  -20.088  -21.333  30.719 0.0000000000
50209  -19.768  -21.471  29.938 0.0000000000
61665  -33.725  -11.848  27.197 0.0000000000
61664  -33.354  -11.154  26.904 0.0000000000
57312  -36.345  -15.371  28.184 0.0000000000
57322  -36.630  -15.295  27.502 0.0000000000
155708  -36.007  -14.965  28.613 0.0000000000
60572  -35.774  -12.913  29.860 0.0000000000
59477  -35.528  -13.544  29.038 0.0000000000
60584  -35.196  -13.221  28.487 0.0000000000
63756  -35.291  -10.151  29.620 0.0000000000
61666  -34.377  -11.541  28.153 0.0000000000
63754  -34.244  -9.135  28.444 0.0000000000
66847  -34.682  -6.179  28.238 0.0000000000
148482  -35.161  -5.243  27.379 0.0000000000
67897  -36.143  -5.333  29.674 0.0000000000
142408  -36.770  -4.454  29.108 0.0000000000
56229  -25.019  -16.621  27.793 0.0000000000
133859  -29.160  -15.824  30.884 0.0000000000
55188  -29.915  -15.526  30.092 0.0000000000
135377  -29.126  -15.714  28.240 0.0000000000
56247  -29.483  -15.669  27.386 0.0000000000
55223  -31.921  -16.774  27.030 0.0000000000
160061  -22.443  -18.833  33.504 0.0000000000
52103  -21.921  -19.500  32.996 0.0000000000
54122  -25.316  -17.673  32.695 0.0000000000
54121  -24.320  -17.901  33.080 0.0000000000
133665  -22.698  -18.026  30.943 0.0000000000
81001  -46.251  7.910  7.685 0.0000000000
81829  -46.730  8.279  8.135 0.0000000000
81835  -47.136  8.894  7.653 0.0000000000
82741  -47.708  9.573  7.168 0.0000000000
82746  -47.849  9.271  6.027 0.0000000000
84782  -49.805  11.211  6.799 0.0000000000
153767  -49.594  10.737  6.509 0.0000000000
83790  -49.053  10.426  6.514 0.0000000000
83791  -49.757  10.323  6.055 0.0000000000
83793  -51.992  10.954  5.768 0.0000000000
83803  -51.853  10.318  5.521 0.0000000000
83810  -53.647  10.047  4.544 0.0000000000
83805  -53.525  10.483  4.856 0.0000000000
85773  -53.778  12.202  5.332 0.0000000000
84797  -54.107  11.839  5.011 0.0000000000
85774  -54.178  12.982  5.391 0.0000000000
86788  -54.654  13.830  5.393 0.0000000000
148337  -32.376  -8.683  25.206 0.0000000000
70121  -36.429  -3.337  12.563 0.0000000000
71042  -37.083  -2.632  12.970 0.0000000000
70111  -37.891  -3.136  13.729 0.0000000000
66969  -36.649  -4.717  17.649 0.0000000000
66989  -37.288  -4.891  17.103 0.0000000000
151685  -38.240  -5.002  16.666 0.0000000000
67005  -37.437  -5.101  16.386 0.0000000000
67023  -37.156  -5.275  15.915 0.0000000000
67024  -37.922  -5.058  16.252 0.0000000000
67010  -41.227  -4.485  17.753 0.0000000000
67008  -40.154  -4.593  17.245 0.0000000000
67009  -40.772  -4.474  17.397 0.0000000000
69094  -39.993  -3.793  16.334 0.0000000000
136680  -39.842  -4.399  16.671 0.0000000000
68076  -38.760  -4.572  15.946 0.0000000000
151367  -38.883  -4.182  15.664 0.0000000000
69109  -39.193  -3.778  15.636 0.0000000000
71028  -39.114  -2.615  15.037 0.0000000000
71044  -38.734  -2.000  14.309 0.0000000000
72022  -39.454  -1.703  14.989 0.0000000000
72041  -39.800  -0.962  14.679 0.0000000000
72023  -40.272  -1.316  15.259 0.0000000000
72025  -42.364  -0.641  15.524 0.0000000000
73048  -43.545  0.059  15.688 0.0000000000
48139  -11.519  -24.041  33.981 0.0000000000
143419  -11.065  -24.882  33.251 0.0000000000
47043  -12.204  -25.184  30.700 0.0000000000
45962  -12.405  -26.521  29.566 0.0000000000
43900  -9.971  -27.803  31.850 0.0000000000
43885  -9.949  -27.035  32.770 0.0000000000
41850  -9.569  -29.228  31.282 0.0000000000
42865  -9.214  -28.177  32.282 0.0000000000
41873  -9.888  -30.891  30.696 0.0000000000
41872  -9.126  -30.697  30.795 0.0000000000
158516  -8.235  -28.821  31.930 0.0000000000
41835  -8.133  -28.369  32.301 0.0000000000
41847  -7.796  -29.116  31.623 0.0000000000
41846  -7.337  -29.120  31.376 0.0000000000
42878  -7.031  -28.643  31.493 0.0000000000
43873  -9.842  -26.855  33.477 0.0000000000
55168  -26.677  -16.552  30.717 0.0000000000
142524  -34.544  -17.156  26.957 0.0000000000
56271  -35.116  -16.733  24.837 0.0000000000
54108  -29.205  -17.870  33.597 0.0000000000
54142  -27.024  -17.038  32.174 0.0000000000
78247  -42.913  4.699  7.501 0.0000000000
81839  -45.898  7.684  5.724 0.0000000000
136091  -32.677  -11.356  25.395 0.0000000000
160046  -33.840  -5.274  19.814 0.0000000000
66966  -33.000  -5.994  18.916 0.0000000000
51123  -17.576  -21.212  30.155 0.0000000000
50182  -15.684  -21.700  31.711 0.0000000000
158699  -14.980  -21.735  30.068 0.0000000000
50225  -14.575  -22.358  29.541 0.0000000000
55211  -35.644  -16.635  29.166 0.0000000000
149709  -35.996  -16.309  29.053 0.0000000000
56223  -36.114  -16.030  29.379 0.0000000000
58409  -36.330  -14.238  30.926 0.0000000000
54128  -31.038  -16.860  32.444 0.0000000000
54129  -32.017  -16.606  31.970 0.0000000000
53146  -32.948  -17.125  31.487 0.0000000000
53149  -34.662  -17.010  31.712 0.0000000000
54149  -35.718  -17.638  31.506 0.0000000000
54163  -36.137  -18.185  30.743 0.0000000000
133857  -35.446  -18.372  30.437 0.0000000000
54173  -35.972  -18.246  29.935 0.0000000000
54190  -35.326  -17.275  29.414 0.0000000000
74132  -42.513  0.636  13.626 0.0000000000
74146  -42.787  1.072  12.690 0.0000000000
74147  -43.481  1.293  12.433 0.0000000000
75204  -45.966  2.447  11.216 0.0000000000
75219  -45.358  2.058  10.969 0.0000000000
76195  -45.859  2.466  10.515 0.0000000000
76194  -45.285  2.469  9.971 0.0000000000
76210  -45.354  3.080  9.574 0.0000000000
77221  -44.690  3.435  9.242 0.0000000000
77222  -45.614  3.745  9.281 0.0000000000
79214  -46.647  5.184  9.590 0.0000000000
79207  -48.331  5.095  10.596 0.0000000000
153452  -34.887  -5.104  25.587 0.0000000000
159992  -38.032  -4.311  23.682 0.0000000000
158254  -36.916  -4.517  22.741 0.0000000000
68011  -36.093  -4.550  21.681 0.0000000000
68021  -36.874  -4.691  20.177 0.0000000000
50228  -19.150  -21.574  28.786 0.0000000000
85801  -53.611  12.656  2.699 0.0000000000
86823  -53.647  13.952  2.617 0.0000000000
139759  -52.730  14.215  2.483 0.0000000000
42844  -7.838  -27.468  33.256 0.0000000000
58442  -35.663  -14.116  25.660 0.0000000000
59500  -34.930  -13.564  25.842 0.0000000000
61640  -35.791  -11.842  30.137 0.0000000000
143889  -35.800  -9.856  30.326 0.0000000000
63738  -35.119  -9.411  29.501 0.0000000000
63755  -34.752  -9.843  29.049 0.0000000000
68963  -37.565  -4.188  29.623 0.0000000000
56244  -26.240  -15.918  27.465 0.0000000000
55189  -30.904  -15.672  30.223 0.0000000000
161790  -30.856  -15.836  28.518 0.0000000000
55249  -31.909  -17.007  25.180 0.0000000000
53109  -23.254  -18.148  33.444 0.0000000000
54140  -24.353  -17.267  31.173 0.0000000000
54159  -23.441  -17.477  30.780 0.0000000000
81830  -47.044  8.615  8.742 0.0000000000
84762  -49.001  11.617  8.595 0.0000000000
85751  -49.655  12.188  8.143 0.0000000000
84772  -50.103  11.874  7.202 0.0000000000
84783  -50.630  11.341  6.521 0.0000000000
147925  -51.383  11.364  6.215 0.0000000000
83794  -52.594  11.160  5.585 0.0000000000
84795  -53.216  11.075  5.278 0.0000000000
84785  -52.808  11.959  5.758 0.0000000000
85764  -53.398  12.670  5.734 0.0000000000
147218  -11.964  -27.134  30.062 0.0000000000
44887  -11.496  -27.679  30.450 0.0000000000
65943  -31.893  -8.010  22.997 0.0000000000
69126  -35.606  -4.605  12.751 0.0000000000
133729  -38.185  -4.564  18.067 0.0000000000
135403  -38.102  -4.805  17.407 0.0000000000
161599  -38.755  -4.847  17.235 0.0000000000
67006  -38.938  -4.923  16.916 0.0000000000
159187  -41.694  -3.970  17.201 0.0000000000
151574  -40.926  -3.930  16.711 0.0000000000
69095  -40.329  -3.654  16.363 0.0000000000
69110  -39.778  -3.716  16.096 0.0000000000
70102  -40.281  -3.189  16.072 0.0000000000
70091  -40.811  -2.572  16.112 0.0000000000
71030  -41.027  -1.623  15.770 0.0000000000
72007  -42.493  -1.398  16.303 0.0000000000
160118  -43.055  -1.070  16.415 0.0000000000
144557  -13.780  -22.433  32.959 0.0000000000
49195  -13.043  -22.600  33.526 0.0000000000
47055  -12.357  -25.640  29.839 0.0000000000
42894  -10.899  -29.212  30.724 0.0000000000
42893  -10.071  -29.206  30.985 0.0000000000
40863  -8.428  -31.327  30.642 0.0000000000
143557  -32.434  -16.597  33.318 0.0000000000
140309  -35.434  -16.600  31.517 0.0000000000
74135  -45.078  1.562  13.952 0.0000000000
75192  -46.014  2.457  12.150 0.0000000000
138951  -47.373  3.394  11.361 0.0000000000
76197  -47.725  4.025  10.871 0.0000000000
77211  -48.226  4.535  10.577 0.0000000000
67948  -37.235  -3.994  26.200 0.0000000000
67961  -37.168  -4.065  25.511 0.0000000000
137241  -37.849  -3.932  25.049 0.0000000000
67980  -38.169  -4.113  24.365 0.0000000000
53157  -21.683  -19.359  30.275 0.0000000000
52118  -21.195  -19.968  30.438 0.0000000000
52130  -21.119  -20.374  28.745 0.0000000000
42828  -9.242  -27.183  34.446 0.0000000000
65890  -35.797  -6.899  30.224 0.0000000000
55184  -24.541  -17.018  29.413 0.0000000000
56231  -26.491  -15.994  28.370 0.0000000000
57311  -27.733  -15.394  27.135 0.0000000000
55208  -33.027  -16.519  28.698 0.0000000000
134561  -32.539  -16.754  27.667 0.0000000000
160937  -32.406  -17.079  25.818 0.0000000000
53111  -25.446  -18.189  34.102 0.0000000000
142693  -25.202  -17.377  31.878 0.0000000000
76206  -41.803  2.146  8.850 0.0000000000
161492  -48.462  8.902  4.839 0.0000000000
82730  -49.108  9.212  10.975 0.0000000000
82735  -48.584  9.790  10.403 0.0000000000
143547  -49.358  10.136  10.844 0.0000000000
83744  -49.564  10.971  10.627 0.0000000000
86757  -51.972  14.005  8.268 0.0000000000
66923  -32.801  -5.948  21.802 0.0000000000
66922  -32.234  -6.606  22.007 0.0000000000
66933  -32.204  -6.433  21.254 0.0000000000
67038  -35.840  -5.522  14.810 0.0000000000
66974  -41.194  -4.537  19.074 0.0000000000
135469  -40.566  -4.600  18.228 0.0000000000
139770  -42.000  -4.209  17.606 0.0000000000
69080  -42.265  -3.652  17.282 0.0000000000
69081  -43.055  -3.156  17.424 0.0000000000
70078  -43.085  -2.484  17.185 0.0000000000
50160  -17.603  -22.034  33.068 0.0000000000
154267  -14.794  -22.266  33.323 0.0000000000
48179  -12.989  -24.037  30.480 0.0000000000
39861  -7.276  -33.045  30.738 0.0000000000
56261  -36.592  -16.402  26.849 0.0000000000
57305  -36.055  -15.262  28.887 0.0000000000
146447  -36.098  -15.573  29.271 0.0000000000
58424  -36.023  -14.051  29.994 0.0000000000
144944  -36.402  -14.174  31.388 0.0000000000
54146  -31.187  -16.607  31.723 0.0000000000
55173  -31.083  -16.068  31.108 0.0000000000
53132  -32.492  -16.534  32.472 0.0000000000
137499  -33.045  -18.111  31.252 0.0000000000
53148  -34.134  -17.427  31.917 0.0000000000
54188  -34.820  -17.837  28.810 0.0000000000
73067  -38.871  -0.522  13.501 0.0000000000
73081  -38.153  -0.294  12.697 0.0000000000
74144  -40.678  0.391  12.113 0.0000000000
74155  -41.139  0.753  11.380 0.0000000000
74149  -44.797  1.669  12.924 0.0000000000
74158  -43.979  1.393  11.782 0.0000000000
161128  -44.876  1.770  10.934 0.0000000000
75201  -43.800  1.432  11.021 0.0000000000
75200  -43.001  1.401  10.735 0.0000000000
75215  -42.797  1.686  9.913 0.0000000000
76218  -42.099  2.746  8.556 0.0000000000
77232  -42.534  3.463  8.263 0.0000000000
136309  -43.141  3.889  8.363 0.0000000000
77234  -43.883  3.942  8.799 0.0000000000
78236  -43.325  4.508  8.175 0.0000000000
79233  -43.458  5.307  7.662 0.0000000000
79224  -43.981  6.107  7.361 0.0000000000
80129  -44.462  6.694  7.077 0.0000000000
80999  -44.938  7.119  6.726 0.0000000000
80130  -44.973  7.019  7.526 0.0000000000
80995  -46.076  7.371  8.380 0.0000000000
136649  -46.509  7.168  9.192 0.0000000000
80120  -46.695  6.158  9.736 0.0000000000
80121  -46.912  6.825  9.858 0.0000000000
80997  -46.830  7.766  9.264 0.0000000000
81823  -48.749  8.124  11.073 0.0000000000
78217  -48.351  4.808  10.465 0.0000000000
79208  -48.781  5.037  10.842 0.0000000000
140605  -48.732  5.415  11.023 0.0000000000
80989  -48.827  6.934  11.352 0.0000000000
158936  -33.201  -5.968  23.390 0.0000000000
67977  -35.497  -4.716  24.265 0.0000000000
66910  -33.607  -5.558  22.945 0.0000000000
154481  -33.326  -5.538  22.267 0.0000000000
66924  -33.500  -5.270  21.509 0.0000000000
66935  -33.835  -5.144  20.527 0.0000000000
148357  -34.720  -5.206  18.640 0.0000000000
66968  -35.644  -4.888  18.131 0.0000000000
66951  -37.377  -4.590  18.309 0.0000000000
68030  -37.320  -4.658  19.285 0.0000000000
161560  -38.060  -4.578  18.735 0.0000000000
134266  -39.631  -4.610  18.435 0.0000000000
134347  -40.263  -4.609  18.871 0.0000000000
68014  -39.671  -4.851  21.114 0.0000000000
66937  -40.010  -4.736  20.223 0.0000000000
66926  -41.247  -4.776  21.287 0.0000000000
66954  -40.560  -4.605  19.663 0.0000000000
134346  -40.839  -4.540  19.331 0.0000000000
158719  -20.236  -21.219  29.617 0.0000000000
134133  -20.366  -21.198  31.548 0.0000000000
50187  -20.185  -21.440  31.633 0.0000000000
136055  -19.286  -21.570  30.766 0.0000000000
50208  -18.494  -21.334  30.207 0.0000000000
87746  -53.168  15.364  3.130 0.0000000000
145217  -52.270  14.586  2.586 0.0000000000
141551  -35.764  -14.401  28.755 0.0000000000
62680  -35.671  -10.803  30.069 0.0000000000
61654  -35.422  -11.599  29.580 0.0000000000
63769  -33.218  -9.208  26.955 0.0000000000
65904  -34.151  -6.764  27.666 0.0000000000
159017  -36.021  -4.541  27.916 0.0000000000
56246  -28.646  -15.453  27.373 0.0000000000
55222  -30.991  -16.066  27.909 0.0000000000
56258  -30.296  -16.027  27.222 0.0000000000
51095  -21.523  -20.302  33.253 0.0000000000
81007  -45.426  7.479  6.315 0.0000000000
81008  -46.016  7.937  6.675 0.0000000000
81840  -46.500  8.365  6.063 0.0000000000
81846  -47.174  8.652  5.556 0.0000000000
82750  -48.665  9.405  5.428 0.0000000000
83757  -48.139  10.266  9.575 0.0000000000
83769  -48.052  10.521  8.465 0.0000000000
84770  -48.576  11.112  7.937 0.0000000000
83779  -48.306  10.419  7.314 0.0000000000
82748  -49.142  9.996  5.936 0.0000000000
152853  -50.694  9.533  5.177 0.0000000000
82752  -51.587  9.682  5.216 0.0000000000
82761  -52.325  9.207  4.852 0.0000000000
84814  -53.941  10.614  4.330 0.0000000000
84809  -54.361  11.736  4.510 0.0000000000
84796  -53.682  11.244  5.048 0.0000000000
85792  -54.702  13.051  4.093 0.0000000000
86815  -55.276  14.833  4.159 0.0000000000
43911  -10.541  -28.403  31.143 0.0000000000
43925  -11.385  -28.564  30.414 0.0000000000
63795  -32.059  -9.868  25.006 0.0000000000
65947  -31.962  -7.226  22.500 0.0000000000
142254  -35.915  -5.449  16.535 0.0000000000
67004  -36.959  -5.117  16.585 0.0000000000
67039  -36.844  -5.315  15.328 0.0000000000
66991  -40.063  -4.631  17.599 0.0000000000
67007  -39.598  -4.744  17.075 0.0000000000
67025  -38.868  -4.929  16.771 0.0000000000
68064  -40.291  -4.518  17.008 0.0000000000
68062  -38.455  -4.864  16.222 0.0000000000
68075  -38.105  -4.825  15.546 0.0000000000
137699  -37.362  -5.041  15.077 0.0000000000
68091  -37.813  -4.622  14.760 0.0000000000
69129  -38.155  -4.080  14.494 0.0000000000
160976  -37.906  -3.740  13.909 0.0000000000
70112  -38.841  -3.320  15.023 0.0000000000
73057  -40.530  -0.649  14.532 0.0000000000
73058  -41.368  -0.344  14.458 0.0000000000
72024  -41.684  -0.759  15.225 0.0000000000
73059  -42.232  0.012  14.581 0.0000000000
74122  -44.467  1.146  14.825 0.0000000000
45899  -10.648  -25.533  33.552 0.0000000000
48178  -12.655  -24.768  29.950 0.0000000000
43884  -9.745  -27.221  32.774 0.0000000000
42864  -9.172  -28.075  33.062 0.0000000000
41862  -9.475  -30.049  30.959 0.0000000000
41849  -9.090  -29.339  31.422 0.0000000000
42863  -7.729  -28.122  32.578 0.0000000000
39860  -6.549  -33.161  30.387 0.0000000000
161448  -7.045  -29.978  30.569 0.0000000000
55175  -35.957  -16.138  30.248 0.0000000000
55210  -35.596  -16.742  28.709 0.0000000000
56236  -36.167  -16.094  28.753 0.0000000000
56249  -36.325  -16.221  28.142 0.0000000000
57294  -36.229  -14.741  30.927 0.0000000000
77208  -46.044  2.939  9.848 0.0000000000
86801  -54.934  13.893  4.598 0.0000000000
87754  -53.677  14.898  2.899 0.0000000000
88681  -54.349  15.369  3.213 0.0000000000
137809  -47.793  5.285  10.396 0.0000000000
145860  -35.858  -16.320  30.649 0.0000000000
151577  -38.358  -3.518  14.338 0.0000000000
160865  -45.754  2.260  12.723 0.0000000000
