#!ascii label  , from subject sub-v1s14x0051577_ses-1 vox2ras=TkReg
906
73692  -20.777  0.268  -46.757 0.5555555820
74780  -21.260  0.770  -47.311 0.6666666865
74790  -21.829  0.780  -47.815 0.7777777910
74791  -22.329  0.737  -48.281 0.7777777910
76805  -22.202  2.125  -48.660 0.8888888955
75842  -24.500  1.538  -50.279 0.8888888955
73680  -19.252  -0.104  -45.881 0.5555555820
73691  -19.969  0.491  -46.302 0.5555555820
75800  -20.793  1.594  -47.332 0.6666666865
146395  -20.413  2.319  -47.329 0.8888888955
74804  -22.880  0.584  -48.837 0.8888888955
136886  -22.807  1.603  -49.031 0.8888888955
76827  -23.913  2.293  -50.060 1.0000000000
75843  -25.277  1.861  -50.508 0.8888888955
77836  -25.699  3.650  -50.735 1.0000000000
150588  -19.947  2.392  -46.962 0.7777777910
77804  -20.608  3.292  -47.741 1.0000000000
78787  -20.262  3.870  -47.569 1.0000000000
77805  -21.009  3.229  -48.105 1.0000000000
78807  -21.701  4.089  -48.968 1.0000000000
78798  -21.037  3.781  -48.256 1.0000000000
77833  -23.395  4.005  -50.456 1.0000000000
79775  -21.844  4.996  -49.344 1.0000000000
78808  -22.550  4.515  -49.853 1.0000000000
78831  -24.032  4.635  -51.115 1.0000000000
78833  -25.572  4.620  -51.360 1.0000000000
79788  -23.370  4.969  -50.747 1.0000000000
79799  -24.233  5.376  -51.469 1.0000000000
79802  -26.070  5.305  -51.433 1.0000000000
80696  -25.112  6.639  -51.671 1.0000000000
81523  -25.736  6.702  -51.290 0.7777777910
79751  -19.380  5.451  -47.125 0.8888888955
79764  -20.492  4.297  -47.842 1.0000000000
79787  -22.640  5.448  -50.188 1.0000000000
158933  -20.646  5.035  -48.127 1.0000000000
79786  -22.066  6.020  -49.598 1.0000000000
155780  -23.359  6.563  -51.081 1.0000000000
80695  -23.994  6.284  -51.507 1.0000000000
136784  -24.439  6.865  -51.642 1.0000000000
81522  -25.217  7.250  -51.543 1.0000000000
82380  -25.910  7.550  -50.381 0.8888888955
81512  -25.574  7.446  -51.068 1.0000000000
82368  -26.107  8.196  -49.587 0.7777777910
81494  -19.246  6.883  -47.200 0.5555555820
82358  -20.746  8.050  -48.267 0.7777777910
81496  -20.787  7.184  -48.386 0.8888888955
80686  -22.246  7.167  -50.013 1.0000000000
80687  -22.750  6.386  -50.497 1.0000000000
81504  -21.626  7.724  -49.212 0.8888888955
146406  -22.991  7.185  -50.886 1.0000000000
81519  -23.383  7.808  -51.337 1.0000000000
81532  -24.742  8.122  -51.645 1.0000000000
146251  -25.166  8.174  -51.399 0.8888888955
136075  -25.113  9.006  -51.228 1.0000000000
83277  -25.402  9.481  -50.619 0.8888888955
84337  -25.581  10.061  -49.886 0.7777777910
84333  -26.074  10.192  -48.253 0.6666666865
84332  -25.667  10.729  -49.106 0.6666666865
147305  -18.272  9.786  -46.814 0.4444444478
82347  -19.500  8.731  -47.376 0.7777777910
83250  -19.822  9.571  -47.417 0.6666666865
83265  -21.558  9.252  -49.115 0.7777777910
82377  -21.854  8.638  -49.560 0.8888888955
82378  -22.340  8.817  -50.313 0.8888888955
153415  -23.729  8.371  -51.652 1.0000000000
82389  -23.387  9.060  -51.526 1.0000000000
147623  -24.158  9.406  -51.816 1.0000000000
83290  -24.623  9.449  -51.569 1.0000000000
84350  -24.726  10.404  -51.446 0.8888888955
84343  -25.298  10.450  -50.762 0.7777777910
159739  -25.509  10.828  -50.035 0.7777777910
85305  -25.517  11.513  -49.743 0.7777777910
85299  -25.597  11.701  -48.844 0.6666666865
144842  -20.376  10.497  -47.479 0.6666666865
84321  -19.177  10.131  -47.188 0.6666666865
139780  -21.375  9.982  -48.661 0.7777777910
161052  -21.469  10.604  -48.630 0.7777777910
155151  -21.736  9.956  -49.425 0.8888888955
83288  -22.913  9.801  -51.354 0.8888888955
84342  -22.428  10.667  -50.959 1.0000000000
84348  -23.138  10.660  -51.561 1.0000000000
84349  -23.821  10.715  -51.867 1.0000000000
83303  -24.216  10.084  -51.796 0.8888888955
136652  -25.074  12.004  -51.040 0.8888888955
148574  -25.373  12.166  -50.316 0.8888888955
85312  -25.325  11.363  -50.545 0.7777777910
85319  -24.579  11.808  -51.543 0.8888888955
86327  -25.576  12.617  -48.736 0.7777777910
86321  -25.717  12.725  -47.921 0.6666666865
85291  -21.231  11.213  -47.811 0.6666666865
85289  -19.519  10.867  -47.154 0.5555555820
140590  -21.505  11.133  -48.529 0.7777777910
154177  -21.722  10.827  -49.344 0.8888888955
160743  -21.998  11.062  -50.265 0.8888888955
85317  -22.680  11.532  -51.359 1.0000000000
86351  -24.186  12.355  -51.899 1.0000000000
85327  -24.109  11.498  -51.933 0.8888888955
152187  -25.399  12.982  -50.011 0.7777777910
87300  -25.384  13.734  -49.978 0.7777777910
87294  -25.505  13.421  -49.235 0.6666666865
87287  -25.603  13.368  -48.300 0.5555555820
86320  -21.387  11.911  -47.762 0.6666666865
148001  -21.647  11.841  -49.187 0.8888888955
86349  -22.288  12.446  -51.128 1.0000000000
86350  -22.985  12.268  -51.648 1.0000000000
137484  -24.084  13.239  -51.869 0.8888888955
86352  -24.650  12.622  -51.484 0.8888888955
155483  -24.343  13.983  -51.628 0.8888888955
86341  -25.139  12.817  -50.876 0.8888888955
147957  -25.237  14.364  -50.366 0.7777777910
88216  -25.309  15.071  -49.929 0.7777777910
144620  -25.437  14.276  -49.538 0.7777777910
88205  -25.530  14.151  -48.653 0.5555555820
88227  -24.974  15.138  -50.753 0.7777777910
134020  -25.483  14.944  -49.012 0.5555555820
88191  -25.581  14.814  -48.107 0.5555555820
89118  -25.365  15.754  -49.386 0.6666666865
86318  -21.014  12.331  -46.890 0.4444444478
86326  -21.617  12.766  -48.440 0.5555555820
87308  -21.520  13.506  -50.110 0.7777777910
86340  -21.832  12.637  -50.462 1.0000000000
86339  -21.624  12.720  -49.749 0.8888888955
144831  -22.348  13.766  -51.252 1.0000000000
136072  -23.173  13.741  -51.656 0.8888888955
134962  -23.874  14.074  -51.781 0.8888888955
87322  -24.793  14.359  -51.184 0.8888888955
89128  -25.042  15.994  -50.392 0.6666666865
89117  -21.110  15.162  -49.648 0.6666666865
88203  -21.222  14.464  -49.445 0.6666666865
151747  -21.734  14.638  -50.577 0.7777777910
88237  -22.473  14.453  -51.238 0.8888888955
89127  -22.192  15.210  -50.908 0.7777777910
89137  -22.893  15.115  -51.419 0.7777777910
88238  -23.375  14.593  -51.629 0.8888888955
90051  -23.897  16.266  -51.623 0.7777777910
88239  -24.174  14.752  -51.643 0.8888888955
89139  -24.265  15.662  -51.554 0.7777777910
89140  -24.704  15.887  -51.138 0.6666666865
147112  -24.488  17.190  -51.887 0.6666666865
90053  -24.870  16.706  -51.216 0.6666666865
91015  -25.422  18.039  -52.037 0.6666666865
148855  -25.170  17.326  -51.447 0.5555555820
91006  -25.455  17.714  -50.684 0.5555555820
152918  -25.272  16.458  -49.736 0.4444444478
91003  -20.621  17.029  -48.847 0.3333333433
90028  -20.569  16.518  -48.691 0.3333333433
90036  -21.215  16.328  -49.677 0.5555555820
146064  -21.120  15.718  -49.672 0.6666666865
91012  -21.727  16.854  -50.044 0.5555555820
90041  -21.846  15.991  -50.419 0.7777777910
90050  -22.913  15.935  -51.366 0.7777777910
90042  -22.552  16.814  -50.954 0.6666666865
90043  -23.596  16.906  -51.560 0.6666666865
91021  -24.874  17.897  -52.592 0.6666666865
91022  -25.095  18.170  -52.696 0.6666666865
158839  -25.577  18.271  -51.216 0.5555555820
91951  -25.655  18.927  -51.598 0.5555555820
90996  -20.515  16.857  -48.461 0.4444444478
91004  -21.005  16.962  -49.385 0.4444444478
91937  -21.063  17.792  -49.068 0.5555555820
91013  -22.314  17.607  -50.384 0.6666666865
91014  -23.238  17.635  -51.259 0.6666666865
91020  -24.216  17.720  -51.977 0.6666666865
91960  -25.045  18.471  -52.840 0.6666666865
92927  -25.446  19.822  -52.266 0.6666666865
91926  -21.027  18.305  -48.690 0.4444444478
91949  -22.947  18.542  -50.727 0.6666666865
91950  -23.833  18.296  -51.706 0.6666666865
92925  -24.936  19.111  -52.695 0.6666666865
76787  -21.601  2.079  -48.193 0.8888888955
76786  -21.020  2.732  -47.940 1.0000000000
138203  -22.220  2.818  -48.972 1.0000000000
77834  -24.323  3.305  -50.605 1.0000000000
138592  -24.506  11.132  -51.580 0.8888888955
85290  -20.580  11.438  -47.225 0.5555555820
155059  -21.654  13.197  -48.178 0.5555555820
87320  -22.625  13.081  -51.450 1.0000000000
87284  -21.638  13.211  -47.683 0.2222222239
90037  -25.470  17.145  -49.641 0.4444444478
91938  -21.962  18.261  -49.702 0.6666666865
84312  -18.544  10.711  -47.017 0.4444444478
85278  -19.211  11.437  -46.914 0.4444444478
149494  -25.729  19.835  -51.118 0.5555555820
92904  -25.898  19.197  -50.238 0.5555555820
91911  -20.453  17.719  -47.280 0.2222222239
91925  -20.680  17.515  -48.643 0.3333333433
154614  -20.391  -0.841  -46.272 0.5555555820
72709  -21.010  -1.277  -46.594 0.5555555820
73709  -21.827  0.295  -47.601 0.5555555820
72735  -22.510  -0.434  -48.150 0.5555555820
74806  -24.321  0.300  -49.822 0.7777777910
75825  -24.907  0.948  -50.197 0.8888888955
72707  -19.514  -0.850  -45.768 0.5555555820
73725  -22.723  0.249  -48.555 0.6666666865
74805  -23.546  0.363  -49.440 0.8888888955
75826  -25.649  1.617  -50.031 0.7777777910
76807  -26.068  2.577  -49.858 0.7777777910
155743  -26.556  4.123  -50.314 0.8888888955
72706  -18.510  -0.594  -45.640 0.4444444478
74777  -19.037  1.298  -46.026 0.5555555820
77837  -26.164  4.203  -50.741 1.0000000000
76768  -19.004  2.587  -46.330 0.2222222239
76770  -19.990  2.955  -47.157 0.6666666865
79776  -26.898  5.695  -50.641 0.8888888955
80677  -26.835  6.210  -49.853 0.6666666865
81497  -26.535  7.622  -48.858 0.6666666865
78785  -19.281  4.449  -46.855 0.5555555820
82359  -26.468  8.526  -48.560 0.6666666865
147337  -18.864  5.833  -46.756 0.4444444478
83259  -26.324  9.350  -48.345 0.5555555820
84322  -26.418  10.568  -47.486 0.5555555820
83240  -17.873  8.931  -46.354 0.2222222239
85293  -26.278  11.460  -47.384 0.5555555820
155705  -17.868  10.551  -46.749 0.4444444478
86296  -17.001  13.485  -45.272 0.3333333433
146502  -25.841  13.240  -47.491 0.5555555820
86319  -21.367  12.354  -47.442 0.4444444478
88192  -25.892  14.692  -47.277 0.4444444478
87274  -20.580  13.560  -45.998 0.3333333433
90023  -25.718  16.118  -47.998 0.5555555820
90029  -25.534  16.485  -48.798 0.4444444478
90018  -20.568  16.413  -48.455 0.3333333433
149091  -20.600  15.938  -49.016 0.3333333433
91007  -25.858  17.878  -49.551 0.4444444478
91939  -25.771  18.429  -50.417 0.4444444478
149994  -25.885  19.886  -49.986 0.2222222239
149881  -23.999  19.185  -51.798 0.6666666865
150068  -24.633  20.043  -52.237 0.6666666865
92926  -25.104  19.838  -52.489 0.6666666865
93892  -25.477  20.587  -51.690 0.4444444478
93883  -25.689  20.544  -50.394 0.3333333433
92903  -22.291  19.176  -49.794 0.5555555820
73681  -20.201  -0.248  -46.230 0.5555555820
72708  -20.953  -0.473  -46.710 0.6666666865
73693  -21.466  -0.018  -47.194 0.6666666865
74779  -20.485  1.059  -46.851 0.6666666865
151009  -21.355  1.340  -47.638 0.7777777910
75811  -21.744  1.391  -48.023 0.8888888955
76806  -22.932  2.207  -49.302 1.0000000000
76804  -21.508  2.717  -48.391 1.0000000000
75822  -22.384  1.344  -48.549 0.8888888955
75841  -23.534  1.514  -49.656 0.8888888955
75824  -23.971  0.825  -49.959 0.8888888955
73679  -18.288  -0.036  -45.890 0.4444444478
74769  -19.071  0.619  -45.949 0.5555555820
74778  -19.722  1.253  -46.422 0.6666666865
75799  -20.153  1.816  -46.930 0.5555555820
75810  -21.059  2.078  -47.721 0.8888888955
75823  -23.165  0.988  -49.244 0.8888888955
76829  -25.500  2.747  -50.572 1.0000000000
77821  -23.191  3.036  -49.752 1.0000000000
76830  -25.977  3.281  -50.408 1.0000000000
77855  -25.472  4.017  -51.017 1.0000000000
76769  -19.609  2.658  -46.737 0.6666666865
75798  -19.484  2.009  -46.446 0.6666666865
76785  -20.550  2.839  -47.570 1.0000000000
77790  -20.166  3.465  -47.405 0.8888888955
78786  -19.761  4.156  -47.236 0.8888888955
79752  -19.849  4.607  -47.370 1.0000000000
77819  -21.557  3.333  -48.620 1.0000000000
77820  -22.380  3.606  -49.422 1.0000000000
77853  -24.338  4.150  -51.020 1.0000000000
144679  -21.137  4.554  -48.495 1.0000000000
78832  -24.748  4.651  -51.459 1.0000000000
152919  -26.725  4.738  -50.770 0.8888888955
144107  -25.241  5.300  -51.658 1.0000000000
80688  -23.393  5.843  -50.955 1.0000000000
79800  -24.815  6.054  -51.703 1.0000000000
79801  -25.603  5.917  -51.591 1.0000000000
80698  -26.310  6.017  -51.276 0.8888888955
81513  -26.053  6.778  -50.763 0.7777777910
79763  -20.044  5.169  -47.570 1.0000000000
80653  -18.980  6.267  -46.906 0.5555555820
141445  -19.308  4.970  -47.008 0.6666666865
79774  -21.258  5.500  -48.759 1.0000000000
80666  -20.496  5.986  -48.121 0.8888888955
80676  -21.444  6.599  -49.007 1.0000000000
80694  -23.710  7.066  -51.421 1.0000000000
81520  -24.060  7.658  -51.700 1.0000000000
82379  -25.562  8.434  -50.617 0.8888888955
83266  -25.718  9.148  -49.773 0.7777777910
134623  -26.096  9.004  -49.048 0.6666666865
81481  -18.624  7.426  -46.755 0.5555555820
81482  -19.323  7.837  -47.295 0.6666666865
80665  -19.621  6.017  -47.363 0.7777777910
140109  -20.012  6.668  -47.685 0.7777777910
81495  -20.025  7.463  -47.711 0.7777777910
159410  -20.237  9.065  -47.694 0.6666666865
83258  -20.904  8.990  -48.307 0.8888888955
160390  -21.179  7.863  -48.664 0.8888888955
82367  -21.355  8.435  -48.836 0.8888888955
148071  -22.184  8.094  -49.960 0.8888888955
81511  -22.699  8.073  -50.733 1.0000000000
82390  -24.398  8.810  -51.713 1.0000000000
83291  -25.088  9.766  -51.187 0.8888888955
83267  -25.873  9.746  -49.045 0.7777777910
85300  -25.849  11.094  -48.111 0.6666666865
83249  -18.925  9.242  -47.081 0.5555555820
84311  -17.678  9.971  -46.461 0.3333333433
83248  -18.385  8.882  -46.680 0.3333333433
84330  -20.720  9.762  -47.888 0.6666666865
83275  -22.007  9.438  -49.875 0.8888888955
83289  -23.669  9.807  -51.744 1.0000000000
86333  -25.502  12.296  -49.512 0.7777777910
85292  -25.768  11.994  -47.991 0.5555555820
84341  -22.043  10.265  -50.117 0.8888888955
85318  -23.410  11.476  -51.768 1.0000000000
160750  -25.504  12.825  -49.377 0.7777777910
85277  -17.930  11.185  -46.808 0.4444444478
85311  -22.136  11.704  -50.734 0.8888888955
87333  -23.900  12.683  -51.990 0.8888888955
87310  -25.171  13.625  -50.695 0.7777777910
87288  -25.663  14.022  -47.765 0.5555555820
85279  -20.430  11.898  -46.875 0.5555555820
86332  -21.604  12.592  -49.056 0.6666666865
85310  -21.781  11.814  -49.997 0.8888888955
87321  -23.433  12.884  -51.818 1.0000000000
136605  -24.722  13.454  -51.362 0.8888888955
88240  -24.587  15.161  -51.275 0.8888888955
89110  -25.552  15.599  -48.469 0.5555555820
148142  -21.470  13.545  -49.427 0.5555555820
87309  -21.908  13.415  -50.803 1.0000000000
88225  -21.478  14.204  -50.247 0.7777777910
145764  -21.320  14.182  -49.813 0.7777777910
88226  -21.909  14.093  -50.832 0.7777777910
89108  -20.958  15.160  -49.296 0.5555555820
88215  -21.209  14.696  -49.731 0.5555555820
152478  -20.849  15.626  -49.306 0.4444444478
152028  -21.309  14.756  -50.073 0.6666666865
89126  -21.459  15.208  -50.212 0.6666666865
87293  -21.409  13.846  -48.970 0.7777777910
89138  -23.590  15.375  -51.617 0.7777777910
90052  -24.514  16.566  -51.557 0.6666666865
149454  -25.040  17.358  -52.181 0.6666666865
90044  -25.120  16.911  -50.521 0.5555555820
90035  -20.710  16.283  -49.188 0.4444444478
91961  -25.208  18.903  -52.661 0.6666666865
91005  -21.577  17.492  -49.659 0.5555555820
91959  -24.604  18.427  -52.518 0.6666666865
148094  -21.508  14.039  -48.571 0.3333333433
152073  -18.354  11.588  -46.770 0.4444444478
75812  -25.406  0.815  -49.793 0.6666666865
72700  -18.794  -1.297  -45.276 0.4444444478
157400  -19.397  -1.638  -45.355 0.5555555820
78809  -26.993  4.703  -50.197 0.7777777910
72699  -18.401  -0.889  -45.397 0.3333333433
74768  -18.262  0.704  -45.895 0.4444444478
81505  -26.353  7.024  -49.872 0.6666666865
82345  -18.226  8.160  -46.496 0.3333333433
82336  -17.777  8.081  -46.262 0.3333333433
83239  -17.428  9.329  -46.077 0.1111111119
86310  -17.433  11.313  -46.530 0.4444444478
86311  -18.152  12.965  -45.840 0.3333333433
86312  -19.674  11.896  -46.737 0.3333333433
89098  -20.800  15.363  -48.916 0.3333333433
93900  -25.110  20.572  -52.213 0.6666666865
71719  -25.364  -2.315  -46.328 0.4444444478
71705  -27.201  -2.101  -44.846 0.2222222239
71715  -21.342  -2.179  -46.564 0.4444444478
71716  -22.136  -2.578  -46.978 0.4444444478
71729  -21.832  -1.658  -47.202 0.4444444478
71730  -22.648  -2.104  -47.587 0.4444444478
72723  -24.154  -1.721  -47.754 0.4444444478
72711  -25.601  -1.161  -47.037 0.4444444478
73673  -26.970  -0.859  -45.843 0.2222222239
72736  -22.977  -0.866  -48.442 0.4444444478
72737  -23.707  -1.121  -48.493 0.4444444478
73695  -24.530  -1.018  -48.188 0.4444444478
73683  -27.422  -0.029  -45.852 0.1111111119
73675  -28.118  0.132  -45.049 0.1111111119
73713  -24.978  -0.403  -48.571 0.4444444478
73697  -26.187  -0.341  -47.089 0.3333333433
144041  -23.457  -0.490  -48.866 0.4444444478
73712  -24.166  -0.646  -48.954 0.4444444478
74782  -26.498  0.548  -47.382 0.3333333433
157202  -27.788  0.638  -45.567 0.2222222239
74781  -25.744  0.071  -47.962 0.3333333433
73726  -23.201  0.030  -48.992 0.5555555820
75801  -26.948  1.857  -47.498 0.2222222239
76758  -27.888  2.280  -46.148 0.1111111119
76759  -28.180  2.993  -46.098 0.1111111119
142844  -26.414  1.590  -48.261 0.3333333433
76788  -26.717  2.398  -48.158 0.3333333433
138488  -26.190  2.056  -49.041 0.4444444478
77806  -26.512  2.915  -48.919 0.5555555820
77807  -26.883  3.705  -48.755 0.6666666865
154753  -27.615  4.212  -47.570 0.4444444478
77823  -26.912  4.263  -49.508 0.6666666865
79754  -27.784  5.536  -47.263 0.3333333433
78810  -27.328  5.037  -49.472 0.6666666865
79753  -27.521  5.864  -47.972 0.5555555820
144280  -27.061  5.184  -50.438 0.6666666865
80668  -27.059  6.242  -48.752 0.5555555820
80654  -27.348  6.739  -47.654 0.5555555820
80655  -27.734  6.323  -47.008 0.4444444478
81483  -27.308  7.599  -47.390 0.3333333433
79777  -27.187  5.607  -49.783 0.5555555820
155667  -27.277  8.370  -47.206 0.4444444478
83251  -26.816  8.870  -47.638 0.5555555820
82348  -26.875  8.028  -47.944 0.4444444478
141939  -26.586  9.720  -47.575 0.4444444478
92915  -22.995  19.594  -50.648 0.5555555820
93899  -24.796  20.695  -52.127 0.5555555820
94815  -24.725  21.409  -51.926 0.5555555820
71717  -23.867  -2.938  -46.837 0.4444444478
72701  -26.464  -1.564  -45.906 0.2222222239
72720  -21.598  -0.783  -47.252 0.4444444478
74770  -26.939  0.290  -46.619 0.2222222239
75794  -27.631  1.547  -46.217 0.2222222239
75786  -28.005  1.774  -45.617 0.1111111119
76771  -27.282  2.629  -47.416 0.4444444478
77791  -27.604  3.460  -47.313 0.3333333433
78799  -27.322  4.460  -48.474 0.6666666865
78788  -27.687  4.879  -47.669 0.4444444478
83252  -27.143  9.318  -47.019 0.4444444478
92916  -23.689  20.233  -51.417 0.5555555820
93890  -22.702  20.562  -50.456 0.5555555820
73694  -22.038  -0.279  -47.681 0.4444444478
160747  -27.832  4.533  -47.225 0.2222222239
69774  -22.641  -4.117  -46.224 0.4444444478
70724  -23.248  -3.525  -46.538 0.4444444478
70711  -24.671  -3.577  -45.795 0.4444444478
71698  -26.733  -2.757  -44.757 0.2222222239
156438  -27.297  -2.566  -44.433 0.2222222239
71681  -27.733  -2.714  -43.962 0.1111111119
71714  -20.659  -1.924  -46.082 0.4444444478
70723  -21.570  -3.093  -46.420 0.4444444478
72693  -27.758  -1.415  -44.764 0.1111111119
73670  -28.359  -0.673  -44.539 0.1111111119
71699  -27.831  -2.073  -44.363 0.1111111119
74749  -28.955  0.328  -43.907 0.1111111119
74763  -28.189  1.127  -45.135 0.1111111119
149934  -28.602  2.290  -44.478 0.1111111119
142762  -28.431  3.145  -45.431 0.1111111119
77777  -28.391  3.816  -45.987 0.1111111119
78773  -28.354  4.755  -46.187 0.2222222239
78789  -28.002  4.922  -46.920 0.2222222239
82337  -27.695  8.012  -46.682 0.2222222239
133631  -27.587  8.821  -46.608 0.3333333433
84323  -26.975  10.072  -46.891 0.4444444478
84317  -26.810  10.901  -46.787 0.3333333433
85284  -26.621  11.766  -46.683 0.3333333433
86322  -26.140  12.415  -47.282 0.4444444478
86302  -26.498  12.576  -46.533 0.3333333433
88202  -21.099  14.692  -49.048 0.4444444478
89101  -25.776  15.459  -47.629 0.4444444478
92902  -21.533  18.886  -49.010 0.4444444478
94809  -25.117  21.302  -51.808 0.5555555820
159543  -22.400  19.916  -49.853 0.5555555820
93898  -24.173  20.943  -51.856 0.5555555820
94814  -24.269  21.631  -51.935 0.5555555820
73727  -23.847  -0.187  -49.403 0.5555555820
74792  -24.621  -0.140  -49.395 0.5555555820
75813  -25.899  1.173  -49.099 0.6666666865
77822  -26.492  3.454  -49.709 0.6666666865
80667  -26.657  6.810  -49.069 0.5555555820
149190  -26.186  13.068  -46.959 0.4444444478
72721  -22.360  -1.119  -47.861 0.4444444478
74793  -25.409  0.352  -49.004 0.3333333433
71732  -24.247  -2.338  -47.169 0.4444444478
71720  -25.959  -2.107  -45.995 0.4444444478
71703  -25.711  -2.635  -45.766 0.3333333433
72710  -24.963  -1.878  -46.970 0.4444444478
71718  -24.672  -2.595  -46.618 0.4444444478
71704  -26.488  -2.250  -45.400 0.3333333433
72702  -27.106  -1.491  -45.336 0.1111111119
69773  -22.369  -3.392  -46.629 0.4444444478
70736  -22.956  -2.935  -47.177 0.4444444478
72722  -23.187  -1.631  -48.082 0.4444444478
71731  -23.499  -2.326  -47.506 0.4444444478
72724  -24.929  -1.309  -47.522 0.4444444478
72712  -25.782  -1.682  -46.457 0.4444444478
73682  -26.345  -1.013  -46.456 0.4444444478
73696  -25.329  -0.693  -47.708 0.4444444478
73674  -27.648  -0.718  -45.236 0.1111111119
134945  -26.793  -0.394  -46.367 0.2222222239
73664  -28.988  -0.418  -43.902 0.1111111119
75793  -27.142  1.174  -46.911 0.3333333433
74794  -26.137  0.811  -48.222 0.3333333433
74771  -27.474  0.798  -46.146 0.2222222239
74762  -27.807  1.196  -45.704 0.2222222239
77776  -27.759  2.815  -46.720 0.1111111119
76752  -28.224  2.463  -45.560 0.1111111119
139757  -28.035  3.447  -46.596 0.1111111119
149636  -28.435  2.609  -45.017 0.1111111119
76789  -27.049  3.168  -48.072 0.4444444478
152616  -27.283  3.811  -48.017 0.4444444478
77792  -28.042  4.150  -46.841 0.3333333433
79738  -28.181  5.748  -46.389 0.1111111119
160144  -27.628  5.364  -47.822 0.4444444478
79765  -27.350  5.578  -48.903 0.5555555820
147369  -27.525  5.194  -48.396 0.5555555820
81498  -26.908  7.161  -48.225 0.5555555820
80641  -27.710  7.192  -46.821 0.3333333433
144256  -24.005  -3.481  -46.304 0.4444444478
70725  -24.476  -3.125  -46.344 0.4444444478
75787  -28.303  1.966  -45.028 0.1111111119
94808  -22.565  21.502  -50.727 0.5555555820
70710  -23.684  -4.111  -45.891 0.4444444478
70712  -25.397  -3.198  -45.587 0.4444444478
70694  -26.328  -3.458  -44.537 0.2222222239
70722  -20.787  -2.710  -45.887 0.4444444478
72694  -28.412  -1.401  -44.227 0.1111111119
74756  -28.554  0.682  -44.458 0.1111111119
64606  -25.738  -9.773  -41.981 0.1111111119
66593  -20.823  -7.118  -44.075 0.3333333433
65658  -23.534  -8.411  -43.285 0.2222222239
64623  -24.017  -8.829  -42.961 0.2222222239
135190  -25.407  -9.135  -42.330 0.1111111119
65643  -25.799  -8.308  -42.329 0.1111111119
154052  -19.177  -5.141  -44.129 0.3333333433
67658  -19.308  -6.202  -43.907 0.3333333433
155407  -19.454  -7.154  -43.813 0.3333333433
67678  -21.971  -6.460  -44.564 0.3333333433
66596  -23.176  -7.049  -43.886 0.3333333433
66574  -23.425  -7.750  -43.528 0.2222222239
67660  -24.112  -7.062  -43.493 0.2222222239
65659  -24.125  -7.967  -43.153 0.2222222239
66555  -25.448  -7.679  -42.614 0.1111111119
66575  -24.822  -7.465  -43.007 0.2222222239
69730  -17.593  -4.249  -44.823 0.2222222239
69731  -18.406  -4.604  -45.006 0.2222222239
68732  -18.382  -4.689  -44.242 0.2222222239
67676  -19.986  -5.847  -44.345 0.3333333433
67677  -20.963  -6.346  -44.452 0.3333333433
67661  -24.889  -6.797  -43.246 0.1111111119
70706  -17.842  -3.768  -45.295 0.2222222239
69754  -17.812  -4.097  -45.344 0.3333333433
70707  -18.559  -3.661  -45.267 0.3333333433
69732  -19.682  -4.469  -44.714 0.3333333433
70708  -19.968  -3.294  -45.074 0.3333333433
69755  -20.337  -3.973  -45.027 0.3333333433
68754  -20.763  -4.584  -44.994 0.3333333433
68756  -22.246  -5.268  -45.377 0.3333333433
154186  -23.727  -5.338  -44.828 0.3333333433
68737  -24.128  -5.657  -44.337 0.3333333433
68722  -25.626  -5.571  -43.424 0.1111111119
156996  -19.041  -2.809  -44.844 0.2222222239
70709  -21.020  -3.569  -45.765 0.3333333433
69756  -21.298  -4.312  -45.596 0.3333333433
69757  -22.021  -4.644  -45.871 0.3333333433
142531  -22.869  -4.742  -45.676 0.3333333433
69734  -24.363  -5.005  -44.736 0.3333333433
69716  -25.601  -4.858  -43.938 0.1111111119
137525  -19.007  -1.667  -45.107 0.3333333433
71713  -20.167  -1.406  -45.893 0.3333333433
69772  -21.790  -3.928  -46.211 0.3333333433
69758  -24.530  -4.346  -45.255 0.3333333433
69759  -25.443  -3.783  -45.039 0.3333333433
83243  -27.527  9.617  -46.406 0.2222222239
84318  -27.392  10.413  -46.286 0.2222222239
87280  -26.119  13.822  -46.955 0.2222222239
66573  -21.959  -7.694  -43.883 0.3333333433
149782  -22.685  -7.688  -43.784 0.3333333433
65642  -24.870  -8.374  -42.693 0.2222222239
66556  -26.194  -7.439  -42.358 0.1111111119
157480  -17.489  -3.998  -45.146 0.3333333433
68734  -21.620  -5.703  -44.891 0.3333333433
68735  -22.508  -5.842  -44.837 0.3333333433
67679  -22.847  -6.464  -44.392 0.3333333433
140192  -18.799  -4.152  -45.329 0.3333333433
71702  -19.855  -2.387  -45.274 0.3333333433
63429  -24.431  -10.169  -42.385 0.1111111119
146692  -25.075  -9.817  -42.271 0.1111111119
66570  -18.647  -7.278  -43.615 0.3333333433
158704  -20.072  -8.247  -43.453 0.3333333433
65656  -21.655  -8.367  -43.590 0.3333333433
63419  -25.834  -10.162  -41.519 0.1111111119
64607  -26.243  -9.071  -42.041 0.1111111119
68721  -18.637  -5.352  -43.680 0.3333333433
65644  -26.624  -8.251  -42.044 0.1111111119
66557  -27.041  -7.521  -42.004 0.1111111119
70693  -17.511  -3.903  -44.783 0.2222222239
67640  -25.934  -6.207  -42.869 0.1111111119
68703  -26.546  -5.555  -42.833 0.1111111119
145318  -17.856  -3.509  -45.025 0.2222222239
155037  -26.374  -4.709  -43.476 0.1111111119
69735  -25.141  -4.592  -44.578 0.1111111119
72692  -18.718  -1.400  -45.139 0.1111111119
85285  -27.206  11.237  -46.181 0.2222222239
89102  -26.210  15.387  -46.920 0.2222222239
88179  -26.342  14.609  -46.541 0.2222222239
72698  -18.060  -0.433  -45.743 0.2222222239
77789  -19.658  3.677  -47.058 0.5555555820
64593  -26.541  -9.766  -41.540 0.1111111119
64605  -24.599  -9.363  -42.589 0.1111111119
66571  -20.263  -7.636  -43.717 0.3333333433
67659  -20.136  -6.762  -44.120 0.3333333433
66572  -21.176  -7.709  -43.789 0.3333333433
157097  -22.308  -8.215  -43.639 0.3333333433
67657  -18.330  -6.294  -43.555 0.2222222239
159603  -18.960  -6.781  -43.772 0.3333333433
66594  -21.545  -7.085  -44.190 0.3333333433
66595  -22.355  -7.079  -44.141 0.3333333433
67680  -23.716  -6.363  -44.059 0.2222222239
158352  -19.583  -4.981  -44.456 0.3333333433
146151  -26.173  -6.714  -42.562 0.1111111119
67662  -25.343  -6.319  -43.200 0.1111111119
68733  -20.632  -5.254  -44.661 0.3333333433
68755  -21.466  -4.989  -45.282 0.3333333433
68757  -23.073  -5.351  -45.154 0.3333333433
68736  -23.332  -5.849  -44.597 0.3333333433
69733  -23.718  -4.829  -45.276 0.3333333433
71697  -19.145  -2.800  -44.839 0.2222222239
69736  -25.939  -4.199  -44.223 0.1111111119
147314  -23.651  -10.567  -42.538 0.1111111119
64622  -23.171  -9.187  -43.210 0.2222222239
65654  -19.361  -8.024  -43.472 0.3333333433
64620  -21.405  -9.147  -43.331 0.3333333433
64621  -22.301  -8.989  -43.411 0.3333333433
153401  -17.909  -5.479  -43.357 0.2222222239
84304  -27.700  10.748  -45.646 0.1111111119
85270  -28.019  11.143  -45.035 0.1111111119
143098  -27.298  12.308  -45.477 0.1111111119
86281  -27.366  12.924  -45.083 0.1111111119
153723  -26.414  13.237  -46.481 0.1111111119
87261  -26.522  13.822  -46.137 0.1111111119
87262  -26.965  13.735  -45.362 0.1111111119
88155  -26.693  14.558  -45.706 0.1111111119
158357  -26.187  17.485  -48.205 0.1111111119
90997  -25.816  17.346  -48.720 0.2222222239
91940  -26.203  18.634  -49.421 0.1111111119
90030  -26.021  16.883  -47.933 0.1111111119
91915  -27.186  18.373  -48.023 0.1111111119
93881  -21.516  20.501  -48.882 0.4444444478
149914  -26.429  19.513  -49.244 0.1111111119
93891  -23.324  21.020  -51.309 0.4444444478
149817  -25.188  21.920  -51.199 0.3333333433
94801  -25.431  21.283  -50.886 0.2222222239
94802  -25.704  21.239  -49.641 0.1111111119
93884  -26.129  20.420  -49.383 0.1111111119
94790  -26.531  21.180  -48.662 0.1111111119
95737  -22.493  22.376  -51.019 0.4444444478
94813  -23.416  21.686  -51.560 0.4444444478
95747  -23.501  22.437  -51.744 0.4444444478
95748  -24.311  22.490  -52.002 0.4444444478
96657  -24.792  23.071  -51.771 0.4444444478
95749  -24.870  22.151  -51.753 0.2222222239
95738  -25.332  22.803  -50.969 0.2222222239
95730  -25.632  22.907  -49.616 0.2222222239
149818  -25.343  22.036  -50.122 0.2222222239
99202  -25.761  26.409  -51.583 0.1111111119
98384  -26.002  25.530  -50.444 0.1111111119
150856  -26.157  23.837  -49.108 0.1111111119
94799  -21.442  21.160  -48.689 0.4444444478
94800  -21.558  21.298  -49.245 0.4444444478
143854  -21.785  22.119  -49.935 0.3333333433
95746  -22.679  23.147  -51.369 0.4444444478
136799  -23.599  23.112  -51.931 0.4444444478
96655  -23.133  23.888  -51.849 0.3333333433
96656  -24.145  23.559  -52.178 0.3333333433
153163  -24.783  23.804  -51.863 0.1111111119
96643  -25.274  23.746  -51.260 0.1111111119
96631  -25.496  23.788  -50.098 0.1111111119
97529  -25.648  24.694  -50.608 0.1111111119
96641  -21.923  23.170  -50.303 0.3333333433
96667  -23.911  24.404  -52.289 0.2222222239
97538  -24.518  24.337  -52.145 0.2222222239
97539  -25.153  24.479  -51.663 0.1111111119
97537  -23.264  24.802  -52.124 0.1111111119
97550  -24.374  24.886  -52.392 0.1111111119
98397  -25.538  25.436  -51.394 0.1111111119
97549  -23.956  25.048  -52.481 0.1111111119
97551  -24.933  25.049  -52.243 0.1111111119
95723  -21.958  22.853  -49.527 0.3333333433
144997  -22.352  22.790  -48.566 0.3333333433
96629  -22.023  23.491  -49.766 0.3333333433
96642  -22.230  23.785  -50.825 0.3333333433
98408  -24.514  25.673  -52.521 0.1111111119
98409  -25.128  26.304  -52.314 0.1111111119
100046  -25.357  27.785  -52.370 0.1111111119
95715  -22.001  23.579  -46.563 0.1111111119
96620  -22.359  23.877  -47.225 0.1111111119
147642  -22.529  23.574  -48.157 0.2222222239
97503  -22.475  24.182  -48.610 0.2222222239
97506  -22.337  23.913  -49.433 0.3333333433
97507  -22.461  24.568  -48.910 0.2222222239
147760  -22.374  24.330  -49.678 0.3333333433
147001  -22.603  25.003  -50.343 0.1111111119
160752  -22.733  25.580  -49.889 0.1111111119
98396  -22.886  25.407  -51.532 0.1111111119
98407  -23.593  25.606  -52.378 0.1111111119
99215  -24.011  26.282  -52.528 0.1111111119
99201  -24.104  26.950  -52.129 0.1111111119
99217  -25.544  27.095  -52.123 0.1111111119
99203  -26.456  27.054  -51.607 0.1111111119
97498  -22.460  24.574  -47.012 0.1111111119
151623  -22.433  24.351  -47.761 0.1111111119
98361  -22.920  25.482  -47.880 0.1111111119
98364  -22.524  25.221  -48.488 0.1111111119
98372  -22.596  25.227  -49.314 0.2222222239
99167  -22.943  25.858  -48.630 0.1111111119
146556  -22.907  26.161  -49.466 0.1111111119
137383  -22.831  26.030  -50.599 0.1111111119
99176  -22.940  26.776  -50.103 0.1111111119
99200  -23.338  26.381  -51.798 0.1111111119
150917  -22.414  24.695  -46.244 0.1111111119
97494  -22.685  24.932  -45.849 0.1111111119
98356  -23.246  25.327  -46.311 0.1111111119
99160  -23.729  26.168  -48.102 0.1111111119
99168  -23.499  26.567  -48.746 0.1111111119
98357  -23.908  25.748  -46.148 0.1111111119
98362  -23.712  25.791  -47.147 0.1111111119
84305  -28.223  10.318  -45.150 0.1111111119
85269  -27.500  11.585  -45.536 0.1111111119
85252  -27.764  12.042  -44.851 0.1111111119
89091  -26.575  15.347  -46.133 0.1111111119
91927  -26.934  18.832  -48.695 0.1111111119
93882  -21.961  20.537  -49.536 0.4444444478
150191  -25.911  22.067  -49.094 0.1111111119
93872  -26.804  20.231  -48.796 0.1111111119
98373  -26.259  25.239  -49.790 0.1111111119
155700  -25.184  25.740  -52.192 0.1111111119
97499  -22.779  25.068  -46.907 0.1111111119
99161  -24.453  26.686  -47.525 0.1111111119
137167  -24.446  26.279  -46.693 0.1111111119
152136  -28.312  12.187  -44.192 0.1111111119
85253  -28.266  11.530  -44.512 0.1111111119
152691  -21.869  19.782  -49.208 0.4444444478
94807  -22.015  21.242  -49.925 0.4444444478
98352  -23.280  25.272  -45.503 0.1111111119
85237  -28.616  11.475  -43.986 0.1111111119
154896  -27.874  9.941  -45.765 0.1111111119
136523  -28.516  10.774  -44.443 0.1111111119
157270  -28.817  12.225  -43.485 0.1111111119
153161  -28.983  11.377  -43.488 0.1111111119
87240  -28.101  13.620  -44.048 0.1111111119
87239  -27.535  13.666  -44.627 0.1111111119
150277  -27.887  14.385  -44.240 0.1111111119
90009  -26.536  16.116  -46.606 0.1111111119
90990  -27.200  18.117  -47.163 0.1111111119
91928  -27.644  19.084  -48.177 0.1111111119
92893  -27.272  19.608  -48.561 0.1111111119
149952  -26.626  22.157  -48.443 0.1111111119
93873  -27.544  20.544  -48.238 0.1111111119
96625  -27.591  23.545  -48.347 0.1111111119
97516  -26.620  24.783  -49.188 0.1111111119
94788  -21.607  21.565  -48.263 0.2222222239
94789  -21.587  21.987  -48.917 0.3333333433
98385  -26.553  25.877  -50.108 0.1111111119
95720  -22.316  22.957  -47.586 0.1111111119
96623  -22.441  23.436  -49.056 0.2222222239
100040  -27.138  27.423  -51.761 0.1111111119
95718  -21.942  22.978  -46.884 0.1111111119
95714  -21.662  23.603  -46.003 0.1111111119
97490  -22.124  24.613  -45.429 0.1111111119
100047  -26.273  27.799  -52.360 0.1111111119
97483  -22.098  24.768  -44.629 0.1111111119
97491  -22.576  25.030  -44.964 0.1111111119
100018  -23.043  27.718  -50.164 0.1111111119
100029  -23.480  27.824  -50.994 0.1111111119
100039  -24.709  27.588  -52.288 0.1111111119
160181  -25.047  28.087  -52.391 0.1111111119
152171  -24.158  26.773  -48.321 0.1111111119
100007  -23.347  27.882  -49.334 0.1111111119
90024  -26.122  16.133  -47.348 0.1111111119
86314  -26.979  12.052  -46.040 0.1111111119
143980  -26.384  18.029  -48.590 0.2222222239
86303  -26.760  12.932  -45.814 0.1111111119
86282  -27.866  12.882  -44.390 0.1111111119
88156  -27.273  14.500  -44.911 0.1111111119
90989  -26.514  16.853  -47.131 0.1111111119
152303  -26.606  17.618  -47.695 0.1111111119
95731  -26.345  22.875  -48.786 0.1111111119
99187  -26.081  26.049  -50.748 0.1111111119
97508  -27.108  24.199  -48.723 0.1111111119
97515  -25.950  24.517  -49.648 0.2222222239
145194  -22.240  24.216  -50.358 0.2222222239
97528  -22.547  24.523  -51.254 0.1111111119
99216  -24.753  26.759  -52.397 0.1111111119
96630  -21.969  23.788  -49.992 0.3333333433
143875  -23.593  27.169  -51.507 0.1111111119
96617  -22.155  24.281  -46.289 0.1111111119
97504  -22.394  24.881  -47.917 0.1111111119
99177  -23.257  27.040  -49.393 0.1111111119
99186  -23.048  27.012  -50.908 0.1111111119
100008  -23.880  27.237  -48.773 0.1111111119
98374  -26.965  25.501  -49.487 0.1111111119
86269  -28.408  12.945  -43.813 0.1111111119
95724  -27.130  22.793  -48.263 0.1111111119
97517  -27.470  24.940  -49.009 0.1111111119
98386  -27.230  26.049  -50.037 0.1111111119
99188  -26.687  26.450  -50.768 0.1111111119
96613  -21.752  24.098  -45.661 0.1111111119
100038  -24.128  27.741  -51.691 0.1111111119
100784  -23.955  28.006  -48.654 0.1111111119
64618  -19.898  -8.874  -43.230 0.2222222239
79750  -18.811  5.289  -46.645 0.2222222239
144826  -18.336  6.150  -46.406 0.2222222239
75792  -18.678  1.684  -45.979 0.3333333433
92892  -21.262  18.992  -48.614 0.2222222239
93871  -21.400  20.670  -48.492 0.1111111119
88187  -21.116  14.839  -48.808 0.1111111119
77788  -19.170  3.861  -46.634 0.2222222239
90984  -20.520  16.584  -48.304 0.1111111119
134073  -20.611  17.520  -46.910 0.1111111119
92879  -20.851  19.530  -47.221 0.1111111119
93862  -21.226  20.356  -46.969 0.1111111119
91893  -20.695  18.136  -46.906 0.1111111119
75791  -18.138  1.243  -45.844 0.2222222239
158812  -18.958  3.302  -46.447 0.2222222239
151016  -19.442  3.186  -46.740 0.3333333433
85276  -17.373  10.814  -46.424 0.2222222239
157508  -20.561  18.566  -47.303 0.1111111119
84310  -17.398  10.101  -46.205 0.1111111119
85264  -17.144  11.149  -46.313 0.3333333433
136222  -21.485  19.745  -48.681 0.3333333433
78772  -18.727  4.606  -46.479 0.2222222239
92866  -21.183  19.527  -46.534 0.1111111119
92865  -20.833  18.809  -46.697 0.1111111119
91895  -21.453  18.971  -46.686 0.1111111119
78767  -28.610  4.507  -45.354 0.1111111119
64601  -19.411  -9.391  -42.772 0.1111111119
64619  -20.665  -9.219  -43.186 0.1111111119
64603  -21.061  -9.864  -43.069 0.1111111119
65640  -17.035  -8.281  -42.343 0.1111111119
65652  -17.285  -7.886  -43.035 0.1111111119
65653  -18.261  -8.034  -43.311 0.1111111119
66569  -17.523  -7.068  -43.366 0.1111111119
67656  -17.215  -6.052  -43.324 0.1111111119
74760  -17.974  0.552  -45.846 0.1111111119
149199  -17.277  7.006  -45.994 0.1111111119
80640  -17.729  6.337  -46.079 0.1111111119
87273  -19.107  13.523  -45.439 0.2222222239
134722  -17.952  -8.692  -42.800 0.1111111119
148642  -17.845  6.903  -46.217 0.1111111119
80652  -18.455  6.705  -46.565 0.1111111119
65632  -17.072  -8.766  -41.618 0.1111111119
64600  -18.608  -9.499  -42.426 0.1111111119
64602  -20.198  -9.725  -42.763 0.1111111119
63442  -21.996  -9.968  -43.215 0.1111111119
65639  -16.119  -7.911  -42.243 0.1111111119
146465  -16.478  -6.560  -43.236 0.1111111119
68719  -17.559  -5.607  -43.235 0.1111111119
68720  -18.257  -4.678  -43.604 0.1111111119
74761  -17.842  0.593  -45.446 0.1111111119
75785  -18.026  1.465  -45.751 0.1111111119
77775  -18.612  3.837  -46.299 0.1111111119
87253  -18.013  13.754  -44.994 0.2222222239
148225  -20.705  14.126  -45.387 0.2222222239
141256  -21.326  13.857  -46.662 0.1111111119
158843  -22.605  -9.619  -43.255 0.1111111119
63425  -19.430  -10.000  -42.307 0.1111111119
156696  -18.352  2.088  -45.902 0.1111111119
81480  -18.037  7.458  -46.357 0.1111111119
69715  -17.906  -4.439  -44.152 0.1111111119
70676  -18.980  -3.382  -43.612 0.1111111119
135451  -18.712  -3.306  -44.717 0.1111111119
74754  -17.910  -0.173  -45.614 0.1111111119
73678  -17.939  0.017  -45.951 0.1111111119
65641  -18.897  -8.805  -43.069 0.1111111119
78771  -18.179  4.578  -46.064 0.1111111119
64599  -17.681  -9.212  -42.150 0.1111111119
66568  -16.662  -7.259  -43.152 0.1111111119
87254  -19.755  14.201  -44.862 0.1111111119
68718  -16.628  -5.928  -43.135 0.1111111119
88175  -21.568  14.214  -47.791 0.1111111119
159399  -20.647  15.918  -48.614 0.1111111119
89097  -20.910  15.423  -48.609 0.1111111119
90004  -20.635  16.120  -48.337 0.1111111119
64604  -23.814  -9.764  -42.831 0.1111111119
65655  -20.740  -8.456  -43.461 0.3333333433
65657  -22.917  -8.377  -43.512 0.3333333433
66576  -25.538  -6.929  -42.812 0.1111111119
67641  -26.490  -6.264  -42.559 0.1111111119
67681  -24.671  -6.121  -43.652 0.1111111119
70713  -26.060  -3.032  -45.188 0.2222222239
70726  -25.060  -2.917  -46.081 0.4444444478
71682  -28.539  -2.111  -43.769 0.1111111119
73710  -22.332  0.173  -48.076 0.7777777910
73711  -22.857  -0.217  -48.565 0.4444444478
74807  -24.960  0.360  -49.830 0.7777777910
75802  -27.461  2.052  -46.807 0.1111111119
76746  -28.699  3.165  -44.628 0.1111111119
76828  -24.889  2.411  -50.621 1.0000000000
77835  -25.222  3.335  -50.802 1.0000000000
77854  -24.981  3.984  -51.207 1.0000000000
77856  -25.838  4.317  -50.995 1.0000000000
78797  -20.658  3.641  -47.876 1.0000000000
78820  -26.277  4.784  -51.140 1.0000000000
79789  -26.694  5.271  -51.085 1.0000000000
80697  -25.605  6.413  -51.490 1.0000000000
81521  -24.660  7.479  -51.676 1.0000000000
81531  -24.274  8.246  -51.754 1.0000000000
82346  -18.788  8.363  -46.938 0.6666666865
82357  -20.143  8.344  -47.721 0.7777777910
82388  -22.791  8.975  -51.053 0.8888888955
82397  -23.946  8.948  -51.834 1.0000000000
83276  -22.432  9.661  -50.656 0.8888888955
84331  -21.204  10.515  -48.096 0.7777777910
84357  -24.257  10.768  -51.762 1.0000000000
85298  -21.557  11.895  -48.419 0.7777777910
85320  -24.957  11.196  -51.178 0.7777777910
86250  -15.760  14.114  -44.209 0.1111111119
86361  -23.700  12.200  -51.946 0.8888888955
96624  -26.844  23.462  -48.586 0.1111111119
135083  -28.629  0.014  -44.372 0.1111111119
136793  -24.920  -5.297  -44.125 0.2222222239
150840  -20.703  -10.346  -42.678 0.1111111119
156007  -25.668  2.360  -50.397 0.8888888955
156710  -24.786  8.709  -51.543 1.0000000000
158724  -27.235  8.843  -47.102 0.3333333433
158753  -18.740  6.797  -46.801 0.5555555820
159222  -26.642  1.210  -47.619 0.3333333433
159582  -26.592  6.286  -50.595 0.6666666865
161441  -23.179  8.459  -51.309 1.0000000000
