#!ascii label  , from subject sub-v1s14x0051577_ses-1 vox2ras=TkReg
1108
15386  31.839  -60.150  -44.429 0.3000000119
26365  30.556  -48.724  -47.337 0.6000000238
29203  31.365  -45.745  -44.402 0.6999999881
29192  30.902  -45.456  -43.628 0.6999999881
149195  31.768  -59.412  -43.884 0.4000000060
20982  31.391  -53.458  -45.149 0.4000000060
15409  32.056  -59.758  -45.171 0.5000000000
15408  32.480  -60.074  -45.656 0.5000000000
25375  31.030  -49.414  -47.471 0.6999999881
27291  30.713  -47.535  -46.619 0.6999999881
27299  31.059  -47.919  -47.115 0.5000000000
28229  31.624  -45.930  -45.308 0.6000000238
30140  32.028  -45.124  -45.007 0.6000000238
30135  32.178  -44.283  -44.719 0.6999999881
31124  31.626  -43.201  -43.608 0.6999999881
16320  31.872  -58.398  -44.082 0.5000000000
159599  31.561  -54.052  -45.733 0.4000000060
158449  32.043  -58.982  -45.322 0.6000000238
21990  31.016  -52.708  -46.661 0.4000000060
158939  30.920  -52.218  -47.402 0.5000000000
16352  32.104  -58.392  -45.792 0.6000000238
22023  30.338  -52.083  -47.349 0.6000000238
24287  30.662  -51.022  -47.708 0.6000000238
16372  32.502  -58.473  -46.301 0.6000000238
25374  31.998  -49.334  -47.406 0.6000000238
28245  31.788  -46.629  -46.481 0.6000000238
29209  32.214  -45.314  -46.004 0.6000000238
31138  32.418  -43.016  -46.041 0.6999999881
30139  32.381  -44.397  -45.682 0.6999999881
30134  32.385  -43.603  -45.435 0.6999999881
31133  32.137  -43.432  -44.498 0.6999999881
32099  31.541  -42.376  -43.508 0.6999999881
32110  32.377  -42.083  -45.893 0.6999999881
32103  32.215  -42.021  -44.913 0.6999999881
33150  31.963  -41.370  -44.461 0.6999999881
34253  32.151  -40.522  -45.762 0.6999999881
17257  31.842  -57.311  -43.666 0.5000000000
135676  31.732  -55.768  -44.252 0.5000000000
140562  31.695  -55.028  -44.163 0.5000000000
21001  31.565  -53.310  -46.911 0.4000000060
17285  31.978  -57.615  -45.636 0.5000000000
156798  31.629  -52.373  -47.419 0.5000000000
24286  31.547  -51.107  -47.613 0.6000000238
148525  32.696  -57.760  -46.755 0.6000000238
17303  32.462  -57.100  -46.802 0.5000000000
19163  33.592  -55.749  -47.152 0.5000000000
26363  32.532  -48.426  -47.341 0.6999999881
28251  32.244  -46.738  -46.792 0.6000000238
26364  31.519  -48.535  -47.311 0.6999999881
30148  32.761  -44.336  -46.416 0.6000000238
29217  32.299  -46.047  -46.458 0.6000000238
31146  32.785  -43.373  -46.467 0.6000000238
32118  32.721  -42.544  -46.471 0.6000000238
152941  31.693  -40.806  -43.981 0.6999999881
34260  32.827  -40.926  -46.644 0.6000000238
35403  31.815  -39.787  -45.403 0.6999999881
140011  31.488  -39.002  -44.634 0.6999999881
160539  32.454  -40.237  -46.388 0.6999999881
18225  31.782  -56.617  -44.459 0.5000000000
20064  31.704  -54.806  -45.780 0.4000000060
21014  31.846  -53.172  -47.236 0.5000000000
150999  32.332  -51.203  -47.487 0.6000000238
133475  31.894  -56.166  -46.224 0.4000000060
138575  32.468  -50.287  -47.441 0.6000000238
157686  32.248  -56.524  -46.745 0.4000000060
19165  32.252  -55.008  -47.029 0.4000000060
19164  32.705  -55.693  -47.129 0.4000000060
21011  34.363  -54.055  -47.289 0.4000000060
140245  32.995  -46.918  -47.047 0.6000000238
28244  32.925  -46.085  -46.852 0.6000000238
151954  33.378  -43.744  -46.831 0.6000000238
30147  33.494  -44.597  -46.884 0.6000000238
32117  33.276  -42.124  -46.850 0.6000000238
35395  31.544  -39.949  -44.037 0.6999999881
36540  31.659  -38.833  -45.861 0.6999999881
144349  32.548  -38.741  -46.783 0.6000000238
151445  32.057  -39.543  -46.259 0.6000000238
20082  32.053  -54.014  -47.076 0.4000000060
22022  32.871  -53.001  -47.331 0.4000000060
21012  33.231  -53.959  -47.324 0.4000000060
25373  33.118  -49.233  -47.369 0.8000000119
20079  34.952  -54.552  -47.133 0.5000000000
27297  33.023  -47.682  -47.252 0.6999999881
28250  33.803  -46.240  -47.190 0.6000000238
31149  34.016  -43.281  -47.122 0.5000000000
29220  33.592  -45.429  -47.011 0.6000000238
135804  31.275  -39.059  -43.455 0.6999999881
35417  34.318  -39.560  -46.968 0.6000000238
33166  33.489  -40.825  -46.959 0.6000000238
36530  31.502  -38.255  -45.074 0.8000000119
36522  31.455  -38.123  -43.909 0.8000000119
35418  33.648  -39.439  -46.907 0.6000000238
36556  33.143  -39.106  -46.891 0.6000000238
142229  34.095  -51.468  -47.068 0.5000000000
23138  32.778  -51.883  -47.394 0.6000000238
22021  34.068  -52.965  -47.295 0.5000000000
23121  36.194  -52.013  -46.251 0.6999999881
22020  34.826  -53.401  -47.290 0.4000000060
27296  34.069  -47.254  -47.318 0.6999999881
158375  34.399  -45.598  -47.299 0.6999999881
151069  35.325  -43.814  -47.277 0.6000000238
32119  35.312  -42.576  -47.312 0.6000000238
37659  31.510  -37.084  -43.790 0.6000000238
137869  34.440  -40.851  -47.226 0.6000000238
37675  31.600  -37.903  -45.898 0.6999999881
37666  31.498  -37.438  -44.939 0.6999999881
37688  34.091  -38.209  -46.733 0.6999999881
37684  33.420  -37.721  -46.736 0.6999999881
37685  31.955  -37.651  -46.463 0.6999999881
145111  35.099  -51.175  -46.817 0.5000000000
24284  34.414  -50.631  -47.005 0.6000000238
139233  33.722  -50.001  -47.243 0.6000000238
24267  36.302  -50.221  -45.940 0.6999999881
147967  35.814  -51.491  -46.548 0.6000000238
25372  34.404  -49.095  -47.246 0.6999999881
136977  36.379  -51.036  -45.951 0.6999999881
21989  36.394  -52.727  -46.260 0.6999999881
26361  34.767  -48.127  -47.364 0.6999999881
28249  35.001  -46.279  -47.430 0.6999999881
30149  35.760  -44.099  -47.145 0.5000000000
29219  35.243  -45.282  -47.394 0.6000000238
38790  31.219  -35.869  -42.788 0.5000000000
149544  35.499  -41.008  -47.000 0.6000000238
147471  35.709  -42.768  -47.050 0.6000000238
138705  31.615  -35.568  -44.295 0.6000000238
143723  31.488  -35.340  -43.436 0.5000000000
35416  34.920  -39.646  -46.971 0.6000000238
148985  35.200  -40.931  -47.243 0.6000000238
39949  31.639  -35.892  -45.918 0.6000000238
39939  31.534  -34.975  -44.903 0.5000000000
42096  31.358  -33.511  -45.032 0.5000000000
36548  35.019  -38.188  -46.521 0.6999999881
36549  34.707  -37.947  -46.628 0.6999999881
38828  34.577  -36.442  -46.788 0.6999999881
135977  32.616  -37.103  -46.602 0.6999999881
41038  32.594  -34.451  -46.709 0.5000000000
149379  35.128  -36.794  -46.664 0.6999999881
39959  34.159  -35.480  -46.824 0.6000000238
137749  34.712  -49.896  -46.998 0.6000000238
24266  36.219  -49.786  -46.089 0.6999999881
25371  35.409  -49.405  -46.880 0.6000000238
25343  36.104  -49.805  -45.575 0.6999999881
26360  35.684  -48.101  -47.203 0.6999999881
29218  35.799  -45.786  -47.272 0.6999999881
28248  35.842  -46.685  -47.299 0.6999999881
31144  35.905  -43.641  -46.949 0.6000000238
39922  31.152  -35.026  -42.714 0.4000000060
31137  35.825  -42.906  -46.689 0.5000000000
43201  31.175  -32.466  -45.144 0.4000000060
136976  35.195  -38.962  -46.447 0.6000000238
35414  35.184  -39.651  -46.789 0.6000000238
41039  31.746  -34.389  -46.382 0.5000000000
42108  31.401  -33.654  -46.219 0.5000000000
39960  32.929  -35.318  -46.675 0.5000000000
42122  32.265  -33.590  -46.844 0.4000000060
37682  35.064  -37.313  -46.590 0.6000000238
39958  35.271  -35.803  -46.983 0.6999999881
139236  35.083  -34.747  -47.026 0.6000000238
147716  35.445  -33.346  -47.005 0.5000000000
25355  36.318  -49.459  -45.953 0.6000000238
25354  36.204  -48.952  -46.341 0.6999999881
27289  36.103  -48.153  -46.825 0.6999999881
159852  35.613  -48.826  -44.935 0.6999999881
26331  35.645  -48.309  -45.004 0.6999999881
28242  36.276  -47.043  -46.676 0.6000000238
29208  36.089  -45.337  -46.421 0.6000000238
33155  35.253  -41.763  -45.682 0.6000000238
32109  35.529  -42.603  -45.928 0.5000000000
32108  35.617  -41.990  -46.690 0.6000000238
36539  35.297  -39.016  -45.807 0.6000000238
34251  35.415  -40.211  -46.117 0.6000000238
43226  31.499  -32.951  -46.787 0.4000000060
138959  31.196  -32.998  -45.992 0.5000000000
44298  30.723  -31.641  -46.029 0.4000000060
37673  35.262  -37.232  -46.384 0.6000000238
44324  31.656  -32.199  -47.013 0.4000000060
39957  35.792  -35.671  -46.574 0.6000000238
42119  35.779  -34.078  -46.966 0.5000000000
27279  36.072  -48.172  -45.682 0.6999999881
27278  36.212  -47.313  -45.976 0.6000000238
27270  35.039  -47.745  -44.483 0.6999999881
28227  35.387  -46.394  -45.001 0.6000000238
28235  36.058  -46.439  -45.851 0.6000000238
155256  34.490  -47.904  -43.900 0.6999999881
30133  35.537  -44.695  -45.532 0.5000000000
34246  34.546  -40.845  -44.706 0.6000000238
33148  34.608  -41.565  -44.784 0.6000000238
34252  35.062  -40.498  -45.472 0.6000000238
35410  35.154  -39.773  -45.568 0.5000000000
37674  35.384  -37.254  -45.811 0.6000000238
38809  35.853  -35.641  -46.416 0.6000000238
148818  36.265  -34.309  -46.703 0.5000000000
29189  34.410  -45.508  -43.920 0.6999999881
29202  35.025  -45.548  -44.775 0.6999999881
31131  34.914  -43.880  -44.931 0.6000000238
142245  34.705  -42.379  -44.858 0.5000000000
35393  34.109  -39.540  -44.001 0.6000000238
36520  34.322  -38.133  -44.213 0.6000000238
148604  34.847  -36.866  -44.784 0.6000000238
41013  36.193  -34.396  -46.410 0.5000000000
142499  34.904  -55.875  -46.322 0.5000000000
20062  35.826  -53.961  -46.755 0.5000000000
19137  35.026  -55.405  -45.076 0.5000000000
19148  35.285  -55.229  -46.080 0.5000000000
20980  36.330  -53.154  -45.985 0.6999999881
135958  35.052  -53.112  -44.430 0.6999999881
148048  35.886  -52.960  -45.238 0.5000000000
20053  35.361  -54.529  -45.461 0.5000000000
23082  36.106  -51.102  -45.366 0.6999999881
23083  35.367  -51.603  -44.590 0.6999999881
24248  35.824  -50.208  -45.042 0.6999999881
142906  31.726  -60.979  -44.228 0.3000000119
30126  31.681  -44.065  -43.796 0.6999999881
28246  31.216  -46.914  -46.253 0.6000000238
32104  32.012  -42.631  -44.309 0.6999999881
34238  31.248  -40.627  -43.251 0.6999999881
21010  35.494  -53.943  -47.134 0.6000000238
32120  34.267  -42.487  -47.225 0.6000000238
36550  32.574  -38.017  -46.715 0.6999999881
38811  31.551  -36.382  -44.831 0.6000000238
38830  32.257  -36.120  -46.459 0.6999999881
139568  31.555  -35.073  -45.828 0.6000000238
154116  33.644  -36.997  -46.686 0.6999999881
41015  31.531  -34.324  -44.454 0.5000000000
42086  31.485  -33.771  -43.945 0.5000000000
42120  34.520  -33.749  -46.985 0.5000000000
134536  35.967  -44.337  -46.544 0.5000000000
141326  35.033  -47.011  -44.547 0.6999999881
147666  35.735  -43.561  -46.062 0.5000000000
37665  34.834  -37.636  -44.908 0.6000000238
38810  35.474  -36.359  -45.601 0.6000000238
29201  35.673  -45.674  -45.522 0.6000000238
148356  34.581  -40.070  -44.756 0.6000000238
142859  34.417  -44.018  -44.062 0.5000000000
21965  33.833  -52.480  -42.726 0.6000000238
22986  34.472  -51.532  -39.473 0.6000000238
24149  33.531  -50.501  -38.590 0.4000000060
21928  33.472  -52.199  -41.243 0.5000000000
23070  33.971  -51.753  -43.104 0.6000000238
23103  28.846  -52.016  -46.828 0.5000000000
24148  34.461  -50.679  -38.360 0.4000000060
143985  30.618  -50.200  -47.622 0.5000000000
25377  29.077  -50.150  -47.672 0.5000000000
21907  33.791  -52.326  -40.709 0.5000000000
25259  34.507  -49.679  -37.166 0.4000000060
24288  29.894  -50.694  -47.712 0.5000000000
26353  29.207  -48.429  -47.003 0.5000000000
135323  33.580  -51.731  -40.284 0.6000000238
26366  29.582  -48.973  -47.408 0.5000000000
24220  33.343  -50.918  -42.074 0.5000000000
24236  34.474  -50.549  -43.765 0.6000000238
150163  35.591  -49.082  -36.595 0.4000000060
148950  36.029  -48.467  -36.557 0.4000000060
24150  32.655  -50.252  -38.938 0.4000000060
26342  28.117  -48.463  -45.988 0.5000000000
23010  32.762  -50.748  -40.432 0.5000000000
27282  28.831  -48.008  -45.216 0.5000000000
139737  33.564  -50.265  -42.566 0.6000000238
139470  34.095  -50.008  -43.330 0.6000000238
24249  35.212  -50.755  -44.458 0.6000000238
28236  31.106  -46.649  -45.542 0.5000000000
28231  29.895  -46.900  -44.093 0.5000000000
27273  28.646  -47.603  -44.337 0.4000000060
25312  33.087  -50.015  -41.720 0.5000000000
24202  32.823  -50.593  -40.982 0.5000000000
139309  33.329  -48.922  -42.150 0.6000000238
149696  33.780  -48.769  -42.938 0.6000000238
25334  34.340  -49.144  -43.645 0.6000000238
26321  34.161  -48.350  -43.470 0.6000000238
159795  34.925  -49.207  -44.328 0.6000000238
138319  33.607  -49.485  -37.374 0.4000000060
26236  34.532  -48.580  -36.573 0.4000000060
28218  30.127  -45.712  -43.349 0.5000000000
27259  29.196  -47.030  -43.857 0.5000000000
28221  28.083  -46.290  -43.519 0.4000000060
28230  30.561  -46.327  -43.980 0.6000000238
27274  27.951  -47.580  -44.107 0.4000000060
25304  32.576  -50.020  -40.543 0.6000000238
26302  33.060  -48.227  -41.686 0.6000000238
136853  33.263  -47.608  -42.040 0.6000000238
27250  33.560  -47.297  -42.588 0.6000000238
27169  35.638  -47.687  -36.611 0.4000000060
29181  29.733  -45.038  -43.009 0.5000000000
29194  28.563  -45.673  -43.263 0.4000000060
29204  27.019  -45.357  -43.977 0.4000000060
25275  32.316  -49.475  -38.505 0.6000000238
24128  33.100  -49.871  -38.127 0.4000000060
26285  32.182  -48.673  -39.696 0.6000000238
24169  32.645  -50.530  -39.785 0.6000000238
139494  32.438  -49.148  -40.313 0.5000000000
156724  32.650  -46.955  -40.887 0.6000000238
27234  32.469  -47.325  -40.516 0.5000000000
28217  33.869  -46.863  -43.128 0.6000000238
27168  36.525  -47.693  -36.702 0.4000000060
26237  33.843  -48.302  -36.608 0.4000000060
30117  30.274  -44.295  -42.835 0.6000000238
30119  28.530  -44.358  -42.957 0.5000000000
31126  27.976  -43.776  -43.170 0.5000000000
30136  26.788  -44.559  -44.366 0.5000000000
26251  32.090  -47.941  -37.654 0.4000000060
25241  33.285  -48.776  -36.998 0.4000000060
26268  31.813  -48.132  -38.353 0.5000000000
27223  32.136  -47.089  -39.858 0.5000000000
28193  32.429  -46.443  -40.446 0.5000000000
27241  33.209  -46.960  -41.953 0.6000000238
28207  33.518  -46.555  -42.505 0.6000000238
28216  34.176  -46.271  -43.527 0.6000000238
141877  34.810  -46.136  -36.744 0.4000000060
28130  35.232  -46.892  -36.718 0.4000000060
29106  35.239  -45.390  -36.960 0.4000000060
154368  36.289  -45.811  -37.389 0.4000000060
32082  31.057  -42.045  -42.882 0.6000000238
145000  33.884  -46.140  -36.556 0.4000000060
28131  34.291  -46.858  -36.559 0.4000000060
33127  29.554  -41.941  -42.429 0.6000000238
32100  27.879  -42.456  -43.077 0.5000000000
143554  27.503  -43.173  -43.607 0.4000000060
27172  32.831  -47.079  -36.742 0.4000000060
27206  31.754  -47.484  -38.736 0.5000000000
29166  32.468  -45.439  -40.440 0.5000000000
150241  32.780  -45.082  -41.031 0.6000000238
29180  33.526  -45.761  -42.489 0.6000000238
29190  33.897  -45.545  -43.166 0.6000000238
31047  35.266  -43.820  -37.145 0.4000000060
33125  30.871  -41.251  -42.791 0.6000000238
33126  30.428  -41.761  -42.574 0.6000000238
33128  28.490  -41.745  -42.615 0.5000000000
33151  26.845  -41.640  -44.318 0.5000000000
28132  33.024  -46.187  -36.562 0.4000000060
27193  32.201  -47.134  -37.341 0.4000000060
28173  31.677  -46.741  -38.463 0.5000000000
28183  32.071  -45.801  -39.714 0.5000000000
29174  33.211  -45.175  -41.752 0.5000000000
30061  35.659  -44.693  -37.318 0.4000000060
148209  30.100  -41.127  -42.421 0.6000000238
35383  29.244  -39.901  -42.261 0.5000000000
34224  27.931  -40.332  -42.680 0.5000000000
150213  31.704  -46.197  -39.052 0.5000000000
29156  32.142  -44.944  -39.752 0.4000000060
31103  32.914  -43.730  -41.253 0.4000000060
143230  33.352  -44.098  -41.993 0.4000000060
31109  33.624  -43.360  -42.654 0.6000000238
31122  34.447  -43.196  -44.223 0.4000000060
142952  35.675  -43.193  -37.365 0.4000000060
30039  34.647  -44.552  -36.791 0.4000000060
35381  31.025  -39.822  -42.936 0.6000000238
30040  33.667  -44.134  -36.555 0.4000000060
154819  31.117  -38.423  -42.893 0.5000000000
145325  29.765  -39.042  -42.163 0.5000000000
35384  28.308  -39.749  -42.401 0.5000000000
142551  27.578  -39.762  -42.867 0.4000000060
36512  29.312  -38.259  -41.919 0.4000000060
30082  31.620  -44.388  -38.475 0.5000000000
31080  31.801  -43.783  -38.978 0.5000000000
31079  32.184  -43.256  -39.591 0.6000000238
31102  33.252  -43.012  -41.758 0.4000000060
32071  33.222  -42.000  -41.806 0.4000000060
33142  33.943  -41.913  -43.376 0.4000000060
32072  32.882  -42.389  -41.107 0.5000000000
37646  30.555  -37.199  -42.235 0.5000000000
36511  30.375  -38.170  -42.236 0.6000000238
38791  30.621  -36.360  -42.272 0.4000000060
33124  33.530  -41.496  -42.526 0.5000000000
149954  34.318  -41.923  -44.158 0.5000000000
33097  32.557  -41.280  -40.227 0.5000000000
32060  32.522  -42.675  -40.324 0.5000000000
33109  32.864  -41.582  -41.081 0.5000000000
33108  33.193  -41.076  -41.726 0.5000000000
30062  34.381  -43.561  -36.717 0.4000000060
38800  34.260  -36.438  -43.795 0.5000000000
35394  33.737  -40.089  -43.217 0.4000000060
34237  33.824  -40.974  -43.236 0.5000000000
140304  32.785  -40.753  -40.940 0.5000000000
34193  32.571  -40.521  -40.239 0.5000000000
150936  30.593  -35.547  -42.274 0.4000000060
37657  34.288  -37.342  -44.013 0.4000000060
37658  33.796  -37.927  -43.390 0.4000000060
36521  33.901  -38.728  -43.644 0.5000000000
152434  33.700  -39.330  -43.198 0.5000000000
35380  33.439  -39.631  -42.477 0.5000000000
36509  33.501  -38.654  -42.688 0.5000000000
34205  33.080  -40.056  -41.588 0.5000000000
155260  32.924  -38.616  -41.275 0.5000000000
36493  33.190  -38.216  -41.841 0.4000000060
151283  31.058  -46.396  -44.763 0.5000000000
155393  30.418  -45.046  -43.184 0.6000000238
27292  29.883  -47.844  -46.464 0.6000000238
31110  31.121  -42.884  -42.906 0.6000000238
142661  29.812  -51.591  -47.584 0.5000000000
37645  31.229  -36.730  -42.842 0.5000000000
30125  34.107  -44.636  -43.465 0.6000000238
32098  33.966  -42.834  -43.346 0.4000000060
26341  29.018  -48.194  -46.272 0.5000000000
27281  29.706  -47.655  -45.553 0.5000000000
27271  30.377  -47.013  -44.858 0.5000000000
28220  28.889  -46.388  -43.451 0.4000000060
28232  27.367  -46.078  -43.718 0.4000000060
25276  31.934  -48.869  -38.825 0.6000000238
30118  29.325  -44.346  -42.772 0.6000000238
30128  27.854  -44.366  -43.348 0.4000000060
160529  33.513  -46.751  -36.552 0.4000000060
32083  30.402  -42.487  -42.586 0.6000000238
31112  29.677  -43.710  -42.627 0.6000000238
154778  28.154  -43.138  -42.940 0.5000000000
31134  26.626  -43.950  -44.694 0.5000000000
29205  26.345  -45.169  -44.702 0.5000000000
32101  27.143  -42.420  -43.962 0.5000000000
150949  29.866  -40.438  -42.344 0.5000000000
33129  27.573  -41.551  -43.313 0.5000000000
143858  28.221  -40.953  -42.667 0.5000000000
30104  32.540  -44.541  -40.530 0.5000000000
153526  27.641  -40.794  -43.077 0.5000000000
146106  31.552  -45.038  -37.958 0.5000000000
136894  30.667  -39.057  -42.568 0.6000000238
32081  33.572  -42.435  -42.581 0.3000000119
37644  33.471  -37.669  -42.523 0.4000000060
8056  34.067  -67.992  -46.598 0.3000000119
9601  34.536  -66.977  -46.264 0.3000000119
157131  34.433  -67.644  -46.298 0.3000000119
9568  34.373  -66.193  -44.145 0.3000000119
143851  34.521  -66.674  -45.491 0.3000000119
9567  35.308  -66.436  -44.167 0.3000000119
9543  33.378  -65.836  -42.201 0.3000000119
9555  33.870  -66.006  -43.276 0.3000000119
10385  36.507  -65.618  -41.477 0.3000000119
9554  35.436  -66.123  -43.394 0.3000000119
155645  35.050  -65.220  -41.991 0.3000000119
10372  34.238  -64.945  -41.327 0.3000000119
10403  35.730  -65.459  -41.905 0.3000000119
138211  37.806  -64.386  -40.904 0.3000000119
11213  36.693  -64.512  -41.072 0.3000000119
11214  35.576  -64.365  -40.958 0.4000000060
11215  34.581  -64.412  -40.700 0.4000000060
11978  34.304  -63.532  -39.394 0.4000000060
11962  34.064  -62.953  -38.853 0.3000000119
13566  37.990  -61.137  -39.526 0.3000000119
134245  37.386  -61.800  -39.641 0.4000000060
11976  36.657  -62.413  -39.717 0.4000000060
12001  34.887  -63.851  -40.157 0.4000000060
13565  39.036  -61.602  -40.007 0.3000000119
12744  34.644  -62.368  -38.794 0.4000000060
156770  40.225  -60.202  -39.547 0.4000000060
151617  39.511  -60.401  -39.586 0.4000000060
14394  34.467  -60.566  -38.819 0.3000000119
143613  38.020  -60.295  -39.429 0.4000000060
13567  36.475  -61.528  -39.181 0.4000000060
15302  39.561  -59.544  -39.712 0.4000000060
15289  35.798  -59.879  -39.074 0.5000000000
13553  35.668  -61.246  -38.816 0.4000000060
15423  32.738  -59.347  -46.252 0.5000000000
16241  40.863  -58.953  -40.081 0.4000000060
144852  34.936  -61.071  -38.660 0.4000000060
13655  32.799  -62.041  -44.647 0.3000000119
146870  34.227  -62.107  -45.871 0.4000000060
14435  33.885  -60.471  -41.530 0.3000000119
22009  29.610  -52.188  -46.821 0.4000000060
21991  29.492  -51.953  -46.137 0.4000000060
19162  34.716  -55.221  -46.955 0.4000000060
19155  34.636  -55.825  -46.650 0.4000000060
18252  33.722  -56.372  -47.033 0.4000000060
15303  38.567  -59.684  -39.594 0.4000000060
14409  37.426  -60.368  -39.299 0.3000000119
14410  36.699  -60.022  -39.166 0.5000000000
17301  34.017  -57.423  -46.697 0.4000000060
16371  33.014  -58.506  -46.657 0.4000000060
16242  39.854  -58.916  -40.094 0.4000000060
147364  33.436  -61.045  -46.035 0.4000000060
15306  35.410  -59.360  -39.486 0.4000000060
14529  34.635  -60.966  -46.540 0.5000000000
15307  34.565  -59.523  -39.637 0.5000000000
13668  35.470  -62.320  -46.205 0.4000000060
13654  33.644  -62.232  -44.995 0.4000000060
15339  34.525  -59.803  -41.264 0.3000000119
149963  34.042  -62.201  -44.338 0.4000000060
23141  28.747  -51.599  -47.459 0.4000000060
20078  35.511  -54.322  -46.904 0.4000000060
16268  39.269  -58.510  -40.647 0.4000000060
16244  37.934  -58.932  -39.903 0.4000000060
154860  34.235  -58.216  -46.443 0.4000000060
16369  34.230  -59.107  -46.392 0.5000000000
16269  38.329  -58.552  -40.543 0.4000000060
145920  37.132  -58.889  -39.810 0.4000000060
15421  34.241  -60.053  -46.401 0.5000000000
16289  39.780  -58.437  -41.472 0.4000000060
16290  38.786  -58.497  -41.375 0.4000000060
16291  37.849  -58.539  -41.221 0.4000000060
16292  36.949  -58.582  -41.041 0.5000000000
15337  36.518  -59.137  -41.647 0.5000000000
16351  34.821  -58.689  -46.226 0.4000000060
15407  35.046  -59.966  -46.380 0.5000000000
16306  41.194  -58.745  -42.875 0.4000000060
15355  36.029  -59.854  -42.176 0.5000000000
14513  35.038  -61.848  -46.530 0.4000000060
15356  35.186  -59.890  -41.829 0.4000000060
14471  35.905  -61.615  -43.629 0.4000000060
13634  34.880  -62.046  -43.972 0.4000000060
13652  36.037  -62.373  -45.473 0.4000000060
143500  34.796  -56.626  -45.863 0.4000000060
19119  34.900  -55.845  -44.121 0.3000000119
16309  38.396  -58.911  -42.120 0.4000000060
15336  37.431  -59.017  -41.896 0.4000000060
17283  35.102  -58.121  -45.602 0.4000000060
17251  41.669  -57.844  -44.134 0.4000000060
16307  40.346  -58.817  -42.507 0.4000000060
133850  36.992  -59.825  -42.509 0.5000000000
14449  37.615  -60.753  -43.397 0.5000000000
16350  35.719  -59.052  -45.990 0.5000000000
15406  36.213  -60.364  -46.502 0.4000000060
16317  41.180  -58.855  -44.148 0.4000000060
14450  36.528  -60.746  -43.005 0.4000000060
14512  36.115  -61.931  -46.563 0.4000000060
13632  36.603  -62.157  -44.706 0.4000000060
14511  37.023  -61.753  -46.300 0.4000000060
20040  34.732  -54.973  -44.030 0.4000000060
15353  40.001  -59.698  -43.371 0.4000000060
15368  39.578  -60.569  -44.086 0.4000000060
17256  35.264  -57.422  -44.729 0.3000000119
16318  40.613  -59.559  -44.593 0.4000000060
14488  39.623  -60.647  -45.030 0.4000000060
15369  38.683  -60.746  -43.759 0.4000000060
14469  38.198  -61.564  -44.457 0.5000000000
151333  41.050  -58.263  -44.901 0.4000000060
17266  40.453  -58.029  -45.264 0.4000000060
14489  38.327  -61.550  -45.444 0.4000000060
14510  37.873  -61.434  -46.057 0.4000000060
148306  37.255  -60.632  -46.465 0.4000000060
20969  34.821  -54.010  -44.284 0.4000000060
14468  39.040  -61.189  -44.780 0.4000000060
10392  28.498  -65.700  -41.524 0.3000000119
11212  37.490  -65.153  -40.981 0.3000000119
151932  38.835  -63.043  -40.612 0.3000000119
135654  39.576  -61.195  -39.781 0.4000000060
153798  41.330  -58.584  -40.586 0.4000000060
16267  40.279  -58.502  -40.660 0.4000000060
16287  42.861  -58.181  -41.506 0.4000000060
17241  42.244  -57.800  -43.176 0.4000000060
18206  35.074  -56.591  -44.297 0.3000000119
17264  41.927  -56.879  -44.415 0.4000000060
152279  34.716  -55.443  -43.291 0.4000000060
18205  35.420  -56.876  -43.692 0.4000000060
17255  35.901  -57.640  -44.125 0.4000000060
18222  40.834  -56.863  -44.977 0.4000000060
16329  39.978  -58.951  -45.598 0.4000000060
15403  39.472  -59.586  -45.770 0.4000000060
15404  38.874  -60.056  -46.137 0.4000000060
16332  37.204  -58.930  -45.573 0.3000000119
16349  36.777  -59.629  -46.101 0.4000000060
18223  40.011  -57.325  -45.137 0.4000000060
14530  33.827  -60.594  -46.305 0.4000000060
20970  34.256  -53.367  -43.274 0.4000000060
148354  33.774  -66.617  -46.592 0.3000000119
8800  35.045  -67.170  -45.226 0.3000000119
9569  33.114  -66.361  -43.709 0.3000000119
149155  28.199  -66.332  -42.816 0.3000000119
10391  29.339  -65.843  -41.307 0.3000000119
141474  34.939  -65.961  -43.707 0.3000000119
11231  36.855  -65.213  -41.299 0.3000000119
10404  35.308  -65.666  -42.580 0.4000000060
152108  36.793  -63.806  -40.698 0.3000000119
12783  37.846  -62.721  -40.352 0.3000000119
11977  36.197  -63.130  -40.047 0.4000000060
12761  35.613  -62.485  -39.262 0.4000000060
13583  39.949  -62.097  -40.101 0.3000000119
15300  41.583  -59.631  -39.621 0.4000000060
16245  36.502  -58.688  -40.198 0.4000000060
15322  35.064  -59.272  -40.762 0.5000000000
14452  34.484  -60.719  -42.234 0.3000000119
16271  35.704  -58.921  -40.476 0.5000000000
16288  41.899  -58.382  -42.116 0.4000000060
14490  37.558  -62.064  -45.077 0.4000000060
15405  38.102  -60.778  -46.262 0.4000000060
20914  34.909  -53.350  -40.882 0.4000000060
20915  34.206  -52.968  -40.980 0.4000000060
21878  35.814  -51.937  -39.795 0.4000000060
22985  35.311  -51.578  -39.352 0.3000000119
21906  34.509  -52.551  -40.468 0.5000000000
20938  33.780  -52.794  -41.425 0.4000000060
20954  33.866  -53.135  -42.216 0.4000000060
24162  44.368  -49.687  -41.145 0.3000000119
141067  43.646  -49.741  -41.851 0.3000000119
25254  39.477  -49.481  -37.725 0.3000000119
24123  38.222  -50.265  -37.846 0.3000000119
25237  37.229  -49.276  -36.798 0.3000000119
25258  35.555  -49.749  -37.002 0.3000000119
24163  42.465  -49.522  -40.443 0.3000000119
24141  41.751  -49.491  -39.546 0.3000000119
25253  40.482  -49.165  -38.091 0.3000000119
24161  44.902  -49.501  -40.144 0.3000000119
25291  44.664  -49.158  -40.265 0.3000000119
25236  38.114  -49.073  -36.908 0.3000000119
26233  37.555  -48.618  -36.710 0.3000000119
141910  39.864  -48.771  -37.551 0.3000000119
26249  38.986  -48.995  -37.205 0.3000000119
26266  43.814  -48.422  -38.937 0.3000000119
25252  42.042  -48.569  -38.570 0.3000000119
27190  40.170  -47.058  -37.409 0.3000000119
26248  41.963  -47.925  -38.120 0.3000000119
28153  40.881  -46.473  -37.641 0.3000000119
25271  44.655  -48.809  -39.468 0.3000000119
27166  38.464  -47.713  -36.899 0.3000000119
28127  37.841  -46.931  -37.064 0.3000000119
29133  36.656  -45.558  -37.620 0.3000000119
148566  43.377  -47.316  -38.173 0.3000000119
27191  39.362  -47.440  -37.189 0.3000000119
29149  37.862  -45.370  -38.254 0.3000000119
134177  41.366  -45.791  -37.814 0.3000000119
149421  40.372  -45.910  -37.760 0.3000000119
28154  38.965  -46.244  -37.597 0.3000000119
145005  39.005  -45.100  -38.648 0.3000000119
30060  36.480  -44.914  -37.741 0.3000000119
30059  37.246  -45.261  -38.003 0.3000000119
30081  37.067  -44.450  -38.131 0.3000000119
32010  36.325  -42.933  -37.702 0.3000000119
32011  35.638  -42.303  -37.257 0.3000000119
139581  36.448  -42.039  -37.648 0.3000000119
160376  35.976  -41.572  -37.338 0.3000000119
33045  35.356  -41.416  -36.956 0.3000000119
144216  36.070  -51.532  -39.335 0.3000000119
21879  34.892  -52.049  -39.870 0.4000000060
25257  36.700  -49.991  -37.192 0.3000000119
28128  36.983  -46.915  -37.008 0.3000000119
20913  35.933  -53.208  -40.712 0.5000000000
25292  43.935  -49.249  -40.742 0.3000000119
26231  39.260  -48.241  -37.140 0.3000000119
24122  39.075  -50.163  -38.005 0.3000000119
24124  37.406  -50.389  -37.801 0.3000000119
150145  36.704  -50.536  -37.900 0.3000000119
25273  41.118  -49.370  -38.765 0.3000000119
25272  42.736  -48.898  -39.205 0.3000000119
150198  38.047  -48.346  -36.764 0.3000000119
155469  40.839  -48.522  -37.943 0.3000000119
29130  40.570  -45.365  -38.086 0.3000000119
132836  39.902  -44.587  -39.378 0.3000000119
27192  38.675  -46.870  -37.205 0.3000000119
29129  42.536  -45.703  -37.879 0.3000000119
29132  38.456  -45.642  -38.063 0.3000000119
17254  36.780  -57.650  -44.007 0.3000000119
17269  37.452  -58.285  -44.847 0.4000000060
19097  38.768  -55.456  -43.140 0.4000000060
18179  38.084  -56.193  -43.138 0.4000000060
18204  36.134  -56.991  -43.374 0.3000000119
20027  38.263  -54.836  -42.471 0.4000000060
20026  38.989  -54.637  -42.875 0.3000000119
18180  36.384  -56.324  -42.725 0.4000000060
138983  37.917  -55.544  -42.649 0.4000000060
20934  38.285  -53.188  -41.797 0.3000000119
19098  35.910  -55.770  -42.307 0.3000000119
158571  36.621  -55.695  -42.310 0.4000000060
20009  37.817  -54.183  -41.955 0.4000000060
20012  35.229  -54.634  -41.636 0.3000000119
20011  35.989  -54.616  -41.485 0.4000000060
20912  36.927  -52.919  -40.906 0.4000000060
19099  35.239  -55.669  -42.457 0.3000000119
20013  34.579  -54.560  -42.041 0.3000000119
20953  34.218  -53.978  -42.520 0.3000000119
19100  34.751  -55.305  -42.631 0.3000000119
20010  36.871  -54.458  -41.632 0.4000000060
18203  37.242  -56.865  -43.331 0.4000000060
14407  40.399  -61.214  -39.618 0.3000000119
17268  39.149  -58.577  -45.621 0.3000000119
11942  40.340  -62.723  -38.077 0.3000000119
11958  40.298  -63.022  -38.947 0.3000000119
13564  41.203  -61.312  -39.197 0.3000000119
142269  41.089  -60.458  -39.445 0.3000000119
18202  38.422  -56.908  -43.907 0.3000000119
17267  39.738  -58.254  -45.527 0.3000000119
13542  42.040  -61.284  -37.235 0.3000000119
14392  42.448  -60.625  -38.280 0.3000000119
14386  42.453  -60.647  -37.504 0.3000000119
135227  42.686  -59.581  -39.347 0.3000000119
157887  42.330  -58.692  -40.454 0.3000000119
17252  39.052  -57.637  -44.990 0.3000000119
16202  40.881  -59.128  -36.615 0.3000000119
14385  42.676  -59.881  -37.185 0.3000000119
15270  41.971  -59.577  -36.752 0.3000000119
14405  42.952  -59.864  -38.565 0.3000000119
14391  43.034  -59.960  -37.832 0.3000000119
151635  43.142  -58.924  -39.807 0.3000000119
17154  42.148  -57.818  -37.775 0.3000000119
17153  42.966  -57.734  -38.134 0.3000000119
16238  43.834  -57.694  -38.840 0.3000000119
16223  43.485  -57.828  -38.402 0.3000000119
16286  43.678  -57.820  -41.035 0.3000000119
17240  42.984  -57.365  -42.596 0.3000000119
17155  41.057  -57.816  -37.508 0.3000000119
16265  44.024  -57.532  -40.250 0.3000000119
17192  44.004  -57.165  -39.419 0.3000000119
17239  43.902  -56.820  -41.894 0.3000000119
18201  39.418  -56.705  -44.486 0.3000000119
17172  41.543  -57.355  -38.083 0.3000000119
18104  43.127  -56.890  -38.755 0.3000000119
17193  43.839  -56.971  -39.043 0.3000000119
18157  44.119  -56.379  -41.146 0.3000000119
18200  42.729  -56.243  -43.796 0.3000000119
153600  41.259  -56.264  -44.787 0.3000000119
19136  40.294  -56.379  -44.698 0.3000000119
20039  39.741  -54.823  -43.560 0.3000000119
16331  38.379  -59.049  -45.781 0.3000000119
18125  42.331  -56.503  -39.469 0.3000000119
158399  44.058  -56.426  -40.546 0.3000000119
18178  43.347  -56.513  -42.821 0.3000000119
18220  42.238  -55.935  -44.509 0.3000000119
14406  42.062  -60.460  -39.062 0.3000000119
13550  41.985  -61.315  -38.023 0.3000000119
13551  41.236  -61.885  -38.746 0.3000000119
8042  34.865  -67.403  -45.440 0.3000000119
8055  34.651  -67.337  -45.863 0.3000000119
9584  35.000  -66.676  -44.952 0.3000000119
9600  34.918  -66.919  -45.641 0.3000000119
10363  38.198  -65.005  -40.512 0.3000000119
10386  35.243  -64.842  -41.480 0.3000000119
10387  34.427  -65.439  -42.150 0.3000000119
10405  34.721  -65.764  -42.974 0.3000000119
10406  28.185  -65.936  -42.126 0.3000000119
11200  33.978  -64.047  -39.780 0.4000000060
11232  36.133  -64.958  -41.471 0.3000000119
11999  37.303  -63.349  -40.531 0.3000000119
12000  35.863  -63.752  -40.471 0.4000000060
12742  40.800  -62.405  -38.358 0.3000000119
12743  35.173  -61.758  -38.748 0.4000000060
12760  38.423  -62.117  -40.159 0.3000000119
12762  35.081  -63.179  -39.490 0.4000000060
12782  39.299  -62.522  -40.370 0.3000000119
13552  36.169  -60.665  -38.940 0.4000000060
13554  34.203  -61.395  -38.643 0.3000000119
13568  35.927  -61.917  -39.087 0.4000000060
13633  35.648  -62.189  -44.565 0.4000000060
13650  37.413  -61.943  -45.806 0.4000000060
13651  36.945  -62.260  -45.542 0.4000000060
13653  34.796  -62.330  -45.180 0.4000000060
13667  36.564  -62.197  -46.148 0.4000000060
13669  33.427  -61.612  -45.730 0.4000000060
14393  35.300  -60.505  -38.815 0.4000000060
14408  38.760  -60.732  -39.586 0.4000000060
14411  34.052  -60.088  -39.268 0.5000000000
14451  35.491  -60.655  -42.641 0.3000000119
14470  37.143  -61.666  -43.992 0.4000000060
14491  32.737  -61.605  -45.105 0.3000000119
14492  32.196  -60.802  -44.945 0.5000000000
14509  38.664  -60.928  -45.918 0.4000000060
14514  34.101  -61.464  -46.235 0.5000000000
14515  32.851  -60.970  -45.622 0.4000000060
14526  37.429  -61.274  -46.347 0.4000000060
14527  36.677  -61.345  -46.579 0.4000000060
14528  35.648  -61.228  -46.667 0.4000000060
14531  33.097  -60.277  -46.094 0.4000000060
15280  43.475  -58.597  -38.118 0.3000000119
15281  43.189  -59.126  -37.649 0.3000000119
15282  42.524  -59.120  -37.193 0.3000000119
15287  43.611  -58.442  -38.622 0.3000000119
15288  43.416  -59.235  -38.225 0.3000000119
15290  34.897  -59.900  -39.053 0.4000000060
15299  43.472  -59.113  -38.962 0.3000000119
15301  40.525  -59.528  -39.715 0.4000000060
15304  37.430  -59.537  -39.522 0.4000000060
15305  36.387  -59.267  -39.544 0.5000000000
15338  35.653  -59.247  -41.313 0.5000000000
15354  38.031  -59.804  -42.787 0.5000000000
15367  40.209  -60.149  -44.368 0.4000000060
15384  40.049  -59.822  -45.305 0.4000000060
15385  39.308  -60.375  -45.675 0.4000000060
15422  33.511  -59.459  -46.413 0.5000000000
15424  32.248  -59.181  -45.795 0.6000000238
16211  42.642  -58.408  -37.621 0.3000000119
16212  41.692  -58.545  -37.152 0.3000000119
16239  43.778  -58.149  -39.413 0.3000000119
16240  41.959  -59.070  -40.025 0.4000000060
16243  38.880  -58.953  -40.045 0.4000000060
16246  35.795  -58.929  -39.870 0.5000000000
16247  35.093  -59.075  -40.042 0.5000000000
16266  43.297  -58.344  -40.531 0.3000000119
16270  37.432  -58.589  -40.386 0.4000000060
16293  36.227  -58.773  -40.919 0.5000000000
16304  42.500  -58.011  -42.384 0.3000000119
16305  41.781  -58.342  -43.170 0.4000000060
16308  39.376  -58.846  -42.310 0.4000000060
16319  40.666  -59.411  -43.668 0.4000000060
16328  40.575  -58.957  -45.118 0.4000000060
16330  39.185  -59.284  -45.871 0.4000000060
16333  36.368  -58.781  -45.472 0.4000000060
16347  39.538  -58.951  -45.734 0.3000000119
16348  37.865  -59.878  -46.259 0.4000000060
16370  33.670  -58.345  -46.625 0.4000000060
17169  43.752  -57.296  -38.778 0.3000000119
17170  43.421  -57.317  -38.527 0.3000000119
17171  42.654  -57.332  -38.231 0.3000000119
17209  44.133  -56.766  -40.351 0.3000000119
17223  44.151  -57.161  -41.063 0.3000000119
17224  43.409  -57.610  -41.754 0.3000000119
17250  42.455  -57.134  -43.528 0.3000000119
17253  37.839  -57.632  -44.287 0.3000000119
17265  41.195  -57.414  -44.899 0.4000000060
17270  36.535  -58.253  -44.732 0.3000000119
17271  35.733  -58.265  -44.993 0.3000000119
17272  34.813  -57.305  -45.688 0.4000000060
17273  31.862  -57.504  -44.728 0.5000000000
17284  34.535  -57.747  -46.209 0.4000000060
17302  33.501  -56.958  -47.046 0.4000000060
17304  32.270  -57.705  -46.302 0.6000000238
18143  42.821  -56.064  -40.155 0.3000000119
18181  35.555  -56.351  -42.895 0.3000000119
18182  34.984  -56.094  -43.230 0.3000000119
18199  43.500  -55.648  -43.189 0.3000000119
18221  41.477  -56.510  -44.737 0.3000000119
18224  34.935  -56.136  -45.350 0.3000000119
18235  34.490  -56.722  -46.369 0.5000000000
18236  31.859  -56.813  -45.456 0.5000000000
18242  34.131  -56.527  -46.773 0.4000000060
18243  32.051  -56.984  -46.291 0.5000000000
18251  34.232  -55.983  -46.877 0.4000000060
19064  44.010  -56.127  -40.836 0.3000000119
19080  37.297  -55.165  -42.156 0.4000000060
19081  36.362  -55.209  -41.879 0.4000000060
19082  35.580  -55.213  -41.907 0.3000000119
19083  35.019  -55.110  -42.083 0.3000000119
19116  40.500  -55.412  -44.365 0.3000000119
19117  39.593  -55.829  -44.002 0.3000000119
19118  38.857  -56.221  -43.689 0.3000000119
19138  31.708  -55.250  -44.996 0.5000000000
19149  31.753  -55.521  -45.795 0.4000000060
19156  32.857  -56.475  -47.131 0.5000000000
19157  32.279  -55.881  -46.844 0.4000000060
20028  34.480  -54.780  -42.929 0.3000000119
20054  31.611  -54.357  -44.775 0.4000000060
20063  35.641  -54.448  -46.448 0.5000000000
20070  35.261  -54.891  -46.665 0.5000000000
20071  31.788  -54.278  -46.564 0.4000000060
20080  33.792  -54.814  -47.282 0.4000000060
20081  32.680  -54.491  -47.230 0.4000000060
20935  37.367  -53.520  -41.438 0.4000000060
20936  36.425  -53.808  -41.192 0.5000000000
20937  35.537  -53.978  -41.202 0.4000000060
20952  38.794  -53.865  -42.426 0.3000000119
20981  35.644  -53.612  -45.298 0.5000000000
20989  36.217  -53.330  -46.569 0.4000000060
20990  35.947  -53.778  -46.285 0.5000000000
20991  31.391  -53.424  -46.196 0.4000000060
21000  35.993  -53.640  -46.822 0.4000000060
21013  32.427  -53.754  -47.244 0.4000000060
21880  34.130  -51.945  -40.072 0.5000000000
21905  35.391  -52.585  -40.287 0.4000000060
21949  33.545  -52.360  -41.880 0.4000000060
21964  34.544  -52.291  -43.805 0.6999999881
21975  36.270  -52.497  -45.672 0.6999999881
21976  35.587  -52.385  -44.807 0.6999999881
22006  36.196  -53.039  -46.586 0.6999999881
22007  31.066  -52.519  -47.180 0.4000000060
22019  35.859  -53.261  -47.046 0.6000000238
22024  29.360  -51.941  -47.215 0.5000000000
22966  35.788  -51.208  -38.881 0.3000000119
22967  34.907  -51.159  -38.879 0.3000000119
22968  34.024  -51.035  -39.047 0.6000000238
22987  33.700  -51.411  -39.711 0.6000000238
22988  33.056  -51.231  -40.150 0.5000000000
23009  33.309  -51.740  -40.776 0.5000000000
23028  33.282  -51.600  -41.488 0.5000000000
23029  32.979  -51.171  -40.853 0.5000000000
23052  33.547  -51.713  -42.344 0.6000000238
23069  34.508  -51.303  -43.780 0.6000000238
23102  36.347  -51.894  -45.900 0.6999999881
23122  28.332  -51.871  -47.198 0.4000000060
23135  35.908  -52.482  -46.788 0.6999999881
23136  35.136  -51.929  -46.962 0.5000000000
23137  33.965  -52.315  -47.182 0.5000000000
23139  31.761  -51.741  -47.532 0.6000000238
23140  30.882  -51.833  -47.564 0.6000000238
24125  35.933  -50.404  -37.689 0.3000000119
24126  34.962  -50.289  -37.663 0.4000000060
24127  34.001  -50.161  -37.801 0.4000000060
24144  38.565  -50.600  -38.602 0.3000000119
24145  37.191  -50.862  -38.620 0.3000000119
24146  36.285  -50.854  -38.418 0.3000000119
24168  33.192  -50.855  -39.360 0.4000000060
24182  43.214  -49.557  -41.244 0.3000000119
24201  33.063  -50.881  -41.408 0.5000000000
24237  33.855  -50.931  -42.986 0.6000000238
24275  36.163  -50.639  -46.165 0.6999999881
24283  35.487  -50.387  -46.645 0.5000000000
24285  33.278  -50.908  -47.297 0.6000000238
25238  36.328  -49.260  -36.682 0.3000000119
25239  34.910  -49.155  -36.682 0.4000000060
25240  34.087  -49.058  -36.781 0.4000000060
25255  38.598  -49.648  -37.453 0.3000000119
25256  37.715  -49.798  -37.264 0.3000000119
25260  32.743  -49.176  -37.672 0.4000000060
25274  39.960  -49.821  -38.353 0.3000000119
25293  32.286  -49.652  -39.465 0.6000000238
25313  32.782  -49.094  -41.210 0.6000000238
25324  33.666  -49.478  -42.737 0.6000000238
25333  34.883  -49.853  -44.252 0.6000000238
25344  35.577  -49.340  -44.850 0.6999999881
25360  35.962  -49.628  -46.445 0.6999999881
25376  30.122  -49.664  -47.561 0.6000000238
26232  38.579  -48.491  -36.934 0.3000000119
26234  36.866  -48.521  -36.630 0.3000000119
26235  35.220  -48.486  -36.534 0.4000000060
26238  33.081  -47.980  -36.805 0.4000000060
26250  32.591  -48.405  -37.344 0.4000000060
26267  32.040  -48.749  -38.011 0.4000000060
26286  31.873  -48.126  -39.127 0.5000000000
26295  32.552  -48.241  -40.679 0.5000000000
26311  33.571  -48.108  -42.604 0.6000000238
26332  34.955  -48.606  -44.376 0.6999999881
26340  36.346  -48.757  -45.990 0.6000000238
26351  35.907  -48.817  -46.824 0.6999999881
26352  30.137  -48.148  -47.082 0.6999999881
26362  33.635  -48.296  -47.326 0.8000000119
27167  37.472  -47.798  -36.738 0.3000000119
27170  34.636  -47.754  -36.511 0.4000000060
27171  33.666  -47.469  -36.566 0.4000000060
27194  31.768  -47.347  -37.973 0.5000000000
27242  32.851  -47.427  -41.327 0.6000000238
27257  34.439  -47.125  -43.869 0.6999999881
27258  33.977  -47.619  -43.270 0.6000000238
27260  28.373  -47.024  -43.726 0.4000000060
27269  35.678  -47.369  -45.214 0.6999999881
27272  29.474  -47.431  -44.594 0.5000000000
27280  30.508  -47.265  -45.907 0.5000000000
27288  36.236  -48.022  -46.361 0.6999999881
27290  31.500  -47.213  -46.759 0.6000000238
27293  36.202  -47.546  -46.875 0.6000000238
27294  36.012  -47.466  -47.189 0.6999999881
27295  35.287  -47.308  -47.395 0.6999999881
27298  32.078  -47.605  -47.141 0.6000000238
28129  36.132  -46.883  -36.949 0.4000000060
28152  42.546  -46.486  -37.843 0.3000000119
28155  38.135  -46.272  -37.557 0.3000000119
28156  37.375  -46.282  -37.453 0.3000000119
28157  36.615  -46.167  -37.352 0.3000000119
28158  35.788  -46.099  -37.087 0.4000000060
28160  31.798  -46.506  -37.671 0.4000000060
28184  31.812  -46.928  -39.206 0.5000000000
28199  33.214  -46.160  -41.857 0.6000000238
28200  32.843  -46.634  -41.300 0.6000000238
28219  29.691  -46.395  -43.579 0.5000000000
28228  34.686  -46.321  -44.277 0.6999999881
28243  36.232  -46.238  -46.637 0.6000000238
28247  36.171  -47.020  -47.077 0.6000000238
29107  34.318  -45.423  -36.648 0.4000000060
29108  33.419  -45.465  -36.536 0.4000000060
29131  39.530  -45.650  -37.977 0.3000000119
29134  36.034  -45.430  -37.396 0.4000000060
29147  39.873  -45.066  -38.494 0.3000000119
29148  38.298  -45.198  -38.494 0.3000000119
29150  31.583  -45.901  -38.221 0.5000000000
29157  31.661  -45.261  -38.924 0.5000000000
29175  32.785  -45.817  -41.156 0.5000000000
29182  28.948  -45.041  -42.965 0.6000000238
29191  31.636  -44.934  -44.064 0.6999999881
29193  29.330  -45.725  -43.222 0.5000000000
29195  27.782  -45.525  -43.492 0.4000000060
29214  36.124  -46.370  -47.073 0.6999999881
29215  36.049  -45.518  -47.049 0.6999999881
29216  32.845  -45.287  -46.621 0.6000000238
30064  31.668  -44.196  -37.669 0.5000000000
30094  32.206  -44.113  -39.743 0.4000000060
30095  31.818  -44.494  -39.178 0.5000000000
30112  32.907  -44.452  -41.254 0.4000000060
30116  33.613  -44.880  -42.613 0.6000000238
30127  31.053  -44.633  -43.312 0.6999999881
30129  27.457  -44.770  -43.693 0.4000000060
30146  35.986  -44.592  -47.022 0.6000000238
30150  35.290  -44.471  -47.317 0.5000000000
30151  34.395  -43.996  -47.182 0.5000000000
31046  36.188  -43.954  -37.717 0.4000000060
31090  32.543  -43.644  -40.500 0.5000000000
31111  30.401  -43.359  -42.660 0.6000000238
31113  28.830  -43.569  -42.689 0.5000000000
31123  34.043  -43.687  -43.397 0.4000000060
31125  31.099  -43.765  -43.044 0.6000000238
31127  27.242  -43.958  -43.939 0.5000000000
31132  32.318  -42.790  -45.224 0.6999999881
31145  33.324  -42.929  -46.837 0.6000000238
31147  35.622  -43.362  -47.219 0.6000000238
31148  34.923  -43.242  -47.371 0.6000000238
31995  34.992  -42.933  -36.930 0.3000000119
32031  37.044  -42.558  -38.049 0.3000000119
32084  29.586  -42.951  -42.525 0.6000000238
32085  28.723  -42.636  -42.602 0.5000000000
32097  34.268  -42.449  -43.948 0.4000000060
32105  26.765  -43.237  -44.558 0.5000000000
32116  35.447  -41.826  -47.107 0.6000000238
33028  34.763  -42.043  -36.758 0.4000000060
33043  37.172  -40.775  -37.918 0.3000000119
33141  34.201  -41.288  -44.004 0.6000000238
33143  31.499  -41.493  -43.522 0.6999999881
33149  32.222  -41.292  -45.382 0.6999999881
33154  35.448  -40.968  -46.281 0.6000000238
33156  32.421  -41.139  -46.157 0.6999999881
33162  33.176  -41.440  -46.826 0.6000000238
33163  32.726  -41.721  -46.503 0.6000000238
33164  34.975  -41.680  -47.369 0.6000000238
33165  33.922  -41.569  -47.126 0.6000000238
34220  33.470  -40.558  -42.450 0.5000000000
34221  30.571  -40.501  -42.630 0.6000000238
34222  29.154  -40.917  -42.362 0.5000000000
34223  28.576  -40.362  -42.442 0.5000000000
34236  34.130  -40.475  -43.965 0.6000000238
34239  27.457  -40.318  -43.187 0.4000000060
34247  31.926  -40.625  -44.852 0.6999999881
34259  35.428  -40.265  -46.706 0.6000000238
34261  35.240  -40.267  -47.035 0.6000000238
34262  34.781  -40.180  -47.161 0.6000000238
34263  33.827  -40.061  -47.016 0.6000000238
34264  33.200  -39.602  -46.861 0.6000000238
35382  30.207  -39.790  -42.391 0.6000000238
35402  34.738  -39.264  -44.914 0.6000000238
35409  35.379  -39.628  -46.316 0.6000000238
35415  32.604  -39.456  -46.715 0.6000000238
36510  31.186  -37.635  -42.863 0.5000000000
36529  34.916  -38.393  -45.122 0.6000000238
36538  35.344  -38.134  -46.078 0.6000000238
36551  32.033  -38.990  -46.572 0.6000000238
36553  34.920  -39.081  -46.713 0.6999999881
36554  34.585  -38.609  -46.706 0.6999999881
36555  33.945  -38.945  -46.864 0.6000000238
37683  34.453  -37.382  -46.682 0.6999999881
37689  33.256  -38.478  -46.820 0.6999999881
38801  33.770  -37.086  -43.182 0.4000000060
38802  31.523  -36.167  -43.611 0.6000000238
38818  35.567  -36.365  -46.425 0.6000000238
38819  31.659  -36.918  -46.023 0.6999999881
38826  35.383  -36.505  -46.571 0.6000000238
38827  35.434  -36.254  -46.655 0.6999999881
38829  33.298  -36.248  -46.667 0.6999999881
39937  36.064  -34.888  -45.975 0.5000000000
39948  36.132  -34.970  -46.689 0.5000000000
39961  32.010  -35.206  -46.431 0.5000000000
41005  31.446  -34.455  -43.418 0.5000000000
41025  31.452  -34.326  -45.533 0.5000000000
41036  36.112  -34.954  -46.685 0.6999999881
41037  33.742  -34.560  -46.853 0.6000000238
42118  36.038  -33.486  -46.666 0.5000000000
43215  31.053  -32.339  -46.448 0.5000000000
132972  37.683  -45.765  -37.885 0.3000000119
133267  37.026  -60.937  -39.209 0.4000000060
133516  34.384  -44.879  -47.235 0.6000000238
134784  31.757  -56.024  -45.209 0.5000000000
134867  39.073  -59.783  -43.089 0.4000000060
135612  33.161  -39.080  -41.813 0.5000000000
136131  34.983  -41.131  -45.374 0.6000000238
136610  33.275  -57.665  -46.899 0.6000000238
136845  31.934  -38.357  -46.504 0.6000000238
137468  32.523  -43.732  -46.092 0.6999999881
137740  34.373  -38.810  -44.350 0.6000000238
137755  33.020  -40.158  -46.802 0.6000000238
138079  34.470  -67.796  -45.884 0.3000000119
138718  31.936  -55.298  -46.469 0.4000000060
138868  35.810  -44.912  -47.224 0.6000000238
138894  36.071  -51.884  -45.339 0.6999999881
139982  32.199  -47.827  -39.878 0.6000000238
140167  31.383  -50.225  -47.563 0.6000000238
140842  39.836  -46.355  -37.564 0.3000000119
140933  34.679  -44.712  -44.446 0.5000000000
141118  37.249  -55.998  -42.630 0.4000000060
141138  41.472  -47.224  -37.728 0.3000000119
141756  40.367  -47.925  -37.496 0.3000000119
142311  36.560  -41.222  -37.559 0.3000000119
142528  34.433  -54.255  -43.321 0.4000000060
142937  36.040  -48.985  -45.462 0.6999999881
143003  33.806  -53.471  -47.329 0.4000000060
143114  42.070  -58.410  -41.079 0.4000000060
143635  35.079  -52.712  -47.162 0.4000000060
145613  32.926  -55.198  -47.249 0.4000000060
145671  31.941  -58.341  -45.050 0.5000000000
145676  33.760  -46.209  -42.975 0.6000000238
146121  33.807  -44.858  -36.563 0.4000000060
146790  35.094  -59.504  -41.289 0.3000000119
146805  33.342  -61.974  -45.298 0.3000000119
147079  28.765  -39.047  -42.109 0.5000000000
147203  34.578  -39.177  -46.830 0.6000000238
147295  27.433  -46.965  -43.815 0.4000000060
147510  28.194  -44.968  -43.210 0.4000000060
147756  31.930  -59.183  -44.652 0.6000000238
147952  34.257  -53.608  -41.591 0.4000000060
148488  35.041  -43.121  -45.206 0.5000000000
148547  32.654  -41.980  -40.558 0.5000000000
149078  43.450  -49.070  -39.963 0.3000000119
149331  33.723  -44.123  -42.820 0.6000000238
149936  32.807  -43.088  -41.010 0.4000000060
150046  37.869  -50.655  -38.401 0.3000000119
151129  31.700  -46.228  -46.048 0.6000000238
151469  36.221  -50.485  -45.690 0.6999999881
151486  34.866  -54.067  -41.432 0.4000000060
151920  40.944  -58.428  -41.543 0.4000000060
151948  39.375  -46.796  -37.343 0.3000000119
152472  35.958  -40.877  -37.151 0.3000000119
153176  34.922  -56.896  -45.147 0.3000000119
153314  34.885  -36.154  -44.641 0.6000000238
153449  32.540  -47.714  -37.139 0.4000000060
153708  35.318  -48.708  -47.155 0.6999999881
154436  31.931  -47.503  -39.369 0.5000000000
154547  43.209  -58.308  -37.979 0.3000000119
154568  32.033  -46.498  -39.658 0.5000000000
154845  38.365  -58.247  -45.126 0.3000000119
155192  36.265  -46.756  -46.283 0.6000000238
155447  37.118  -45.789  -37.703 0.3000000119
155607  39.464  -54.103  -43.006 0.3000000119
155682  41.766  -61.146  -38.667 0.3000000119
155750  29.145  -51.149  -47.690 0.4000000060
156835  32.123  -40.019  -46.016 0.6999999881
158411  32.914  -57.212  -47.086 0.5000000000
158517  31.627  -34.933  -44.054 0.5000000000
158704  31.880  -41.980  -44.133 0.6999999881
159560  32.702  -44.093  -40.906 0.4000000060
159739  31.552  -35.583  -45.188 0.6000000238
159859  39.031  -60.995  -45.426 0.4000000060
160341  35.198  -37.852  -45.539 0.6000000238
