#!ascii label  , from subject sub-v1s14x0051577_ses-1 vox2ras=TkReg
664
67205  21.420  -9.087  -40.455 0.1428571492
133262  19.234  -9.117  -40.757 0.1428571492
69474  20.533  -7.706  -41.540 0.1428571492
68352  21.095  -8.381  -41.122 0.2857142985
68365  20.139  -8.302  -41.258 0.1428571492
69459  22.084  -8.117  -40.966 0.1428571492
70484  21.277  -6.296  -42.185 0.5714285970
69472  22.485  -7.410  -41.336 0.1428571492
71492  23.795  -5.934  -41.872 0.2857142985
147503  23.785  -6.665  -41.473 0.2857142985
71491  24.831  -5.573  -41.693 0.1428571492
73513  25.309  -3.112  -43.132 0.2857142985
73505  24.926  -3.698  -42.701 0.2857142985
75449  26.249  -1.481  -44.558 0.2857142985
74459  26.461  -2.358  -43.403 0.2857142985
76448  26.680  -0.651  -45.726 0.2857142985
75468  26.339  -1.070  -45.187 0.2857142985
77454  27.502  0.309  -46.752 0.2857142985
79432  27.847  1.822  -49.191 0.8571428657
78443  27.839  1.119  -47.883 0.4285714328
77445  27.881  0.120  -45.875 0.2857142985
80414  28.107  2.718  -50.154 0.7142857313
80413  28.876  2.743  -49.888 0.7142857313
79431  28.296  2.288  -49.516 0.7142857313
78456  27.460  1.529  -48.806 0.7142857313
148427  28.949  3.557  -51.669 0.8571428657
81384  29.110  3.407  -51.046 0.5714285970
151761  28.412  3.206  -50.739 0.8571428657
79442  27.621  2.149  -49.496 0.7142857313
78465  27.340  1.812  -49.238 0.7142857313
82395  29.399  4.899  -53.670 0.4285714328
81394  28.721  3.739  -52.022 0.7142857313
80422  28.637  3.391  -51.305 0.8571428657
84364  29.198  6.511  -54.525 0.2857142985
84355  28.919  6.823  -53.396 0.5714285970
82386  28.723  4.667  -53.030 0.8571428657
82397  28.787  5.130  -53.561 0.7142857313
82377  28.523  4.497  -52.268 0.8571428657
85310  29.269  8.019  -54.461 0.1428571492
84374  29.533  6.593  -55.349 0.1428571492
83355  28.669  5.993  -53.095 0.5714285970
83345  28.537  5.287  -52.654 0.8571428657
133826  29.196  10.081  -53.677 0.1428571492
135484  29.445  8.812  -52.310 0.1428571492
85302  29.212  7.948  -53.362 0.4285714328
83344  28.688  6.180  -51.921 0.8571428657
88148  28.975  11.352  -52.755 0.1428571492
87192  29.322  10.410  -52.787 0.1428571492
86245  29.355  9.237  -53.144 0.1428571492
87178  29.648  9.836  -51.722 0.4285714328
85297  29.301  7.970  -52.285 0.5714285970
133597  29.458  7.965  -51.263 0.7142857313
83335  29.355  6.566  -49.802 0.8571428657
88135  29.574  10.938  -51.865 0.1428571492
89113  29.439  12.320  -51.630 0.1428571492
87167  29.854  10.704  -51.108 0.1428571492
140407  29.979  10.144  -50.679 0.5714285970
85288  29.766  8.746  -50.497 0.8571428657
148577  29.295  7.068  -50.912 0.8571428657
148349  29.626  7.920  -50.467 0.8571428657
89103  29.852  12.353  -50.829 0.2857142985
88124  29.816  11.572  -51.108 0.1428571492
88111  30.392  11.412  -49.401 0.8571428657
86225  30.081  9.595  -50.182 0.8571428657
86234  29.592  8.826  -51.461 0.7142857313
86207  30.330  9.842  -49.427 0.8571428657
90029  30.114  13.685  -50.326 0.1428571492
158379  29.924  14.239  -50.622 0.1428571492
89102  30.135  12.763  -50.230 0.4285714328
88098  30.568  11.699  -48.417 0.8571428657
137399  30.457  10.184  -48.651 0.8571428657
152999  30.224  9.750  -47.867 0.8571428657
90017  30.342  13.179  -49.451 0.4285714328
88088  30.391  11.497  -47.407 0.8571428657
135937  30.498  10.676  -47.823 0.8571428657
88079  29.885  10.833  -46.869 0.8571428657
147833  30.396  14.701  -49.337 0.1428571492
91866  30.333  15.348  -49.583 0.2857142985
146137  30.375  14.018  -49.452 0.5714285970
154526  30.422  14.074  -47.850 0.8571428657
90005  30.433  13.608  -48.640 0.8571428657
89076  30.462  12.729  -48.557 0.8571428657
89064  30.469  12.319  -47.645 0.8571428657
89982  30.214  12.771  -46.902 0.8571428657
153196  30.063  11.460  -46.898 0.8571428657
92764  30.443  15.971  -48.905 0.2857142985
144771  30.530  15.737  -47.996 0.7142857313
90923  30.457  14.412  -48.659 0.5714285970
91853  30.485  14.908  -47.891 0.8571428657
89983  29.464  13.158  -46.021 0.8571428657
89984  28.587  12.952  -45.197 0.8571428657
89053  29.515  12.186  -46.276 0.8571428657
91840  30.389  15.447  -47.148 0.8571428657
91828  30.132  16.020  -46.483 0.8571428657
136537  29.744  14.257  -46.286 0.8571428657
90888  28.835  15.067  -45.497 0.7142857313
90904  28.982  14.052  -45.206 0.7142857313
92738  30.445  16.321  -47.283 0.8571428657
159491  29.899  16.677  -46.228 0.8571428657
145145  29.443  14.817  -45.886 0.8571428657
92722  28.840  16.366  -45.636 0.8571428657
93671  28.623  17.125  -45.644 0.8571428657
91817  28.374  15.717  -45.424 0.7142857313
95689  30.104  18.983  -47.186 0.7142857313
94687  29.931  18.201  -46.598 0.8571428657
139880  29.627  18.944  -46.685 0.8571428657
94688  29.144  18.516  -46.244 0.8571428657
96625  29.096  20.218  -46.703 0.7142857313
91816  29.040  15.776  -45.685 0.8571428657
141367  30.544  22.247  -50.922 0.1428571492
95690  29.688  19.647  -46.948 0.8571428657
96635  29.680  20.418  -47.270 0.7142857313
148307  29.115  21.336  -47.202 0.7142857313
135817  29.101  19.331  -46.488 0.8571428657
99153  30.220  23.544  -50.867 0.1428571492
97511  29.862  21.956  -48.141 0.5714285970
98309  29.379  22.554  -48.139 0.5714285970
99137  28.382  23.597  -48.560 0.5714285970
99135  29.937  23.240  -49.370 0.1428571492
99976  29.607  24.484  -52.113 0.1428571492
99945  27.790  24.240  -48.953 0.5714285970
100801  28.242  25.712  -52.376 0.1428571492
100810  28.538  25.813  -53.301 0.1428571492
99956  28.469  24.705  -50.022 0.1428571492
101617  27.635  26.367  -53.190 0.1428571492
99944  28.727  24.121  -49.289 0.5714285970
100792  27.436  25.809  -51.573 0.1428571492
142827  26.456  27.156  -53.578 0.1428571492
101604  26.196  26.568  -52.493 0.1428571492
141607  20.609  -9.579  -40.274 0.1428571492
66091  19.507  -9.702  -40.423 0.1428571492
69473  21.498  -7.596  -41.470 0.2857142985
69458  23.007  -7.957  -40.802 0.1428571492
69470  24.235  -7.094  -41.097 0.2857142985
70469  22.934  -6.600  -41.723 0.2857142985
73504  25.755  -3.541  -42.605 0.2857142985
72520  24.543  -4.365  -42.409 0.1428571492
76460  27.103  -0.214  -46.286 0.2857142985
79417  28.336  1.618  -48.281 0.4285714328
77466  27.137  0.621  -47.631 0.5714285970
81393  29.176  4.003  -52.192 0.2857142985
78457  27.068  1.632  -48.990 0.7142857313
83363  29.568  5.344  -54.032 0.1428571492
82369  28.384  4.219  -51.326 0.8571428657
84346  28.988  7.069  -52.144 0.7142857313
154545  29.377  11.683  -51.942 0.1428571492
87166  30.093  10.966  -50.260 0.8571428657
142181  30.244  10.231  -50.004 0.8571428657
85273  30.045  9.069  -49.549 0.8571428657
86177  29.945  10.097  -47.225 0.8571428657
92749  30.513  16.576  -48.159 0.8571428657
94695  30.392  18.116  -47.514 0.8571428657
95698  30.177  19.846  -47.647 0.8571428657
97502  29.674  21.212  -47.593 0.7142857313
98317  30.264  22.613  -49.424 0.2857142985
99955  29.271  24.257  -50.031 0.1428571492
99977  29.163  24.901  -51.537 0.1428571492
101639  28.061  26.649  -54.718 0.1428571492
66076  19.162  -10.472  -40.039 0.1428571492
70470  21.875  -6.849  -41.808 0.4285714328
71504  23.300  -5.235  -42.349 0.2857142985
155620  24.917  -4.836  -42.007 0.1428571492
74450  26.888  -2.747  -42.830 0.2857142985
139085  26.787  -1.753  -43.859 0.2857142985
74471  25.295  -2.271  -44.056 0.2857142985
74461  24.874  -2.705  -43.734 0.2857142985
75450  25.977  -2.002  -43.953 0.2857142985
78444  26.859  1.120  -48.465 0.7142857313
86251  29.267  9.365  -54.238 0.1428571492
88149  27.856  11.807  -53.583 0.1428571492
143873  29.591  13.111  -51.190 0.1428571492
90030  29.562  13.977  -51.145 0.1428571492
89090  30.340  12.296  -49.381 0.8571428657
85274  29.804  8.236  -49.699 0.8571428657
84324  29.599  7.592  -48.931 1.0000000000
91876  30.017  15.483  -50.425 0.1428571492
92765  30.258  16.168  -49.829 0.1428571492
143705  30.410  16.787  -49.106 0.2857142985
89985  27.943  13.027  -45.185 0.8571428657
93692  30.492  17.431  -48.326 0.5714285970
145929  30.423  19.006  -48.004 0.5714285970
95706  30.433  19.728  -48.476 0.5714285970
96634  30.075  20.621  -47.781 0.7142857313
135298  30.303  21.979  -48.883 0.4285714328
142324  30.520  21.255  -49.439 0.2857142985
97518  30.461  22.035  -49.582 0.2857142985
98321  30.470  22.475  -50.128 0.1428571492
141098  30.301  23.137  -50.049 0.1428571492
99967  29.695  24.183  -50.728 0.1428571492
100773  27.617  25.076  -49.981 0.2857142985
139858  29.491  24.495  -51.316 0.1428571492
100784  27.088  25.564  -50.641 0.1428571492
100793  26.497  26.026  -51.311 0.1428571492
100800  29.139  25.220  -52.755 0.1428571492
93701  30.418  17.571  -49.297 0.4285714328
94699  30.483  18.248  -48.568 0.4285714328
143411  30.499  18.994  -48.903 0.4285714328
95711  30.507  19.644  -49.351 0.4285714328
96642  30.330  20.372  -48.199 0.5714285970
97501  30.262  21.151  -48.362 0.5714285970
152766  21.796  -8.580  -40.720 0.1428571492
147651  20.188  -8.964  -40.820 0.1428571492
70471  20.911  -6.993  -41.885 0.5714285970
69471  23.410  -7.259  -41.207 0.1428571492
71493  22.942  -5.889  -42.166 0.1428571492
71503  24.190  -5.088  -42.167 0.1428571492
74460  25.683  -2.564  -43.541 0.2857142985
81400  28.968  4.217  -52.752 0.8571428657
81385  28.553  3.605  -51.360 0.8571428657
83364  29.102  5.537  -54.118 0.5714285970
88123  30.090  11.918  -50.183 0.5714285970
87147  30.406  10.598  -49.422 0.8571428657
90915  30.328  14.591  -47.055 0.8571428657
89994  30.442  13.215  -47.775 0.8571428657
89054  28.892  12.265  -45.442 0.8571428657
90903  30.031  15.117  -46.457 0.8571428657
93687  30.445  17.169  -47.432 0.8571428657
93680  29.899  17.329  -46.336 0.8571428657
147464  30.444  22.876  -50.680 0.1428571492
99136  29.316  23.324  -48.737 0.5714285970
98310  28.774  22.899  -48.108 0.5714285970
100809  29.258  25.276  -53.641 0.1428571492
142668  28.001  24.611  -49.500 0.4285714328
100791  28.515  25.297  -51.480 0.1428571492
101628  27.946  26.505  -53.908 0.1428571492
99968  28.979  24.755  -50.816 0.1428571492
100783  28.054  25.238  -50.702 0.1428571492
101603  27.244  26.299  -52.551 0.1428571492
73503  26.533  -3.378  -42.474 0.1428571492
70483  22.164  -6.125  -42.173 0.4285714328
75458  25.393  -1.830  -44.576 0.5714285970
100774  26.571  25.242  -50.007 0.1428571492
74472  24.514  -2.257  -44.505 0.5714285970
74474  22.300  -2.605  -44.825 0.5714285970
74475  21.245  -2.654  -44.668 0.2857142985
75470  24.152  -1.592  -45.898 0.5714285970
74487  22.733  -2.031  -45.629 0.5714285970
73516  21.518  -3.831  -43.742 0.4285714328
74486  23.852  -1.999  -45.354 0.5714285970
74476  20.371  -2.306  -44.401 0.2857142985
74489  20.941  -1.685  -44.886 0.4285714328
76462  25.415  -0.579  -46.689 0.4285714328
75481  23.786  -1.224  -46.471 0.5714285970
75471  22.817  -1.343  -46.185 0.5714285970
75483  21.562  -0.674  -45.870 0.4285714328
76473  25.055  -0.161  -47.141 0.5714285970
76474  24.214  -0.179  -46.923 0.5714285970
150245  22.961  -0.738  -46.501 0.4285714328
77470  23.549  0.555  -46.747 0.4285714328
77468  25.544  0.337  -47.410 0.4285714328
74488  21.738  -1.962  -45.306 0.4285714328
75482  22.170  -0.801  -46.157 0.4285714328
77456  25.868  -0.083  -47.277 0.7142857313
78445  26.160  1.386  -47.981 0.7142857313
141866  23.710  1.941  -47.242 0.4285714328
79420  25.211  2.571  -47.384 0.7142857313
152794  23.737  2.877  -48.684 0.5714285970
80388  24.701  3.158  -47.990 0.7142857313
80402  24.132  3.515  -49.175 0.2857142985
78458  26.653  1.749  -48.516 0.5714285970
154824  25.541  1.902  -47.429 0.7142857313
80386  26.378  3.453  -47.683 0.7142857313
81351  25.213  3.988  -48.345 0.7142857313
81349  26.674  4.447  -47.595 0.7142857313
81350  25.947  4.807  -47.936 0.7142857313
81367  24.412  4.399  -49.584 0.4285714328
81366  25.242  4.978  -48.985 0.4285714328
79418  26.704  2.598  -48.174 0.5714285970
80400  27.702  2.693  -49.710 0.5714285970
81348  27.423  4.467  -47.847 0.5714285970
82322  27.162  5.099  -47.573 0.7142857313
141940  27.284  5.665  -47.513 0.7142857313
83288  28.348  6.533  -47.646 0.7142857313
82341  25.815  5.723  -48.252 0.7142857313
83291  26.328  6.433  -47.850 0.5714285970
84291  26.035  7.329  -48.190 0.5714285970
83336  28.488  5.248  -51.667 0.7142857313
82357  28.464  4.551  -49.919 0.5714285970
81347  27.971  4.646  -48.226 0.5714285970
83322  28.970  5.747  -49.173 0.7142857313
82321  27.677  5.292  -47.722 0.7142857313
83287  28.895  7.010  -47.826 0.8571428657
82342  25.059  5.828  -49.190 0.4285714328
84288  28.432  7.395  -47.450 0.7142857313
135270  27.386  7.769  -47.421 0.7142857313
85241  28.523  8.303  -47.189 0.7142857313
134985  26.590  7.966  -47.776 0.5714285970
152484  27.125  8.443  -47.484 0.7142857313
82368  28.736  5.384  -50.467 0.5714285970
83289  27.777  6.050  -47.510 0.7142857313
84307  29.300  7.439  -48.074 0.8571428657
134511  29.034  7.789  -47.569 0.8571428657
85242  27.798  8.397  -47.148 0.7142857313
85243  26.401  8.891  -47.871 0.5714285970
148644  27.135  10.067  -47.085 0.2857142985
142691  29.603  7.490  -49.956 0.7142857313
85240  29.257  8.605  -47.399 0.7142857313
87123  26.853  10.887  -46.898 0.7142857313
85256  29.901  8.553  -48.773 0.7142857313
86167  28.904  9.158  -46.924 0.8571428657
85232  28.198  9.041  -46.866 0.8571428657
88080  28.890  11.584  -45.831 0.8571428657
86168  28.546  9.657  -46.659 0.8571428657
87111  27.698  10.552  -46.427 0.5714285970
88081  28.301  11.128  -46.041 0.8571428657
144514  27.511  11.425  -46.177 0.8571428657
155400  26.735  11.628  -46.718 0.7142857313
86178  29.600  9.404  -47.253 0.8571428657
141146  29.059  10.835  -46.223 0.8571428657
89055  28.208  12.044  -45.413 0.8571428657
92723  28.027  16.483  -45.438 0.7142857313
92724  27.231  16.558  -45.666 0.7142857313
93672  27.694  17.342  -45.628 0.5714285970
92731  26.528  16.655  -46.146 0.7142857313
93673  26.934  17.169  -45.844 0.7142857313
94677  28.446  17.973  -45.806 0.7142857313
94689  28.253  18.878  -46.149 0.8571428657
95692  27.689  19.612  -46.394 0.7142857313
94691  26.343  18.098  -46.504 0.7142857313
96628  26.501  20.456  -47.110 0.7142857313
95699  25.830  19.845  -47.465 0.5714285970
96626  28.253  20.337  -46.571 0.7142857313
97491  27.119  20.999  -46.954 0.7142857313
96636  25.629  20.612  -47.768 0.5714285970
97505  26.322  21.251  -47.440 0.4285714328
97490  27.930  21.042  -46.787 0.5714285970
141930  25.164  20.110  -48.032 0.5714285970
98302  26.027  22.170  -47.908 0.5714285970
97506  25.298  21.283  -48.360 0.5714285970
96643  24.761  20.651  -48.744 0.4285714328
96644  24.231  20.368  -49.090 0.5714285970
96637  24.611  20.023  -48.469 0.4285714328
97513  24.186  20.663  -49.914 0.5714285970
97512  24.549  21.035  -49.607 0.5714285970
96645  23.495  20.368  -48.738 0.4285714328
94700  23.657  19.064  -48.542 0.4285714328
97514  23.541  20.822  -49.398 0.5714285970
139383  23.033  21.501  -49.549 0.4285714328
79416  28.844  2.138  -48.524 0.2857142985
81364  28.029  3.730  -49.443 0.5714285970
97507  23.038  20.921  -48.418 0.4285714328
96629  22.775  20.995  -47.236 0.2857142985
73525  22.930  -2.991  -44.048 0.5714285970
75469  25.580  -1.365  -45.269 0.2857142985
75459  24.740  -1.703  -45.278 0.4285714328
73526  21.901  -3.259  -44.243 0.5714285970
76449  25.865  -0.872  -45.919 0.2857142985
76450  24.884  -1.241  -46.160 0.5714285970
73528  20.625  -3.060  -44.230 0.2857142985
75473  21.363  -1.136  -45.438 0.4285714328
76475  23.438  -0.260  -46.688 0.5714285970
75474  20.787  -0.870  -45.019 0.2857142985
154104  21.103  -0.570  -45.571 0.2857142985
138612  23.986  1.308  -46.932 0.5714285970
80398  29.954  3.530  -48.967 0.2857142985
79435  22.387  2.634  -48.199 0.2857142985
86191  29.856  8.951  -47.934 0.8571428657
86169  27.904  9.776  -46.672 0.7142857313
90906  27.393  14.610  -45.432 0.7142857313
90890  27.490  15.650  -45.504 0.7142857313
135417  26.610  15.208  -46.066 0.7142857313
95693  26.656  19.567  -46.758 0.7142857313
95700  25.079  19.363  -47.887 0.5714285970
97489  28.732  20.925  -46.855 0.5714285970
97504  27.380  21.769  -47.202 0.5714285970
98300  28.371  22.374  -47.558 0.5714285970
98301  27.323  22.556  -47.625 0.5714285970
98312  24.084  20.845  -50.958 0.2857142985
76476  22.648  0.059  -46.541 0.4285714328
81377  28.294  3.468  -50.670 0.7142857313
79433  27.026  1.918  -49.165 0.5714285970
149768  28.904  6.093  -50.981 0.7142857313
147827  29.233  6.751  -48.572 0.7142857313
87109  29.221  10.004  -46.656 0.7142857313
95691  28.504  19.685  -46.430 0.8571428657
77467  26.255  0.579  -47.779 0.5714285970
89986  26.993  13.342  -46.025 0.7142857313
80401  27.266  2.533  -48.975 0.5714285970
74473  23.386  -2.470  -44.698 0.5714285970
137195  23.443  -1.656  -45.971 0.5714285970
75472  22.027  -1.323  -45.835 0.4285714328
76463  24.534  -0.716  -46.772 0.5714285970
76464  23.797  -0.698  -46.730 0.5714285970
76465  21.654  -0.273  -46.147 0.4285714328
77469  24.685  0.640  -47.108 0.5714285970
78446  25.515  1.017  -47.571 0.5714285970
78447  24.740  1.756  -47.166 0.7142857313
79421  24.239  2.496  -47.649 0.5714285970
79422  23.288  2.462  -48.058 0.4285714328
135975  22.717  2.058  -47.435 0.4285714328
78448  23.131  1.380  -46.901 0.4285714328
79419  26.055  2.477  -47.656 0.7142857313
80387  25.603  3.329  -47.580 0.7142857313
79434  22.929  2.834  -48.870 0.2857142985
137686  25.957  4.027  -47.661 0.7142857313
81365  27.581  3.574  -48.573 0.7142857313
82323  26.614  5.521  -47.628 0.7142857313
83290  27.113  6.285  -47.500 0.7142857313
84290  26.876  7.123  -47.627 0.7142857313
83306  28.744  6.157  -48.208 0.5714285970
84289  27.731  6.973  -47.420 0.7142857313
84308  25.136  7.548  -48.894 0.2857142985
86180  26.590  9.639  -47.587 0.5714285970
86181  25.907  9.698  -48.141 0.2857142985
87110  28.457  10.316  -46.383 0.8571428657
94679  27.002  17.836  -45.949 0.7142857313
94690  27.120  18.718  -46.286 0.7142857313
96627  27.369  20.358  -46.686 0.8571428657
98303  24.826  21.604  -49.512 0.7142857313
142594  21.051  -0.108  -45.907 0.1428571492
77458  21.259  0.313  -46.252 0.4285714328
137928  20.151  -6.988  -41.731 0.4285714328
76438  27.791  -0.750  -44.559 0.1428571492
76439  27.002  -0.867  -44.978 0.1428571492
76447  27.445  -0.409  -45.412 0.1428571492
78433  28.552  1.059  -46.895 0.1428571492
160496  28.705  1.449  -47.431 0.1428571492
76446  28.215  -0.110  -45.085 0.1428571492
76437  28.571  -0.389  -44.487 0.1428571492
79407  29.893  2.224  -46.714 0.1428571492
77453  28.285  0.590  -46.355 0.1428571492
77444  28.638  0.427  -45.544 0.1428571492
78442  29.218  1.930  -47.523 0.1428571492
81376  29.880  4.185  -50.369 0.2857142985
81392  29.923  4.801  -51.736 0.1428571492
90905  28.036  13.886  -45.065 0.5714285970
101619  23.894  28.232  -54.175 0.1428571492
142388  26.422  12.906  -46.573 0.4285714328
101620  22.941  28.315  -54.020 0.1428571492
101589  25.472  26.298  -51.775 0.1428571492
91841  25.720  15.324  -46.784 0.4285714328
91818  26.777  16.024  -45.906 0.5714285970
92732  25.870  16.792  -46.706 0.4285714328
99970  22.917  24.154  -52.244 0.2857142985
99140  24.478  22.202  -51.253 0.2857142985
98311  25.358  22.663  -49.152 0.2857142985
99947  25.323  23.610  -49.763 0.2857142985
91855  23.713  15.733  -48.780 0.1428571492
138258  26.309  18.776  -46.695 0.5714285970
99146  23.362  22.195  -52.087 0.2857142985
99127  26.643  23.062  -48.113 0.4285714328
92740  24.463  17.075  -48.044 0.4285714328
94696  25.242  18.638  -47.559 0.5714285970
99141  23.653  21.257  -51.636 0.2857142985
93693  24.259  17.903  -48.341 0.4285714328
156829  24.089  18.557  -48.527 0.2857142985
98314  22.688  21.337  -50.543 0.1428571492
93694  23.541  17.980  -48.494 0.1428571492
95701  24.355  19.253  -48.457 0.4285714328
152015  22.262  22.863  -51.210 0.1428571492
98304  22.804  21.698  -48.970 0.2857142985
97480  22.858  21.814  -45.847 0.1428571492
141936  22.553  22.505  -50.126 0.1428571492
151729  22.962  22.178  -47.745 0.1428571492
99128  22.865  22.578  -48.558 0.1428571492
99116  23.290  22.976  -46.769 0.1428571492
70485  20.496  -6.295  -42.073 0.4285714328
71507  20.163  -5.501  -42.305 0.2857142985
75457  27.060  -1.265  -44.417 0.1428571492
78422  28.999  0.971  -46.029 0.1428571492
134963  30.171  3.226  -48.111 0.1428571492
90916  26.084  14.601  -46.513 0.2857142985
98299  29.193  21.973  -47.571 0.4285714328
99946  26.604  24.208  -48.930 0.2857142985
137216  22.547  22.830  -51.847 0.2857142985
99959  24.156  23.121  -51.629 0.2857142985
71494  19.616  -5.430  -41.841 0.2857142985
72519  25.444  -4.241  -42.184 0.1428571492
74458  27.273  -2.153  -43.266 0.1428571492
75448  27.736  -1.469  -43.776 0.1428571492
81383  29.501  4.081  -51.316 0.1428571492
80399  29.353  2.712  -48.802 0.1428571492
89995  26.074  13.741  -46.688 0.4285714328
92750  23.887  16.556  -48.518 0.2857142985
99126  27.889  23.079  -47.998 0.4285714328
99961  22.479  23.879  -51.768 0.2857142985
99969  23.859  24.282  -51.842 0.2857142985
99958  25.920  24.638  -49.618 0.2857142985
159902  24.970  24.258  -50.592 0.2857142985
100786  23.202  25.355  -52.280 0.1428571492
100795  23.157  26.489  -52.778 0.1428571492
144516  22.895  23.454  -48.701 0.2857142985
100794  24.104  26.311  -52.423 0.1428571492
101605  24.779  27.083  -53.012 0.1428571492
100785  25.996  25.782  -50.775 0.1428571492
83343  30.429  5.599  -52.125 0.2857142985
99957  27.169  24.751  -49.410 0.4285714328
100775  25.319  25.098  -50.546 0.2857142985
147308  20.828  -5.766  -42.399 0.4285714328
80412  29.427  3.431  -50.117 0.4285714328
99138  27.328  23.664  -48.481 0.2857142985
91830  26.163  16.029  -46.491 0.4285714328
93681  26.382  17.354  -46.335 0.5714285970
93682  25.721  17.567  -46.900 0.5714285970
95694  25.779  19.095  -47.184 0.5714285970
99139  26.167  23.535  -48.698 0.2857142985
98313  23.254  20.920  -50.682 0.4285714328
136258  22.821  21.604  -47.864 0.2857142985
159058  23.087  20.805  -51.557 0.2857142985
90907  26.741  14.223  -46.009 0.5714285970
94692  25.707  18.337  -47.044 0.5714285970
94697  24.626  18.596  -48.051 0.5714285970
155449  24.538  21.517  -50.818 0.2857142985
78432  29.319  1.564  -46.598 0.1428571492
77436  28.984  0.134  -44.815 0.1428571492
79415  29.845  2.631  -47.645 0.1428571492
99960  23.083  23.250  -52.229 0.2857142985
160623  24.363  16.506  -48.172 0.2857142985
92739  25.210  16.969  -47.357 0.4285714328
98318  22.706  21.643  -51.752 0.1428571492
93688  24.994  17.867  -47.575 0.4285714328
152673  23.882  17.314  -48.479 0.2857142985
70472  19.924  -6.172  -41.792 0.2857142985
90006  25.314  13.685  -47.515 0.2857142985
144929  24.626  25.604  -51.557 0.2857142985
83307  25.518  6.590  -48.660 0.4285714328
86192  25.520  9.031  -48.488 0.2857142985
100763  22.111  25.181  -49.970 0.1428571492
101564  23.126  26.121  -49.216 0.1428571492
99926  23.458  23.733  -47.510 0.1428571492
100754  23.476  25.388  -48.617 0.1428571492
100755  22.514  24.542  -49.482 0.1428571492
100776  22.007  24.994  -51.144 0.1428571492
99932  23.398  24.411  -48.310 0.1428571492
99925  24.114  24.595  -47.072 0.1428571492
143001  24.199  25.319  -47.615 0.1428571492
99933  22.451  23.623  -49.747 0.1428571492
100751  24.695  25.340  -46.734 0.1428571492
157463  24.164  25.850  -47.887 0.1428571492
137032  24.504  26.373  -47.223 0.1428571492
159275  23.015  26.838  -49.627 0.1428571492
77455  26.682  0.108  -47.120 0.2857142985
99948  22.010  23.984  -50.917 0.1428571492
99971  22.589  25.057  -51.934 0.1428571492
76461  26.275  -0.402  -46.551 0.4285714328
72534  21.923  -4.321  -43.281 0.4285714328
140568  23.330  -4.039  -43.041 0.2857142985
73515  23.570  -3.475  -43.460 0.2857142985
73506  24.091  -3.876  -42.885 0.1428571492
74462  23.963  -2.838  -43.938 0.2857142985
72522  21.746  -4.912  -42.888 0.2857142985
73514  24.467  -3.290  -43.314 0.1428571492
139140  23.700  -4.525  -42.606 0.1428571492
72533  22.552  -3.774  -43.512 0.2857142985
136076  24.744  16.352  -47.725 0.2857142985
72521  22.713  -4.589  -42.858 0.2857142985
72523  20.791  -5.095  -42.806 0.2857142985
72535  21.115  -4.419  -43.326 0.2857142985
134084  22.679  0.801  -46.669 0.2857142985
78449  22.120  1.352  -46.935 0.2857142985
79423  21.890  2.248  -47.393 0.2857142985
81368  23.473  3.952  -49.971 0.1428571492
81378  23.797  4.816  -50.097 0.2857142985
83308  24.748  6.610  -49.303 0.1428571492
140419  24.696  9.131  -48.977 0.1428571492
87125  25.388  10.501  -48.359 0.1428571492
88089  25.940  11.411  -47.642 0.1428571492
89065  26.253  12.233  -46.946 0.1428571492
89078  25.090  12.056  -48.183 0.1428571492
90924  24.723  14.459  -47.894 0.1428571492
91831  25.417  16.154  -47.105 0.1428571492
91854  24.254  15.185  -48.475 0.1428571492
95707  24.016  19.851  -48.790 0.1428571492
95702  23.315  19.861  -48.437 0.1428571492
94701  23.069  19.300  -48.212 0.1428571492
96638  22.849  20.382  -48.037 0.1428571492
96639  22.608  20.326  -47.270 0.1428571492
71506  21.526  -5.608  -42.516 0.1428571492
89056  27.194  12.332  -46.112 0.2857142985
141110  25.144  12.859  -47.873 0.1428571492
91843  24.330  15.982  -48.283 0.1428571492
70473  19.650  -6.805  -41.307 0.2857142985
153688  22.209  -0.379  -46.326 0.2857142985
77471  22.087  0.586  -46.595 0.2857142985
78450  21.441  1.651  -46.716 0.2857142985
84309  24.313  7.360  -49.417 0.1428571492
85244  25.809  8.219  -48.378 0.1428571492
86208  24.034  9.608  -49.387 0.1428571492
86193  24.667  10.058  -48.950 0.1428571492
87148  23.971  10.450  -49.386 0.1428571492
87135  24.608  10.910  -48.973 0.1428571492
89077  25.841  12.956  -47.251 0.1428571492
90926  23.598  14.980  -49.037 0.1428571492
95703  22.726  19.825  -47.799 0.1428571492
77473  21.017  1.043  -46.341 0.2857142985
147698  24.521  5.239  -49.778 0.1428571492
146483  22.964  18.518  -48.201 0.1428571492
155562  25.671  12.295  -47.626 0.1428571492
90917  25.461  14.542  -47.160 0.1428571492
72524  20.106  -4.828  -42.657 0.2857142985
79424  21.345  2.475  -47.045 0.1428571492
88099  25.061  11.327  -48.429 0.1428571492
86209  23.345  9.926  -49.652 0.1428571492
158564  19.268  -6.523  -40.833 0.1428571492
152212  19.474  -6.015  -41.293 0.1428571492
158432  19.021  -5.723  -40.230 0.1428571492
72536  20.378  -4.350  -43.085 0.1428571492
82376  29.512  4.687  -52.916 0.1428571492
158664  30.870  6.253  -53.387 0.1428571492
94705  30.443  18.316  -49.485 0.1428571492
70455  19.217  -7.278  -40.785 0.1428571492
72511  19.380  -4.653  -41.944 0.1428571492
149339  20.649  -3.697  -43.704 0.1428571492
71508  19.732  -4.923  -42.308 0.1428571492
74463  20.038  -2.970  -43.779 0.1428571492
93702  30.205  16.984  -50.029 0.1428571492
145890  30.477  18.954  -49.679 0.1428571492
74477  19.607  -1.943  -44.051 0.1428571492
69475  19.700  -7.735  -41.264 0.1428571492
83354  30.158  5.379  -53.461 0.1428571492
70456  19.176  -5.880  -40.704 0.1428571492
146599  20.083  -3.735  -43.248 0.1428571492
73527  21.135  -3.368  -44.204 0.2857142985
77457  21.834  0.131  -46.391 0.4285714328
77465  27.885  0.702  -47.143 0.1428571492
77472  21.549  0.793  -46.541 0.2857142985
80385  27.071  3.518  -47.934 0.7142857313
81401  28.913  4.477  -53.120 0.8571428657
82320  28.232  5.641  -47.905 0.7142857313
82340  28.478  5.094  -48.680 0.5714285970
82359  23.991  5.620  -49.970 0.1428571492
82385  29.084  4.610  -53.437 0.4285714328
82396  29.115  4.944  -53.814 0.4285714328
85257  29.545  8.125  -48.009 0.7142857313
85258  25.095  8.439  -48.785 0.1428571492
86179  27.337  9.176  -47.229 0.8571428657
86190  30.218  9.382  -48.679 0.8571428657
86226  29.805  9.455  -50.888 0.8571428657
87124  26.272  10.357  -47.605 0.2857142985
89052  30.160  11.969  -46.896 0.8571428657
90889  28.060  14.909  -45.203 0.7142857313
90936  30.197  14.595  -50.125 0.1428571492
91829  29.547  15.504  -45.995 0.8571428657
91842  24.887  15.423  -47.577 0.1428571492
91865  30.476  15.179  -48.730 0.2857142985
92721  29.528  16.208  -45.927 0.8571428657
93670  29.394  16.911  -45.881 0.8571428657
93679  30.272  16.860  -46.714 0.8571428657
94676  29.293  17.690  -45.998 0.8571428657
94678  27.700  18.166  -45.863 0.7142857313
96649  30.479  20.429  -48.915 0.5714285970
97488  29.282  20.849  -47.077 0.7142857313
97503  28.513  21.598  -47.135 0.5714285970
98308  29.908  22.639  -48.723 0.2857142985
99145  29.480  23.755  -49.474 0.1428571492
99966  29.895  24.085  -51.373 0.1428571492
100790  29.030  25.223  -52.020 0.1428571492
134625  30.562  10.914  -48.741 0.8571428657
137422  30.270  13.689  -46.952 0.8571428657
140516  27.381  13.756  -45.256 0.7142857313
140898  28.611  3.031  -50.695 0.7142857313
141060  28.752  4.230  -52.550 0.8571428657
146444  30.285  17.556  -46.848 0.8571428657
146558  27.997  7.751  -47.250 0.7142857313
148174  25.221  9.696  -48.576 0.2857142985
150045  23.552  9.259  -49.593 0.1428571492
152687  29.585  11.473  -46.476 0.8571428657
153284  29.923  23.745  -50.046 0.1428571492
154059  28.922  4.714  -53.510 0.4285714328
157431  28.024  2.920  -50.344 0.8571428657
158382  26.655  -1.176  -44.777 0.2857142985
158471  28.425  14.512  -45.209 0.7142857313
158982  28.535  3.950  -51.969 0.8571428657
159042  28.981  22.468  -47.793 0.5714285970
