#!ascii label  , from subject sub-v1s14x0051570_ses-1 vox2ras=TkReg
416
139972  -23.218  -0.013  -46.336 0.0000000000
71498  -21.665  -3.737  -43.839 0.0000000000
71521  -27.954  -4.476  -46.807 0.0000000000
67304  -26.011  -8.661  -43.894 0.0000000000
89022  -22.030  13.022  -49.244 0.0000000000
85326  -24.140  9.985  -49.301 0.0000000000
80577  -20.895  4.806  -45.216 0.0000000000
62081  -25.595  -13.635  -42.724 0.0000000000
69340  -23.815  -5.972  -43.423 0.0000000000
68324  -22.504  -7.777  -42.068 0.0000000000
88066  -24.047  12.289  -49.130 0.0000000000
84406  -21.275  9.327  -45.648 0.0000000000
76543  -20.525  -0.939  -43.420 0.0000000000
78467  -19.323  2.010  -42.508 0.0000000000
78523  -22.181  2.125  -46.018 0.0000000000
80612  -23.507  4.875  -48.131 0.0000000000
78540  -24.374  2.342  -48.535 0.0000000000
131465  -26.287  0.227  -48.992 0.0000000000
73618  -19.857  -2.332  -43.582 0.0000000000
73646  -21.954  -2.113  -44.305 0.0000000000
73670  -25.695  -2.144  -47.555 0.0000000000
71510  -24.807  -4.449  -45.439 0.0000000000
69361  -27.180  -7.043  -45.491 0.0000000000
66296  -28.893  -8.910  -46.080 0.0000000000
82481  -20.477  7.443  -44.152 0.0000000000
132066  -22.579  7.506  -46.934 0.0000000000
83532  -24.725  7.463  -49.249 0.0000000000
66216  -22.531  -9.523  -41.233 0.0000000000
65260  -25.294  -10.668  -42.999 0.0000000000
68323  -21.908  -7.054  -42.567 0.0000000000
67243  -21.696  -8.725  -41.438 0.0000000000
132829  -21.157  9.614  -45.572 0.0000000000
83473  -19.711  8.808  -45.477 0.0000000000
145525  -21.961  -0.654  -44.669 0.0000000000
77530  -21.391  0.885  -44.494 0.0000000000
77537  -22.503  1.190  -45.999 0.0000000000
150468  -23.126  2.068  -47.024 0.0000000000
77546  -24.222  1.598  -48.010 0.0000000000
77554  -25.502  1.633  -49.308 0.0000000000
75593  -24.760  -0.086  -47.796 0.0000000000
72577  -20.262  -2.903  -43.837 0.0000000000
73636  -20.638  -2.094  -43.692 0.0000000000
72584  -21.326  -3.033  -43.929 0.0000000000
72594  -23.066  -3.148  -44.827 0.0000000000
71499  -22.245  -3.950  -43.927 0.0000000000
132450  -24.783  -7.445  -43.478 0.0000000000
69342  -25.359  -6.397  -44.464 0.0000000000
68368  -27.042  -7.826  -45.018 0.0000000000
68370  -27.997  -7.486  -45.482 0.0000000000
66293  -28.017  -8.525  -44.903 0.0000000000
143459  -22.005  13.008  -46.876 0.0000000000
140105  -21.272  13.016  -46.729 0.0000000000
89925  -21.275  13.889  -48.504 0.0000000000
133703  -21.242  16.436  -50.165 0.0000000000
90902  -22.777  14.839  -51.128 0.0000000000
87133  -24.424  11.526  -49.530 0.0000000000
78506  -19.850  2.906  -43.714 0.0000000000
80553  -19.433  4.694  -43.506 0.0000000000
81541  -20.591  5.715  -44.687 0.0000000000
82502  -21.276  6.967  -45.113 0.0000000000
81559  -21.657  5.964  -45.850 0.0000000000
81578  -24.446  5.334  -48.943 0.0000000000
82538  -24.262  6.223  -48.880 0.0000000000
82539  -25.321  7.058  -49.154 0.0000000000
72616  -26.933  -3.476  -47.221 0.0000000000
73680  -27.083  -1.750  -48.052 0.0000000000
63033  -23.758  -11.564  -40.890 0.0000000000
64177  -24.142  -10.912  -41.666 0.0000000000
65246  -24.270  -10.361  -42.024 0.0000000000
63076  -25.470  -12.216  -43.163 0.0000000000
70382  -21.210  -5.306  -43.223 0.0000000000
71490  -22.112  -4.425  -43.464 0.0000000000
69329  -22.354  -6.128  -42.685 0.0000000000
68331  -22.790  -7.104  -42.413 0.0000000000
140493  -23.875  -8.139  -42.482 0.0000000000
137171  -22.838  12.078  -47.372 0.0000000000
88065  -23.115  12.744  -48.622 0.0000000000
86207  -22.978  10.976  -47.287 0.0000000000
85312  -22.784  10.004  -47.581 0.0000000000
85324  -22.868  9.163  -47.890 0.0000000000
76524  -19.319  -0.345  -42.994 0.0000000000
77503  -20.062  0.476  -42.930 0.0000000000
78507  -20.419  1.976  -43.976 0.0000000000
78522  -21.182  2.951  -45.189 0.0000000000
139011  -22.109  4.884  -46.536 0.0000000000
79581  -22.434  3.773  -46.788 0.0000000000
79592  -23.452  3.613  -47.855 0.0000000000
79614  -24.971  3.716  -49.443 0.0000000000
78557  -25.979  2.674  -49.451 0.0000000000
127582  -26.912  -15.393  -42.725 0.0000000000
61116  -26.964  -14.634  -43.260 0.0000000000
74554  -19.788  -1.101  -43.598 0.0000000000
75560  -21.016  -1.394  -43.462 0.0000000000
75578  -22.723  -1.210  -45.332 0.0000000000
75586  -24.340  -0.775  -47.101 0.0000000000
73657  -23.840  -2.120  -46.010 0.0000000000
72595  -24.475  -3.493  -45.835 0.0000000000
71519  -26.448  -4.419  -46.515 0.0000000000
70401  -23.459  -5.091  -43.887 0.0000000000
70414  -25.053  -5.153  -45.085 0.0000000000
70428  -27.380  -5.469  -46.229 0.0000000000
69381  -28.188  -6.401  -45.735 0.0000000000
68372  -29.202  -7.266  -44.806 0.0000000000
141682  -23.009  13.993  -51.126 0.0000000000
83490  -21.134  8.435  -44.958 0.0000000000
83504  -22.158  8.439  -46.412 0.0000000000
84432  -23.474  8.538  -48.553 0.0000000000
82530  -23.206  6.272  -47.819 0.0000000000
83525  -23.677  7.615  -48.633 0.0000000000
85336  -24.599  9.238  -49.469 0.0000000000
74614  -26.126  -1.054  -48.461 0.0000000000
74616  -27.188  -0.977  -48.320 0.0000000000
66214  -21.614  -9.542  -41.187 0.0000000000
66231  -22.641  -8.983  -41.505 0.0000000000
66250  -24.109  -9.206  -42.298 0.0000000000
66262  -25.240  -9.520  -43.074 0.0000000000
62114  -27.063  -13.036  -43.842 0.0000000000
64216  -27.254  -10.749  -44.055 0.0000000000
65287  -27.851  -9.706  -44.216 0.0000000000
75584  -22.605  -0.499  -45.475 0.0000000000
76567  -22.227  0.177  -45.309 0.0000000000
76573  -22.831  0.473  -46.119 0.0000000000
77538  -23.035  1.330  -46.647 0.0000000000
76580  -23.440  0.687  -46.810 0.0000000000
76581  -24.112  0.758  -47.525 0.0000000000
75592  -23.884  -0.015  -46.955 0.0000000000
71481  -20.684  -4.527  -43.419 0.0000000000
72569  -20.167  -3.731  -43.426 0.0000000000
71488  -20.903  -3.572  -43.955 0.0000000000
72585  -21.911  -3.264  -43.908 0.0000000000
141137  -25.362  -8.116  -43.645 0.0000000000
68348  -25.598  -7.245  -44.229 0.0000000000
68349  -26.255  -7.997  -44.375 0.0000000000
67323  -27.519  -8.185  -44.949 0.0000000000
66278  -27.159  -8.710  -44.522 0.0000000000
89011  -21.632  12.943  -47.879 0.0000000000
140050  -21.766  13.880  -49.521 0.0000000000
90887  -21.683  14.765  -49.767 0.0000000000
91817  -22.015  15.453  -50.525 0.0000000000
89940  -22.261  14.171  -50.248 0.0000000000
86234  -24.595  10.772  -49.808 0.0000000000
87147  -24.994  11.364  -50.081 0.0000000000
86235  -24.963  10.726  -50.080 0.0000000000
79552  -20.168  3.733  -44.322 0.0000000000
79551  -19.690  3.968  -43.805 0.0000000000
80554  -19.870  4.787  -44.037 0.0000000000
138519  -20.152  5.712  -44.146 0.0000000000
81542  -21.100  5.807  -45.235 0.0000000000
80595  -21.479  4.859  -45.823 0.0000000000
81583  -25.399  5.353  -49.335 0.0000000000
135804  -24.853  5.802  -49.268 0.0000000000
72617  -27.709  -3.946  -47.120 0.0000000000
138295  -27.523  -3.252  -47.359 0.0000000000
72618  -28.109  -3.968  -47.035 0.0000000000
62080  -25.113  -12.845  -42.143 0.0000000000
63047  -24.439  -12.155  -41.469 0.0000000000
63046  -24.138  -11.408  -41.424 0.0000000000
63063  -24.746  -11.844  -42.085 0.0000000000
64178  -24.702  -11.176  -42.336 0.0000000000
63064  -25.221  -12.693  -42.742 0.0000000000
69320  -20.962  -5.985  -42.876 0.0000000000
69328  -21.631  -6.024  -42.802 0.0000000000
68325  -23.269  -7.884  -42.186 0.0000000000
68332  -23.591  -7.419  -42.577 0.0000000000
86196  -21.065  11.478  -45.485 0.0000000000
87117  -22.608  11.665  -46.933 0.0000000000
86206  -22.150  10.867  -46.235 0.0000000000
143413  -21.829  9.894  -46.239 0.0000000000
85311  -22.260  9.334  -46.842 0.0000000000
76525  -19.896  -0.553  -43.256 0.0000000000
76542  -20.414  -0.176  -43.136 0.0000000000
77531  -21.899  0.997  -45.290 0.0000000000
77521  -20.946  0.990  -43.895 0.0000000000
78508  -20.998  1.959  -44.649 0.0000000000
78521  -20.617  2.908  -44.597 0.0000000000
78530  -21.752  3.000  -45.820 0.0000000000
78531  -22.267  3.040  -46.409 0.0000000000
78539  -23.554  2.608  -47.662 0.0000000000
78546  -23.998  3.248  -48.397 0.0000000000
79604  -24.357  3.871  -48.873 0.0000000000
78547  -24.714  2.944  -49.151 0.0000000000
79615  -25.748  3.582  -49.412 0.0000000000
78548  -25.399  2.376  -49.431 0.0000000000
76590  -25.583  0.875  -49.015 0.0000000000
76591  -26.276  1.119  -49.304 0.0000000000
76592  -26.886  0.388  -48.829 0.0000000000
129606  -26.363  -15.114  -42.428 0.0000000000
61089  -27.336  -15.138  -42.412 0.0000000000
73617  -19.382  -1.854  -43.036 0.0000000000
74553  -19.342  -1.158  -43.289 0.0000000000
136004  -19.857  -1.629  -43.633 0.0000000000
73638  -21.520  -2.289  -43.997 0.0000000000
74574  -21.039  -1.882  -43.590 0.0000000000
74575  -21.459  -1.742  -43.939 0.0000000000
75577  -22.034  -1.362  -44.528 0.0000000000
74583  -22.564  -1.812  -44.925 0.0000000000
74592  -23.272  -1.571  -45.696 0.0000000000
73647  -22.625  -2.460  -44.764 0.0000000000
71509  -23.605  -3.943  -44.871 0.0000000000
72596  -25.579  -4.237  -46.143 0.0000000000
70392  -23.117  -5.428  -43.341 0.0000000000
70400  -22.708  -4.678  -43.649 0.0000000000
69360  -26.218  -6.664  -44.986 0.0000000000
70403  -25.719  -5.829  -45.071 0.0000000000
70415  -26.810  -6.076  -45.678 0.0000000000
71511  -26.158  -5.091  -45.935 0.0000000000
70429  -27.903  -5.532  -46.198 0.0000000000
69380  -27.719  -6.332  -45.816 0.0000000000
67354  -28.608  -8.816  -46.090 0.0000000000
68383  -28.503  -8.124  -45.944 0.0000000000
68371  -29.123  -7.923  -44.847 0.0000000000
68350  -29.385  -7.973  -44.609 0.0000000000
151426  -23.902  12.753  -49.353 0.0000000000
89039  -23.633  13.081  -49.862 0.0000000000
78456  -19.319  1.282  -42.207 0.0000000000
82469  -20.078  6.846  -43.452 0.0000000000
137388  -20.386  8.327  -44.562 0.0000000000
82482  -20.858  7.665  -44.585 0.0000000000
82518  -22.351  7.431  -46.326 0.0000000000
83503  -21.678  8.523  -45.700 0.0000000000
83516  -22.583  8.096  -47.189 0.0000000000
83524  -23.124  7.782  -47.995 0.0000000000
80604  -22.622  4.390  -47.123 0.0000000000
81569  -22.613  5.275  -47.149 0.0000000000
81570  -23.116  5.473  -47.718 0.0000000000
83526  -24.168  7.104  -48.980 0.0000000000
82537  -23.549  6.807  -48.363 0.0000000000
83531  -24.147  7.933  -49.068 0.0000000000
84439  -24.781  8.313  -49.338 0.0000000000
136702  -25.188  8.892  -49.410 0.0000000000
74602  -24.891  -1.481  -47.338 0.0000000000
128650  -25.034  -0.853  -47.704 0.0000000000
74603  -25.621  -1.313  -47.967 0.0000000000
65229  -22.250  -10.042  -40.895 0.0000000000
65228  -21.766  -9.792  -41.088 0.0000000000
66215  -22.069  -9.235  -41.359 0.0000000000
65247  -24.819  -10.569  -42.600 0.0000000000
65259  -24.490  -9.842  -42.445 0.0000000000
138320  -25.017  -9.994  -42.819 0.0000000000
66251  -24.713  -9.358  -42.750 0.0000000000
65273  -25.552  -10.049  -43.203 0.0000000000
62098  -27.325  -13.849  -43.447 0.0000000000
133999  -21.157  -6.631  -42.516 0.0000000000
68316  -21.387  -7.296  -42.187 0.0000000000
68317  -21.865  -7.854  -41.965 0.0000000000
67244  -22.289  -8.496  -41.655 0.0000000000
85299  -20.952  10.304  -45.360 0.0000000000
85298  -19.707  9.904  -45.738 0.0000000000
151740  -20.028  9.497  -45.897 0.0000000000
136371  -20.264  9.204  -45.706 0.0000000000
133493  -21.211  -0.850  -43.570 0.0000000000
76557  -21.127  -0.063  -43.485 0.0000000000
76566  -21.612  -0.187  -44.366 0.0000000000
77544  -22.689  2.019  -46.553 0.0000000000
77545  -23.562  1.510  -47.291 0.0000000000
129807  -24.932  2.146  -49.121 0.0000000000
77553  -24.893  1.548  -48.787 0.0000000000
76589  -24.852  0.793  -48.333 0.0000000000
75602  -25.554  0.095  -48.611 0.0000000000
73604  -19.854  -3.059  -43.357 0.0000000000
73630  -20.272  -2.134  -43.722 0.0000000000
72583  -20.801  -2.627  -43.863 0.0000000000
73637  -21.078  -2.365  -43.751 0.0000000000
147011  -21.560  -2.751  -43.901 0.0000000000
72593  -22.101  -2.796  -44.188 0.0000000000
72586  -22.533  -3.564  -44.315 0.0000000000
69331  -24.061  -6.958  -43.066 0.0000000000
69341  -24.692  -6.604  -43.797 0.0000000000
69362  -27.852  -7.086  -45.553 0.0000000000
68369  -27.709  -7.627  -45.326 0.0000000000
67324  -27.864  -8.050  -45.078 0.0000000000
66294  -28.819  -8.359  -45.033 0.0000000000
88028  -21.281  12.820  -46.367 0.0000000000
90876  -21.281  14.861  -48.826 0.0000000000
148750  -22.134  16.097  -50.914 0.0000000000
144472  -24.532  12.586  -50.022 0.0000000000
146876  -24.780  12.056  -49.883 0.0000000000
80520  -19.033  4.415  -43.022 0.0000000000
81500  -19.346  5.426  -43.216 0.0000000000
80534  -19.726  5.656  -43.647 0.0000000000
149617  -20.424  6.479  -44.219 0.0000000000
81524  -20.753  6.696  -44.650 0.0000000000
81560  -22.247  6.187  -46.446 0.0000000000
80613  -24.069  4.723  -48.611 0.0000000000
81577  -23.718  5.657  -48.354 0.0000000000
82545  -24.780  6.642  -49.236 0.0000000000
83533  -25.217  7.753  -49.208 0.0000000000
72615  -26.010  -2.953  -47.236 0.0000000000
73671  -26.819  -2.573  -47.633 0.0000000000
73672  -27.473  -2.546  -47.488 0.0000000000
64164  -23.503  -10.846  -41.036 0.0000000000
65230  -23.351  -10.062  -41.317 0.0000000000
64190  -25.100  -11.362  -42.847 0.0000000000
70381  -20.485  -5.360  -42.854 0.0000000000
71489  -21.464  -4.440  -43.600 0.0000000000
70390  -21.958  -5.138  -42.936 0.0000000000
70391  -22.589  -5.290  -43.102 0.0000000000
69330  -23.195  -6.306  -42.829 0.0000000000
68333  -24.433  -8.000  -42.945 0.0000000000
67281  -25.125  -8.850  -43.208 0.0000000000
87098  -20.621  12.460  -45.926 0.0000000000
88040  -22.232  12.577  -46.678 0.0000000000
88051  -22.530  12.466  -47.526 0.0000000000
88052  -23.408  12.190  -48.059 0.0000000000
87118  -23.305  11.587  -47.682 0.0000000000
86221  -23.597  10.895  -48.052 0.0000000000
136241  -23.591  10.218  -48.627 0.0000000000
85325  -23.453  9.490  -48.579 0.0000000000
77502  -19.677  0.986  -42.569 0.0000000000
77520  -20.533  0.670  -43.340 0.0000000000
78487  -19.909  1.557  -43.182 0.0000000000
149950  -20.248  2.896  -44.195 0.0000000000
79570  -20.725  3.845  -44.989 0.0000000000
79580  -21.867  3.899  -46.228 0.0000000000
80605  -23.118  4.472  -47.656 0.0000000000
78538  -22.778  2.817  -46.929 0.0000000000
79603  -23.696  4.123  -48.279 0.0000000000
80619  -24.684  4.524  -49.177 0.0000000000
131244  -25.858  4.921  -49.232 0.0000000000
80621  -25.998  4.307  -49.254 0.0000000000
79605  -26.313  3.737  -48.901 0.0000000000
77562  -25.966  1.920  -49.509 0.0000000000
131388  -28.057  -5.033  -46.444 0.0000000000
61104  -25.983  -14.560  -42.670 0.0000000000
62082  -26.168  -14.291  -43.056 0.0000000000
75542  -19.296  -0.698  -43.189 0.0000000000
75543  -19.783  -0.823  -43.456 0.0000000000
74565  -20.256  -1.593  -43.640 0.0000000000
74566  -20.569  -1.468  -43.516 0.0000000000
151125  -20.635  -1.305  -43.468 0.0000000000
75572  -21.517  -1.091  -44.010 0.0000000000
75585  -23.425  -0.780  -46.219 0.0000000000
74593  -24.093  -1.475  -46.522 0.0000000000
73669  -24.749  -2.226  -46.822 0.0000000000
73648  -23.541  -2.671  -45.496 0.0000000000
152186  -24.340  -2.701  -46.191 0.0000000000
72604  -25.151  -2.961  -46.695 0.0000000000
72605  -25.981  -3.691  -46.713 0.0000000000
72606  -26.983  -4.042  -46.959 0.0000000000
71500  -22.997  -4.298  -44.197 0.0000000000
71501  -24.038  -4.751  -44.626 0.0000000000
70402  -24.549  -5.664  -44.310 0.0000000000
71520  -27.144  -4.868  -46.538 0.0000000000
131677  -27.776  -4.931  -46.538 0.0000000000
70430  -28.172  -5.444  -46.165 0.0000000000
69363  -28.122  -6.985  -45.547 0.0000000000
148278  -28.629  -7.233  -45.258 0.0000000000
89038  -22.723  13.508  -50.212 0.0000000000
89941  -23.880  13.287  -51.004 0.0000000000
84407  -22.049  9.027  -46.575 0.0000000000
84420  -22.687  8.644  -47.542 0.0000000000
85335  -23.939  9.172  -49.097 0.0000000000
82529  -22.747  6.437  -47.128 0.0000000000
82536  -22.997  7.132  -47.539 0.0000000000
146992  -25.147  10.198  -49.869 0.0000000000
75594  -25.556  -0.638  -48.283 0.0000000000
75603  -26.229  -0.490  -48.721 0.0000000000
74604  -26.396  -1.631  -48.092 0.0000000000
74615  -26.717  -1.033  -48.505 0.0000000000
75604  -26.869  -0.378  -48.743 0.0000000000
67258  -23.013  -8.420  -41.803 0.0000000000
66232  -23.359  -9.182  -41.713 0.0000000000
67259  -23.703  -8.575  -42.205 0.0000000000
67280  -24.337  -8.712  -42.645 0.0000000000
66263  -25.898  -9.320  -43.576 0.0000000000
62096  -25.750  -13.280  -43.125 0.0000000000
63077  -26.272  -12.719  -43.587 0.0000000000
63094  -26.062  -11.878  -43.672 0.0000000000
63095  -26.884  -11.968  -44.108 0.0000000000
64203  -26.326  -10.990  -43.863 0.0000000000
65274  -26.199  -10.050  -43.639 0.0000000000
66264  -26.684  -9.317  -44.072 0.0000000000
66279  -28.316  -8.908  -44.620 0.0000000000
61105  -26.594  -15.151  -43.009 0.0000000000
61117  -27.494  -14.539  -43.218 0.0000000000
62064  -25.479  -13.772  -42.081 0.0000000000
62097  -26.606  -13.682  -43.378 0.0000000000
63075  -25.006  -11.935  -42.692 0.0000000000
64191  -25.618  -11.309  -43.348 0.0000000000
64204  -27.624  -11.294  -43.895 0.0000000000
65261  -25.756  -10.644  -43.416 0.0000000000
65275  -26.917  -10.015  -44.097 0.0000000000
66277  -26.519  -8.875  -44.120 0.0000000000
66295  -28.933  -9.034  -45.869 0.0000000000
66306  -28.449  -9.012  -46.073 0.0000000000
67322  -26.776  -8.414  -44.531 0.0000000000
67338  -28.672  -8.751  -46.017 0.0000000000
67352  -28.177  -8.356  -45.719 0.0000000000
67353  -28.234  -8.467  -46.259 0.0000000000
68381  -28.630  -7.834  -45.147 0.0000000000
68382  -28.465  -7.665  -45.309 0.0000000000
72607  -27.672  -4.469  -46.821 0.0000000000
73656  -23.141  -2.110  -45.335 0.0000000000
74573  -20.689  -1.882  -43.602 0.0000000000
78556  -25.346  3.043  -49.516 0.0000000000
79571  -21.309  3.892  -45.597 0.0000000000
79591  -22.980  3.614  -47.339 0.0000000000
80576  -20.388  4.771  -44.588 0.0000000000
80620  -25.358  4.488  -49.421 0.0000000000
82517  -21.823  7.284  -45.685 0.0000000000
84438  -24.181  8.636  -49.166 0.0000000000
86222  -24.046  10.848  -49.093 0.0000000000
87132  -23.867  11.615  -48.553 0.0000000000
90901  -22.257  14.754  -50.481 0.0000000000
130472  -23.938  -9.691  -41.948 0.0000000000
132308  -24.808  10.111  -49.796 0.0000000000
135371  -21.540  1.989  -45.322 0.0000000000
138649  -20.117  -1.164  -43.640 0.0000000000
139261  -24.924  5.092  -49.341 0.0000000000
139601  -27.500  -9.142  -44.407 0.0000000000
144433  -25.398  -2.583  -47.119 0.0000000000
150714  -21.698  15.192  -50.062 0.0000000000
150932  -26.158  3.181  -49.265 0.0000000000
151463  -26.474  -7.383  -44.868 0.0000000000
151665  -19.617  1.766  -42.880 0.0000000000
151887  -22.498  2.520  -46.501 0.0000000000
