#!ascii label  , from subject sub-v1s14x0051570_ses-1 vox2ras=TkReg
1824
139084  46.476  -42.163  -41.182 0.6000000238
32088  47.159  -42.604  -40.945 0.5000000000
141457  47.422  -38.911  -41.865 0.6999999881
34917  47.023  -38.068  -41.799 0.6000000238
35995  47.878  -37.498  -42.698 0.6000000238
33040  47.569  -40.612  -41.528 0.6999999881
33041  46.512  -40.475  -41.417 0.6000000238
33956  46.954  -39.647  -41.623 0.5000000000
33957  46.003  -39.464  -41.322 0.5000000000
139159  44.866  -40.087  -40.632 0.5000000000
137077  46.242  -37.908  -41.435 0.6000000238
35990  46.760  -37.274  -41.784 0.6000000238
32094  47.184  -41.638  -41.301 0.5000000000
31039  46.383  -42.886  -40.991 0.5000000000
32089  45.445  -42.005  -41.016 0.6000000238
28117  46.960  -45.511  -39.636 0.5000000000
29068  46.964  -45.413  -39.064 0.5000000000
142269  48.149  -38.172  -44.213 0.6000000238
36003  47.674  -37.322  -44.507 0.6999999881
34915  49.771  -39.283  -42.089 0.6000000238
34916  48.474  -39.108  -42.014 0.6999999881
35994  48.451  -38.248  -43.207 0.6000000238
35998  47.803  -37.845  -43.907 0.6000000238
37023  47.800  -37.046  -43.252 0.6000000238
33955  48.003  -39.794  -41.770 0.6999999881
37024  47.683  -36.284  -42.886 0.6000000238
33039  48.614  -40.640  -41.551 0.5000000000
37019  46.609  -36.407  -41.808 0.6000000238
30032  47.071  -44.116  -40.282 0.5000000000
37020  45.921  -36.229  -41.195 0.6000000238
30028  47.200  -44.326  -39.798 0.5000000000
37010  44.797  -37.032  -40.159 0.6000000238
152713  44.659  -36.412  -39.721 0.6999999881
35983  44.136  -37.131  -39.464 0.6000000238
37011  44.203  -36.224  -39.142 0.6999999881
146435  43.584  -37.532  -38.974 0.6000000238
35979  43.039  -37.514  -38.401 0.6000000238
34889  41.152  -38.356  -36.541 0.6000000238
129191  42.473  -37.221  -37.700 0.6000000238
135494  37.894  -37.135  -33.456 0.5000000000
37850  37.149  -35.414  -33.425 0.6999999881
36948  37.178  -36.882  -33.375 0.6000000238
38776  36.333  -35.066  -33.735 0.8000000119
37851  36.338  -35.826  -33.485 0.6999999881
36005  47.645  -37.071  -45.522 0.6000000238
37031  46.988  -36.330  -44.947 0.6999999881
34923  49.600  -39.456  -43.117 0.6999999881
34928  48.686  -38.741  -43.870 0.6999999881
34932  48.892  -38.614  -44.312 0.6000000238
37027  46.943  -36.601  -44.035 0.6999999881
37028  46.158  -35.498  -44.664 0.6999999881
33954  49.348  -39.933  -41.740 0.6000000238
37932  46.973  -35.289  -43.120 0.8000000119
32092  49.048  -41.291  -41.319 0.5000000000
37933  46.982  -34.680  -42.641 0.8000000119
37025  47.126  -35.758  -42.532 0.6000000238
32087  48.037  -42.125  -40.884 0.5000000000
32093  48.258  -41.449  -41.296 0.5000000000
134251  45.909  -35.465  -41.036 0.8000000119
37926  46.513  -35.394  -41.766 0.6000000238
30024  46.780  -44.324  -39.043 0.5000000000
37922  45.672  -34.960  -40.581 0.8000000119
37918  44.777  -35.648  -39.568 0.8000000119
37016  45.306  -35.995  -40.365 0.6999999881
37914  43.297  -35.834  -37.815 0.6999999881
37913  43.727  -36.018  -38.492 0.6999999881
36985  42.207  -36.147  -36.695 0.6999999881
136625  42.626  -36.389  -37.431 0.6999999881
37006  43.112  -36.631  -38.117 0.6999999881
36971  41.160  -36.299  -35.542 0.6000000238
36997  41.935  -36.930  -37.019 0.6000000238
36959  40.116  -36.258  -34.415 0.6999999881
35951  40.266  -37.297  -35.346 0.6999999881
36987  40.803  -36.990  -35.895 0.6000000238
36946  38.775  -36.038  -33.589 0.6999999881
35937  39.087  -37.397  -33.987 0.6000000238
36947  37.815  -36.266  -33.378 0.8000000119
36961  38.573  -36.891  -33.661 0.6000000238
38775  36.904  -34.715  -33.789 0.8999999762
37863  35.239  -35.093  -34.599 0.6999999881
39716  36.373  -34.456  -34.252 0.8000000119
37852  35.684  -35.498  -33.949 0.6999999881
37035  47.411  -36.529  -46.221 0.6000000238
126742  46.728  -36.128  -45.963 0.6999999881
125948  46.554  -34.663  -46.416 0.6999999881
34934  49.136  -38.210  -44.936 0.6000000238
38858  45.393  -32.952  -44.813 0.6000000238
33964  51.237  -39.645  -43.924 0.4000000060
33960  50.711  -40.184  -43.692 0.6000000238
34933  49.717  -38.038  -44.784 0.6000000238
127466  45.483  -34.792  -45.576 0.6999999881
34914  51.276  -40.092  -42.507 0.6000000238
38853  46.070  -33.767  -43.571 0.8000000119
32091  49.737  -41.516  -41.189 0.4000000060
33038  49.682  -40.769  -41.480 0.5000000000
135875  46.652  -34.496  -42.035 0.8000000119
32086  49.013  -41.831  -41.023 0.5000000000
37927  46.199  -34.697  -41.308 0.8000000119
32079  48.139  -42.063  -40.338 0.4000000060
129514  44.862  -34.791  -39.450 0.8000000119
30029  46.993  -43.583  -39.492 0.5000000000
146362  43.836  -35.268  -38.224 0.8000000119
37873  42.151  -35.168  -35.536 0.8000000119
37902  42.877  -35.606  -37.103 0.6999999881
37912  44.303  -35.310  -38.869 0.8000000119
37875  40.804  -35.928  -34.765 0.8000000119
37888  41.872  -35.906  -35.904 0.6999999881
37847  39.862  -34.965  -33.690 0.8999999762
37861  40.361  -35.472  -34.068 0.8999999762
37874  41.498  -35.576  -35.140 0.6999999881
37862  39.597  -35.772  -33.822 0.8999999762
36972  40.507  -36.637  -35.150 0.6999999881
36960  39.400  -36.685  -34.105 0.6000000238
141258  37.639  -34.707  -33.739 0.8999999762
37849  38.154  -35.371  -33.513 0.8999999762
38810  35.263  -34.317  -36.470 0.8000000119
38796  35.741  -34.050  -35.733 0.8000000119
38797  34.941  -34.665  -35.513 0.8000000119
129216  35.708  -34.402  -34.815 0.8000000119
38788  35.814  -34.834  -34.205 0.6999999881
37942  47.474  -35.388  -46.042 0.6999999881
39797  46.386  -32.762  -44.971 0.6000000238
36006  48.219  -37.115  -46.334 0.6000000238
37033  48.805  -36.320  -45.238 0.5000000000
133827  46.835  -33.288  -43.183 0.6999999881
34926  51.486  -38.874  -43.507 0.4000000060
36000  50.344  -38.175  -44.396 0.5000000000
139902  50.186  -37.403  -44.517 0.6000000238
34922  52.171  -39.703  -42.703 0.5000000000
38854  46.905  -33.891  -42.619 0.6999999881
33950  51.265  -40.203  -40.934 0.5000000000
133495  50.526  -39.781  -41.631 0.6000000238
32084  51.280  -41.651  -40.590 0.4000000060
33034  50.732  -41.013  -41.116 0.4000000060
38843  45.026  -33.912  -39.482 0.8000000119
38842  45.410  -34.395  -40.049 0.8000000119
32078  49.391  -41.927  -40.579 0.4000000060
38836  44.024  -34.554  -38.089 0.8000000119
38835  44.468  -34.362  -38.792 0.8000000119
132478  47.595  -42.396  -39.934 0.3000000119
38794  42.433  -34.491  -35.166 0.8000000119
38808  42.742  -34.681  -35.936 0.8000000119
37901  43.488  -35.022  -37.549 0.8000000119
38795  41.802  -34.855  -34.759 0.8000000119
38823  43.134  -34.812  -36.737 0.8000000119
38772  40.143  -34.202  -33.673 0.8999999762
37860  41.099  -35.175  -34.386 0.8999999762
38773  39.380  -34.468  -33.709 0.8999999762
39703  38.968  -33.842  -34.042 0.8999999762
38774  38.533  -34.626  -33.740 0.8999999762
129857  34.583  -34.680  -36.575 0.8000000119
38786  38.028  -34.083  -34.203 0.8999999762
39715  37.532  -33.644  -34.817 0.8999999762
39727  36.534  -33.858  -34.996 0.8000000119
38860  49.572  -34.237  -44.365 0.6000000238
38863  47.531  -34.427  -45.313 0.6000000238
39792  46.547  -32.581  -44.166 0.6000000238
37941  49.697  -35.326  -44.522 0.6000000238
37021  51.897  -37.187  -42.538 0.4000000060
37026  51.377  -36.672  -43.334 0.4000000060
37029  50.788  -36.587  -44.084 0.4000000060
37030  49.879  -36.448  -44.607 0.5000000000
35992  52.159  -38.583  -42.408 0.4000000060
38850  46.541  -33.778  -41.689 0.6999999881
33952  51.132  -39.486  -41.195 0.5000000000
35988  51.744  -38.983  -41.904 0.4000000060
151817  46.341  -33.459  -41.190 0.6999999881
33949  51.326  -39.822  -40.353 0.5000000000
39763  44.763  -33.410  -38.863 0.8000000119
39772  45.607  -33.523  -40.141 0.8000000119
38793  42.924  -34.125  -35.548 0.8000000119
38821  44.307  -33.737  -38.169 0.8000000119
39712  41.650  -33.681  -33.897 0.8000000119
39701  40.357  -33.331  -33.724 0.8999999762
38785  40.611  -34.677  -33.838 0.8999999762
39702  39.643  -33.212  -34.074 0.8999999762
39714  38.400  -33.400  -34.687 0.8999999762
39725  38.000  -33.180  -35.283 1.0000000000
38824  36.158  -34.440  -38.205 0.8000000119
39726  37.265  -33.392  -35.702 1.0000000000
38809  36.047  -34.035  -37.040 0.8000000119
146834  37.559  -33.196  -36.544 1.0000000000
39737  36.444  -33.686  -36.000 0.8000000119
138578  36.917  -33.645  -36.824 0.8000000119
39791  47.648  -32.747  -44.228 0.6000000238
39789  47.692  -32.990  -42.924 0.6000000238
38857  50.636  -33.387  -44.096 0.6000000238
138944  47.478  -32.412  -41.862 0.6999999881
37022  51.619  -36.343  -42.185 0.4000000060
37928  51.507  -35.890  -42.850 0.4000000060
37940  50.597  -35.510  -44.130 0.4000000060
147188  51.432  -37.757  -41.481 0.4000000060
39780  46.174  -33.126  -40.796 0.6999999881
34908  51.019  -38.852  -40.450 0.5000000000
35985  50.333  -37.403  -40.417 0.4000000060
40709  45.908  -32.598  -40.253 0.8000000119
39747  44.245  -33.067  -37.599 0.8000000119
40689  45.033  -32.420  -38.875 0.8000000119
39710  43.074  -32.995  -34.710 0.8000000119
38807  43.323  -34.049  -36.244 0.8000000119
39699  41.919  -32.955  -33.775 0.8000000119
39724  42.743  -33.812  -34.903 0.8000000119
38771  40.893  -33.915  -33.680 0.8999999762
145941  39.083  -33.129  -34.542 0.8999999762
39713  39.468  -32.522  -34.501 0.8999999762
40654  38.760  -32.593  -35.227 1.0000000000
40655  38.014  -32.825  -35.935 1.0000000000
39749  36.900  -34.288  -38.188 0.8000000119
38825  35.267  -34.420  -37.551 0.8000000119
40666  38.093  -32.779  -36.931 1.0000000000
132349  37.819  -34.084  -38.602 0.8000000119
39748  37.596  -33.533  -37.526 0.8000000119
138881  50.281  -33.579  -43.615 0.6000000238
39795  48.851  -33.485  -44.217 0.6000000238
132417  47.986  -32.864  -43.581 0.6000000238
40708  46.708  -32.192  -40.915 0.6999999881
40700  46.519  -31.579  -40.393 0.6999999881
37923  51.089  -35.648  -41.963 0.4000000060
37929  51.286  -35.139  -42.725 0.5000000000
38856  51.149  -34.011  -43.855 0.5000000000
37012  50.797  -37.097  -41.044 0.4000000060
40701  45.657  -32.071  -39.683 0.8000000119
35980  49.932  -37.742  -39.855 0.4000000060
144465  43.825  -32.989  -36.518 0.8000000119
133175  44.570  -32.975  -38.312 0.8000000119
39711  42.366  -33.422  -34.248 0.8000000119
40637  40.067  -32.499  -33.921 0.8999999762
140151  40.464  -31.803  -33.725 0.8000000119
41667  39.337  -31.915  -34.937 1.0000000000
41678  38.938  -31.658  -35.555 1.0000000000
40665  38.490  -32.189  -36.198 1.0000000000
41715  39.196  -32.480  -39.332 1.0000000000
39764  38.232  -34.534  -39.532 0.8999999762
39765  36.636  -34.725  -39.086 0.8000000119
39775  37.001  -34.894  -40.002 0.8999999762
40690  38.857  -33.571  -39.239 1.0000000000
40702  38.707  -34.463  -40.437 1.0000000000
39774  37.899  -35.094  -40.368 1.0000000000
133939  39.261  -31.567  -39.467 1.0000000000
43634  39.575  -30.509  -40.137 1.0000000000
42689  39.776  -31.797  -40.615 1.0000000000
43641  40.243  -31.372  -41.370 1.0000000000
132944  39.913  -30.030  -40.711 1.0000000000
40716  48.430  -32.366  -42.108 0.6999999881
40714  48.244  -31.843  -41.609 0.6999999881
41738  48.446  -31.083  -41.119 0.6999999881
39783  49.379  -33.532  -42.393 0.6000000238
39784  48.899  -32.638  -41.839 0.6000000238
40715  47.556  -31.900  -41.373 0.6999999881
38852  50.064  -34.027  -42.870 0.6000000238
37924  50.344  -35.151  -41.626 0.5000000000
41725  46.211  -31.083  -39.856 0.8000000119
37007  49.512  -36.970  -40.018 0.4000000060
40688  45.466  -31.589  -39.250 0.8000000119
40664  44.260  -32.402  -37.281 0.8000000119
141831  44.151  -31.929  -36.794 0.8000000119
40647  42.894  -32.200  -34.261 0.8000000119
135746  43.514  -32.760  -35.513 0.8000000119
40635  41.495  -32.384  -33.600 0.6999999881
40634  42.218  -32.245  -33.736 0.8000000119
41666  39.798  -31.663  -34.227 0.8999999762
41651  40.259  -31.035  -33.764 0.8000000119
130251  39.750  -30.825  -34.138 1.0000000000
41677  39.311  -31.013  -34.831 1.0000000000
41692  38.629  -31.382  -36.487 1.0000000000
42642  38.824  -30.739  -35.649 1.0000000000
43601  38.451  -29.538  -36.620 1.0000000000
129124  38.444  -30.245  -37.031 1.0000000000
42662  38.599  -30.682  -37.664 1.0000000000
43622  38.873  -29.849  -39.116 1.0000000000
142266  39.263  -30.809  -39.554 1.0000000000
40710  39.031  -34.052  -41.301 1.0000000000
40711  38.086  -34.105  -41.590 1.0000000000
41726  39.620  -33.077  -41.271 1.0000000000
42696  39.900  -32.410  -41.989 1.0000000000
42695  40.285  -31.685  -42.415 1.0000000000
44526  40.356  -29.567  -41.270 1.0000000000
43640  40.672  -30.847  -41.800 1.0000000000
41732  48.713  -31.213  -41.043 0.6999999881
41734  47.729  -31.036  -41.012 0.6999999881
39778  48.710  -33.028  -41.272 0.5000000000
127358  48.642  -31.978  -41.223 0.6999999881
41724  47.436  -30.466  -40.477 0.6999999881
38849  49.304  -33.685  -41.720 0.6000000238
37920  48.973  -35.178  -40.530 0.5000000000
37925  49.577  -34.677  -41.263 0.5000000000
41714  45.108  -31.488  -38.636 0.8000000119
41700  44.751  -31.259  -37.960 0.8000000119
40653  43.808  -32.067  -35.936 0.8000000119
41648  42.593  -31.478  -33.859 0.8000000119
41665  43.275  -31.418  -34.526 0.8000000119
41650  40.934  -31.256  -33.503 0.6999999881
41649  41.727  -31.547  -33.522 0.6999999881
42615  40.038  -30.259  -33.800 0.8999999762
43557  40.509  -29.599  -33.593 0.8000000119
44448  40.239  -28.803  -33.714 0.8000000119
45415  39.758  -27.301  -34.297 0.8000000119
42629  39.504  -30.176  -34.341 0.8999999762
43568  39.285  -29.401  -34.549 0.8000000119
44459  39.079  -28.668  -34.767 0.8000000119
42630  39.030  -30.076  -35.027 1.0000000000
43569  38.863  -29.269  -35.189 0.8999999762
44460  38.763  -28.611  -35.318 0.8999999762
46345  39.123  -27.319  -34.853 0.8000000119
44471  38.597  -29.002  -35.846 0.8999999762
43611  38.459  -29.854  -37.569 1.0000000000
42674  38.781  -30.487  -38.564 1.0000000000
44517  39.085  -29.291  -39.664 1.0000000000
43647  39.841  -31.658  -43.207 1.0000000000
147696  38.707  -28.296  -39.307 1.0000000000
43646  40.773  -31.327  -42.853 1.0000000000
130857  39.335  -28.560  -40.211 1.0000000000
45479  39.838  -28.215  -41.016 1.0000000000
45485  41.337  -28.676  -42.325 1.0000000000
40699  48.399  -31.865  -40.309 0.6999999881
40698  48.892  -31.053  -40.692 0.6999999881
41722  48.918  -30.655  -40.738 0.6999999881
42694  48.413  -29.897  -40.825 0.6999999881
39771  47.911  -33.061  -39.862 0.6000000238
42688  46.954  -29.919  -40.071 0.6999999881
38845  48.858  -34.173  -40.910 0.5000000000
41713  45.775  -30.722  -39.316 0.6999999881
37921  48.236  -34.741  -40.129 0.5000000000
42673  45.340  -30.509  -38.655 0.8000000119
41690  44.418  -31.071  -37.211 0.6999999881
41664  43.723  -31.309  -35.427 0.6999999881
41691  44.073  -31.231  -36.341 0.6999999881
42628  42.979  -30.703  -34.104 0.6999999881
42612  42.203  -30.695  -33.602 0.6999999881
42614  40.831  -30.427  -33.496 0.6999999881
140256  41.461  -30.840  -33.466 0.6999999881
44447  41.085  -28.922  -33.471 0.8000000119
131973  41.700  -28.268  -33.550 0.8000000119
46330  40.978  -26.596  -33.797 0.8000000119
137668  40.504  -27.319  -33.836 0.8000000119
46343  40.233  -26.604  -34.213 0.8000000119
46344  39.530  -26.599  -34.712 0.8000000119
44485  38.431  -28.668  -36.455 1.0000000000
128623  38.525  -27.234  -36.074 0.8999999762
46359  38.919  -26.638  -35.429 0.8000000119
46373  38.383  -27.013  -36.946 1.0000000000
136812  38.651  -26.375  -36.304 0.8000000119
44500  38.347  -28.836  -37.390 1.0000000000
45443  38.371  -27.925  -36.700 1.0000000000
148059  38.535  -29.508  -38.232 1.0000000000
45480  39.054  -27.312  -40.272 1.0000000000
44534  41.185  -30.656  -43.759 1.0000000000
44535  40.017  -30.356  -43.946 1.0000000000
45486  40.397  -27.801  -41.571 1.0000000000
44530  41.533  -29.976  -42.806 1.0000000000
46408  41.708  -27.959  -42.767 1.0000000000
41711  48.893  -30.142  -40.239 0.6999999881
42686  48.995  -29.444  -40.469 0.6999999881
43633  47.663  -28.566  -40.467 0.6000000238
42672  46.318  -29.584  -39.527 0.6000000238
42660  45.639  -29.418  -38.932 0.6000000238
131291  44.884  -30.342  -37.972 0.6999999881
42641  43.963  -30.386  -35.941 0.6999999881
42640  44.354  -29.841  -36.890 0.6999999881
135242  43.639  -29.709  -35.233 0.6999999881
43566  43.160  -29.941  -34.392 0.6999999881
45402  42.205  -27.706  -33.732 0.8000000119
43555  42.116  -29.891  -33.553 0.6999999881
44446  41.973  -29.107  -33.530 0.8000000119
146956  40.681  -25.906  -34.144 0.8000000119
141673  39.985  -25.930  -34.579 0.8000000119
47357  39.041  -25.794  -35.820 0.8000000119
151457  38.823  -25.674  -36.489 0.8000000119
45466  38.379  -27.618  -38.606 1.0000000000
46389  38.289  -26.841  -37.863 1.0000000000
127528  38.541  -26.034  -37.192 0.6999999881
46392  38.352  -26.702  -38.749 1.0000000000
133758  38.362  -25.995  -38.115 0.8999999762
46396  38.581  -26.498  -39.570 1.0000000000
46401  39.530  -26.992  -40.945 1.0000000000
133955  39.381  -26.051  -40.920 1.0000000000
44539  39.860  -29.600  -44.210 1.0000000000
133749  40.987  -26.571  -42.270 1.0000000000
45491  42.045  -29.298  -43.304 1.0000000000
44537  41.658  -30.177  -43.880 1.0000000000
44538  40.702  -30.232  -44.200 1.0000000000
42687  48.326  -29.270  -40.618 0.6999999881
43600  44.527  -28.930  -37.285 0.6000000238
43584  44.079  -29.382  -36.199 0.6999999881
142274  43.267  -29.086  -34.580 0.6999999881
43567  42.670  -29.435  -33.907 0.6999999881
44458  42.634  -28.456  -33.960 0.8000000119
137026  42.246  -26.976  -33.799 0.6999999881
46328  42.242  -26.163  -33.865 0.6999999881
47345  40.383  -25.246  -34.537 0.6999999881
47356  39.509  -25.199  -35.472 0.6999999881
47368  39.185  -25.097  -36.217 0.6999999881
47384  38.603  -25.259  -37.725 0.8000000119
138607  38.845  -25.152  -36.959 0.6999999881
137986  38.396  -25.847  -38.881 0.8999999762
46402  38.940  -26.258  -40.338 1.0000000000
47397  39.049  -25.327  -40.518 1.0000000000
45497  40.823  -29.582  -44.615 1.0000000000
46409  40.113  -26.473  -41.517 1.0000000000
132431  42.846  -28.934  -45.025 1.0000000000
46413  42.561  -27.296  -43.878 1.0000000000
43632  48.642  -28.301  -40.643 0.6000000238
43621  46.797  -28.372  -39.987 0.6000000238
43609  46.081  -28.352  -39.328 0.6000000238
42661  44.939  -29.352  -38.047 0.6000000238
44469  44.214  -28.438  -36.540 0.6000000238
43585  43.727  -28.832  -35.501 0.6000000238
44457  43.400  -28.094  -34.835 0.6000000238
46342  42.874  -26.581  -34.184 0.6999999881
47332  42.105  -25.252  -33.990 0.6999999881
47344  41.167  -25.210  -34.180 0.6999999881
48366  40.781  -24.382  -34.522 0.6999999881
48380  40.183  -23.848  -35.114 0.6999999881
47367  39.605  -24.333  -35.821 0.6999999881
54984  48.478  -18.269  -36.373 0.3000000119
48410  39.199  -23.888  -37.166 0.6999999881
49416  39.486  -23.695  -36.545 0.6999999881
56004  49.303  -16.991  -36.614 0.3000000119
48416  38.659  -24.562  -38.301 0.8000000119
44528  36.033  -28.752  -40.364 0.8999999762
146596  38.607  -25.425  -39.646 1.0000000000
45487  37.325  -28.678  -41.698 1.0000000000
45498  39.342  -28.367  -44.013 1.0000000000
44536  38.063  -29.058  -42.635 1.0000000000
47404  40.427  -25.440  -41.830 1.0000000000
46414  41.956  -26.938  -43.071 1.0000000000
45490  42.592  -28.509  -43.991 1.0000000000
45495  43.030  -28.064  -44.666 1.0000000000
43620  48.008  -27.939  -40.699 0.6000000238
44498  46.487  -27.528  -39.430 0.6000000238
43610  45.308  -28.244  -38.485 0.6000000238
44499  45.397  -27.407  -38.665 0.6000000238
139124  44.556  -27.557  -37.399 0.6999999881
45428  44.208  -27.154  -36.526 0.6999999881
132947  44.100  -27.797  -36.327 0.6000000238
45429  43.790  -27.495  -35.624 0.6999999881
46386  46.653  -25.198  -38.643 0.3000000119
48408  46.024  -24.388  -38.889 0.3000000119
45413  43.407  -27.065  -34.795 0.6999999881
47343  42.879  -25.699  -34.148 0.6999999881
149480  41.595  -24.593  -34.219 0.6999999881
54985  47.758  -18.471  -36.054 0.3000000119
56005  48.503  -17.335  -36.309 0.4000000060
132351  47.749  -16.907  -35.975 0.4000000060
44518  34.833  -28.773  -39.377 0.6999999881
45472  34.318  -28.009  -39.759 0.6999999881
139005  47.648  -13.713  -37.870 0.3000000119
57119  48.433  -16.252  -36.331 0.3000000119
49434  39.357  -23.210  -37.203 0.6999999881
150494  36.356  -27.701  -40.903 0.8999999762
60590  48.363  -13.510  -37.992 0.3000000119
48418  38.634  -24.476  -39.193 0.8000000119
149244  37.517  -28.004  -41.946 0.8999999762
59424  48.439  -14.580  -36.826 0.3000000119
149525  47.964  -15.276  -36.420 0.3000000119
48424  38.817  -24.496  -40.063 0.8000000119
48423  39.303  -24.500  -40.824 1.0000000000
46419  39.873  -27.994  -44.684 1.0000000000
47411  41.326  -25.462  -42.545 1.0000000000
46418  41.594  -28.844  -45.255 1.0000000000
45499  42.934  -28.210  -45.091 1.0000000000
47415  42.681  -26.443  -44.656 1.0000000000
46423  42.309  -26.951  -45.565 1.0000000000
47422  42.045  -26.034  -45.777 1.0000000000
45442  44.621  -26.782  -37.637 0.6999999881
135249  44.344  -26.525  -36.776 0.6999999881
46387  46.647  -25.782  -38.959 0.3000000119
47382  46.239  -25.160  -39.139 0.4000000060
46357  43.913  -26.564  -35.725 0.6999999881
46341  43.447  -26.116  -34.718 0.6999999881
49432  45.938  -23.699  -38.445 0.4000000060
48365  42.310  -24.353  -34.194 0.6999999881
50551  45.982  -22.961  -37.915 0.3000000119
49414  45.361  -23.312  -37.677 0.5000000000
49390  42.414  -23.442  -34.356 0.6999999881
49391  41.568  -23.803  -34.358 0.6999999881
50535  45.530  -22.611  -37.189 0.5000000000
49392  40.845  -23.374  -34.683 0.6999999881
52842  46.564  -20.635  -36.244 0.4000000060
52828  45.394  -20.844  -35.549 0.6000000238
52827  45.929  -20.063  -35.593 0.5000000000
49402  40.372  -23.014  -35.251 0.6999999881
53967  47.565  -19.412  -36.200 0.3000000119
49403  39.863  -23.391  -35.836 0.6999999881
142014  44.240  -15.612  -37.249 0.4000000060
54964  45.665  -18.380  -35.161 0.4000000060
50537  39.658  -22.878  -36.522 0.6999999881
151407  45.335  -15.090  -37.851 0.4000000060
54962  47.181  -17.636  -35.716 0.4000000060
55985  46.386  -17.159  -35.503 0.4000000060
44519  33.826  -28.524  -39.194 0.6000000238
60591  47.154  -13.954  -38.043 0.3000000119
59444  46.335  -14.451  -37.354 0.3000000119
59445  45.601  -14.841  -37.371 0.4000000060
55984  46.959  -16.628  -35.749 0.4000000060
146386  45.809  -16.891  -35.443 0.4000000060
49435  39.000  -23.634  -37.876 0.6999999881
50552  39.469  -22.412  -37.185 0.6999999881
45481  35.760  -27.752  -40.546 0.6999999881
59427  45.953  -14.775  -36.818 0.4000000060
57097  46.708  -15.816  -35.972 0.4000000060
57099  45.503  -16.476  -35.582 0.4000000060
49445  38.794  -23.687  -38.734 0.8000000119
59443  47.128  -14.029  -37.405 0.3000000119
58296  47.144  -15.179  -36.343 0.3000000119
58280  46.078  -15.672  -35.984 0.4000000060
49449  38.808  -23.672  -39.600 0.8000000119
46415  38.465  -27.411  -43.160 1.0000000000
137851  39.094  -23.734  -40.432 0.8999999762
48432  39.988  -24.411  -41.554 1.0000000000
45503  41.669  -27.545  -45.719 1.0000000000
47420  42.472  -25.663  -44.951 1.0000000000
47416  42.446  -25.625  -44.167 1.0000000000
150131  41.696  -24.832  -42.971 1.0000000000
47425  41.192  -25.941  -46.441 1.0000000000
46426  40.320  -26.645  -46.138 1.0000000000
138464  41.392  -25.362  -46.068 1.0000000000
47426  40.333  -25.662  -46.641 1.0000000000
143700  45.188  -26.894  -38.529 0.6000000238
45459  45.417  -26.264  -38.750 0.6000000238
46372  44.725  -26.088  -37.730 0.6000000238
46356  44.300  -25.876  -36.566 0.6999999881
47383  45.477  -25.581  -38.744 0.5000000000
47355  43.921  -25.581  -35.447 0.6999999881
48409  45.397  -24.828  -38.527 0.5000000000
49433  45.310  -24.046  -38.171 0.4000000060
47342  43.411  -25.192  -34.619 0.6999999881
48392  44.717  -24.507  -37.408 0.6000000238
49401  43.984  -23.736  -35.182 0.6999999881
49415  44.779  -23.692  -37.078 0.6000000238
149657  43.236  -24.195  -34.495 0.6999999881
50519  45.232  -22.193  -36.336 0.6000000238
50508  42.530  -22.512  -34.462 0.6999999881
50509  41.594  -22.766  -34.496 0.6999999881
51656  45.598  -21.518  -36.175 0.5000000000
135073  45.109  -20.088  -35.060 0.6000000238
52808  43.901  -20.693  -34.568 0.6000000238
51647  41.299  -21.880  -34.679 0.6000000238
57143  42.909  -16.484  -37.908 0.4000000060
53946  46.236  -19.009  -35.406 0.4000000060
53947  45.450  -19.269  -35.101 0.4000000060
52807  44.403  -20.018  -34.683 0.5000000000
142210  43.153  -20.881  -34.521 0.6000000238
50522  40.446  -22.351  -35.319 0.6999999881
58337  43.571  -16.396  -38.193 0.4000000060
53921  44.940  -18.699  -34.869 0.5000000000
51660  40.252  -21.833  -35.719 0.6999999881
59428  45.142  -15.073  -36.933 0.4000000060
144275  42.880  -16.338  -37.036 0.5000000000
54940  45.128  -17.857  -35.054 0.4000000060
55969  44.659  -17.477  -35.148 0.4000000060
51672  39.774  -21.966  -36.500 0.6999999881
45489  36.135  -27.076  -40.956 0.8999999762
45482  34.786  -27.472  -40.248 0.6999999881
59426  46.735  -14.553  -36.769 0.4000000060
57100  44.828  -16.300  -35.698 0.4000000060
134020  38.833  -22.916  -39.107 0.6999999881
139557  38.992  -23.022  -38.413 0.6999999881
58298  45.641  -15.312  -36.362 0.4000000060
46416  37.810  -26.672  -42.456 0.8999999762
138436  39.500  -23.824  -41.099 0.8999999762
46420  38.965  -26.957  -43.761 0.8999999762
46421  41.270  -27.675  -45.680 1.0000000000
48437  41.240  -24.335  -42.533 1.0000000000
46422  40.278  -27.337  -45.317 1.0000000000
48441  41.977  -24.761  -43.532 1.0000000000
47417  39.336  -26.507  -44.549 1.0000000000
48445  42.104  -24.598  -44.365 1.0000000000
49479  39.780  -23.118  -45.610 0.8999999762
49483  40.396  -23.912  -45.774 1.0000000000
47427  39.562  -25.233  -46.843 1.0000000000
47423  39.500  -25.591  -46.514 1.0000000000
49486  39.266  -23.798  -46.670 1.0000000000
48452  38.986  -24.406  -47.032 1.0000000000
48450  37.875  -23.779  -47.031 0.8999999762
50612  38.784  -23.002  -46.436 1.0000000000
49487  38.111  -23.287  -47.077 0.8999999762
47366  44.729  -25.332  -37.630 0.6000000238
47354  44.315  -25.034  -36.376 0.6999999881
48379  43.938  -24.658  -35.281 0.6999999881
48378  44.349  -24.162  -36.192 0.6999999881
50521  44.050  -22.854  -35.040 0.6999999881
50536  44.938  -22.905  -36.695 0.6000000238
50520  44.588  -22.369  -35.611 0.6000000238
49389  43.287  -23.160  -34.604 0.6999999881
50506  44.042  -22.130  -34.843 0.6999999881
50507  43.373  -22.286  -34.595 0.6000000238
51645  42.675  -21.547  -34.496 0.6000000238
51646  41.791  -21.220  -34.580 0.6000000238
57162  43.151  -16.987  -38.977 0.3000000119
51657  44.991  -21.573  -35.567 0.6000000238
51643  44.350  -21.543  -34.917 0.6000000238
51658  41.081  -21.110  -34.892 0.6000000238
57163  42.306  -16.749  -38.549 0.4000000060
57164  41.379  -16.883  -38.557 0.4000000060
137348  43.798  -19.871  -34.545 0.6000000238
52810  42.411  -20.514  -34.568 0.6000000238
53924  42.628  -19.612  -34.680 0.5000000000
51659  40.573  -21.122  -35.490 0.6000000238
54942  43.595  -18.460  -34.806 0.4000000060
51671  40.114  -21.177  -36.196 0.6000000238
57145  41.820  -17.080  -37.028 0.5000000000
54965  43.017  -17.908  -35.217 0.4000000060
55987  43.922  -17.478  -35.189 0.4000000060
136798  39.738  -21.185  -36.899 0.6000000238
57123  42.554  -16.847  -36.491 0.5000000000
57101  44.038  -16.612  -35.680 0.4000000060
51691  39.175  -21.339  -38.224 0.6000000238
57122  43.472  -16.314  -36.370 0.4000000060
55988  42.426  -17.527  -35.802 0.4000000060
46410  37.369  -27.094  -41.859 0.8999999762
49454  38.921  -22.872  -40.101 0.8999999762
47406  37.267  -26.100  -41.839 0.8999999762
47412  38.278  -26.216  -43.069 0.8999999762
48438  38.143  -25.134  -43.188 0.8999999762
47418  38.732  -25.726  -43.802 0.8999999762
49468  41.585  -24.029  -43.012 1.0000000000
49482  41.384  -24.158  -45.024 1.0000000000
48446  38.698  -25.021  -46.253 1.0000000000
47424  38.673  -24.716  -46.896 0.8999999762
50609  37.906  -22.246  -46.533 1.0000000000
50611  36.851  -21.876  -47.074 1.0000000000
49484  37.073  -23.063  -46.929 0.8999999762
133780  36.646  -21.010  -46.211 1.0000000000
51734  36.645  -21.209  -45.504 0.8999999762
49400  44.466  -23.299  -35.949 0.6999999881
57176  43.544  -17.238  -39.765 0.3000000119
57177  42.732  -16.910  -39.558 0.3000000119
57178  41.842  -16.645  -39.348 0.3000000119
52811  41.551  -20.433  -34.832 0.6000000238
56037  40.756  -17.327  -38.360 0.5000000000
57179  40.627  -16.981  -38.997 0.4000000060
53948  42.076  -19.130  -35.048 0.5000000000
53949  41.356  -19.644  -35.287 0.5000000000
52831  40.452  -20.474  -35.934 0.5000000000
130551  41.768  -16.886  -37.826 0.5000000000
54966  42.255  -18.320  -35.383 0.5000000000
53969  40.864  -19.211  -35.961 0.5000000000
56025  41.193  -17.419  -37.661 0.5000000000
54967  41.734  -17.962  -35.971 0.5000000000
51682  39.452  -21.220  -37.560 0.6000000238
142180  41.426  -17.717  -36.735 0.5000000000
56007  41.969  -17.382  -36.363 0.5000000000
51692  38.881  -21.405  -38.956 0.6999999881
55004  39.692  -19.102  -37.997 0.5000000000
55003  40.204  -18.619  -37.645 0.5000000000
50576  38.820  -22.146  -39.427 0.6000000238
50578  39.202  -22.490  -40.951 0.8999999762
151003  40.638  -23.189  -42.211 0.8999999762
49460  40.013  -23.393  -41.623 0.8999999762
50592  41.065  -22.637  -42.690 0.8999999762
50606  40.279  -22.431  -44.852 0.8999999762
49478  40.968  -23.206  -44.737 0.8999999762
50604  41.503  -23.054  -43.825 0.8999999762
49474  41.697  -23.871  -43.609 1.0000000000
48447  38.177  -24.287  -45.588 0.8999999762
48442  38.970  -25.269  -44.912 0.8999999762
48449  37.847  -24.048  -46.730 0.8999999762
51735  38.203  -21.673  -45.666 0.8000000119
51733  37.838  -21.350  -45.082 0.6999999881
49475  37.931  -23.509  -44.852 0.8999999762
49481  36.436  -22.197  -46.503 0.8999999762
49480  37.230  -23.259  -46.179 0.8999999762
57195  43.033  -16.906  -40.069 0.3000000119
58350  42.147  -16.471  -40.031 0.3000000119
58366  41.665  -15.775  -40.670 0.3000000119
57196  41.235  -16.292  -40.028 0.3000000119
145254  40.654  -16.364  -40.446 0.4000000060
56047  39.897  -17.200  -39.582 0.4000000060
52830  40.930  -20.422  -35.308 0.6000000238
56038  40.164  -17.550  -38.705 0.5000000000
147803  39.659  -17.846  -39.103 0.4000000060
53971  39.963  -19.794  -37.007 0.5000000000
52844  40.035  -20.489  -36.615 0.5000000000
55012  39.395  -18.965  -38.565 0.5000000000
53981  40.443  -19.021  -36.831 0.5000000000
52845  39.657  -20.503  -37.280 0.5000000000
53989  39.244  -19.754  -38.384 0.5000000000
52854  39.332  -20.545  -37.942 0.5000000000
53990  38.872  -20.005  -39.016 0.5000000000
52863  39.024  -20.628  -38.626 0.5000000000
53997  39.007  -19.267  -39.086 0.5000000000
52874  38.620  -20.633  -40.205 0.6000000238
50579  38.858  -22.041  -40.293 0.6000000238
143373  39.398  -21.284  -41.499 0.6999999881
50583  39.795  -22.086  -41.651 0.6999999881
134112  39.723  -22.754  -41.444 0.6999999881
51715  40.238  -21.543  -42.153 0.6999999881
50593  40.659  -22.017  -42.434 0.8000000119
50582  40.324  -22.658  -41.994 0.8000000119
48443  38.560  -24.559  -44.178 0.8999999762
50605  41.261  -22.372  -44.235 0.8999999762
50600  41.415  -22.414  -43.455 0.8999999762
51732  39.547  -21.746  -44.790 0.6999999881
50601  36.862  -22.450  -45.516 0.8999999762
51727  37.877  -21.289  -44.457 1.0000000000
59500  41.997  -14.990  -41.028 0.3000000119
58367  41.025  -15.942  -40.890 0.4000000060
58382  41.405  -15.293  -41.502 0.3000000119
56059  40.110  -16.773  -40.462 0.4000000060
149513  40.960  -15.868  -41.684 0.3000000119
147517  39.344  -17.944  -39.833 0.4000000060
57214  40.487  -16.440  -41.313 0.4000000060
139580  39.329  -18.489  -39.115 0.4000000060
56060  39.567  -17.443  -40.624 0.4000000060
145474  39.801  -17.922  -41.804 0.4000000060
55019  38.954  -18.774  -39.874 0.4000000060
55028  39.184  -18.289  -40.779 0.4000000060
54009  38.632  -20.003  -40.772 0.5000000000
53998  38.672  -19.762  -39.834 0.5000000000
51721  41.066  -21.426  -42.931 0.6000000238
130852  41.276  -21.908  -43.160 0.8000000119
51731  40.863  -21.890  -44.427 0.6999999881
52906  39.719  -21.182  -44.463 0.6999999881
50607  36.072  -21.567  -45.809 0.8999999762
50602  37.319  -21.944  -44.782 0.8999999762
54034  38.123  -20.168  -43.828 0.8999999762
147102  37.343  -20.312  -43.595 0.8000000119
52902  37.316  -21.026  -43.645 0.8000000119
146678  37.596  -19.500  -43.601 0.6999999881
146227  37.041  -18.017  -43.470 0.8000000119
59513  41.814  -14.477  -41.757 0.3000000119
58383  41.186  -15.453  -42.387 0.4000000060
56076  40.424  -17.174  -42.174 0.4000000060
57229  40.854  -16.361  -42.490 0.4000000060
56085  41.252  -18.331  -43.044 0.5000000000
55043  39.361  -18.856  -41.638 0.5000000000
55053  40.482  -19.010  -42.581 0.5000000000
55052  42.234  -19.641  -43.401 0.5000000000
134241  39.876  -19.529  -42.226 0.5000000000
54023  41.220  -20.120  -42.879 0.5000000000
52893  41.189  -20.815  -42.991 0.6000000238
51720  41.392  -21.472  -43.618 0.6999999881
52892  41.287  -20.983  -43.707 0.6999999881
52900  40.829  -20.961  -44.114 0.6999999881
55061  41.167  -19.677  -44.665 0.6999999881
54033  40.439  -20.219  -44.195 0.6999999881
55077  39.784  -18.726  -44.773 0.6999999881
133700  38.775  -19.712  -43.942 0.8000000119
56092  38.385  -18.232  -44.443 0.6999999881
59512  42.330  -14.131  -41.326 0.3000000119
60673  42.374  -12.901  -42.092 0.3000000119
60674  42.039  -13.259  -42.925 0.4000000060
59527  41.680  -14.114  -42.600 0.3000000119
143200  41.292  -14.860  -43.057 0.4000000060
57228  41.168  -15.830  -43.253 0.4000000060
57235  41.251  -16.951  -43.395 0.4000000060
132817  41.269  -16.466  -43.659 0.3000000119
56091  41.929  -18.173  -43.561 0.5000000000
55060  42.853  -19.166  -43.819 0.6000000238
57244  41.386  -17.015  -43.926 0.3000000119
56090  42.800  -18.751  -43.991 0.5000000000
56105  41.194  -17.403  -44.350 0.4000000060
54022  42.087  -20.366  -43.700 0.6999999881
54031  43.059  -19.768  -44.143 0.6999999881
55074  42.699  -19.006  -44.540 0.6000000238
54032  42.088  -20.441  -44.265 0.6999999881
51726  40.964  -21.412  -44.238 0.6999999881
55075  41.674  -18.927  -44.874 0.6999999881
55076  41.212  -19.156  -44.909 0.6000000238
128549  41.335  -14.023  -43.160 0.3000000119
58404  41.207  -15.457  -43.696 0.3000000119
59539  41.047  -14.716  -43.641 0.3000000119
59540  40.764  -14.056  -43.513 0.3000000119
60691  40.402  -13.320  -43.545 0.3000000119
58411  41.173  -15.966  -44.049 0.3000000119
148792  40.372  -14.967  -44.530 0.4000000060
56107  40.707  -17.919  -44.692 0.5000000000
57245  40.815  -16.447  -44.408 0.5000000000
58413  39.757  -15.189  -45.008 0.5000000000
57250  40.295  -16.931  -44.853 0.6000000238
145278  39.325  -16.564  -45.175 0.6000000238
62841  41.947  -11.273  -41.858 0.4000000060
62855  42.003  -11.704  -42.856 0.3000000119
61747  41.864  -12.485  -43.285 0.3000000119
62875  41.465  -11.784  -43.416 0.3000000119
60690  41.371  -13.255  -43.396 0.3000000119
136041  40.797  -11.825  -43.532 0.3000000119
61748  41.098  -12.491  -43.543 0.3000000119
61749  40.183  -12.403  -43.496 0.3000000119
60692  39.456  -13.155  -43.435 0.3000000119
148653  39.586  -13.795  -43.583 0.4000000060
131808  38.819  -13.883  -43.438 0.4000000060
58417  38.952  -15.665  -45.266 0.6000000238
59541  39.118  -14.411  -43.885 0.4000000060
59542  38.248  -14.656  -43.533 0.4000000060
59555  38.362  -14.951  -44.453 0.5000000000
126930  38.242  -16.252  -45.232 0.6000000238
126784  36.417  -16.193  -43.147 0.6999999881
150181  36.204  -18.531  -43.173 0.8000000119
63881  41.583  -10.866  -42.594 0.4000000060
63882  41.208  -10.540  -43.172 0.3000000119
62876  40.980  -11.173  -43.471 0.3000000119
62877  40.028  -11.408  -43.483 0.3000000119
134549  39.200  -12.305  -43.356 0.3000000119
132768  38.188  -12.284  -43.276 0.4000000060
61750  37.632  -13.226  -43.189 0.4000000060
58405  38.200  -15.041  -43.820 0.4000000060
125965  37.798  -15.537  -44.320 0.5000000000
60693  37.080  -14.024  -43.103 0.4000000060
125959  37.869  -16.860  -45.069 0.6000000238
127081  37.645  -15.265  -43.465 0.4000000060
134103  37.331  -16.189  -43.632 0.6999999881
125964  36.522  -15.301  -43.111 0.4000000060
58406  35.932  -14.803  -43.184 0.4000000060
125963  35.964  -15.653  -43.114 0.6000000238
58418  35.156  -15.393  -43.372 0.5000000000
57251  35.552  -15.945  -43.198 0.6000000238
126685  36.086  -16.579  -43.114 0.6999999881
57246  35.273  -16.152  -43.236 0.6999999881
64859  41.172  -9.989  -42.466 0.3000000119
132151  40.860  -9.906  -43.214 0.3000000119
63899  40.513  -10.485  -43.467 0.3000000119
63900  39.514  -10.482  -43.550 0.3000000119
62878  38.844  -11.352  -43.400 0.3000000119
133381  37.146  -12.320  -43.345 0.3000000119
62879  36.574  -11.538  -43.629 0.3000000119
61751  36.079  -12.434  -43.526 0.3000000119
59544  36.450  -14.522  -43.157 0.4000000060
143444  36.226  -13.907  -43.244 0.3000000119
147773  35.730  -11.773  -43.834 0.3000000119
59545  35.438  -14.166  -43.403 0.3000000119
61763  34.981  -12.522  -43.966 0.3000000119
141557  34.532  -14.002  -43.728 0.3000000119
60709  34.250  -13.380  -44.066 0.4000000060
138762  34.643  -14.921  -43.598 0.5000000000
58423  34.713  -15.251  -43.534 0.5000000000
130232  34.674  -15.869  -43.504 0.5000000000
64860  40.607  -9.213  -42.854 0.3000000119
64879  40.092  -9.639  -43.518 0.3000000119
128177  39.093  -9.678  -43.690 0.3000000119
63901  38.493  -10.431  -43.602 0.3000000119
62895  35.978  -11.012  -44.107 0.3000000119
62880  35.279  -11.528  -44.228 0.3000000119
62896  34.601  -11.645  -44.505 0.3000000119
61768  34.085  -12.537  -44.465 0.3000000119
59557  34.023  -14.210  -43.954 0.4000000060
59563  34.024  -14.897  -43.931 0.5000000000
152267  33.830  -14.497  -44.294 0.5000000000
57258  34.272  -15.780  -45.227 0.5000000000
65827  39.706  -8.428  -43.466 0.3000000119
145524  39.199  -8.525  -43.793 0.3000000119
65843  38.801  -9.004  -43.866 0.3000000119
64881  38.150  -9.592  -43.923 0.3000000119
63918  37.236  -9.856  -44.207 0.3000000119
63903  36.886  -10.623  -43.884 0.3000000119
64900  35.512  -9.907  -45.087 0.3000000119
63920  35.246  -10.742  -44.680 0.3000000119
60714  33.670  -13.323  -44.469 0.4000000060
60715  33.122  -13.203  -44.988 0.4000000060
60720  33.021  -13.218  -45.862 0.4000000060
58420  33.726  -15.523  -45.641 0.5000000000
60716  32.755  -13.764  -45.132 0.4000000060
66836  40.083  -8.001  -42.347 0.3000000119
65826  40.184  -8.490  -42.939 0.3000000119
64898  38.240  -8.891  -44.195 0.3000000119
64899  37.545  -9.126  -44.420 0.3000000119
149531  36.812  -9.426  -44.671 0.3000000119
63919  36.250  -10.102  -44.534 0.3000000119
64911  35.252  -9.267  -45.665 0.3000000119
63921  34.472  -10.964  -44.945 0.3000000119
63928  34.070  -10.684  -45.434 0.3000000119
62903  33.922  -11.625  -44.844 0.3000000119
62904  33.395  -11.573  -45.249 0.4000000060
61770  33.044  -12.494  -45.495 0.3000000119
66837  39.821  -7.860  -43.019 0.3000000119
66852  39.277  -7.767  -43.790 0.3000000119
66868  38.797  -7.069  -44.373 0.3000000119
142495  38.711  -8.396  -44.146 0.3000000119
65875  37.367  -8.023  -45.164 0.3000000119
65860  36.903  -8.723  -45.051 0.3000000119
65876  36.591  -8.085  -45.650 0.3000000119
134612  36.113  -9.351  -45.141 0.3000000119
65888  35.748  -8.085  -46.315 0.3000000119
64912  34.538  -9.648  -45.884 0.3000000119
67976  39.212  -6.846  -43.538 0.3000000119
66869  38.072  -7.453  -44.933 0.3000000119
67994  38.379  -6.749  -44.946 0.3000000119
68011  37.812  -6.765  -45.420 0.3000000119
66883  37.234  -7.447  -45.543 0.3000000119
147882  35.326  -8.556  -46.183 0.3000000119
64920  34.870  -8.800  -46.315 0.3000000119
64921  34.420  -9.104  -46.429 0.3000000119
67993  38.585  -6.333  -44.574 0.3000000119
68010  38.227  -6.128  -45.233 0.3000000119
68012  37.073  -6.835  -46.000 0.3000000119
66884  36.448  -7.511  -46.117 0.3000000119
66895  35.776  -7.515  -46.670 0.3000000119
147202  35.277  -7.898  -46.880 0.3000000119
68023  36.830  -6.229  -46.535 0.4000000060
68024  35.926  -6.837  -46.964 0.4000000060
68022  37.580  -6.078  -45.860 0.3000000119
69185  36.845  -5.550  -46.872 0.4000000060
127723  38.807  -32.379  -38.270 1.0000000000
127437  38.866  -31.456  -38.446 1.0000000000
40676  38.361  -33.207  -38.059 0.8999999762
136146  39.011  -20.714  -44.119 0.6999999881
55063  37.940  -18.708  -43.720 0.8000000119
56093  37.509  -17.605  -43.752 0.8000000119
126895  37.736  -17.240  -44.593 0.6999999881
34924  48.580  -38.751  -42.597 0.6000000238
34925  47.803  -38.269  -42.213 0.6000000238
37931  47.149  -36.129  -43.400 0.6000000238
31033  47.471  -42.686  -40.422 0.5000000000
31034  47.432  -43.478  -40.043 0.5000000000
34927  49.617  -39.492  -44.047 0.6000000238
37848  39.054  -35.214  -33.620 0.8999999762
34929  50.773  -38.872  -44.180 0.5000000000
153128  49.631  -41.812  -40.973 0.4000000060
33953  50.615  -40.218  -41.449 0.5000000000
38847  46.001  -34.013  -40.795 0.6999999881
39786  47.137  -33.111  -42.355 0.6999999881
33033  51.557  -40.792  -40.524 0.5000000000
39773  45.318  -33.015  -39.518 0.8000000119
33028  48.503  -41.501  -39.584 0.4000000060
38822  43.784  -34.045  -37.271 0.8000000119
35984  51.023  -38.219  -40.983 0.4000000060
40636  40.774  -32.506  -33.646 0.8000000119
136797  37.389  -34.746  -39.440 0.8000000119
39787  49.154  -33.543  -43.159 0.6000000238
37013  50.038  -36.529  -40.624 0.4000000060
147922  50.597  -38.106  -40.296 0.4000000060
40674  44.600  -32.213  -38.014 0.8000000119
40675  38.573  -32.228  -37.251 1.0000000000
37014  49.163  -36.119  -40.273 0.5000000000
37930  50.752  -34.666  -42.462 0.5000000000
135925  39.604  -32.526  -40.286 1.0000000000
39779  48.468  -32.442  -40.726 0.6999999881
42652  38.576  -30.418  -36.410 1.0000000000
41701  38.673  -31.466  -37.510 1.0000000000
44531  41.056  -30.360  -42.233 1.0000000000
135785  40.879  -29.151  -41.807 1.0000000000
43556  41.363  -29.703  -33.450 0.8000000119
45471  38.648  -27.477  -39.465 1.0000000000
46358  39.437  -25.911  -35.131 0.8000000119
45460  38.292  -27.803  -37.666 1.0000000000
45414  42.805  -27.484  -34.181 0.6999999881
47390  38.483  -25.127  -38.865 0.8000000119
47405  39.634  -25.341  -41.222 1.0000000000
44484  44.715  -28.141  -37.672 0.6000000238
44470  43.828  -28.157  -35.738 0.6999999881
132319  47.114  -21.237  -36.810 0.4000000060
44527  36.626  -28.449  -40.961 1.0000000000
45493  37.969  -27.804  -42.544 1.0000000000
53945  47.011  -18.693  -35.713 0.4000000060
132405  41.832  -25.030  -45.363 1.0000000000
50534  46.121  -22.289  -37.307 0.4000000060
148115  45.729  -22.011  -36.803 0.5000000000
58300  44.028  -15.797  -36.626 0.4000000060
58299  44.777  -15.592  -36.368 0.4000000060
49485  39.978  -24.553  -46.640 1.0000000000
54941  44.413  -18.170  -34.873 0.5000000000
52901  37.917  -20.846  -43.908 0.8000000119
56026  40.477  -17.894  -37.988 0.5000000000
135627  39.974  -19.259  -37.429 0.5000000000
52864  38.752  -20.638  -39.366 0.5000000000
50584  39.108  -21.885  -41.039 0.6999999881
52885  38.792  -20.654  -41.010 0.6000000238
54017  39.132  -19.738  -41.519 0.5000000000
52888  40.207  -20.953  -42.250 0.5000000000
55062  39.426  -19.247  -44.254 0.6999999881
56106  38.603  -17.788  -45.049 0.6999999881
150072  37.572  -15.931  -44.301 0.6000000238
129832  37.689  -11.243  -43.480 0.3000000119
35950  40.620  -37.737  -35.980 0.5000000000
34878  40.107  -38.013  -35.305 0.5000000000
36973  39.975  -36.891  -34.777 0.5000000000
33918  40.661  -39.564  -35.535 0.5000000000
33919  40.110  -38.936  -34.931 0.5000000000
33937  41.878  -39.395  -37.348 0.5000000000
34877  40.584  -38.582  -35.786 0.5000000000
34907  42.614  -38.771  -38.160 0.5000000000
34912  43.591  -38.925  -39.232 0.4000000060
35978  43.349  -38.181  -38.826 0.5000000000
34911  44.127  -38.745  -39.834 0.4000000060
138953  43.863  -38.063  -39.384 0.5000000000
37015  45.408  -36.987  -40.783 0.5000000000
41717  34.092  -32.407  -38.758 0.6999999881
41718  33.270  -31.872  -38.227 0.6999999881
40706  34.934  -33.009  -39.475 0.8000000119
40705  35.963  -33.727  -40.155 0.8000000119
39777  35.165  -33.895  -39.491 0.8000000119
40712  36.916  -33.993  -40.933 0.8999999762
135805  34.118  -31.154  -38.354 0.6999999881
40704  36.301  -33.008  -40.600 0.8999999762
41727  36.258  -31.984  -40.406 0.8999999762
41737  37.000  -32.944  -41.290 0.8999999762
41736  38.041  -32.841  -42.010 0.8999999762
42675  35.380  -30.327  -39.026 0.6000000238
149271  35.003  -30.945  -38.716 0.8000000119
42698  36.962  -31.738  -41.187 0.8999999762
42697  37.754  -31.604  -42.026 0.8999999762
41739  39.129  -32.469  -42.336 0.8999999762
42701  39.827  -32.174  -42.739 0.8999999762
42659  48.126  -29.020  -38.853 0.5000000000
150402  49.147  -28.562  -40.152 0.5000000000
43607  48.543  -28.074  -40.692 0.5000000000
41712  48.158  -30.555  -39.148 0.6000000238
42671  49.002  -29.478  -40.007 0.5000000000
41723  48.529  -31.090  -40.159 0.6000000238
43637  34.813  -29.442  -38.885 0.6000000238
43643  36.854  -30.561  -40.979 0.8999999762
146460  36.167  -30.700  -40.004 0.8999999762
43648  38.573  -31.330  -42.687 0.8999999762
44497  47.015  -28.230  -39.748 0.5000000000
43599  47.569  -28.676  -38.328 0.5000000000
43608  48.539  -27.985  -39.599 0.5000000000
44508  47.270  -27.977  -40.238 0.5000000000
43635  36.201  -29.656  -40.173 0.8999999762
135696  35.575  -29.608  -39.449 0.6999999881
43642  37.384  -30.342  -41.761 0.8999999762
44532  37.801  -29.845  -42.220 0.8999999762
43650  38.738  -30.505  -43.089 0.8999999762
45457  46.890  -26.982  -39.453 0.5000000000
44483  47.284  -28.284  -37.858 0.5000000000
44533  37.147  -29.331  -41.458 0.8999999762
45492  38.790  -28.924  -43.532 0.8999999762
45458  46.304  -26.493  -39.315 0.5000000000
135882  46.795  -26.394  -39.402 0.5000000000
46388  46.268  -25.900  -39.222 0.5000000000
45441  47.336  -27.046  -39.058 0.5000000000
150673  34.435  -26.788  -40.339 0.6000000238
46404  33.776  -26.508  -40.198 0.6000000238
46403  35.251  -26.704  -40.614 0.8000000119
47398  35.289  -25.802  -40.812 0.6999999881
47399  34.469  -25.933  -40.518 0.6999999881
48425  33.946  -25.041  -40.594 0.6999999881
48435  33.316  -24.233  -40.773 0.6999999881
47407  36.569  -25.657  -41.430 0.8000000119
46411  36.710  -26.596  -41.369 0.8000000119
47408  35.816  -25.284  -41.116 0.6999999881
47409  34.926  -24.979  -40.896 0.6999999881
129103  34.260  -24.256  -40.996 0.6999999881
49462  35.384  -23.691  -41.539 0.6999999881
49463  34.582  -23.580  -41.397 0.6999999881
48439  37.582  -24.646  -42.598 0.8000000119
48440  36.936  -24.236  -42.079 0.8000000119
47413  37.682  -25.640  -42.481 0.8000000119
49472  35.886  -23.095  -41.932 0.6999999881
49461  36.172  -23.924  -41.726 0.6999999881
49470  37.496  -23.615  -42.821 0.8000000119
48444  38.089  -24.036  -43.493 0.8000000119
145299  36.441  -22.622  -42.387 0.6999999881
50594  37.358  -22.544  -43.053 0.8000000119
51722  36.126  -21.493  -42.711 0.6000000238
49476  37.979  -22.849  -44.077 0.8000000119
51730  36.029  -20.839  -42.925 0.6000000238
52904  34.764  -19.993  -42.904 0.6000000238
50603  37.503  -21.911  -43.404 0.8000000119
52903  35.782  -20.006  -43.101 0.6000000238
54036  35.097  -19.223  -42.986 0.6000000238
51729  36.918  -21.349  -43.184 0.6999999881
131710  36.025  -19.102  -43.157 0.6000000238
143999  35.749  -17.293  -43.066 0.6999999881
56095  34.745  -17.459  -43.034 0.6000000238
55064  35.530  -18.276  -43.003 0.6000000238
57236  34.832  -16.542  -43.282 0.6000000238
138021  36.667  -20.559  -43.289 0.6999999881
133278  36.864  -18.752  -43.341 0.6999999881
33951  45.132  -39.251  -40.839 0.4000000060
35986  45.552  -37.782  -41.035 0.5000000000
35991  46.058  -37.096  -41.324 0.5000000000
146296  42.888  -38.255  -38.398 0.5000000000
34888  41.627  -38.695  -37.121 0.5000000000
41735  39.255  -33.455  -42.043 0.8999999762
47414  37.107  -25.158  -41.940 0.8000000119
33926  41.429  -39.255  -36.732 0.5000000000
34906  43.093  -38.825  -38.649 0.5000000000
41716  34.917  -31.905  -39.071 0.8000000119
133105  48.263  -29.708  -39.035 0.5000000000
48433  36.395  -24.769  -41.552 0.8000000119
48434  35.621  -24.467  -41.323 0.6999999881
50596  35.585  -22.144  -42.310 0.6999999881
50595  36.678  -21.992  -42.769 0.6999999881
37008  48.603  -36.636  -39.594 0.4000000060
37003  47.382  -36.428  -38.308 0.4000000060
37916  47.655  -35.261  -39.401 0.4000000060
37009  47.758  -36.208  -39.164 0.4000000060
38841  47.690  -34.224  -39.602 0.5000000000
37004  46.952  -35.896  -37.969 0.4000000060
36996  47.021  -36.501  -37.427 0.4000000060
39762  47.004  -33.190  -38.297 0.5000000000
152144  47.731  -32.342  -39.275 0.5000000000
38834  46.833  -34.210  -38.192 0.5000000000
38820  46.507  -34.657  -37.330 0.4000000060
38833  47.219  -34.713  -38.799 0.4000000060
36984  46.684  -36.165  -36.653 0.4000000060
37886  46.413  -35.336  -36.600 0.4000000060
37910  47.238  -35.636  -38.634 0.4000000060
36969  46.930  -36.669  -35.923 0.4000000060
40687  47.325  -31.953  -38.354 0.5000000000
39761  47.350  -33.662  -38.963 0.5000000000
37872  46.215  -34.942  -35.789 0.4000000060
37871  46.457  -35.449  -35.055 0.4000000060
38767  48.605  -34.529  -33.179 0.4000000060
38768  47.735  -34.827  -33.305 0.4000000060
36958  47.030  -35.732  -34.309 0.4000000060
38766  49.542  -34.523  -33.365 0.4000000060
145969  48.391  -35.260  -33.397 0.4000000060
39746  46.663  -32.947  -37.496 0.5000000000
39735  46.340  -33.793  -36.806 0.4000000060
128289  51.314  -29.866  -33.743 0.3000000119
38806  46.142  -34.222  -36.090 0.4000000060
41645  51.223  -31.311  -34.138 0.3000000119
150084  46.198  -34.762  -34.995 0.4000000060
137355  51.696  -31.108  -34.692 0.3000000119
40644  50.985  -32.153  -34.091 0.3000000119
40631  50.252  -32.558  -33.504 0.3000000119
39697  49.648  -33.234  -33.220 0.3000000119
149003  48.434  -33.784  -32.900 0.4000000060
38749  47.769  -34.053  -32.942 0.4000000060
37846  47.057  -34.999  -33.699 0.4000000060
39708  50.891  -33.052  -34.086 0.3000000119
39696  50.310  -33.502  -33.620 0.3000000119
147237  49.793  -33.886  -33.381 0.4000000060
128720  46.685  -31.376  -36.971 0.4000000060
149935  46.506  -32.078  -36.770 0.4000000060
39736  46.105  -33.493  -35.915 0.4000000060
40661  46.375  -32.738  -36.600 0.4000000060
42611  50.643  -30.119  -33.174 0.3000000119
42592  49.087  -30.026  -32.148 0.3000000119
145538  50.380  -30.775  -33.175 0.3000000119
42603  49.880  -31.206  -32.906 0.3000000119
40616  48.862  -32.270  -32.571 0.3000000119
40617  48.134  -32.407  -32.381 0.4000000060
39679  47.893  -33.269  -32.604 0.4000000060
38750  47.085  -34.259  -33.219 0.4000000060
41646  50.505  -31.523  -33.516 0.3000000119
144253  49.888  -31.913  -33.129 0.3000000119
39678  48.809  -33.074  -32.782 0.3000000119
41699  47.394  -31.016  -38.005 0.4000000060
42594  46.919  -30.252  -31.797 0.3000000119
139097  46.069  -31.036  -32.432 0.3000000119
41647  45.825  -31.712  -33.098 0.4000000060
128546  45.641  -31.286  -33.851 0.4000000060
140314  45.697  -32.005  -34.015 0.4000000060
40662  46.085  -32.627  -35.687 0.4000000060
43532  48.347  -29.673  -31.733 0.3000000119
135231  47.728  -30.326  -31.771 0.3000000119
147524  46.748  -31.181  -32.084 0.3000000119
40609  46.874  -31.978  -32.272 0.4000000060
40633  45.907  -32.443  -33.486 0.4000000060
39722  45.942  -33.307  -34.930 0.4000000060
42593  48.457  -30.571  -32.016 0.3000000119
41623  47.528  -31.648  -32.135 0.3000000119
40618  47.334  -32.563  -32.406 0.4000000060
147747  46.543  -33.085  -32.940 0.4000000060
39709  45.980  -33.456  -34.136 0.4000000060
42604  49.186  -30.891  -32.415 0.3000000119
129813  48.485  -31.510  -32.264 0.3000000119
39680  47.090  -33.404  -32.765 0.4000000060
38770  46.223  -33.796  -33.754 0.4000000060
43582  46.996  -29.187  -36.801 0.4000000060
43583  46.327  -29.556  -35.466 0.4000000060
42651  47.155  -29.639  -37.382 0.4000000060
132137  47.316  -30.227  -37.772 0.4000000060
130594  45.626  -30.087  -34.056 0.3000000119
42639  45.997  -30.460  -35.212 0.4000000060
41675  46.249  -30.971  -35.744 0.4000000060
41688  46.679  -30.635  -36.654 0.4000000060
134079  45.648  -30.570  -33.212 0.4000000060
42626  45.663  -30.658  -34.303 0.4000000060
127414  45.783  -31.371  -34.798 0.4000000060
148121  46.406  -31.377  -36.203 0.4000000060
49473  35.020  -22.907  -41.753 0.6000000238
50585  34.093  -22.880  -41.657 0.6000000238
140792  35.384  -21.228  -42.604 0.5000000000
148277  34.787  -21.583  -42.391 0.5000000000
52895  34.519  -20.802  -42.608 0.5000000000
54037  34.151  -19.341  -42.928 0.5000000000
133874  34.479  -18.436  -42.945 0.5000000000
56096  33.994  -16.859  -43.418 0.5000000000
57247  33.988  -15.957  -43.937 0.4000000060
144245  34.560  -8.279  -47.926 0.3000000119
64928  34.385  -8.390  -48.752 0.3000000119
64934  33.468  -8.989  -49.023 0.3000000119
66896  35.273  -7.597  -47.178 0.3000000119
66902  34.958  -7.744  -47.674 0.3000000119
65895  34.883  -8.062  -47.547 0.3000000119
65897  35.048  -7.944  -48.562 0.3000000119
65904  33.675  -7.905  -49.871 0.3000000119
65899  33.021  -8.557  -49.623 0.3000000119
65906  31.560  -7.855  -49.931 0.3000000119
136560  35.217  -7.154  -47.454 0.3000000119
66910  34.779  -7.363  -48.046 0.3000000119
66913  34.507  -7.458  -49.251 0.3000000119
65903  34.453  -7.918  -49.344 0.3000000119
66918  33.484  -7.198  -50.284 0.3000000119
65905  32.655  -7.846  -50.140 0.3000000119
66920  31.054  -7.156  -50.129 0.3000000119
66921  30.186  -7.127  -49.671 0.3000000119
69193  35.759  -6.117  -47.436 0.3000000119
68042  34.449  -6.430  -48.313 0.3000000119
128666  34.473  -7.114  -48.829 0.3000000119
69218  34.004  -5.535  -50.643 0.3000000119
68055  34.210  -6.330  -50.527 0.3000000119
146839  34.229  -6.284  -51.063 0.3000000119
66923  33.459  -6.590  -50.946 0.3000000119
66919  31.986  -7.106  -50.247 0.3000000119
68059  30.473  -6.351  -50.216 0.3000000119
70349  35.958  -5.059  -47.811 0.3000000119
69202  34.413  -5.307  -48.723 0.3000000119
68062  34.188  -5.658  -50.865 0.3000000119
128584  32.845  -6.001  -51.302 0.3000000119
68063  31.843  -5.987  -51.106 0.3000000119
70355  35.312  -4.446  -48.621 0.3000000119
70356  34.731  -4.295  -49.286 0.3000000119
69211  33.865  -4.199  -50.259 0.3000000119
70383  34.120  -4.034  -50.562 0.3000000119
69224  32.304  -5.303  -51.539 0.3000000119
70366  35.259  -3.653  -49.743 0.3000000119
126898  35.450  -4.196  -50.850 0.3000000119
70395  35.289  -4.137  -51.234 0.3000000119
70396  33.793  -4.092  -51.170 0.3000000119
126654  36.326  -4.253  -50.810 0.3000000119
126931  36.197  -3.895  -51.380 0.3000000119
126185  36.202  -3.661  -50.732 0.3000000119
149738  47.563  -36.061  -34.094 0.4000000060
35977  47.531  -37.028  -37.860 0.4000000060
130596  47.259  -36.808  -35.180 0.4000000060
35963  47.269  -37.206  -36.334 0.4000000060
37842  50.233  -35.230  -33.506 0.4000000060
37843  49.231  -35.362  -33.403 0.4000000060
36945  48.066  -36.326  -33.951 0.4000000060
42624  52.077  -30.588  -34.998 0.3000000119
41674  52.078  -31.331  -35.262 0.3000000119
41663  51.583  -31.793  -34.717 0.3000000119
40643  51.474  -32.643  -34.693 0.3000000119
38765  50.306  -34.312  -33.601 0.3000000119
42625  51.551  -30.552  -34.307 0.3000000119
43545  50.363  -29.499  -32.733 0.3000000119
43533  47.468  -29.530  -31.628 0.3000000119
43546  49.637  -29.413  -32.258 0.3000000119
44468  46.919  -28.690  -36.172 0.4000000060
44456  46.305  -28.818  -34.965 0.4000000060
43565  45.854  -29.481  -34.477 0.4000000060
43548  45.759  -29.737  -32.779 0.3000000119
138035  46.366  -29.936  -31.930 0.3000000119
135979  47.183  -27.900  -37.028 0.4000000060
49464  33.759  -23.560  -41.245 0.6000000238
70348  36.489  -4.578  -47.548 0.3000000119
70354  36.000  -4.171  -48.249 0.3000000119
71462  35.505  -3.637  -49.064 0.3000000119
127173  35.838  -3.475  -50.383 0.3000000119
72557  35.474  -3.285  -49.245 0.3000000119
139307  51.265  -29.229  -33.418 0.3000000119
37915  48.323  -35.724  -39.873 0.4000000060
38792  46.064  -34.172  -35.361 0.4000000060
127166  49.896  -30.285  -32.644 0.3000000119
42638  46.534  -30.090  -36.168 0.4000000060
69201  35.094  -5.662  -47.993 0.3000000119
68058  31.488  -6.470  -50.438 0.3000000119
69222  33.572  -4.549  -50.876 0.3000000119
69228  33.336  -4.785  -51.833 0.3000000119
126187  35.694  -3.488  -50.250 0.3000000119
35981  49.042  -37.462  -39.411 0.3000000119
37002  48.125  -37.184  -38.665 0.3000000119
36962  34.571  -36.363  -35.024 0.6000000238
36974  34.045  -36.236  -35.661 0.6999999881
35971  47.426  -37.340  -37.086 0.3000000119
33022  49.205  -41.567  -39.434 0.3000000119
143646  50.980  -42.183  -40.485 0.3000000119
149077  33.447  -35.162  -37.218 0.6999999881
34910  49.555  -38.180  -39.303 0.3000000119
37890  33.326  -35.797  -36.801 0.6999999881
147727  33.742  -35.753  -36.283 0.6999999881
34905  49.199  -38.501  -38.600 0.3000000119
35970  48.439  -38.041  -38.135 0.3000000119
37889  34.218  -35.276  -35.941 0.6999999881
34898  48.857  -38.747  -37.735 0.3000000119
34866  49.004  -38.169  -34.614 0.3000000119
34886  48.333  -38.498  -36.081 0.3000000119
34887  47.702  -37.785  -36.327 0.3000000119
35919  49.735  -37.565  -33.693 0.3000000119
35934  48.458  -37.528  -34.529 0.3000000119
35948  47.986  -37.645  -35.172 0.3000000119
33946  51.137  -39.711  -39.552 0.4000000060
38839  33.725  -34.410  -38.225 0.6999999881
34897  49.635  -39.217  -38.309 0.3000000119
33947  50.171  -38.984  -39.204 0.3000000119
133582  33.874  -34.741  -37.569 0.6999999881
37903  33.906  -35.142  -36.810 0.6999999881
33935  49.408  -39.430  -37.429 0.3000000119
134388  48.761  -39.007  -36.822 0.3000000119
33909  49.041  -38.777  -35.277 0.3000000119
35949  47.507  -37.341  -35.632 0.3000000119
35918  50.612  -37.572  -33.478 0.3000000119
33027  51.791  -40.722  -39.849 0.4000000060
33942  51.017  -40.432  -38.490 0.3000000119
33943  50.537  -39.709  -38.782 0.3000000119
136407  49.957  -40.008  -37.253 0.3000000119
33934  50.152  -39.860  -37.974 0.3000000119
38838  34.698  -34.432  -38.235 0.6999999881
33924  49.548  -39.688  -36.529 0.3000000119
38826  34.415  -34.646  -37.351 0.6999999881
138658  49.309  -36.172  -33.498 0.3000000119
36956  48.136  -36.880  -34.298 0.3000000119
140034  50.726  -36.821  -33.435 0.3000000119
139693  49.935  -36.739  -33.463 0.3000000119
39767  34.403  -34.123  -38.860 0.6999999881
33009  50.703  -40.577  -37.659 0.3000000119
39766  35.522  -34.327  -39.109 0.6999999881
32985  51.200  -41.457  -36.212 0.3000000119
32997  50.411  -40.549  -36.765 0.3000000119
38844  36.333  -34.644  -39.410 0.6999999881
36944  50.514  -36.119  -33.460 0.3000000119
32996  51.367  -41.526  -37.344 0.3000000119
39782  36.712  -34.635  -40.436 0.6999999881
149911  49.840  -35.933  -33.443 0.3000000119
44455  46.919  -28.085  -35.557 0.3000000119
35938  35.430  -37.192  -34.157 0.5000000000
137429  34.121  -38.063  -36.116 0.6999999881
35939  34.949  -36.851  -34.693 0.6000000238
34880  34.684  -38.375  -35.737 0.6000000238
37864  35.065  -36.009  -34.406 0.6000000238
37904  32.947  -35.431  -37.274 0.6999999881
38827  33.227  -34.815  -37.672 0.6999999881
32076  51.661  -42.253  -40.142 0.3000000119
38840  32.913  -34.272  -38.051 0.6999999881
32083  51.985  -41.595  -40.175 0.4000000060
39768  33.461  -33.793  -38.544 0.6999999881
33021  51.862  -41.108  -39.119 0.4000000060
137001  51.303  -40.284  -39.157 0.4000000060
40691  34.171  -33.402  -39.013 0.6999999881
33008  51.648  -41.347  -38.287 0.3000000119
32056  52.167  -42.490  -38.115 0.3000000119
32042  52.206  -43.593  -37.755 0.3000000119
142308  48.828  -37.883  -38.840 0.3000000119
35953  34.419  -37.288  -35.407 0.6000000238
32043  51.998  -42.726  -37.089 0.3000000119
33007  52.291  -42.131  -38.949 0.3000000119
148429  39.704  -38.252  -34.669 0.5000000000
35921  38.435  -37.823  -33.645 0.5000000000
34857  37.925  -38.675  -33.487 0.5000000000
30012  33.213  -44.158  -37.861 0.4000000060
29061  31.747  -44.462  -36.657 0.5000000000
34868  39.214  -38.091  -34.109 0.5000000000
35922  37.391  -37.796  -33.452 0.5000000000
29052  29.899  -44.530  -35.006 0.4000000060
29041  28.992  -44.714  -34.704 0.4000000060
30013  32.161  -43.728  -36.992 0.5000000000
141777  35.952  -37.064  -33.653 0.4000000060
28094  28.711  -45.534  -34.616 0.4000000060
30998  30.287  -43.274  -35.435 0.4000000060
30014  31.192  -43.470  -36.126 0.4000000060
31024  33.562  -42.284  -38.298 0.5000000000
33016  35.036  -41.015  -38.756 0.4000000060
35952  34.991  -37.733  -34.924 0.5000000000
131796  34.898  -39.729  -37.008 0.4000000060
33929  35.083  -40.390  -37.613 0.4000000060
29042  27.898  -44.854  -34.558 0.4000000060
30988  25.670  -42.594  -33.993 0.4000000060
32026  26.237  -41.206  -34.678 0.4000000060
31011  31.690  -42.644  -36.547 0.5000000000
31012  30.686  -42.574  -35.775 0.4000000060
32994  26.987  -40.732  -35.269 0.4000000060
32051  32.428  -42.167  -37.237 0.5000000000
132713  28.077  -39.806  -35.577 0.4000000060
141330  27.374  -40.046  -35.485 0.4000000060
33018  33.190  -40.395  -37.799 0.5000000000
34881  28.332  -38.920  -35.627 0.4000000060
35954  28.228  -38.000  -35.615 0.4000000060
32066  34.122  -41.273  -38.639 0.5000000000
33017  34.211  -40.430  -38.255 0.6000000238
33939  34.168  -39.914  -37.750 0.6000000238
34891  34.563  -38.986  -36.568 0.5000000000
29990  25.568  -43.546  -33.970 0.4000000060
129138  26.331  -42.069  -34.524 0.4000000060
30002  28.562  -43.421  -34.839 0.4000000060
150791  26.954  -42.377  -34.841 0.4000000060
150269  31.032  -41.921  -36.024 0.5000000000
31013  30.218  -41.755  -35.643 0.4000000060
133947  27.725  -41.334  -35.276 0.4000000060
32052  31.718  -41.639  -36.584 0.5000000000
32992  28.647  -40.358  -35.554 0.4000000060
32993  27.875  -40.555  -35.461 0.4000000060
32067  32.648  -41.249  -37.501 0.5000000000
33940  33.431  -39.721  -37.693 0.5000000000
150033  29.023  -37.462  -35.840 0.4000000060
139219  33.677  -39.201  -37.339 0.6000000238
138234  33.902  -38.686  -36.770 0.6000000238
30987  26.461  -42.885  -34.430 0.4000000060
30999  29.724  -42.478  -35.369 0.4000000060
30986  27.232  -42.996  -34.745 0.4000000060
31001  27.696  -42.228  -35.038 0.4000000060
141941  29.110  -40.855  -35.553 0.4000000060
140063  31.690  -40.870  -36.692 0.5000000000
33006  29.442  -40.253  -35.673 0.4000000060
33921  28.938  -39.623  -35.646 0.4000000060
33019  32.096  -40.265  -37.137 0.5000000000
34896  28.955  -38.281  -35.724 0.4000000060
35973  33.404  -37.561  -36.464 0.6000000238
34902  32.776  -38.959  -37.323 0.6000000238
141010  27.651  -43.812  -34.641 0.4000000060
30003  27.971  -42.983  -34.864 0.4000000060
32040  29.185  -41.626  -35.436 0.4000000060
141639  28.474  -41.078  -35.433 0.4000000060
32053  30.879  -41.061  -36.018 0.5000000000
32054  29.863  -40.952  -35.646 0.5000000000
33005  30.311  -40.220  -35.933 0.5000000000
33932  29.794  -39.535  -35.858 0.5000000000
33930  31.564  -39.494  -36.887 0.5000000000
33004  31.183  -40.206  -36.462 0.5000000000
33931  30.661  -39.381  -36.332 0.5000000000
33933  29.316  -38.894  -35.788 0.4000000060
33941  32.472  -39.587  -37.348 0.6000000238
34895  29.765  -38.134  -36.053 0.5000000000
36988  33.502  -36.507  -36.292 0.6000000238
35974  32.678  -37.426  -36.875 0.6000000238
34903  31.900  -38.824  -37.136 0.6000000238
34893  31.209  -38.841  -36.741 0.5000000000
133773  30.040  -38.884  -36.059 0.5000000000
141562  32.256  -38.145  -37.060 0.6000000238
34904  31.376  -38.021  -36.812 0.6000000238
34894  30.587  -38.485  -36.429 0.5000000000
36999  32.415  -36.581  -36.974 0.6000000238
36998  33.027  -36.642  -36.735 0.6000000238
39751  31.653  -33.723  -37.667 0.5000000000
39750  32.222  -34.193  -37.811 0.6000000238
38829  31.635  -34.563  -37.484 0.5000000000
38828  32.429  -34.920  -37.539 0.6000000238
37906  31.672  -35.432  -37.214 0.6000000238
37001  30.894  -35.990  -36.811 0.5000000000
129582  30.100  -36.057  -36.430 0.5000000000
35975  31.930  -37.253  -37.037 0.6000000238
35976  31.156  -36.998  -36.756 0.5000000000
35967  30.512  -37.623  -36.461 0.5000000000
151396  29.826  -37.311  -36.194 0.5000000000
36990  29.461  -36.564  -36.143 0.5000000000
39769  32.496  -33.386  -38.084 0.5000000000
40693  32.601  -32.412  -38.047 0.5000000000
40692  33.306  -32.910  -38.511 0.6000000238
37905  32.346  -35.787  -37.156 0.6000000238
37000  31.748  -36.340  -37.018 0.6000000238
141332  36.614  -38.055  -33.514 0.4000000060
135024  35.401  -37.997  -34.391 0.4000000060
142345  36.970  -36.179  -33.296 0.5000000000
35923  36.555  -37.371  -33.481 0.4000000060
34867  39.459  -38.869  -34.229 0.5000000000
33901  37.399  -39.404  -33.466 0.5000000000
34856  38.788  -38.774  -33.716 0.5000000000
34858  37.048  -38.630  -33.468 0.5000000000
31010  32.753  -43.087  -37.607 0.5000000000
148823  29.938  -43.815  -35.091 0.4000000060
30001  29.388  -43.219  -35.073 0.4000000060
32995  26.219  -40.441  -34.854 0.4000000060
33922  27.395  -39.339  -35.522 0.4000000060
31000  28.686  -42.519  -35.117 0.4000000060
29989  26.587  -43.725  -34.405 0.4000000060
32027  25.403  -41.639  -33.881 0.3000000119
33923  26.617  -39.803  -35.265 0.3000000119
34882  27.420  -38.486  -35.489 0.3000000119
34883  26.632  -38.938  -35.326 0.3000000119
149485  26.042  -39.254  -34.965 0.3000000119
29053  29.206  -43.952  -34.845 0.4000000060
29067  47.100  -44.986  -39.577 0.5000000000
29072  47.032  -44.867  -40.049 0.5000000000
29988  28.467  -44.140  -34.687 0.4000000060
29991  24.977  -43.058  -33.667 0.4000000060
31038  47.053  -43.343  -40.544 0.5000000000
32025  26.982  -41.674  -35.052 0.4000000060
32041  28.347  -41.753  -35.266 0.4000000060
32069  51.132  -42.617  -39.865 0.3000000119
32077  50.162  -42.111  -40.222 0.3000000119
32085  50.296  -41.802  -40.835 0.4000000060
32095  46.017  -41.273  -41.255 0.6000000238
33020  52.154  -41.775  -39.599 0.4000000060
33043  51.903  -39.934  -43.378 0.4000000060
33044  51.757  -40.056  -43.443 0.4000000060
33917  49.558  -39.528  -35.612 0.3000000119
33925  48.961  -39.147  -36.060 0.3000000119
33936  42.393  -39.437  -37.911 0.5000000000
33938  34.807  -40.517  -38.015 0.4000000060
33945  42.859  -39.447  -38.452 0.5000000000
33958  52.123  -39.894  -43.169 0.4000000060
33959  51.760  -39.943  -43.427 0.4000000060
33961  51.587  -39.922  -43.569 0.4000000060
33962  51.268  -40.106  -43.812 0.4000000060
33963  50.445  -39.639  -44.183 0.5000000000
34859  36.268  -38.626  -33.655 0.4000000060
34875  48.419  -38.130  -35.209 0.3000000119
34876  47.959  -37.902  -35.683 0.3000000119
34890  34.935  -39.302  -36.262 0.4000000060
34892  34.512  -39.668  -37.316 0.6000000238
34899  48.080  -38.225  -37.149 0.3000000119
34900  42.115  -38.692  -37.612 0.5000000000
34901  33.107  -38.337  -36.954 0.6000000238
34909  50.460  -38.457  -39.810 0.4000000060
34918  46.514  -38.738  -41.561 0.6000000238
34919  45.720  -38.574  -41.188 0.4000000060
34920  51.803  -39.590  -43.377 0.4000000060
34921  52.194  -39.259  -42.918 0.4000000060
34930  49.985  -38.762  -44.600 0.6000000238
34931  49.580  -39.042  -44.430 0.6000000238
35920  48.916  -36.868  -33.777 0.3000000119
35933  49.143  -37.666  -34.102 0.3000000119
35935  47.765  -37.152  -34.858 0.3000000119
35936  39.678  -37.502  -34.647 0.5000000000
35964  41.814  -37.887  -37.235 0.6000000238
35965  41.270  -37.409  -36.525 0.6000000238
35966  33.840  -37.163  -35.935 0.6999999881
35972  42.481  -38.046  -37.908 0.5000000000
35982  44.417  -37.887  -39.975 0.5000000000
35987  44.961  -37.773  -40.563 0.4000000060
35989  47.400  -37.528  -42.141 0.6000000238
35993  51.905  -37.640  -41.912 0.4000000060
35996  47.297  -36.755  -42.322 0.6000000238
35997  51.859  -38.065  -43.059 0.4000000060
35999  51.097  -37.779  -43.927 0.5000000000
36001  49.119  -37.395  -45.247 0.6000000238
36002  48.316  -37.783  -44.814 0.6000000238
36004  48.309  -37.400  -45.508 0.6000000238
36007  47.564  -36.813  -45.669 0.6000000238
36949  36.428  -36.600  -33.456 0.5000000000
36950  35.677  -36.371  -33.812 0.5000000000
36957  47.503  -36.474  -34.525 0.4000000060
36970  46.522  -35.831  -35.859 0.4000000060
36983  47.010  -36.796  -36.691 0.4000000060
36986  41.519  -36.620  -36.289 0.6999999881
36989  30.337  -36.758  -36.460 0.5000000000
37005  43.594  -36.827  -38.791 0.6999999881
37017  51.339  -36.748  -41.616 0.4000000060
37018  50.624  -36.104  -41.266 0.4000000060
37032  46.217  -35.617  -45.623 0.6999999881
37034  47.995  -36.136  -46.326 0.6000000238
37841  51.116  -35.589  -33.662 0.3000000119
37844  48.609  -35.943  -33.566 0.4000000060
37845  47.743  -35.621  -33.714 0.4000000060
37876  34.606  -35.548  -35.125 0.8000000119
37887  42.505  -35.401  -36.322 0.8000000119
37900  46.669  -35.645  -37.351 0.4000000060
37911  46.846  -35.139  -38.053 0.4000000060
37917  45.245  -35.162  -39.966 0.8000000119
37919  49.800  -35.611  -40.896 0.5000000000
37934  51.255  -35.562  -43.368 0.4000000060
37935  51.183  -34.766  -43.321 0.5000000000
37936  46.122  -35.357  -43.851 0.8000000119
37937  45.555  -34.269  -44.632 0.6999999881
37938  45.117  -33.594  -45.351 0.6000000238
37939  51.064  -35.809  -43.735 0.4000000060
37943  46.847  -35.853  -46.530 0.6999999881
38748  49.142  -33.847  -33.129 0.4000000060
38751  46.587  -33.709  -33.244 0.4000000060
38769  46.549  -34.364  -33.710 0.4000000060
38781  46.502  -34.956  -34.328 0.4000000060
38782  46.105  -34.156  -34.438 0.4000000060
38783  42.104  -34.153  -34.445 0.8000000119
38784  41.377  -34.425  -34.084 0.8999999762
38787  37.142  -34.201  -34.256 0.8999999762
38805  46.282  -34.607  -36.534 0.4000000060
38837  35.857  -34.505  -38.671 0.6999999881
38846  48.301  -33.628  -40.426 0.5000000000
38848  49.929  -34.317  -42.054 0.6000000238
38851  51.050  -34.014  -43.448 0.5000000000
38855  51.109  -34.882  -43.787 0.4000000060
38859  50.776  -34.297  -44.129 0.6000000238
38861  48.473  -34.024  -44.740 0.6000000238
38862  48.467  -35.201  -45.144 0.6000000238
39698  46.152  -33.131  -33.478 0.4000000060
39700  41.190  -33.138  -33.657 0.8000000119
39723  43.275  -33.482  -35.544 0.8000000119
39776  36.154  -34.488  -39.819 0.6999999881
39781  37.510  -34.913  -40.886 0.8999999762
39785  47.852  -32.473  -42.263 0.6000000238
39788  48.584  -33.023  -42.616 0.6000000238
39790  49.067  -33.361  -43.781 0.6000000238
39793  45.639  -32.749  -45.060 0.6000000238
39794  45.230  -32.940  -45.156 0.6000000238
39796  47.601  -33.241  -44.726 0.6000000238
39798  45.681  -32.907  -45.324 0.6000000238
39799  46.732  -33.736  -45.352 0.6000000238
39800  46.055  -33.591  -45.804 0.6000000238
40619  46.714  -32.575  -32.590 0.4000000060
40620  46.229  -32.487  -32.940 0.4000000060
40632  49.481  -32.484  -32.967 0.3000000119
40645  45.844  -32.791  -34.143 0.4000000060
40646  43.454  -32.158  -35.004 0.8000000119
40652  45.846  -32.330  -34.848 0.4000000060
40663  44.431  -31.786  -37.446 0.8000000119
40673  46.726  -32.052  -37.346 0.4000000060
40703  38.318  -34.813  -41.099 1.0000000000
40707  48.751  -31.338  -40.915 0.6999999881
40713  48.571  -31.985  -41.401 0.6999999881
41622  47.907  -30.996  -31.971 0.3000000119
41634  49.317  -31.737  -32.678 0.3000000119
41635  46.374  -31.848  -32.506 0.4000000060
41676  46.093  -31.791  -35.581 0.4000000060
41689  46.349  -32.019  -36.277 0.4000000060
41728  35.670  -32.488  -39.860 0.8000000119
41733  48.634  -30.573  -41.038 0.6999999881
42605  46.378  -30.530  -32.041 0.3000000119
42606  45.970  -30.201  -32.332 0.3000000119
42610  50.948  -30.696  -33.660 0.3000000119
42613  41.608  -30.306  -33.464 0.6999999881
42627  43.528  -30.578  -34.892 0.6999999881
42685  48.969  -30.419  -40.709 0.6999999881
42693  48.893  -30.654  -41.017 0.6999999881
43553  50.905  -29.544  -33.181 0.3000000119
43554  45.684  -29.614  -33.567 0.3000000119
43558  39.796  -29.493  -33.951 0.8000000119
43586  38.690  -29.837  -35.772 1.0000000000
43636  35.615  -28.966  -39.807 0.6999999881
43645  41.095  -30.968  -43.366 1.0000000000
43649  39.895  -31.028  -43.640 1.0000000000
44437  45.800  -28.998  -33.002 0.3000000119
44449  39.587  -28.726  -34.178 0.8000000119
44509  38.523  -28.712  -38.572 1.0000000000
44529  35.195  -28.263  -40.032 0.6999999881
45403  41.443  -27.355  -33.624 0.8000000119
45404  39.977  -28.026  -33.910 0.8000000119
45416  39.353  -28.003  -34.470 0.8000000119
45417  38.848  -28.019  -35.057 0.8999999762
45430  38.548  -28.118  -35.808 0.8999999762
45488  36.878  -27.626  -41.332 0.8999999762
45494  42.920  -27.426  -44.846 1.0000000000
45496  42.255  -29.632  -44.514 1.0000000000
45500  42.255  -28.357  -45.331 1.0000000000
45501  42.676  -27.465  -45.209 1.0000000000
45502  42.292  -27.641  -45.454 1.0000000000
46329  41.683  -26.595  -33.729 0.6999999881
46412  35.976  -26.165  -40.997 0.8000000119
46417  42.669  -26.828  -44.264 1.0000000000
46424  41.623  -26.775  -46.029 1.0000000000
46425  41.009  -26.851  -46.219 1.0000000000
46427  40.889  -26.297  -46.537 1.0000000000
46428  40.266  -26.052  -46.577 1.0000000000
47333  41.473  -25.938  -33.880 0.8000000119
47346  39.825  -25.384  -34.909 0.8000000119
47381  46.557  -24.643  -38.747 0.3000000119
47386  38.475  -25.360  -38.366 0.8000000119
47410  42.173  -25.899  -43.430 1.0000000000
47419  42.591  -26.682  -45.167 1.0000000000
47421  39.535  -26.021  -45.570 1.0000000000
48367  39.977  -24.705  -34.990 0.6999999881
48393  39.204  -24.438  -36.699 0.6999999881
48411  38.898  -24.480  -37.456 0.6999999881
48431  40.701  -24.664  -42.108 1.0000000000
48448  41.015  -24.653  -45.991 1.0000000000
48451  40.600  -25.220  -46.493 1.0000000000
49453  39.342  -23.169  -40.968 0.8999999762
49459  40.630  -23.883  -42.104 0.8999999762
49469  41.160  -23.498  -42.608 0.8999999762
49471  36.710  -23.345  -42.261 0.8000000119
49477  41.620  -23.722  -44.240 0.8999999762
49488  37.252  -22.935  -47.060 0.8999999762
50510  40.840  -22.516  -34.835 0.6000000238
50523  40.035  -22.577  -35.851 0.6999999881
50553  39.217  -22.735  -37.842 0.6999999881
50566  39.322  -21.949  -37.767 0.6000000238
50567  39.030  -22.216  -38.518 0.6999999881
50591  41.437  -23.189  -43.138 0.8999999762
50608  39.054  -22.365  -45.563 0.8999999762
50610  36.684  -22.138  -47.024 1.0000000000
51644  43.586  -21.514  -34.603 0.6000000238
51670  46.247  -21.521  -36.682 0.5000000000
51703  38.716  -21.380  -39.770 0.5000000000
51712  38.811  -21.335  -40.629 0.6000000238
51728  37.829  -21.600  -43.983 0.8000000119
51736  37.261  -21.465  -46.314 1.0000000000
51737  36.744  -21.580  -46.793 1.0000000000
52809  43.203  -20.149  -34.524 0.6000000238
52829  44.717  -20.820  -34.971 0.6000000238
52843  45.952  -20.921  -36.062 0.5000000000
52889  39.327  -20.482  -41.621 0.5000000000
52894  35.297  -20.546  -42.787 0.6000000238
52907  37.036  -21.778  -47.022 1.0000000000
53922  44.175  -19.147  -34.629 0.5000000000
53923  43.357  -19.335  -34.611 0.5000000000
53925  41.971  -19.842  -34.801 0.6000000238
53950  40.765  -19.885  -35.726 0.5000000000
53968  46.804  -19.697  -35.868 0.4000000060
53970  40.405  -19.801  -36.338 0.5000000000
53982  39.598  -19.812  -37.655 0.5000000000
54016  40.047  -20.246  -42.296 0.5000000000
54030  43.127  -19.282  -44.345 0.5000000000
54035  36.687  -19.708  -43.377 0.6999999881
54044  42.592  -19.647  -44.791 0.6000000238
54943  42.805  -18.775  -34.876 0.4000000060
54963  46.391  -18.049  -35.426 0.4000000060
54986  41.107  -18.452  -36.360 0.5000000000
55002  40.787  -18.172  -37.190 0.5000000000
55011  39.822  -18.318  -38.418 0.5000000000
55029  38.806  -19.173  -40.748 0.5000000000
55078  41.752  -18.324  -44.506 0.5000000000
55079  40.007  -18.242  -44.908 0.6000000238
55968  45.193  -17.025  -35.308 0.4000000060
55986  44.536  -16.943  -35.385 0.4000000060
56006  47.926  -17.697  -36.044 0.4000000060
56094  36.364  -17.999  -43.194 0.8000000119
56104  42.085  -18.086  -44.110 0.4000000060
56108  39.786  -17.352  -45.039 0.6000000238
56109  38.848  -17.177  -45.142 0.6000000238
57098  46.144  -16.340  -35.666 0.4000000060
57102  43.233  -17.062  -35.729 0.4000000060
57120  47.501  -16.002  -36.077 0.4000000060
57121  44.235  -16.039  -36.107 0.4000000060
57144  42.315  -16.636  -37.446 0.4000000060
57197  40.565  -16.630  -39.759 0.3000000119
57215  39.961  -17.099  -41.289 0.4000000060
57237  33.855  -16.207  -43.865 0.4000000060
57252  34.157  -15.752  -44.311 0.5000000000
57255  35.172  -15.727  -43.342 0.5000000000
57256  34.645  -15.738  -43.537 0.5000000000
57257  34.146  -15.479  -44.254 0.5000000000
58281  45.499  -15.894  -35.877 0.4000000060
58297  46.376  -15.182  -36.350 0.4000000060
58316  44.877  -15.310  -37.651 0.4000000060
58317  43.462  -16.016  -37.185 0.5000000000
58412  40.585  -15.586  -44.507 0.5000000000
58416  40.025  -16.014  -45.028 0.6000000238
58419  34.104  -14.975  -45.038 0.5000000000
59425  47.575  -14.492  -36.771 0.3000000119
59442  48.029  -13.922  -37.321 0.3000000119
59460  45.901  -14.815  -38.008 0.4000000060
59543  37.378  -14.691  -43.210 0.4000000060
59552  40.951  -15.184  -44.132 0.3000000119
59553  40.501  -14.620  -44.070 0.4000000060
59554  39.549  -14.658  -44.536 0.5000000000
59556  34.903  -14.585  -43.524 0.3000000119
59562  38.776  -15.036  -45.101 0.6000000238
59564  33.421  -14.105  -44.649 0.5000000000
59565  33.243  -14.786  -45.486 0.4000000060
60592  46.650  -14.259  -37.869 0.3000000119
60661  42.178  -13.687  -42.048 0.3000000119
60694  36.639  -13.223  -43.269 0.3000000119
60695  35.629  -13.319  -43.499 0.3000000119
60707  40.020  -14.160  -43.862 0.3000000119
60708  34.814  -13.515  -43.743 0.3000000119
61769  33.460  -12.451  -44.841 0.4000000060
62856  41.496  -11.199  -43.172 0.3000000119
63902  37.686  -10.314  -43.768 0.3000000119
63927  34.844  -10.206  -45.331 0.3000000119
64861  40.101  -8.926  -43.375 0.3000000119
64880  39.497  -9.026  -43.631 0.3000000119
64910  35.943  -8.654  -45.667 0.3000000119
65808  40.397  -8.568  -42.086 0.3000000119
65859  37.923  -8.334  -44.591 0.3000000119
65889  35.124  -8.227  -46.704 0.3000000119
66917  34.209  -7.217  -49.996 0.3000000119
66922  29.391  -7.151  -49.172 0.3000000119
68031  36.436  -6.009  -47.060 0.4000000060
68041  34.982  -6.603  -47.734 0.3000000119
68051  33.877  -6.107  -49.214 0.3000000119
68056  34.005  -6.684  -50.601 0.3000000119
68057  32.373  -6.515  -50.663 0.3000000119
69192  36.477  -5.366  -47.304 0.3000000119
69210  33.860  -4.798  -49.524 0.3000000119
69219  33.798  -4.776  -50.733 0.3000000119
69223  33.121  -5.321  -51.568 0.3000000119
70367  34.682  -3.831  -50.091 0.3000000119
125946  45.936  -35.155  -45.569 0.6999999881
125947  45.903  -34.840  -45.408 0.6999999881
125954  36.910  -22.026  -47.126 1.0000000000
125955  37.147  -21.848  -46.975 1.0000000000
125956  37.536  -16.552  -44.415 0.6999999881
125957  37.198  -16.678  -43.529 0.6999999881
125958  37.483  -16.049  -44.663 0.6000000238
125960  36.752  -14.835  -43.105 0.4000000060
125961  37.244  -15.847  -43.357 0.4000000060
125962  36.942  -16.021  -43.263 0.6999999881
126577  36.094  -4.209  -51.250 0.3000000119
126704  37.981  -15.450  -45.130 0.5000000000
126843  45.494  -33.757  -44.981 0.6000000238
126870  36.687  -17.268  -43.316 0.8000000119
126877  35.528  -15.159  -43.268 0.5000000000
127050  46.259  -35.366  -45.743 0.6999999881
127071  37.219  -22.385  -47.056 1.0000000000
128159  41.721  -17.730  -43.689 0.5000000000
128829  38.540  -30.824  -37.003 1.0000000000
129410  46.610  -33.781  -37.631 0.4000000060
129417  32.804  -36.037  -36.968 0.6999999881
129527  41.475  -14.811  -42.275 0.3000000119
129894  34.957  -24.198  -41.235 0.6999999881
130308  39.346  -33.452  -40.395 1.0000000000
130387  45.774  -17.538  -35.298 0.4000000060
131924  48.659  -41.974  -40.698 0.4000000060
132110  39.838  -25.047  -46.932 1.0000000000
132731  48.110  -31.230  -39.374 0.6000000238
133559  37.981  -14.020  -43.210 0.4000000060
133739  44.532  -30.261  -37.338 0.6999999881
133782  39.711  -33.831  -33.779 0.8999999762
133988  40.779  -28.100  -33.577 0.8000000119
134905  45.828  -30.058  -34.722 0.4000000060
135016  46.850  -36.221  -35.110 0.4000000060
135065  42.642  -30.129  -33.863 0.6999999881
135498  34.202  -6.699  -49.731 0.3000000119
135708  40.727  -21.794  -35.093 0.6999999881
135760  41.954  -21.970  -34.504 0.6999999881
135994  36.710  -29.492  -40.898 0.8999999762
136098  38.557  -13.187  -43.278 0.4000000060
136709  46.750  -32.833  -41.510 0.6999999881
136851  42.827  -24.932  -34.210 0.6999999881
137524  35.596  -31.336  -39.444 0.8999999762
137528  40.997  -39.106  -36.179 0.5000000000
139278  49.026  -30.294  -40.718 0.6999999881
139514  36.124  -21.356  -46.484 0.8999999762
139701  38.962  -29.973  -43.485 0.8999999762
140255  36.395  -7.004  -46.470 0.3000000119
140995  51.004  -39.106  -39.887 0.5000000000
141242  41.059  -17.311  -42.978 0.4000000060
141401  47.347  -30.883  -31.922 0.3000000119
141528  33.809  -5.888  -51.313 0.3000000119
141872  41.072  -31.896  -33.542 0.6999999881
142093  41.531  -18.746  -35.615 0.5000000000
142144  44.664  -38.591  -40.406 0.5000000000
144026  45.363  -34.555  -45.622 0.6000000238
144811  41.412  -21.812  -43.930 0.6999999881
144818  32.779  -7.042  -50.416 0.3000000119
145859  38.744  -27.454  -35.423 0.8999999762
146681  38.609  -7.797  -44.389 0.3000000119
147822  33.791  -8.347  -49.322 0.3000000119
148645  39.536  -21.747  -37.195 0.6000000238
148727  48.071  -27.719  -40.629 0.5000000000
149158  44.274  -30.575  -36.722 0.6999999881
150279  35.278  -36.583  -34.248 0.6000000238
150524  32.181  -32.700  -37.882 0.5000000000
151691  38.370  -33.888  -38.847 1.0000000000
152151  42.515  -32.782  -34.087 0.8000000119
152216  41.125  -16.624  -39.300 0.3000000119
152350  44.176  -34.874  -38.489 0.8000000119
153249  44.791  -19.451  -34.804 0.4000000060
153294  38.852  -20.192  -41.221 0.5000000000
153297  47.885  -37.584  -37.778 0.3000000119
153336  40.859  -27.451  -42.052 1.0000000000
