#!ascii label  , from subject sub-v1s14x0051570_ses-1 vox2ras=TkReg
1572
125922  22.305  -76.850  -32.268 0.5000000000
8994  21.499  -69.518  -23.671 0.6000000238
8985  21.180  -69.096  -23.090 0.6000000238
8996  19.223  -69.777  -22.906 0.6000000238
9598  20.152  -68.501  -22.495 0.6999999881
8987  18.993  -69.115  -22.740 0.6000000238
10176  21.209  -67.621  -22.713 0.6999999881
10178  19.779  -67.691  -22.419 0.6000000238
5036  15.359  -76.588  -32.660 0.5000000000
6154  15.235  -73.979  -36.327 0.6000000238
6143  15.405  -74.079  -34.936 0.6000000238
5596  15.396  -75.899  -33.390 0.5000000000
6723  16.119  -73.652  -37.370 0.5000000000
6712  15.692  -73.287  -36.899 0.4000000060
6144  14.869  -74.814  -35.760 0.5000000000
5611  15.277  -75.112  -34.317 0.6000000238
5523  19.267  -75.239  -26.237 0.5000000000
5620  20.955  -75.217  -35.795 0.4000000060
6058  20.228  -74.226  -25.766 0.5000000000
6059  19.545  -74.327  -25.264 0.5000000000
7204  20.899  -72.963  -25.505 0.6000000238
130957  21.428  -70.985  -24.674 0.6000000238
9005  21.748  -69.622  -24.393 0.6000000238
131670  21.906  -68.845  -24.078 0.6999999881
8396  21.217  -70.373  -23.726 0.6000000238
9606  21.563  -68.447  -23.324 0.6999999881
11501  22.226  -66.250  -25.653 0.6000000238
10790  22.171  -67.129  -24.210 0.6999999881
12160  23.003  -64.893  -25.785 0.6000000238
11482  22.263  -66.203  -24.477 0.6000000238
10778  21.927  -66.580  -23.426 0.6999999881
140492  22.854  -64.908  -24.918 0.6999999881
9607  18.606  -68.600  -22.930 0.6000000238
5580  16.760  -75.625  -31.853 0.5000000000
136855  16.032  -75.141  -33.108 0.6000000238
5587  16.544  -75.210  -32.404 0.5000000000
7347  16.166  -72.551  -36.190 0.6000000238
6705  15.745  -73.290  -35.601 0.6999999881
6135  16.088  -74.350  -33.673 0.6000000238
6722  17.515  -73.014  -37.442 0.4000000060
6628  20.823  -73.293  -27.109 0.5000000000
6071  20.425  -74.340  -26.492 0.5000000000
5593  21.815  -75.470  -33.469 0.5000000000
6616  20.795  -73.687  -26.593 0.5000000000
8433  20.821  -70.775  -26.210 0.6999999881
7215  21.155  -72.182  -25.981 0.6000000238
9027  20.728  -69.310  -25.906 0.6999999881
8420  21.160  -70.127  -25.635 0.6000000238
7846  21.208  -71.493  -25.851 0.6000000238
9010  21.469  -69.494  -25.240 0.6999999881
8408  21.510  -70.310  -24.187 0.6000000238
10209  21.378  -67.827  -25.580 0.6999999881
10803  21.326  -67.190  -25.828 0.6000000238
11520  22.493  -65.594  -26.181 0.6000000238
131370  22.062  -66.862  -25.275 0.6000000238
137987  24.037  -64.200  -27.018 0.6000000238
12177  24.129  -64.103  -26.232 0.6999999881
140329  19.727  -66.317  -22.525 0.6999999881
10187  17.724  -67.673  -24.121 0.5000000000
11481  22.493  -65.249  -24.269 0.6999999881
10765  21.060  -66.745  -22.499 0.6999999881
10768  19.350  -67.025  -22.656 0.6000000238
6128  17.302  -74.231  -32.166 0.5000000000
5586  17.047  -74.917  -31.990 0.5000000000
5579  17.455  -75.296  -31.412 0.5000000000
6694  16.671  -73.020  -33.769 0.6999999881
6129  16.671  -74.592  -32.703 0.6000000238
7366  16.665  -71.814  -36.671 0.5000000000
6704  16.337  -72.714  -34.785 0.6999999881
6695  16.170  -73.503  -34.243 0.6000000238
6731  18.343  -72.712  -37.334 0.4000000060
6732  17.578  -72.342  -37.371 0.4000000060
7367  16.372  -72.713  -37.156 0.5000000000
6637  20.478  -73.636  -27.899 0.5000000000
8448  20.252  -71.086  -26.866 0.5000000000
7235  20.376  -72.747  -27.761 0.5000000000
7224  20.861  -72.481  -26.806 0.5000000000
9028  19.881  -69.312  -26.482 0.6000000238
7847  20.845  -71.643  -26.521 0.5000000000
9637  20.154  -68.539  -26.261 0.6999999881
11536  20.690  -65.919  -27.972 0.6000000238
10821  20.662  -66.859  -26.507 0.6999999881
9620  21.153  -68.571  -25.592 0.6999999881
11548  22.287  -65.307  -28.141 0.6000000238
10820  20.971  -66.164  -26.891 0.6000000238
12203  23.801  -64.217  -28.914 0.6999999881
11534  22.387  -65.502  -27.106 0.6000000238
10802  21.460  -66.578  -26.123 0.6000000238
12201  25.438  -64.316  -28.729 0.6000000238
12202  24.574  -64.034  -28.397 0.6999999881
12192  23.775  -64.256  -27.893 0.6999999881
12211  27.987  -64.281  -29.315 0.6000000238
12200  26.283  -64.507  -28.353 0.6000000238
11470  18.934  -65.671  -23.501 0.6000000238
151612  25.059  -63.898  -27.257 0.6999999881
141240  20.892  -66.057  -22.370 0.6999999881
11454  19.122  -66.342  -22.999 0.6000000238
12199  27.751  -64.355  -28.431 0.6999999881
150659  27.050  -64.582  -28.156 0.6000000238
12175  25.628  -63.911  -26.842 0.8000000119
135373  24.753  -63.816  -26.006 0.6999999881
136363  23.383  -64.480  -25.089 0.6999999881
10777  22.039  -65.643  -23.432 0.6999999881
6122  17.940  -74.117  -31.520 0.6000000238
129448  17.153  -71.494  -34.149 0.6999999881
7328  17.236  -71.977  -33.277 0.6999999881
144712  16.808  -73.706  -33.062 0.6000000238
7961  17.012  -70.908  -36.034 0.5000000000
7953  17.138  -70.942  -34.962 0.6999999881
7392  18.385  -71.823  -37.369 0.4000000060
7393  17.665  -71.468  -37.263 0.5000000000
6638  20.103  -73.323  -28.526 0.5000000000
6103  19.708  -74.313  -29.409 0.5000000000
7225  19.641  -71.969  -28.027 0.5000000000
136238  18.992  -70.062  -27.391 0.6000000238
10237  19.009  -67.594  -27.229 0.6000000238
9040  19.137  -69.335  -27.054 0.6999999881
8434  19.810  -70.215  -26.801 0.6999999881
131527  19.351  -66.813  -27.611 0.6999999881
9638  19.363  -68.520  -26.817 0.6999999881
129598  21.754  -65.343  -28.999 0.6000000238
10236  19.788  -67.175  -26.827 0.6999999881
11579  24.752  -65.132  -30.929 0.6999999881
12214  23.753  -64.427  -29.795 0.6999999881
12215  23.036  -64.610  -29.429 0.6999999881
12797  19.620  -63.825  -23.151 0.6000000238
11577  26.513  -65.230  -30.865 0.6000000238
11561  25.232  -64.825  -30.146 0.6999999881
12204  23.072  -64.666  -28.508 0.6999999881
128115  27.187  -62.719  -30.995 0.6000000238
12871  27.773  -63.451  -30.827 0.6000000238
129587  27.792  -64.054  -31.056 0.6000000238
149432  27.009  -64.950  -30.443 0.6000000238
128634  24.655  -64.283  -29.376 0.6999999881
12116  19.908  -64.719  -22.656 0.6000000238
12870  28.238  -63.376  -29.878 0.6000000238
11559  27.511  -64.577  -29.919 0.6000000238
12123  23.947  -63.895  -23.606 0.6999999881
12113  22.187  -64.023  -22.650 0.6000000238
132839  21.070  -65.339  -22.368 0.6999999881
11453  19.519  -65.582  -22.808 0.6000000238
14256  27.115  -62.232  -30.301 0.5000000000
13495  28.287  -62.670  -29.329 0.6000000238
12187  28.180  -64.023  -27.819 0.8000000119
12173  27.886  -64.108  -26.929 0.8000000119
145644  26.146  -63.822  -26.137 0.8000000119
12158  25.024  -63.778  -25.226 0.8000000119
12136  23.806  -64.158  -24.507 0.6999999881
12124  22.405  -64.730  -23.370 0.6999999881
12188  27.421  -64.363  -27.588 0.8000000119
135088  25.434  -63.741  -25.984 0.8000000119
7309  17.406  -72.398  -32.448 0.6999999881
6673  17.532  -73.374  -32.149 0.6999999881
6672  18.266  -73.454  -31.247 0.6999999881
5578  18.119  -74.811  -31.033 0.6000000238
7945  17.454  -70.463  -34.269 0.6999999881
6661  18.811  -73.630  -30.603 0.6000000238
8550  17.526  -70.033  -35.396 0.6000000238
6113  19.129  -74.219  -30.255 0.5000000000
6660  19.371  -73.502  -29.871 0.5000000000
14924  23.333  -60.704  -25.404 0.6000000238
7865  19.244  -72.179  -28.848 0.5000000000
8465  18.811  -71.349  -28.385 0.5000000000
14158  22.706  -61.322  -23.892 0.6000000238
9647  18.176  -68.457  -28.264 0.6999999881
8450  18.382  -70.322  -28.102 0.6000000238
10833  19.037  -66.557  -28.463 0.6999999881
9646  18.673  -68.473  -27.435 0.6999999881
14117  21.328  -61.786  -22.775 0.6000000238
11563  22.044  -64.950  -29.903 0.6999999881
11550  20.082  -65.865  -28.904 0.6000000238
11602  24.677  -65.660  -31.938 0.6999999881
129573  23.924  -64.995  -31.417 0.6999999881
12230  22.892  -64.653  -30.389 0.6999999881
12782  20.930  -63.045  -22.332 0.6000000238
141305  20.608  -62.233  -22.727 0.6000000238
11600  26.361  -65.479  -31.729 0.6000000238
12229  23.734  -64.661  -30.668 0.6999999881
12780  22.483  -63.101  -22.336 0.6000000238
13418  19.719  -62.861  -23.343 0.6000000238
12897  26.782  -64.013  -32.467 0.6000000238
12247  27.402  -64.445  -31.539 0.6000000238
12796  24.513  -63.482  -22.944 0.6999999881
147441  22.926  -63.521  -22.663 0.6000000238
140660  20.951  -63.899  -22.287 0.6000000238
13525  27.171  -63.222  -31.560 0.6000000238
12832  28.150  -63.684  -26.235 0.6000000238
149383  27.489  -63.496  -24.987 0.6000000238
147522  26.060  -63.723  -24.428 0.6999999881
12112  23.644  -63.526  -22.821 0.6000000238
12115  20.640  -64.650  -22.370 0.6000000238
14202  28.688  -62.140  -27.826 0.6000000238
12825  27.437  -63.768  -25.614 0.8000000119
13479  28.615  -62.720  -28.473 0.6000000238
12174  27.411  -64.014  -26.252 0.6999999881
12135  24.547  -63.907  -24.422 0.8000000119
7932  17.373  -71.364  -32.712 0.6999999881
129268  17.493  -71.935  -31.960 0.6999999881
7291  17.840  -72.682  -31.677 0.6999999881
8542  17.931  -69.406  -34.059 0.6999999881
147135  17.357  -71.208  -33.522 0.6999999881
7290  18.326  -72.745  -30.989 0.6000000238
7272  18.772  -72.973  -30.409 0.6000000238
16410  23.979  -58.356  -24.780 0.6000000238
15642  24.271  -59.303  -24.686 0.6000000238
15656  23.268  -59.886  -25.778 0.6000000238
7866  18.429  -71.576  -29.356 0.6000000238
15655  23.870  -60.080  -25.118 0.5000000000
9672  17.733  -68.311  -29.129 0.6999999881
14905  24.349  -60.903  -24.161 0.4000000060
141758  23.933  -60.732  -24.708 0.5000000000
10857  18.862  -66.358  -29.405 0.6999999881
10255  18.008  -67.732  -28.741 0.8000000119
14157  23.597  -61.234  -23.791 0.5000000000
11565  20.259  -65.645  -29.740 0.6000000238
10238  18.415  -67.662  -28.029 0.6999999881
140386  23.420  -61.586  -22.891 0.6000000238
11581  21.882  -64.779  -31.038 0.6999999881
11564  21.114  -65.409  -29.786 0.6999999881
13386  25.274  -62.450  -22.928 0.6999999881
14115  22.877  -61.900  -22.487 0.6000000238
11601  25.472  -65.854  -32.588 0.6999999881
11603  23.585  -65.252  -32.204 0.6999999881
12776  26.236  -62.614  -23.272 0.5000000000
13389  22.307  -62.336  -22.315 0.6000000238
12261  25.676  -64.888  -33.566 0.6000000238
11614  26.296  -65.355  -32.751 0.6000000238
147327  25.461  -65.625  -31.568 0.6999999881
12778  24.873  -63.087  -22.695 0.6999999881
131254  25.801  -64.277  -33.300 0.6000000238
11599  27.043  -64.998  -32.102 0.6000000238
12811  27.879  -63.004  -24.664 0.5000000000
12794  26.013  -63.291  -23.394 0.6000000238
12885  26.813  -63.469  -32.110 0.6000000238
148305  28.925  -62.487  -27.047 0.6000000238
13457  28.757  -62.854  -26.117 0.5000000000
12121  25.719  -63.639  -23.762 0.6999999881
14203  28.149  -61.355  -27.870 0.6000000238
8532  17.505  -70.245  -32.633 0.6999999881
7923  17.307  -71.004  -31.801 0.6999999881
7910  17.536  -71.195  -30.820 0.6000000238
7909  18.294  -72.046  -30.374 0.6000000238
17194  24.370  -57.633  -24.393 0.4000000060
17195  23.631  -57.488  -24.773 0.5000000000
8486  17.737  -70.688  -29.529 0.6000000238
16409  24.662  -58.482  -24.281 0.5000000000
16429  22.914  -58.885  -25.863 0.6000000238
8487  17.445  -69.762  -29.903 0.6999999881
131553  17.540  -69.043  -29.509 0.6999999881
8466  18.129  -70.844  -28.798 0.6000000238
15632  24.524  -60.243  -24.432 0.5000000000
10272  18.405  -66.818  -29.941 0.6999999881
144579  25.726  -60.860  -23.581 0.4000000060
11628  22.210  -65.407  -33.911 0.6999999881
11604  21.591  -64.797  -32.132 0.6999999881
134413  21.038  -65.022  -31.567 0.6999999881
149864  25.931  -61.337  -23.438 0.6000000238
10896  24.392  -65.866  -33.764 0.6999999881
10897  23.492  -65.747  -33.882 0.6999999881
11582  21.092  -65.178  -30.709 0.6999999881
14901  27.623  -60.915  -23.317 0.5000000000
14113  24.571  -61.999  -22.849 0.5000000000
11615  25.392  -65.572  -33.515 0.6000000238
10895  24.983  -66.006  -33.420 0.6999999881
11616  24.385  -65.931  -32.999 0.6999999881
11580  22.841  -64.724  -31.460 0.6999999881
14138  26.897  -61.788  -23.407 0.5000000000
151664  24.867  -63.679  -33.877 0.5000000000
12906  24.655  -64.058  -34.730 0.6000000238
142787  17.429  -69.935  -32.000 0.6999999881
8518  17.305  -70.186  -31.246 0.6999999881
141992  24.500  -56.220  -24.225 0.4000000060
9118  17.643  -69.241  -31.669 0.6999999881
8502  17.432  -70.430  -30.368 0.6999999881
17989  23.255  -56.671  -24.785 0.4000000060
9098  17.410  -69.460  -30.810 0.6999999881
146068  22.602  -58.033  -25.457 0.6000000238
10290  18.210  -67.378  -30.499 0.8000000119
148320  17.496  -68.933  -30.356 0.6999999881
10886  20.489  -65.842  -32.204 0.6000000238
10873  18.968  -66.279  -30.422 0.6000000238
17214  20.181  -57.589  -26.156 0.6000000238
11619  21.125  -65.048  -32.888 0.6999999881
11605  20.815  -65.258  -32.240 0.6999999881
10887  20.373  -65.698  -31.387 0.6000000238
10905  22.618  -65.746  -34.874 0.6000000238
11636  24.101  -64.787  -35.915 0.6000000238
17250  19.991  -57.818  -29.044 0.5000000000
12268  24.636  -64.919  -34.600 0.6000000238
11627  24.509  -65.509  -34.400 0.6999999881
12916  24.510  -63.505  -35.647 0.5000000000
9097  17.818  -68.508  -31.175 0.6999999881
147660  23.042  -55.997  -24.821 0.4000000060
10309  18.709  -67.349  -31.140 0.8000000119
17212  22.003  -57.401  -25.367 0.5000000000
10307  20.088  -66.586  -31.689 0.8000000119
18808  21.793  -55.814  -25.481 0.4000000060
18795  22.603  -55.467  -25.152 0.4000000060
10888  18.961  -66.724  -31.030 0.6999999881
18823  20.487  -55.859  -26.156 0.4000000060
17213  21.096  -57.499  -25.684 0.5000000000
10915  22.794  -65.779  -36.051 0.6000000238
10906  21.713  -65.944  -34.692 0.6000000238
11629  21.287  -65.541  -33.714 0.6999999881
18822  21.295  -55.269  -26.001 0.4000000060
11637  23.712  -65.237  -35.757 0.6000000238
10904  23.658  -65.552  -34.673 0.6000000238
18027  19.452  -56.340  -28.236 0.4000000060
17228  19.684  -57.464  -27.101 0.6000000238
12274  24.303  -64.154  -35.849 0.6000000238
12925  24.862  -63.229  -36.035 0.5000000000
13561  24.672  -62.837  -35.392 0.5000000000
19670  23.918  -54.647  -24.765 0.4000000060
9705  19.028  -67.760  -31.496 0.8000000119
19671  23.136  -54.845  -25.050 0.4000000060
10308  19.367  -67.131  -31.373 0.6999999881
142424  22.044  -55.168  -25.650 0.4000000060
10324  20.889  -66.567  -33.757 0.6000000238
10898  20.709  -65.791  -32.922 0.6999999881
10916  21.905  -66.321  -35.716 0.6000000238
10907  21.178  -66.419  -34.463 0.6000000238
19696  21.210  -54.473  -26.484 0.4000000060
136601  20.510  -55.058  -26.606 0.4000000060
18841  19.557  -55.599  -27.908 0.4000000060
12284  24.858  -63.764  -36.144 0.4000000060
20528  24.013  -53.884  -24.946 0.4000000060
10306  20.959  -67.188  -31.924 0.6999999881
19684  23.283  -54.110  -25.306 0.4000000060
10323  21.329  -67.470  -33.501 0.6999999881
10320  20.841  -66.798  -32.882 0.6000000238
20542  22.563  -53.996  -25.897 0.4000000060
140136  22.183  -66.590  -36.471 0.6000000238
10928  21.781  -67.022  -36.116 0.6000000238
19697  20.484  -54.277  -27.052 0.4000000060
11646  24.297  -65.301  -36.559 0.6000000238
19708  19.815  -54.133  -27.941 0.3000000119
128789  24.813  -64.692  -36.244 0.4000000060
12924  25.710  -63.410  -36.146 0.4000000060
134887  26.501  -63.977  -36.139 0.4000000060
20553  22.511  -53.268  -26.336 0.4000000060
147743  21.799  -53.331  -26.744 0.4000000060
11654  23.923  -66.668  -37.364 0.6000000238
10925  25.149  -65.815  -36.832 0.6000000238
10935  24.960  -66.914  -37.284 0.6000000238
12282  26.718  -64.777  -36.095 0.4000000060
11644  26.979  -65.934  -36.122 0.5000000000
12923  26.961  -63.488  -35.824 0.4000000060
21507  18.423  -52.607  -30.032 0.3000000119
140968  27.426  -64.303  -35.767 0.4000000060
23279  25.332  -50.365  -26.525 0.4000000060
23305  20.837  -50.487  -28.995 0.3000000119
21493  16.871  -52.377  -28.094 0.4000000060
25121  26.860  -49.052  -26.797 0.4000000060
24180  24.832  -49.494  -27.448 0.4000000060
150835  21.823  -49.652  -28.589 0.3000000119
24182  22.626  -49.972  -28.224 0.3000000119
22392  18.740  -51.699  -29.955 0.3000000119
22391  19.335  -51.307  -29.915 0.3000000119
131489  17.446  -52.101  -29.050 0.3000000119
24178  26.279  -48.784  -27.247 0.4000000060
25138  24.906  -48.686  -27.826 0.4000000060
24181  23.471  -49.798  -27.890 0.4000000060
24196  21.137  -49.777  -28.919 0.3000000119
146205  19.565  -50.605  -29.903 0.3000000119
23297  13.992  -50.032  -27.423 0.4000000060
23266  12.588  -49.833  -25.958 0.3000000119
24143  13.148  -49.245  -25.662 0.3000000119
140768  18.373  -51.146  -29.732 0.3000000119
22382  17.655  -51.192  -29.054 0.3000000119
26109  25.561  -47.926  -27.850 0.4000000060
25152  23.893  -48.591  -28.176 0.4000000060
24193  23.257  -49.250  -28.198 0.3000000119
24195  21.468  -49.153  -28.835 0.3000000119
151695  20.822  -49.300  -29.320 0.3000000119
22370  14.874  -50.776  -27.508 0.3000000119
24206  19.339  -49.985  -29.848 0.3000000119
24185  13.445  -49.499  -26.920 0.3000000119
23319  18.450  -50.269  -29.528 0.3000000119
25140  14.516  -47.596  -27.966 0.4000000060
24169  13.696  -48.793  -26.847 0.3000000119
25122  14.521  -47.672  -27.209 0.3000000119
25123  14.026  -48.229  -26.509 0.3000000119
26121  24.556  -47.733  -28.140 0.4000000060
137788  23.451  -47.823  -28.417 0.4000000060
25154  21.909  -48.543  -28.734 0.3000000119
23296  14.757  -49.752  -27.796 0.4000000060
25169  20.525  -48.767  -29.571 0.3000000119
23295  15.682  -49.611  -28.155 0.3000000119
24183  14.691  -48.588  -28.057 0.4000000060
24199  15.610  -48.760  -28.434 0.4000000060
26070  15.292  -47.147  -26.587 0.3000000119
130081  24.669  -46.833  -28.198 0.4000000060
128811  22.909  -47.094  -28.616 0.4000000060
26122  21.544  -47.970  -29.076 0.4000000060
26136  21.187  -47.496  -29.393 0.4000000060
131800  19.392  -49.143  -29.695 0.3000000119
25171  18.859  -48.478  -29.486 0.3000000119
24197  16.902  -48.552  -28.846 0.3000000119
26123  16.865  -47.566  -29.083 0.3000000119
130924  16.401  -46.557  -29.114 0.5000000000
25156  15.292  -47.830  -28.410 0.4000000060
145640  15.006  -47.097  -28.227 0.4000000060
26069  16.236  -47.350  -25.852 0.3000000119
27079  23.346  -46.350  -28.618 0.4000000060
27080  22.585  -46.431  -28.859 0.4000000060
150795  20.874  -47.178  -29.553 0.3000000119
27093  19.489  -46.244  -29.649 0.3000000119
28053  19.118  -45.335  -29.592 0.3000000119
152126  19.567  -44.827  -29.655 0.3000000119
25170  19.783  -48.385  -29.726 0.3000000119
26138  19.746  -47.279  -29.674 0.3000000119
26140  17.797  -46.226  -29.400 0.3000000119
27095  17.410  -45.178  -29.209 0.3000000119
28055  17.953  -44.789  -28.972 0.3000000119
129883  18.057  -47.700  -29.258 0.3000000119
27081  15.924  -45.905  -28.743 0.3000000119
27069  15.739  -45.901  -27.908 0.3000000119
137225  16.767  -47.922  -25.537 0.3000000119
132407  26.380  -44.957  -28.082 0.3000000119
28037  25.034  -45.438  -28.291 0.3000000119
28038  24.305  -45.069  -28.532 0.3000000119
28050  22.656  -44.961  -29.212 0.3000000119
29950  21.770  -43.666  -30.100 0.3000000119
29013  20.296  -43.936  -29.828 0.3000000119
28039  23.378  -45.518  -28.753 0.3000000119
29006  21.928  -44.608  -29.709 0.3000000119
28065  20.776  -44.922  -29.890 0.3000000119
29012  20.738  -44.084  -30.048 0.3000000119
143207  19.114  -44.159  -29.068 0.3000000119
28995  18.582  -44.425  -28.776 0.3000000119
27068  16.364  -45.444  -28.039 0.3000000119
28015  17.115  -45.355  -27.212 0.3000000119
27053  16.368  -45.862  -26.945 0.3000000119
26090  16.990  -46.403  -26.083 0.3000000119
28979  26.935  -44.314  -28.082 0.3000000119
28991  25.352  -44.193  -28.414 0.3000000119
28992  24.569  -44.239  -28.601 0.3000000119
29005  22.555  -43.991  -29.593 0.3000000119
29957  21.154  -43.437  -30.289 0.3000000119
28994  19.189  -44.018  -28.659 0.3000000119
140872  18.771  -44.301  -28.283 0.3000000119
28014  18.035  -45.415  -26.715 0.3000000119
25102  17.719  -48.382  -25.466 0.3000000119
30943  21.013  -42.593  -30.399 0.3000000119
29951  20.406  -42.957  -29.802 0.3000000119
28028  18.446  -44.921  -27.250 0.3000000119
27051  18.642  -46.277  -26.136 0.3000000119
26089  17.903  -46.758  -25.832 0.3000000119
26067  18.281  -47.710  -25.639 0.3000000119
30936  20.778  -42.000  -30.357 0.3000000119
30938  20.128  -43.054  -29.320 0.3000000119
29929  19.370  -43.979  -28.084 0.3000000119
31955  21.551  -40.980  -31.081 0.3000000119
31957  20.665  -41.769  -29.865 0.3000000119
131649  20.325  -43.003  -28.327 0.3000000119
28981  19.730  -44.246  -27.526 0.3000000119
28968  19.342  -44.847  -27.129 0.3000000119
27050  19.732  -46.293  -26.333 0.3000000119
26066  19.308  -48.037  -25.635 0.3000000119
5592  22.160  -75.701  -32.957 0.5000000000
5594  20.887  -75.549  -33.550 0.5000000000
136008  20.919  -75.192  -34.735 0.4000000060
9597  20.940  -68.477  -22.736 0.6999999881
10767  19.907  -66.931  -22.367 0.6999999881
6721  18.100  -73.439  -37.254 0.4000000060
5619  21.771  -75.383  -35.024 0.5000000000
8449  19.412  -70.991  -27.512 0.5000000000
12193  22.974  -64.855  -27.593 0.6000000238
10273  17.951  -67.506  -29.566 0.8000000119
127655  17.735  -70.019  -28.998 0.6999999881
10872  19.709  -65.822  -30.527 0.6000000238
13550  24.223  -63.042  -34.697 0.5000000000
148279  22.488  -64.848  -32.407 0.6999999881
18017  19.585  -56.449  -27.354 0.4000000060
14296  24.701  -61.984  -35.015 0.5000000000
11647  23.636  -65.755  -36.826 0.6000000238
13568  25.296  -62.886  -35.919 0.4000000060
10332  21.331  -67.374  -34.585 0.6000000238
10927  22.440  -67.227  -36.757 0.6000000238
20567  20.506  -53.485  -27.473 0.3000000119
11645  25.879  -65.181  -36.400 0.4000000060
10924  26.126  -66.057  -36.506 0.4000000060
24168  25.463  -49.742  -26.966 0.4000000060
27078  24.265  -46.061  -28.379 0.3000000119
28990  26.124  -44.233  -28.255 0.3000000119
9724  23.319  -68.622  -33.236 0.5000000000
9703  22.073  -67.841  -31.651 0.5000000000
10287  20.925  -67.631  -31.092 0.6999999881
9686  20.495  -68.498  -30.863 0.6999999881
9117  18.334  -68.625  -31.971 0.6000000238
9725  22.389  -68.147  -32.879 0.5000000000
10319  21.494  -67.470  -32.526 0.6000000238
10288  20.244  -67.753  -31.242 0.6000000238
9146  18.477  -68.972  -33.422 0.6000000238
133935  17.527  -70.399  -33.388 0.6000000238
9095  21.102  -69.179  -30.458 0.6999999881
9132  19.418  -68.789  -32.667 0.6000000238
9133  18.778  -68.739  -32.717 0.6000000238
9115  19.807  -68.821  -31.746 0.6999999881
9116  19.031  -68.323  -32.020 0.6000000238
9736  22.688  -68.433  -34.032 0.5000000000
8516  21.159  -70.368  -31.800 0.6999999881
8517  20.261  -69.436  -32.284 0.6999999881
8531  19.994  -69.078  -33.427 0.6000000238
9157  18.754  -68.779  -34.297 0.6000000238
8500  21.363  -70.135  -30.674 0.6000000238
9114  20.603  -69.532  -31.190 0.6999999881
9145  19.151  -68.684  -33.518 0.6000000238
9094  21.939  -69.744  -29.978 0.6000000238
9735  23.779  -68.775  -34.001 0.5000000000
9737  21.813  -68.013  -34.095 0.5000000000
8530  20.827  -70.029  -32.952 0.6000000238
9164  18.223  -69.154  -35.146 0.6000000238
9747  24.874  -68.955  -35.266 0.5000000000
9749  23.082  -68.477  -34.799 0.5000000000
9758  25.990  -68.865  -36.212 0.5000000000
9760  24.234  -68.503  -36.214 0.5000000000
9763  27.147  -68.240  -36.509 0.4000000060
8997  18.429  -69.465  -23.184 0.4000000060
8995  20.953  -69.780  -23.199 0.4000000060
8398  19.636  -70.503  -23.262 0.4000000060
7816  20.137  -71.181  -23.718 0.5000000000
7815  20.927  -71.080  -23.898 0.5000000000
7825  19.662  -71.848  -24.179 0.5000000000
9765  25.158  -68.444  -36.740 0.5000000000
7824  20.605  -71.766  -24.317 0.5000000000
6045  18.067  -74.352  -24.480 0.6000000238
9764  26.064  -68.303  -36.798 0.4000000060
7190  20.976  -72.384  -24.908 0.5000000000
6593  20.516  -73.169  -25.196 0.5000000000
6044  18.890  -74.047  -24.779 0.5000000000
8409  18.264  -70.976  -23.883 0.5000000000
7817  19.161  -71.144  -23.687 0.5000000000
7827  17.786  -71.532  -24.476 0.5000000000
7826  18.655  -71.779  -24.196 0.5000000000
7193  18.098  -72.563  -24.594 0.5000000000
7192  19.128  -72.603  -24.501 0.5000000000
6595  18.588  -73.415  -24.658 0.5000000000
145871  25.736  -67.590  -37.144 0.5000000000
6594  19.587  -73.425  -24.924 0.5000000000
143111  28.714  -67.355  -36.978 0.4000000060
10348  26.695  -67.600  -36.783 0.4000000060
10933  27.535  -67.055  -36.509 0.4000000060
10780  18.111  -67.056  -23.920 0.5000000000
7205  17.243  -72.081  -25.117 0.5000000000
10350  24.189  -68.066  -37.154 0.5000000000
150581  26.650  -66.714  -36.489 0.4000000060
12138  18.616  -65.086  -24.079 0.5000000000
11502  17.793  -65.231  -25.447 0.5000000000
11522  17.309  -65.255  -26.324 0.5000000000
141213  18.019  -66.293  -24.533 0.5000000000
12798  18.931  -64.231  -24.034 0.5000000000
148127  18.268  -64.570  -24.883 0.5000000000
12814  18.652  -63.704  -24.752 0.5000000000
149598  18.111  -63.706  -25.899 0.5000000000
12180  17.412  -64.474  -26.854 0.5000000000
11523  16.841  -65.730  -27.058 0.4000000060
13439  19.105  -63.012  -24.869 0.5000000000
12827  17.868  -63.789  -26.588 0.6000000238
12194  17.135  -64.634  -27.670 0.6000000238
13417  20.073  -62.170  -23.451 0.5000000000
142833  19.730  -62.501  -25.050 0.5000000000
136230  18.439  -63.228  -26.281 0.5000000000
12833  18.288  -63.276  -27.154 0.6000000238
141518  17.316  -64.287  -28.180 0.6000000238
11551  16.440  -65.400  -28.737 0.6000000238
11567  16.010  -65.978  -29.159 0.5000000000
10874  15.746  -66.526  -30.563 0.5000000000
10890  15.893  -66.948  -31.379 0.5000000000
13437  20.219  -62.026  -24.349 0.5000000000
14160  21.132  -61.845  -24.745 0.5000000000
13448  20.507  -62.256  -25.320 0.5000000000
13460  19.025  -62.800  -26.820 0.5000000000
13459  19.887  -62.561  -26.545 0.6000000238
12844  17.741  -63.830  -28.446 0.6000000238
12217  16.829  -64.867  -29.178 0.6000000238
11566  16.417  -65.420  -29.517 0.6000000238
11584  16.377  -65.874  -30.788 0.5000000000
137995  18.657  -63.363  -34.119 0.5000000000
10899  17.089  -67.016  -32.993 0.5000000000
14143  21.857  -61.470  -23.193 0.5000000000
14173  22.093  -61.678  -25.385 0.5000000000
14174  21.398  -62.117  -25.814 0.6000000238
13469  20.681  -62.339  -27.136 0.6000000238
13480  20.594  -62.303  -28.084 0.6000000238
12843  18.407  -63.411  -28.846 0.6000000238
13498  19.380  -62.993  -29.233 0.6000000238
12857  17.878  -63.888  -29.279 0.6000000238
12856  18.676  -63.519  -29.738 0.6000000238
12233  16.912  -64.962  -30.022 0.6000000238
12250  17.098  -65.259  -31.026 0.5000000000
11607  16.948  -65.953  -31.729 0.5000000000
11606  17.713  -65.497  -32.272 0.5000000000
12262  18.484  -65.029  -32.887 0.5000000000
10908  17.731  -66.142  -33.802 0.5000000000
11631  17.913  -65.581  -34.230 0.5000000000
14186  22.011  -61.591  -26.299 0.6000000238
14204  21.734  -61.309  -27.166 0.6000000238
14224  21.196  -61.797  -28.647 0.6000000238
14243  21.264  -61.706  -29.672 0.6000000238
13497  20.484  -62.362  -29.171 0.6000000238
12855  19.582  -63.180  -30.282 0.6000000238
13513  20.419  -62.595  -30.930 0.6000000238
12231  18.468  -64.221  -31.197 0.5000000000
12872  19.804  -63.222  -31.330 0.5000000000
12249  18.027  -64.813  -31.708 0.5000000000
12899  19.449  -63.807  -32.889 0.5000000000
13541  20.206  -62.525  -32.741 0.6000000238
139856  18.955  -64.392  -33.423 0.5000000000
12907  19.121  -63.595  -33.724 0.5000000000
13552  19.082  -62.809  -33.845 0.5000000000
14283  18.050  -61.453  -32.836 0.5000000000
14965  21.728  -60.793  -27.766 0.6000000238
14223  21.520  -61.171  -29.108 0.6000000238
153266  21.083  -62.026  -31.095 0.6000000238
13530  20.454  -62.662  -31.931 0.6000000238
14281  20.079  -61.713  -32.763 0.6000000238
14282  19.094  -61.502  -32.906 0.5000000000
15686  21.827  -60.161  -27.834 0.6000000238
14273  21.171  -61.459  -31.644 0.6000000238
15009  19.675  -60.975  -32.397 0.6000000238
14275  18.463  -60.849  -32.081 0.5000000000
17227  20.883  -58.190  -26.174 0.6000000238
136078  21.507  -59.438  -28.253 0.6000000238
16469  21.275  -59.136  -29.295 0.6000000238
14994  21.474  -60.203  -30.312 0.6000000238
15001  21.048  -60.628  -31.701 0.6000000238
15729  19.518  -59.856  -31.348 0.5000000000
16456  20.355  -58.368  -28.116 0.6000000238
15710  21.152  -59.344  -30.259 0.6000000238
16470  20.646  -58.433  -29.162 0.6000000238
15720  21.115  -59.931  -31.030 0.6000000238
16482  19.910  -58.098  -30.105 0.6000000238
16490  18.903  -58.784  -30.544 0.5000000000
17258  19.490  -57.425  -29.570 0.4000000060
9134  17.993  -69.223  -32.543 0.6000000238
9704  19.650  -68.083  -31.398 0.6999999881
10342  22.196  -67.710  -36.097 0.5000000000
9761  23.037  -68.274  -35.739 0.5000000000
9746  25.781  -69.134  -35.326 0.5000000000
9759  25.249  -68.861  -36.074 0.5000000000
7194  17.397  -73.014  -25.108 0.6000000238
13471  18.905  -62.882  -27.695 0.6000000238
13481  19.634  -62.676  -28.340 0.6000000238
12232  17.602  -64.576  -30.615 0.6000000238
12248  18.868  -64.381  -32.342 0.5000000000
15695  21.654  -59.915  -28.877 0.6000000238
14260  21.404  -60.769  -31.026 0.6000000238
16488  20.467  -58.827  -30.489 0.6000000238
138077  19.422  -59.163  -30.980 0.6000000238
126698  22.867  -76.536  -32.095 0.4000000060
3969  24.522  -78.506  -33.548 0.5000000000
126809  24.646  -77.904  -34.143 0.5000000000
137176  24.677  -77.879  -32.644 0.4000000060
125929  24.298  -76.671  -32.861 0.4000000060
126543  24.268  -76.600  -33.396 0.4000000060
125930  22.700  -75.964  -32.702 0.4000000060
126650  24.528  -78.932  -35.574 0.5000000000
3519  24.181  -79.588  -34.336 0.5000000000
126587  24.333  -77.177  -35.080 0.5000000000
5056  23.853  -76.295  -34.185 0.5000000000
126945  22.813  -75.690  -33.444 0.4000000060
126976  24.718  -78.539  -36.119 0.5000000000
125928  24.561  -77.790  -35.788 0.5000000000
127052  23.844  -76.710  -35.535 0.5000000000
5063  23.210  -76.094  -35.114 0.5000000000
5605  23.001  -75.724  -34.308 0.4000000060
5064  22.547  -75.853  -35.717 0.4000000060
126792  24.929  -77.871  -36.578 0.5000000000
144123  24.325  -77.326  -35.964 0.5000000000
4522  24.721  -77.003  -36.824 0.5000000000
5071  24.101  -76.814  -36.539 0.5000000000
5083  22.624  -76.020  -36.804 0.5000000000
8563  18.255  -69.697  -36.746 0.5000000000
7968  17.872  -70.563  -37.108 0.4000000060
7975  18.325  -71.028  -37.337 0.4000000060
7973  20.130  -71.346  -37.336 0.4000000060
7391  19.434  -72.249  -37.332 0.4000000060
6730  19.280  -73.396  -37.217 0.4000000060
5082  23.369  -76.231  -37.089 0.5000000000
6175  20.377  -73.856  -37.498 0.4000000060
6161  19.791  -74.316  -36.979 0.4000000060
5630  20.296  -74.904  -36.451 0.4000000060
5642  23.423  -75.814  -37.763 0.4000000060
132108  22.844  -75.884  -37.550 0.5000000000
5629  21.191  -75.203  -36.954 0.4000000060
5628  21.829  -75.590  -36.317 0.4000000060
8562  19.230  -69.612  -36.750 0.4000000060
135150  21.000  -71.621  -37.430 0.4000000060
7390  20.573  -72.249  -37.505 0.4000000060
5641  24.163  -75.671  -37.779 0.4000000060
6174  21.281  -74.260  -38.110 0.4000000060
5644  21.405  -75.019  -37.774 0.4000000060
5648  23.469  -75.241  -38.264 0.4000000060
5649  22.748  -75.470  -38.114 0.4000000060
6173  21.993  -75.025  -38.306 0.4000000060
5643  22.073  -75.534  -37.487 0.4000000060
8558  18.679  -69.066  -36.078 0.5000000000
8557  19.647  -69.216  -35.936 0.4000000060
8561  20.168  -69.932  -36.554 0.4000000060
8560  21.031  -70.443  -36.196 0.4000000060
7972  21.796  -71.482  -37.500 0.4000000060
7389  21.556  -72.176  -38.011 0.4000000060
7399  22.408  -72.343  -38.406 0.4000000060
6729  20.948  -73.169  -37.870 0.4000000060
6736  24.331  -73.794  -38.438 0.4000000060
6737  23.540  -73.312  -38.597 0.4000000060
6183  22.193  -74.205  -38.531 0.4000000060
9163  19.138  -68.760  -35.161 0.5000000000
9162  20.034  -68.998  -34.998 0.5000000000
8541  20.628  -69.716  -33.758 0.6000000238
8556  20.506  -69.750  -35.622 0.5000000000
7966  21.697  -71.080  -36.634 0.4000000060
7965  22.455  -71.449  -37.040 0.4000000060
7970  23.367  -71.616  -38.036 0.4000000060
7387  23.793  -71.981  -38.357 0.4000000060
7952  21.872  -71.076  -34.650 0.4000000060
8540  21.226  -70.411  -33.685 0.5000000000
132869  22.393  -71.506  -35.034 0.4000000060
7958  23.083  -71.659  -36.355 0.4000000060
138103  22.506  -71.610  -34.068 0.5000000000
7345  23.219  -72.177  -34.006 0.4000000060
7365  22.983  -71.794  -35.382 0.4000000060
144459  23.569  -71.956  -35.689 0.4000000060
7921  21.928  -71.058  -31.867 0.6000000238
7327  22.950  -71.931  -33.265 0.5000000000
7326  23.561  -72.412  -33.362 0.4000000060
9684  21.829  -68.342  -30.436 0.5000000000
14946  22.675  -60.483  -26.255 0.5000000000
15685  22.229  -60.086  -26.873 0.5000000000
16430  21.850  -58.317  -25.902 0.5000000000
15675  22.684  -59.716  -26.352 0.5000000000
16445  22.235  -59.163  -26.492 0.5000000000
14964  21.996  -60.598  -27.023 0.5000000000
125933  24.560  -77.970  -35.065 0.5000000000
125932  24.555  -76.966  -33.279 0.5000000000
143384  19.746  -70.390  -37.142 0.4000000060
132685  20.794  -70.863  -37.016 0.4000000060
142763  22.926  -74.078  -38.651 0.4000000060
7960  21.787  -70.966  -35.642 0.4000000060
7959  22.397  -71.377  -36.023 0.4000000060
131403  22.316  -71.750  -38.103 0.4000000060
7398  23.187  -72.429  -38.547 0.4000000060
8549  20.772  -69.885  -34.540 0.5000000000
7379  23.856  -71.810  -36.566 0.4000000060
7944  21.859  -71.046  -33.786 0.5000000000
7308  22.581  -71.573  -32.391 0.6000000238
7344  23.935  -72.583  -33.971 0.5000000000
145296  22.509  -71.364  -31.218 0.5000000000
9721  29.060  -68.441  -32.853 0.3000000119
9722  28.028  -68.853  -32.733 0.3000000119
9734  28.509  -68.837  -34.024 0.3000000119
136843  30.261  -68.534  -34.673 0.3000000119
9731  31.784  -68.611  -33.926 0.3000000119
9743  31.137  -68.530  -34.500 0.3000000119
133459  27.399  -69.047  -31.162 0.3000000119
9111  26.743  -69.321  -31.362 0.4000000060
9129  26.491  -69.329  -32.385 0.4000000060
149824  28.543  -68.508  -32.207 0.3000000119
9128  27.218  -69.171  -32.857 0.4000000060
9144  24.612  -69.055  -33.687 0.4000000060
149102  29.736  -68.167  -32.294 0.3000000119
9151  27.641  -69.114  -34.810 0.3000000119
9152  26.291  -69.316  -34.376 0.4000000060
10339  30.254  -68.083  -36.375 0.3000000119
9745  28.408  -68.832  -35.277 0.3000000119
9075  25.855  -69.873  -29.294 0.4000000060
8484  24.419  -70.354  -29.161 0.4000000060
129347  23.963  -69.622  -29.409 0.4000000060
9093  23.264  -69.126  -29.656 0.4000000060
9089  27.007  -69.299  -30.428 0.4000000060
153382  26.435  -69.445  -30.820 0.4000000060
9091  25.271  -69.517  -29.993 0.4000000060
9113  24.579  -69.175  -30.735 0.4000000060
9701  23.603  -68.680  -30.704 0.4000000060
9683  27.863  -68.737  -30.373 0.3000000119
9112  25.788  -69.447  -31.238 0.4000000060
9131  24.906  -69.231  -32.003 0.4000000060
9702  22.631  -68.322  -30.652 0.4000000060
9699  28.624  -68.220  -30.701 0.3000000119
142128  25.128  -69.236  -33.063 0.4000000060
149275  23.431  -68.615  -32.447 0.4000000060
10304  29.932  -67.829  -31.565 0.3000000119
9153  25.333  -69.187  -34.198 0.4000000060
129213  26.760  -69.185  -35.420 0.4000000060
7270  24.632  -72.226  -30.311 0.4000000060
7920  23.335  -71.796  -30.917 0.4000000060
7249  25.446  -71.700  -29.382 0.4000000060
128573  24.859  -71.156  -29.164 0.4000000060
7888  24.442  -71.607  -29.664 0.4000000060
7908  22.935  -71.200  -30.225 0.4000000060
9055  27.942  -69.568  -28.821 0.3000000119
153127  26.518  -69.912  -28.945 0.4000000060
10270  29.463  -67.741  -29.352 0.3000000119
10286  29.044  -67.855  -29.981 0.3000000119
152661  23.229  -68.712  -30.103 0.4000000060
135680  30.084  -67.535  -30.831 0.3000000119
7289  23.142  -71.878  -31.732 0.4000000060
145080  23.990  -72.140  -30.810 0.4000000060
9762  27.919  -68.239  -36.445 0.3000000119
10346  28.647  -68.042  -36.737 0.3000000119
130682  27.612  -68.950  -35.791 0.3000000119
9078  21.840  -68.967  -29.999 0.4000000060
7890  22.799  -70.307  -29.696 0.4000000060
8515  21.766  -70.818  -31.149 0.4000000060
7306  24.304  -72.810  -32.091 0.4000000060
9110  27.317  -69.073  -32.012 0.3000000119
9744  29.274  -68.636  -34.870 0.3000000119
9754  30.923  -68.326  -35.388 0.3000000119
149101  27.008  -69.306  -34.391 0.4000000060
9130  25.666  -69.372  -32.400 0.4000000060
9143  25.960  -69.382  -33.310 0.4000000060
130591  24.190  -68.961  -32.868 0.4000000060
149150  26.061  -70.373  -28.864 0.4000000060
127934  24.043  -71.034  -29.363 0.4000000060
142877  24.519  -69.371  -29.820 0.4000000060
134244  27.509  -69.123  -29.660 0.3000000119
9671  28.181  -68.708  -29.362 0.3000000119
7864  26.430  -71.017  -28.820 0.4000000060
7863  27.162  -70.874  -28.797 0.3000000119
9658  28.790  -68.540  -28.910 0.3000000119
2207  23.877  -82.532  -29.914 0.3000000119
2208  23.414  -82.156  -29.215 0.3000000119
1867  24.910  -82.733  -31.352 0.3000000119
1851  24.287  -83.116  -29.433 0.3000000119
2630  23.713  -81.920  -30.606 0.3000000119
2219  23.427  -81.653  -29.756 0.3000000119
1872  25.512  -82.780  -32.244 0.3000000119
1866  25.482  -82.532  -31.342 0.3000000119
1860  24.565  -82.872  -30.322 0.3000000119
1879  25.351  -82.818  -33.011 0.3000000119
137865  24.434  -82.332  -31.654 0.3000000119
2631  23.421  -81.029  -30.378 0.3000000119
3964  24.562  -78.044  -31.792 0.3000000119
2230  26.786  -81.651  -31.555 0.3000000119
1865  25.986  -82.421  -31.045 0.3000000119
1878  26.017  -83.091  -32.892 0.3000000119
1871  26.054  -82.576  -32.260 0.3000000119
1567  25.793  -82.660  -30.037 0.3000000119
3067  23.627  -80.945  -31.905 0.3000000119
3514  24.143  -79.521  -33.243 0.3000000119
3509  24.106  -79.452  -32.335 0.3000000119
2252  25.718  -82.858  -33.676 0.3000000119
137185  24.007  -81.556  -32.594 0.3000000119
2263  25.014  -82.372  -33.865 0.3000000119
150278  24.780  -81.886  -34.233 0.3000000119
3089  24.107  -80.527  -33.955 0.3000000119
3079  23.812  -80.493  -32.812 0.3000000119
3100  24.531  -80.546  -34.959 0.3000000119
152502  25.381  -78.561  -37.408 0.4000000060
126812  24.928  -79.644  -36.375 0.4000000060
1208  26.122  -84.255  -24.379 0.3000000119
921  25.920  -85.431  -22.990 0.3000000119
1568  24.762  -83.050  -29.676 0.3000000119
1845  24.086  -83.553  -28.594 0.3000000119
1844  26.984  -82.441  -28.208 0.3000000119
148971  26.677  -83.006  -27.862 0.3000000119
131835  26.264  -83.689  -25.789 0.3000000119
1218  25.675  -83.813  -26.109 0.3000000119
1209  25.450  -84.450  -24.618 0.3000000119
2216  27.845  -81.156  -29.741 0.3000000119
138534  26.729  -82.651  -28.920 0.3000000119
1532  26.116  -83.460  -27.478 0.3000000119
1219  25.017  -83.912  -26.476 0.3000000119
1215  25.287  -84.095  -25.457 0.3000000119
1566  26.226  -82.750  -29.530 0.3000000119
1557  25.590  -83.143  -29.048 0.3000000119
1237  24.771  -83.690  -27.481 0.3000000119
1228  24.510  -83.899  -27.202 0.3000000119
1547  24.951  -83.584  -28.165 0.3000000119
1548  24.462  -83.748  -28.171 0.3000000119
2642  23.643  -81.389  -31.193 0.3000000119
3068  23.576  -80.444  -31.016 0.3000000119
1863  27.009  -81.829  -30.513 0.3000000119
131333  24.371  -81.513  -33.579 0.3000000119
1207  26.641  -84.056  -24.198 0.3000000119
1549  23.922  -84.057  -27.812 0.3000000119
1856  27.196  -82.092  -29.676 0.3000000119
142634  26.934  -83.010  -26.736 0.3000000119
1546  25.602  -83.475  -28.014 0.3000000119
142726  25.323  -83.758  -26.770 0.3000000119
1229  23.962  -84.199  -26.632 0.3000000119
141482  24.499  -79.709  -35.375 0.3000000119
6169  28.540  -74.336  -37.903 0.3000000119
5637  28.217  -75.456  -37.647 0.3000000119
5638  27.571  -75.851  -37.618 0.3000000119
5639  26.821  -76.230  -37.610 0.4000000060
134265  25.884  -76.548  -37.464 0.3000000119
5080  24.919  -76.435  -37.202 0.3000000119
6728  28.108  -72.963  -38.453 0.3000000119
6733  27.455  -73.128  -38.469 0.4000000060
6179  26.148  -74.187  -38.236 0.4000000060
6735  25.733  -73.350  -38.336 0.4000000060
5647  24.402  -74.815  -38.220 0.3000000119
7962  25.155  -71.973  -37.585 0.4000000060
7396  25.266  -72.679  -38.265 0.4000000060
7397  24.357  -72.725  -38.432 0.3000000119
7963  24.138  -71.750  -37.667 0.3000000119
126599  29.906  -75.530  -38.430 0.3000000119
126788  29.383  -75.610  -37.604 0.3000000119
5077  27.947  -76.503  -37.922 0.4000000060
5086  27.387  -76.907  -38.828 0.4000000060
5078  27.260  -76.746  -37.897 0.3000000119
5079  26.394  -77.166  -37.749 0.3000000119
125925  25.805  -77.993  -38.270 0.3000000119
146125  29.869  -73.703  -37.405 0.3000000119
6726  29.584  -73.132  -37.778 0.3000000119
7381  29.150  -72.751  -37.858 0.3000000119
7375  28.650  -72.477  -37.445 0.3000000119
7383  27.635  -72.700  -38.217 0.3000000119
7394  26.870  -72.794  -38.223 0.4000000060
7361  27.883  -72.496  -36.402 0.3000000119
134653  27.451  -72.731  -35.011 0.3000000119
7376  27.775  -72.449  -37.601 0.3000000119
7384  26.948  -72.460  -37.830 0.4000000060
7385  25.619  -72.302  -38.041 0.4000000060
7342  26.514  -72.892  -34.630 0.3000000119
7363  25.872  -72.665  -35.285 0.4000000060
145040  25.475  -72.091  -36.844 0.4000000060
6693  25.350  -73.333  -33.250 0.3000000119
6703  25.617  -73.003  -34.273 0.4000000060
7343  25.001  -72.686  -34.919 0.4000000060
7364  24.310  -72.278  -35.572 0.4000000060
144908  25.656  -73.304  -31.432 0.3000000119
7324  24.730  -72.924  -34.010 0.4000000060
6682  24.909  -73.233  -32.470 0.3000000119
142019  30.780  -76.274  -34.355 0.3000000119
4505  30.049  -76.369  -34.765 0.3000000119
3992  29.087  -76.917  -35.572 0.3000000119
3993  29.061  -77.334  -36.198 0.3000000119
126588  29.826  -76.042  -37.942 0.3000000119
125941  29.739  -76.066  -36.968 0.3000000119
5084  29.877  -76.403  -37.909 0.3000000119
3996  28.848  -77.883  -37.906 0.3000000119
6158  31.289  -73.480  -36.712 0.3000000119
152374  30.887  -74.134  -36.661 0.3000000119
125937  30.204  -76.125  -38.693 0.3000000119
4530  28.746  -77.023  -39.159 0.3000000119
125935  27.349  -77.609  -39.794 0.3000000119
4001  26.973  -77.569  -40.569 0.3000000119
127097  25.934  -78.125  -40.768 0.3000000119
125926  25.890  -78.468  -39.326 0.3000000119
126858  25.338  -79.169  -38.003 0.3000000119
125927  25.317  -79.743  -37.365 0.3000000119
6719  30.915  -73.077  -36.906 0.3000000119
6691  26.831  -73.442  -33.157 0.3000000119
6680  26.577  -73.557  -32.398 0.3000000119
147753  26.137  -73.526  -32.949 0.3000000119
6659  26.007  -73.120  -30.830 0.3000000119
7286  25.225  -72.881  -30.911 0.3000000119
7287  24.467  -72.643  -31.221 0.3000000119
5054  32.014  -76.022  -33.568 0.3000000119
142045  30.695  -75.848  -34.849 0.3000000119
5070  30.148  -75.858  -35.247 0.3000000119
4519  29.108  -76.363  -35.728 0.3000000119
126549  31.063  -74.921  -35.805 0.3000000119
4524  28.693  -75.949  -36.742 0.3000000119
132100  25.311  -80.456  -36.794 0.3000000119
135753  32.961  -75.825  -32.692 0.3000000119
5604  32.471  -75.444  -34.164 0.3000000119
148487  32.639  -75.066  -34.745 0.3000000119
5069  31.188  -75.359  -35.202 0.3000000119
5076  30.206  -75.417  -35.706 0.3000000119
125942  30.647  -74.699  -36.322 0.3000000119
5591  33.136  -75.495  -33.233 0.3000000119
5603  33.226  -75.127  -33.931 0.3000000119
139725  33.194  -74.681  -34.913 0.3000000119
5068  32.041  -74.944  -35.361 0.3000000119
125931  25.201  -78.956  -36.969 0.3000000119
126738  25.522  -77.685  -37.275 0.3000000119
5646  25.345  -74.729  -38.076 0.3000000119
143288  24.986  -73.295  -38.367 0.4000000060
147675  24.303  -72.582  -34.623 0.4000000060
7248  26.687  -72.417  -29.724 0.3000000119
6168  29.205  -74.191  -37.626 0.3000000119
6170  27.807  -74.731  -37.895 0.3000000119
5645  28.526  -76.223  -37.881 0.3000000119
6171  26.958  -75.084  -37.867 0.4000000060
6172  26.083  -75.413  -37.784 0.4000000060
6180  25.156  -74.035  -38.291 0.4000000060
7378  26.084  -72.243  -37.467 0.4000000060
6159  30.468  -73.772  -37.050 0.3000000119
125936  29.376  -76.374  -38.823 0.3000000119
5089  26.930  -77.297  -39.741 0.3000000119
5085  28.076  -76.682  -39.321 0.3000000119
5087  26.146  -76.967  -40.552 0.4000000060
4521  26.345  -77.422  -38.713 0.3000000119
7373  30.531  -72.795  -36.863 0.3000000119
146866  29.339  -72.558  -37.306 0.3000000119
7360  28.975  -72.502  -36.510 0.3000000119
7362  26.797  -72.548  -35.766 0.4000000060
6681  25.702  -73.494  -32.239 0.3000000119
4525  29.206  -76.980  -36.987 0.3000000119
4528  28.488  -77.385  -38.560 0.3000000119
3999  27.941  -77.865  -38.781 0.3000000119
6669  27.219  -73.312  -31.292 0.3000000119
6608  20.170  -73.799  -25.382 0.4000000060
928  25.730  -85.011  -23.927 0.3000000119
1214  25.913  -83.922  -25.222 0.3000000119
1217  25.986  -83.650  -26.662 0.3000000119
1226  25.294  -83.681  -27.211 0.3000000119
1227  24.789  -83.770  -27.181 0.3000000119
1238  24.444  -83.795  -27.603 0.3000000119
1511  26.997  -83.596  -24.515 0.3000000119
1514  26.681  -83.380  -26.308 0.3000000119
1531  26.605  -83.251  -27.042 0.3000000119
1533  24.245  -84.053  -27.512 0.3000000119
1545  26.340  -83.190  -28.222 0.3000000119
1558  24.929  -83.303  -28.962 0.3000000119
1559  24.540  -83.355  -28.976 0.3000000119
1574  25.505  -82.626  -30.545 0.3000000119
1850  27.299  -82.119  -29.005 0.3000000119
1857  26.661  -82.361  -29.976 0.3000000119
1858  26.223  -82.453  -30.295 0.3000000119
1859  25.067  -82.796  -30.513 0.3000000119
1864  26.412  -82.093  -30.913 0.3000000119
1870  26.458  -82.344  -32.050 0.3000000119
1873  24.926  -82.608  -32.260 0.3000000119
2217  27.581  -81.547  -30.101 0.3000000119
2218  24.261  -82.458  -30.880 0.3000000119
2239  26.684  -82.897  -32.670 0.3000000119
2240  24.393  -82.143  -32.266 0.3000000119
2251  26.438  -82.667  -33.443 0.3000000119
2653  23.931  -81.783  -31.844 0.3000000119
2663  24.671  -82.236  -32.943 0.3000000119
2674  25.117  -82.023  -34.794 0.3000000119
3961  24.305  -78.084  -31.139 0.3000000119
3995  29.479  -77.286  -37.007 0.3000000119
4494  24.666  -77.556  -33.393 0.5000000000
4512  29.617  -76.358  -35.227 0.3000000119
4518  29.384  -75.892  -35.819 0.3000000119
4520  28.882  -76.647  -36.345 0.3000000119
4523  29.199  -75.623  -36.373 0.3000000119
4526  29.209  -77.374  -37.916 0.3000000119
4527  29.204  -77.112  -38.327 0.3000000119
4529  27.882  -77.413  -39.312 0.3000000119
4531  26.830  -77.633  -40.743 0.3000000119
4532  26.906  -77.886  -40.776 0.3000000119
5021  23.636  -76.736  -31.814 0.4000000060
5035  16.073  -75.795  -32.493 0.5000000000
5042  32.421  -76.090  -32.968 0.3000000119
5061  32.340  -75.058  -34.998 0.3000000119
5062  31.666  -75.531  -34.652 0.3000000119
5072  23.257  -76.369  -36.229 0.5000000000
5081  24.077  -76.311  -37.212 0.5000000000
5088  29.547  -76.323  -38.950 0.3000000119
5090  25.974  -77.509  -41.098 0.3000000119
5091  30.007  -76.105  -39.592 0.3000000119
5092  26.132  -77.352  -41.130 0.3000000119
5509  19.109  -75.016  -25.509 0.5000000000
5606  22.243  -75.416  -34.134 0.5000000000
5607  21.373  -75.251  -34.101 0.5000000000
5608  20.654  -75.301  -34.235 0.4000000060
5618  22.575  -75.653  -34.815 0.4000000060
5627  30.102  -74.697  -36.779 0.3000000119
5636  28.909  -75.264  -37.486 0.3000000119
5640  25.150  -75.595  -37.675 0.3000000119
6072  19.815  -74.747  -25.939 0.5000000000
6114  18.574  -74.164  -30.904 0.6000000238
6160  20.718  -74.630  -37.375 0.4000000060
6177  28.010  -73.579  -38.373 0.3000000119
6178  27.189  -73.902  -38.388 0.4000000060
6181  23.556  -74.431  -38.518 0.4000000060
6182  22.783  -74.849  -38.529 0.4000000060
6596  17.799  -73.633  -24.561 0.5000000000
6606  21.006  -72.995  -26.191 0.5000000000
6607  20.701  -73.653  -25.855 0.6000000238
6648  19.878  -73.660  -29.155 0.5000000000
6670  26.410  -73.452  -31.545 0.3000000119
6671  25.022  -73.147  -31.715 0.3000000119
6683  17.094  -72.819  -33.075 0.6999999881
6692  26.258  -73.294  -33.700 0.3000000119
6720  30.260  -73.067  -37.354 0.3000000119
6727  28.785  -73.222  -38.187 0.3000000119
6734  26.616  -73.306  -38.391 0.4000000060
6738  22.655  -73.257  -38.602 0.4000000060
6739  21.785  -73.238  -38.381 0.4000000060
7191  20.195  -72.567  -24.677 0.5000000000
7203  21.074  -72.483  -25.509 0.5000000000
7236  19.834  -72.643  -28.477 0.5000000000
7250  24.989  -71.877  -29.672 0.4000000060
7251  18.972  -72.546  -29.665 0.6000000238
7268  26.485  -72.862  -30.357 0.3000000119
7269  25.679  -72.443  -30.031 0.3000000119
7271  23.786  -71.622  -30.062 0.4000000060
7288  23.772  -72.298  -31.552 0.4000000060
7307  23.493  -72.303  -32.504 0.5000000000
7325  24.298  -72.883  -33.095 0.3000000119
7346  16.686  -71.786  -35.245 0.6999999881
7359  29.877  -72.550  -36.668 0.3000000119
7374  29.811  -72.790  -37.429 0.3000000119
7377  26.946  -72.340  -36.977 0.4000000060
7380  16.977  -72.044  -37.234 0.5000000000
7382  28.403  -72.640  -38.120 0.3000000119
7386  24.751  -72.088  -38.182 0.4000000060
7388  22.969  -71.800  -38.299 0.4000000060
7395  26.086  -72.769  -38.231 0.4000000060
7400  30.386  -74.469  -43.167 0.3000000119
7823  21.139  -71.493  -24.506 0.6000000238
7836  21.300  -71.777  -25.166 0.6000000238
7855  20.300  -71.813  -27.278 0.5000000000
7887  25.663  -71.078  -28.946 0.4000000060
7889  23.394  -70.944  -29.631 0.4000000060
7922  17.811  -71.969  -31.274 0.6999999881
7931  21.692  -70.907  -32.812 0.6000000238
7943  22.328  -71.433  -33.261 0.5000000000
7964  23.251  -71.598  -37.344 0.4000000060
7967  18.751  -70.328  -37.180 0.4000000060
7969  17.186  -71.100  -36.967 0.5000000000
7971  22.691  -71.557  -37.849 0.4000000060
7974  19.138  -71.148  -37.360 0.4000000060
8397  20.546  -70.491  -23.410 0.5000000000
8399  18.729  -70.379  -23.334 0.4000000060
8419  21.600  -70.287  -24.875 0.6000000238
8432  21.421  -70.948  -25.374 0.6000000238
8463  27.496  -70.182  -28.757 0.3000000119
8464  26.772  -70.295  -28.772 0.4000000060
8483  25.268  -70.388  -28.984 0.4000000060
8485  23.626  -70.330  -29.369 0.4000000060
8499  22.171  -70.653  -30.398 0.4000000060
8501  17.860  -71.225  -30.063 0.6000000238
8548  21.421  -70.614  -34.347 0.4000000060
8555  21.243  -70.464  -35.176 0.5000000000
8559  17.581  -70.223  -36.467 0.5000000000
8986  20.112  -69.844  -22.942 0.6000000238
9041  18.499  -69.344  -27.747 0.6999999881
9056  27.179  -69.791  -28.877 0.3000000119
9057  17.931  -69.255  -28.581 0.6999999881
9073  27.667  -69.316  -29.073 0.3000000119
9074  26.849  -69.577  -29.384 0.4000000060
9076  24.851  -69.826  -29.369 0.4000000060
9077  22.598  -69.434  -29.706 0.6000000238
9090  26.196  -69.549  -30.149 0.4000000060
9092  23.895  -68.984  -29.964 0.4000000060
9096  20.295  -68.861  -30.997 0.6999999881
9141  27.524  -69.127  -33.710 0.4000000060
9142  26.754  -69.313  -33.497 0.4000000060
9147  17.882  -69.576  -33.215 0.6000000238
9154  24.532  -68.953  -34.426 0.5000000000
9155  20.203  -69.141  -34.230 0.6000000238
9156  19.548  -68.774  -34.299 0.5000000000
9599  19.317  -68.480  -22.589 0.6000000238
9619  21.944  -68.311  -24.947 0.6999999881
9659  28.265  -69.034  -28.875 0.3000000119
9682  28.484  -68.286  -29.894 0.3000000119
9685  21.115  -68.442  -30.590 0.5000000000
9687  17.736  -68.152  -30.231 0.6999999881
9698  29.029  -68.182  -31.708 0.3000000119
9700  28.087  -68.649  -31.555 0.3000000119
9706  18.539  -68.038  -31.507 0.6999999881
9720  30.177  -68.409  -33.063 0.3000000119
9723  23.993  -68.884  -31.714 0.4000000060
9730  32.344  -68.418  -34.455 0.3000000119
9733  29.666  -68.598  -33.880 0.3000000119
9742  31.774  -68.436  -34.811 0.3000000119
9748  23.936  -68.673  -35.081 0.5000000000
9750  22.042  -68.132  -35.069 0.5000000000
9755  29.833  -68.433  -35.635 0.3000000119
9756  28.357  -68.557  -36.167 0.3000000119
9757  26.852  -68.745  -36.218 0.4000000060
10177  20.509  -67.237  -22.410 0.6999999881
10179  18.915  -67.794  -22.754 0.6000000238
10185  21.779  -67.456  -23.356 0.6999999881
10186  18.178  -67.919  -23.403 0.6000000238
10196  22.114  -67.992  -24.051 0.6999999881
10208  22.017  -67.557  -25.060 0.6000000238
10226  20.562  -67.709  -26.180 0.6999999881
10227  19.706  -67.894  -26.649 0.6999999881
10253  29.250  -68.052  -28.920 0.3000000119
10254  18.327  -66.992  -28.836 0.8000000119
10271  28.860  -68.154  -29.324 0.3000000119
10289  18.631  -66.867  -30.677 0.8000000119
10305  29.378  -67.794  -30.799 0.3000000119
10338  31.294  -67.860  -36.073 0.3000000119
10341  23.146  -67.964  -36.716 0.6000000238
10347  27.823  -67.823  -36.653 0.4000000060
10349  25.051  -67.972  -37.350 0.5000000000
10351  23.387  -67.438  -37.293 0.6000000238
10766  20.383  -66.467  -22.364 0.6999999881
10779  18.676  -67.079  -23.181 0.6000000238
10791  18.509  -66.347  -23.673 0.6000000238
10792  17.616  -67.105  -24.647 0.5000000000
10832  20.165  -66.496  -27.319 0.6999999881
10844  19.441  -66.141  -28.928 0.6999999881
10856  19.473  -65.906  -29.697 0.6999999881
10858  15.592  -66.511  -29.627 0.5000000000
10889  16.329  -66.446  -31.423 0.5000000000
10917  21.478  -66.765  -35.240 0.6000000238
10923  28.197  -66.321  -36.321 0.4000000060
10926  22.899  -66.517  -37.043 0.6000000238
10934  25.914  -66.777  -36.979 0.4000000060
11450  21.688  -65.037  -22.762 0.6999999881
11451  21.471  -66.068  -22.698 0.6999999881
11452  20.273  -65.586  -22.402 0.6000000238
11469  19.271  -64.860  -23.339 0.6000000238
11483  18.407  -65.756  -24.087 0.6000000238
11484  18.138  -65.465  -24.708 0.5000000000
11500  22.497  -65.510  -25.227 0.6000000238
11521  21.897  -66.085  -26.559 0.6000000238
11535  21.634  -65.796  -27.460 0.6000000238
11537  17.037  -65.071  -27.160 0.5000000000
11538  16.672  -65.377  -27.869 0.6000000238
11549  20.928  -65.647  -28.945 0.6999999881
11560  26.172  -65.042  -30.215 0.6000000238
11562  24.392  -64.563  -30.151 0.6999999881
11576  27.097  -65.007  -31.253 0.6000000238
11578  25.769  -65.347  -30.849 0.6000000238
11583  20.430  -65.524  -30.474 0.6000000238
11585  16.030  -65.910  -29.952 0.6000000238
11617  23.007  -65.424  -33.110 0.6999999881
11618  21.785  -64.918  -33.091 0.6999999881
11620  18.064  -65.648  -33.401 0.5000000000
11621  17.480  -66.274  -32.886 0.5000000000
11630  18.449  -65.017  -33.892 0.5000000000
11653  24.444  -66.006  -37.119 0.6000000238
12114  21.324  -64.429  -22.406 0.6000000238
12122  24.944  -63.715  -23.617 0.6999999881
12133  26.410  -63.544  -24.061 0.6999999881
12134  25.390  -63.767  -24.396 0.6999999881
12137  23.080  -64.473  -24.132 0.6999999881
12156  26.755  -63.720  -24.924 0.6000000238
12157  25.970  -63.767  -25.242 0.8000000119
12159  23.610  -64.389  -25.787 0.6999999881
12161  18.227  -63.928  -25.362 0.5000000000
12162  17.815  -64.401  -25.897 0.5000000000
12176  24.744  -63.892  -26.779 0.6999999881
12178  23.518  -64.519  -26.447 0.6000000238
12179  22.960  -64.991  -26.714 0.6000000238
12189  26.456  -64.342  -27.559 0.6000000238
12190  25.380  -64.070  -27.812 0.6999999881
12191  24.584  -63.980  -27.542 0.6999999881
12198  28.299  -63.947  -28.706 0.6999999881
12205  17.303  -64.334  -28.847 0.6000000238
12206  16.908  -64.806  -28.410 0.6000000238
12210  28.295  -63.839  -29.459 0.6999999881
12212  27.155  -64.675  -28.967 0.6000000238
12213  25.731  -64.687  -29.501 0.6999999881
12216  17.398  -64.428  -29.667 0.6000000238
12228  28.090  -64.039  -30.243 0.6000000238
12259  27.154  -64.383  -32.122 0.6000000238
12260  26.594  -64.671  -32.663 0.6000000238
12283  25.699  -64.218  -36.301 0.4000000060
12777  25.576  -63.067  -22.956 0.6999999881
12779  24.031  -63.098  -22.493 0.6999999881
12781  21.586  -63.531  -22.350 0.6000000238
12783  20.363  -63.846  -22.505 0.6000000238
12793  26.741  -63.064  -23.721 0.6000000238
12795  25.302  -63.397  -23.144 0.6999999881
12812  27.153  -63.327  -24.360 0.5000000000
12813  19.208  -63.334  -24.021 0.5000000000
12824  28.117  -63.332  -25.435 0.5000000000
12826  18.555  -63.359  -25.478 0.5000000000
12839  28.580  -63.411  -28.152 0.6000000238
12840  18.236  -63.342  -28.017 0.6000000238
12841  17.634  -63.895  -27.549 0.6000000238
12854  28.489  -63.344  -29.022 0.8000000119
12873  18.980  -63.681  -30.722 0.5000000000
12874  18.110  -64.024  -30.182 0.6000000238
12884  27.392  -63.831  -31.712 0.6000000238
12886  19.913  -63.227  -32.365 0.5000000000
12887  19.294  -63.787  -31.808 0.5000000000
12898  19.694  -63.071  -33.255 0.6000000238
12909  17.964  -63.565  -34.355 0.5000000000
12922  28.071  -63.776  -35.367 0.4000000060
13387  24.298  -62.547  -22.537 0.6999999881
13388  23.286  -62.557  -22.355 0.6000000238
13390  21.475  -62.272  -22.430 0.6000000238
13391  20.156  -63.005  -22.722 0.6000000238
13416  27.017  -62.414  -23.595 0.5000000000
13438  19.593  -62.572  -24.162 0.5000000000
13449  19.997  -62.518  -25.797 0.5000000000
13450  19.208  -62.825  -25.830 0.5000000000
13458  20.700  -62.403  -26.235 0.6000000238
13468  28.830  -62.855  -27.745 0.6000000238
13470  19.777  -62.576  -27.437 0.6000000238
13482  18.858  -63.032  -28.423 0.6000000238
13496  27.838  -62.721  -30.193 0.6000000238
13511  26.346  -62.100  -30.843 0.5000000000
13512  20.928  -62.166  -31.660 0.6000000238
13526  26.045  -62.817  -31.930 0.6000000238
13529  20.758  -61.988  -32.280 0.6000000238
13542  18.672  -62.066  -33.569 0.5000000000
13543  17.681  -62.068  -33.431 0.5000000000
14114  23.765  -61.955  -22.590 0.6000000238
14116  22.050  -61.794  -22.566 0.6000000238
14139  26.054  -61.839  -23.342 0.5000000000
14140  25.294  -61.558  -23.354 0.6000000238
14141  24.341  -61.412  -23.359 0.5000000000
14142  22.696  -61.476  -22.977 0.6000000238
14144  20.900  -61.660  -23.549 0.5000000000
14159  21.880  -61.470  -24.230 0.5000000000
14172  22.829  -61.340  -24.994 0.5000000000
14185  22.258  -61.044  -26.513 0.5000000000
14187  21.421  -62.048  -26.755 0.6000000238
14205  21.514  -61.278  -28.148 0.6000000238
14206  21.282  -61.870  -27.675 0.6000000238
14222  27.442  -61.263  -28.556 0.6000000238
14242  21.574  -60.967  -30.099 0.6000000238
14261  21.320  -61.515  -30.688 0.6000000238
14274  20.638  -61.191  -32.253 0.6000000238
14903  26.167  -60.192  -23.341 0.4000000060
14904  24.987  -60.877  -23.921 0.4000000060
14913  23.408  -61.122  -24.641 0.5000000000
14971  21.650  -60.626  -28.544 0.6000000238
14984  21.609  -60.448  -29.464 0.6000000238
15002  20.242  -60.472  -31.957 0.6000000238
15003  19.259  -60.430  -31.809 0.5000000000
15676  21.834  -59.521  -27.225 0.5000000000
15709  21.497  -59.784  -29.668 0.6000000238
15721  20.302  -59.323  -31.035 0.6000000238
15728  20.536  -60.044  -31.445 0.6000000238
16411  23.291  -58.193  -25.205 0.5000000000
16428  23.627  -59.132  -25.259 0.6000000238
16446  21.381  -58.770  -26.711 0.6000000238
16447  20.293  -58.375  -26.932 0.6000000238
16455  21.117  -58.881  -27.612 0.6000000238
16481  20.691  -58.563  -29.903 0.6000000238
16489  19.796  -58.586  -30.686 0.6000000238
17196  22.857  -57.359  -25.088 0.6000000238
17229  19.539  -56.962  -27.913 0.5000000000
17237  19.761  -57.612  -28.095 0.5000000000
17251  19.403  -56.938  -28.853 0.4000000060
17257  20.158  -58.079  -29.651 0.6000000238
17982  24.785  -56.988  -24.103 0.4000000060
17988  24.047  -56.833  -24.465 0.4000000060
17990  22.381  -56.460  -25.100 0.5000000000
18003  21.466  -56.640  -25.446 0.4000000060
18004  20.610  -56.705  -25.777 0.6000000238
18016  19.895  -56.623  -26.447 0.4000000060
18037  19.278  -55.935  -28.890 0.4000000060
18793  24.200  -55.447  -24.426 0.4000000060
18794  23.425  -55.401  -24.780 0.4000000060
18809  21.087  -56.030  -25.693 0.4000000060
18824  19.883  -55.694  -26.873 0.4000000060
19685  22.588  -54.688  -25.496 0.4000000060
19686  21.960  -54.592  -26.032 0.4000000060
19698  19.939  -54.907  -27.349 0.4000000060
20554  21.903  -53.899  -26.422 0.4000000060
20555  21.169  -53.738  -26.858 0.4000000060
20566  21.261  -53.028  -27.178 0.3000000119
21429  24.531  -53.354  -24.867 0.4000000060
21447  23.255  -52.935  -25.996 0.4000000060
21475  16.334  -52.995  -27.464 0.4000000060
22381  20.488  -51.328  -28.930 0.3000000119
22390  20.081  -50.773  -29.653 0.3000000119
22393  18.040  -51.915  -29.786 0.3000000119
23278  26.052  -50.068  -26.390 0.4000000060
23298  13.338  -50.370  -26.992 0.4000000060
23304  21.705  -50.345  -28.524 0.3000000119
23316  20.536  -49.962  -29.486 0.3000000119
23317  20.023  -50.056  -29.823 0.3000000119
23318  18.987  -50.860  -30.047 0.3000000119
24155  13.771  -48.636  -25.770 0.3000000119
24167  26.178  -49.417  -26.879 0.4000000060
24170  13.188  -49.315  -26.334 0.3000000119
24179  25.574  -49.112  -27.373 0.4000000060
24184  14.013  -49.056  -27.462 0.4000000060
24194  22.320  -49.179  -28.510 0.3000000119
24198  16.636  -49.393  -28.584 0.3000000119
25104  14.755  -47.780  -26.261 0.3000000119
25137  25.744  -48.517  -27.572 0.4000000060
25139  24.094  -49.315  -27.869 0.4000000060
25141  14.172  -48.261  -27.415 0.4000000060
25153  22.905  -48.557  -28.456 0.4000000060
25155  16.098  -47.877  -28.842 0.3000000119
25168  21.162  -48.653  -29.204 0.3000000119
25172  17.904  -48.511  -29.107 0.3000000119
26068  17.164  -47.281  -25.702 0.3000000119
26091  16.188  -46.641  -26.311 0.3000000119
26110  14.857  -46.982  -27.712 0.3000000119
26124  15.754  -46.999  -28.711 0.4000000060
26125  15.362  -46.484  -28.153 0.3000000119
26135  21.940  -47.101  -29.000 0.4000000060
26137  20.543  -47.753  -29.620 0.3000000119
26139  18.824  -46.734  -29.507 0.3000000119
27052  17.480  -45.918  -26.337 0.3000000119
27054  15.517  -46.421  -27.336 0.3000000119
27091  21.270  -46.649  -29.471 0.3000000119
27094  18.470  -45.777  -29.496 0.3000000119
28013  19.005  -45.507  -26.659 0.3000000119
28027  25.833  -45.618  -28.113 0.3000000119
28029  17.690  -45.013  -27.486 0.3000000119
28040  22.573  -45.781  -29.036 0.3000000119
28041  17.069  -44.996  -28.265 0.3000000119
28052  20.099  -45.504  -29.765 0.3000000119
28054  18.281  -45.053  -29.332 0.3000000119
28066  20.205  -44.582  -29.797 0.3000000119
28978  27.737  -44.513  -27.643 0.3000000119
28980  25.609  -44.868  -28.254 0.3000000119
28982  18.899  -44.442  -27.716 0.3000000119
28983  18.003  -44.675  -28.249 0.3000000119
28993  23.546  -44.366  -28.924 0.3000000119
29007  21.278  -44.317  -30.022 0.3000000119
29008  19.641  -44.161  -29.514 0.3000000119
29928  20.100  -43.602  -27.909 0.3000000119
29941  23.207  -43.286  -29.435 0.3000000119
29942  19.850  -43.433  -28.647 0.3000000119
29952  20.117  -43.507  -29.634 0.3000000119
29956  21.539  -42.688  -30.488 0.3000000119
29958  20.662  -43.299  -30.053 0.3000000119
30929  20.380  -42.543  -29.077 0.3000000119
30937  20.495  -42.431  -29.771 0.3000000119
30944  20.683  -42.617  -30.115 0.3000000119
31949  20.885  -41.050  -29.861 0.3000000119
31956  20.924  -41.226  -30.649 0.3000000119
31964  21.237  -41.819  -30.777 0.3000000119
125923  22.039  -76.170  -32.565 0.5000000000
125924  26.018  -77.874  -40.747 0.3000000119
125934  27.065  -77.425  -40.969 0.3000000119
125938  29.555  -74.977  -40.364 0.3000000119
125939  30.748  -75.050  -40.811 0.3000000119
125940  29.973  -75.609  -40.496 0.3000000119
126534  30.548  -74.902  -41.430 0.3000000119
126538  30.653  -74.447  -42.381 0.3000000119
126541  30.598  -74.465  -42.350 0.3000000119
126545  30.672  -74.400  -42.637 0.3000000119
126555  30.602  -74.348  -42.659 0.3000000119
126627  29.915  -75.291  -38.742 0.3000000119
126667  26.880  -77.588  -40.942 0.3000000119
126683  29.440  -75.710  -39.060 0.3000000119
126766  26.352  -77.482  -40.985 0.3000000119
126794  29.893  -75.456  -39.575 0.3000000119
126825  24.183  -76.755  -32.257 0.4000000060
126857  28.862  -76.234  -38.736 0.3000000119
126880  25.429  -78.742  -38.390 0.3000000119
126902  24.412  -78.725  -34.690 0.5000000000
126917  27.000  -77.446  -40.350 0.3000000119
126923  26.370  -77.016  -40.055 0.3000000119
126948  30.657  -75.118  -39.972 0.3000000119
127015  26.042  -78.294  -40.123 0.3000000119
127018  29.755  -76.197  -39.306 0.3000000119
127043  26.374  -77.599  -40.923 0.3000000119
127448  26.840  -64.204  -26.705 0.8000000119
127937  26.079  -72.354  -36.388 0.4000000060
128071  25.955  -77.929  -40.582 0.3000000119
128324  29.609  -75.297  -39.729 0.3000000119
128568  24.715  -71.952  -36.713 0.3000000119
129510  21.386  -45.173  -29.726 0.3000000119
129773  28.590  -63.403  -27.147 0.6999999881
129845  20.155  -73.025  -37.397 0.4000000060
129868  26.790  -63.891  -25.817 0.8000000119
130342  23.884  -46.987  -28.373 0.4000000060
130359  26.177  -83.118  -28.787 0.3000000119
130485  20.854  -62.192  -30.261 0.6000000238
130530  19.584  -54.898  -28.102 0.3000000119
130597  26.124  -71.784  -29.272 0.4000000060
130616  27.074  -44.981  -27.877 0.3000000119
130711  25.245  -72.341  -35.935 0.4000000060
130959  24.156  -64.032  -25.333 0.6999999881
131104  15.713  -50.605  -27.787 0.3000000119
131194  24.554  -77.139  -34.055 0.5000000000
131247  23.003  -63.983  -23.226 0.6000000238
131505  31.630  -75.935  -34.090 0.3000000119
131885  23.229  -69.757  -29.472 0.4000000060
132153  20.655  -42.505  -28.396 0.3000000119
132178  22.455  -64.978  -28.990 0.6999999881
132520  26.552  -61.038  -23.279 0.5000000000
132850  27.074  -73.509  -31.941 0.3000000119
132876  18.977  -47.641  -29.508 0.3000000119
133344  17.235  -74.455  -24.382 0.6000000238
133409  24.279  -67.522  -37.435 0.5000000000
134222  16.886  -72.915  -37.430 0.4000000060
134390  16.857  -66.543  -32.205 0.5000000000
134959  32.682  -75.641  -33.523 0.3000000119
135000  23.085  -68.346  -31.606 0.4000000060
135530  19.626  -43.690  -29.133 0.3000000119
135541  16.453  -66.044  -27.633 0.4000000060
135632  19.532  -62.245  -33.302 0.5000000000
135727  16.751  -45.849  -29.213 0.5000000000
135977  17.072  -73.692  -37.532 0.4000000060
136194  20.544  -66.336  -32.389 0.8000000119
136304  22.414  -47.849  -28.695 0.3000000119
136329  16.621  -45.209  -28.891 0.3000000119
136441  20.477  -69.943  -26.231 0.6999999881
136869  24.651  -81.340  -34.516 0.3000000119
137439  21.694  -67.878  -31.071 0.5000000000
137481  19.698  -69.161  -22.659 0.6000000238
137550  19.972  -49.348  -29.785 0.3000000119
138240  24.469  -78.678  -32.475 0.5000000000
138250  27.580  -68.563  -36.223 0.3000000119
138846  19.669  -72.967  -29.150 0.5000000000
139130  19.507  -66.353  -31.081 0.6000000238
139233  18.825  -44.611  -29.292 0.3000000119
139331  18.694  -67.039  -27.949 0.6999999881
139537  16.869  -72.317  -33.986 0.6999999881
139550  17.357  -66.707  -33.758 0.5000000000
140147  21.045  -58.820  -28.498 0.6000000238
140245  23.583  -72.248  -34.810 0.5000000000
140683  19.784  -66.251  -28.185 0.6999999881
140855  16.058  -48.483  -28.689 0.4000000060
141370  20.551  -67.915  -22.488 0.6999999881
141640  21.663  -67.445  -35.483 0.6000000238
141699  22.668  -61.191  -25.895 0.6000000238
141810  26.980  -83.846  -23.615 0.3000000119
142146  22.581  -68.736  -29.937 0.4000000060
142393  20.538  -69.160  -22.788 0.6000000238
142619  16.522  -65.458  -30.233 0.6000000238
142797  23.726  -56.079  -24.566 0.4000000060
143073  21.743  -62.818  -22.289 0.6000000238
143338  27.566  -64.496  -30.776 0.6000000238
143473  23.933  -82.058  -31.278 0.3000000119
143490  13.520  -48.797  -26.263 0.3000000119
143773  30.641  -74.381  -42.641 0.3000000119
143774  30.211  -75.233  -38.875 0.3000000119
143775  30.244  -74.972  -39.289 0.3000000119
143782  30.899  -75.064  -40.683 0.3000000119
143785  30.199  -75.559  -40.289 0.3000000119
143786  30.284  -75.189  -41.292 0.3000000119
143790  30.374  -74.576  -40.044 0.3000000119
143791  30.560  -74.767  -41.607 0.3000000119
143807  31.253  -75.088  -40.337 0.3000000119
143809  30.579  -74.662  -41.833 0.3000000119
143862  30.620  -74.549  -42.015 0.3000000119
143866  23.632  -76.285  -32.775 0.4000000060
143908  30.337  -75.074  -41.004 0.3000000119
143923  29.768  -75.047  -39.668 0.3000000119
143924  30.627  -74.465  -42.144 0.3000000119
143963  29.640  -75.279  -36.348 0.3000000119
144032  29.628  -74.853  -37.264 0.3000000119
144049  29.326  -75.474  -37.328 0.3000000119
144066  30.635  -75.105  -41.313 0.3000000119
144067  30.121  -75.896  -39.911 0.3000000119
144074  30.396  -75.938  -38.819 0.3000000119
144075  29.956  -75.832  -40.178 0.3000000119
144079  30.113  -75.375  -40.806 0.3000000119
144103  30.630  -74.429  -42.289 0.3000000119
144116  29.879  -75.562  -40.948 0.3000000119
144423  17.076  -51.557  -28.373 0.3000000119
144850  20.161  -62.706  -29.956 0.6000000238
144974  17.303  -46.817  -29.293 0.3000000119
145670  22.932  -71.894  -34.628 0.4000000060
145671  28.748  -74.781  -37.610 0.3000000119
146199  23.299  -63.140  -22.443 0.6000000238
146377  22.954  -46.027  -28.818 0.3000000119
146756  18.766  -47.201  -25.815 0.3000000119
146948  17.961  -69.453  -36.058 0.6000000238
146968  17.590  -74.663  -31.612 0.6000000238
147236  23.453  -64.563  -27.140 0.6999999881
147461  17.788  -65.862  -25.169 0.5000000000
147740  25.263  -82.899  -29.799 0.3000000119
148162  20.080  -62.512  -22.977 0.6000000238
148224  17.997  -53.197  -30.234 0.3000000119
148258  25.671  -78.927  -38.959 0.3000000119
148486  21.284  -70.876  -24.162 0.5000000000
148540  25.897  -63.613  -32.806 0.6000000238
148647  26.678  -64.832  -29.665 0.6000000238
148656  18.573  -73.233  -30.825 0.6000000238
148722  21.817  -68.988  -24.871 0.6000000238
149134  27.509  -81.648  -29.511 0.3000000119
149203  28.932  -76.118  -37.926 0.3000000119
149739  30.396  -74.421  -43.233 0.3000000119
149931  21.500  -66.908  -22.855 0.6999999881
150184  18.043  -50.731  -29.330 0.3000000119
150868  25.117  -63.792  -26.412 0.6999999881
151089  17.251  -44.871  -28.864 0.3000000119
151288  20.987  -48.168  -29.441 0.4000000060
151430  20.802  -59.355  -30.710 0.6000000238
151483  31.485  -73.091  -36.540 0.3000000119
151521  31.361  -75.068  -35.500 0.3000000119
151698  24.979  -44.767  -28.410 0.3000000119
151784  18.218  -47.053  -29.368 0.3000000119
151839  18.145  -67.818  -31.016 0.8000000119
151852  20.365  -49.510  -29.610 0.3000000119
151897  21.493  -65.629  -28.303 0.6000000238
152056  24.564  -77.148  -32.736 0.4000000060
152439  19.899  -58.043  -27.485 0.6000000238
152586  23.728  -72.537  -38.520 0.3000000119
152597  26.266  -64.666  -29.022 0.6000000238
152949  17.734  -69.685  -34.710 0.6000000238
153066  26.322  -72.462  -38.027 0.4000000060
153094  29.377  -76.706  -35.174 0.3000000119
153421  22.285  -59.666  -26.717 0.5000000000
