#!ascii label  , from subject sub-v1s14x0051566_ses-1 vox2ras=TkReg
1827
72019  -41.393  -17.331  7.642 0.0000000000
85389  -54.425  -4.217  0.158 0.0000000000
153119  -48.126  -12.016  2.797 0.0000000000
47507  -15.058  -39.360  35.139 0.0000000000
69817  -39.799  -19.070  11.658 0.0000000000
58388  -29.400  -28.808  31.740 0.0000000000
160830  -43.569  -29.402  27.377 0.0000000000
143162  -37.936  -21.984  23.930 0.0000000000
68623  -42.179  -20.456  19.953 0.0000000000
55162  -20.552  -32.603  28.714 0.0000000000
56123  -24.494  -31.357  33.427 0.0000000000
56180  -24.902  -31.264  27.215 0.0000000000
56259  -35.841  -30.876  23.435 0.0000000000
59633  -38.746  -26.706  23.260 0.0000000000
75398  -43.894  -14.075  14.424 0.0000000000
164980  -48.403  -15.595  12.306 0.0000000000
81240  -52.457  -8.524  0.579 0.0000000000
73211  -45.442  -15.683  4.521 0.0000000000
85439  -52.232  -4.270  -3.820 0.0000000000
44507  -11.001  -41.731  35.788 0.0000000000
151460  -42.792  -16.042  16.655 0.0000000000
74270  -39.363  -14.457  10.669 0.0000000000
56213  -30.218  -31.061  25.746 0.0000000000
59573  -35.933  -28.490  29.372 0.0000000000
75483  -50.276  -13.081  8.638 0.0000000000
89476  -60.002  0.029  -7.979 0.0000000000
65376  -37.068  -22.304  20.300 0.0000000000
67503  -37.760  -21.760  19.025 0.0000000000
147569  -22.884  -32.451  27.982 0.0000000000
58575  -37.453  -28.218  19.465 0.0000000000
61906  -37.988  -25.455  20.346 0.0000000000
163616  -38.160  -24.739  24.393 0.0000000000
73106  -42.800  -15.422  11.518 0.0000000000
74216  -45.968  -14.700  13.278 0.0000000000
71970  -45.337  -16.657  10.436 0.0000000000
83254  -53.638  -6.571  -0.269 0.0000000000
83194  -54.177  -7.159  4.402 0.0000000000
88396  -55.148  -1.544  0.043 0.0000000000
48567  -12.792  -38.310  32.833 0.0000000000
45542  -13.528  -40.865  35.469 0.0000000000
68662  -41.278  -20.115  15.659 0.0000000000
70806  -42.532  -17.877  18.385 0.0000000000
70851  -41.775  -17.910  13.945 0.0000000000
73078  -41.332  -15.339  12.832 0.0000000000
71956  -39.698  -16.213  11.209 0.0000000000
160013  -26.834  -29.343  33.084 0.0000000000
141503  -26.083  -29.466  35.917 0.0000000000
59486  -29.289  -27.970  35.478 0.0000000000
60656  -32.562  -27.977  34.308 0.0000000000
57360  -26.985  -30.380  23.333 0.0000000000
56292  -30.101  -30.790  21.881 0.0000000000
57314  -39.967  -30.019  26.456 0.0000000000
57311  -35.490  -29.771  26.603 0.0000000000
139409  -39.879  -28.979  29.075 0.0000000000
55128  -39.018  -30.615  31.176 0.0000000000
53013  -16.673  -34.298  31.091 0.0000000000
54039  -17.269  -33.637  34.561 0.0000000000
52967  -16.228  -34.374  37.731 0.0000000000
75542  -46.760  -14.029  3.994 0.0000000000
75495  -47.756  -14.096  6.989 0.0000000000
77838  -48.809  -12.219  6.093 0.0000000000
91593  -61.137  2.225  -9.748 0.0000000000
46493  -13.305  -39.857  38.936 0.0000000000
161275  -38.915  -20.973  28.059 0.0000000000
68574  -40.925  -19.918  24.825 0.0000000000
139563  -39.374  -20.857  22.017 0.0000000000
67532  -39.885  -21.272  17.344 0.0000000000
55119  -19.960  -32.501  31.215 0.0000000000
55072  -21.261  -31.976  34.128 0.0000000000
138756  -22.198  -32.547  31.100 0.0000000000
163397  -25.155  -31.711  30.793 0.0000000000
143788  -27.335  -30.046  29.813 0.0000000000
56310  -32.714  -30.453  20.600 0.0000000000
146582  -35.749  -29.697  20.598 0.0000000000
57363  -39.001  -29.943  23.245 0.0000000000
59620  -41.831  -27.960  26.132 0.0000000000
60751  -40.977  -26.089  27.720 0.0000000000
62956  -38.916  -24.151  28.302 0.0000000000
54104  -17.377  -32.914  28.462 0.0000000000
76478  -44.611  -12.780  17.670 0.0000000000
78925  -46.985  -10.898  19.061 0.0000000000
152086  -47.059  -12.954  16.165 0.0000000000
75387  -49.054  -13.280  15.188 0.0000000000
79129  -50.182  -10.389  1.190 0.0000000000
80178  -50.241  -10.150  4.877 0.0000000000
151181  -51.618  -8.693  4.455 0.0000000000
40245  -8.386  -45.921  39.163 0.0000000000
72045  -43.587  -16.888  6.434 0.0000000000
75566  -44.622  -13.917  2.131 0.0000000000
79146  -47.691  -10.808  0.247 0.0000000000
81272  -49.388  -8.881  -0.565 0.0000000000
159185  -49.859  -6.382  0.264 0.0000000000
85401  -50.919  -4.086  -0.202 0.0000000000
87486  -52.227  -2.109  -1.715 0.0000000000
86490  -50.160  -4.345  -2.763 0.0000000000
45511  -12.266  -41.557  38.930 0.0000000000
43393  -11.115  -43.070  39.144 0.0000000000
41198  -10.098  -44.741  40.007 0.0000000000
75277  -43.929  -14.422  22.238 0.0000000000
69665  -43.275  -18.559  21.964 0.0000000000
73010  -43.027  -15.956  20.331 0.0000000000
75339  -43.443  -13.751  18.711 0.0000000000
75381  -42.890  -14.490  15.280 0.0000000000
75448  -40.957  -13.780  11.943 0.0000000000
71982  -40.097  -16.357  8.902 0.0000000000
57190  -23.273  -30.436  36.984 0.0000000000
57308  -27.857  -30.548  26.387 0.0000000000
57279  -30.420  -30.449  28.988 0.0000000000
56236  -33.224  -30.767  24.620 0.0000000000
158717  -32.940  -30.143  27.872 0.0000000000
58407  -32.509  -28.990  30.758 0.0000000000
59501  -35.726  -28.788  32.689 0.0000000000
48579  -14.516  -37.798  32.189 0.0000000000
49621  -15.525  -36.540  31.465 0.0000000000
49584  -15.937  -36.946  34.419 0.0000000000
72006  -46.694  -16.404  8.571 0.0000000000
74274  -49.877  -15.183  10.062 0.0000000000
76546  -52.413  -12.664  11.898 0.0000000000
77810  -51.078  -11.499  7.760 0.0000000000
140504  -53.916  -1.306  -2.234 0.0000000000
160950  -56.546  -0.753  -2.487 0.0000000000
90508  -59.228  0.647  -3.367 0.0000000000
151068  -59.636  -1.906  -5.472 0.0000000000
91573  -60.949  2.680  -5.502 0.0000000000
64244  -36.388  -23.070  18.939 0.0000000000
66417  -36.055  -22.233  18.134 0.0000000000
65404  -34.185  -22.089  16.972 0.0000000000
61940  -37.038  -25.474  18.175 0.0000000000
63073  -36.086  -24.004  18.049 0.0000000000
63042  -37.450  -23.792  19.847 0.0000000000
71984  -42.291  -16.828  9.726 0.0000000000
153922  -44.237  -16.362  10.761 0.0000000000
71985  -43.308  -17.004  9.433 0.0000000000
85403  -54.332  -5.282  -0.138 0.0000000000
84252  -55.194  -5.885  1.907 0.0000000000
142761  -55.797  -4.986  0.833 0.0000000000
86445  -56.601  -3.668  0.931 0.0000000000
87459  -54.761  -2.488  0.115 0.0000000000
47531  -13.441  -38.957  33.319 0.0000000000
47518  -12.958  -39.541  33.733 0.0000000000
46520  -14.007  -40.432  35.050 0.0000000000
165662  -40.974  -19.018  13.836 0.0000000000
69786  -41.352  -18.644  14.289 0.0000000000
69809  -40.790  -18.154  12.649 0.0000000000
70868  -41.233  -17.057  12.246 0.0000000000
142613  -39.870  -18.008  11.311 0.0000000000
156638  -18.196  -32.419  36.510 0.0000000000
58386  -27.878  -28.954  32.125 0.0000000000
58354  -27.700  -28.356  33.712 0.0000000000
59507  -29.520  -27.817  33.706 0.0000000000
60645  -31.181  -27.958  34.746 0.0000000000
59509  -31.252  -27.830  33.415 0.0000000000
58465  -41.138  -29.601  27.813 0.0000000000
57283  -40.126  -29.552  28.185 0.0000000000
57284  -42.407  -29.861  28.460 0.0000000000
56166  -41.412  -30.130  29.429 0.0000000000
55096  -18.068  -32.860  32.482 0.0000000000
54040  -17.639  -32.898  34.779 0.0000000000
54031  -17.513  -32.878  36.487 0.0000000000
76406  -44.941  -12.323  22.378 0.0000000000
76681  -47.551  -12.649  2.936 0.0000000000
76660  -47.848  -12.837  4.771 0.0000000000
76673  -48.185  -12.289  4.215 0.0000000000
66348  -38.141  -21.642  25.898 0.0000000000
67437  -38.857  -20.949  24.916 0.0000000000
67451  -38.351  -21.357  23.375 0.0000000000
67531  -38.764  -21.311  17.680 0.0000000000
67557  -39.110  -21.415  15.891 0.0000000000
149406  -40.084  -21.419  15.510 0.0000000000
55148  -20.319  -32.617  29.749 0.0000000000
55120  -20.780  -32.559  31.402 0.0000000000
55149  -21.283  -32.620  29.482 0.0000000000
55179  -24.305  -31.863  27.702 0.0000000000
55166  -23.943  -32.318  29.022 0.0000000000
56165  -25.510  -31.375  29.146 0.0000000000
56147  -26.373  -30.702  30.700 0.0000000000
56172  -26.482  -30.631  28.227 0.0000000000
58571  -33.903  -28.958  19.145 0.0000000000
151094  -38.473  -27.315  22.177 0.0000000000
58546  -37.975  -28.876  20.930 0.0000000000
58509  -39.600  -28.317  23.388 0.0000000000
57347  -40.662  -29.069  24.664 0.0000000000
59635  -39.939  -27.703  24.135 0.0000000000
59603  -41.634  -26.909  26.977 0.0000000000
60767  -39.629  -26.405  25.722 0.0000000000
64188  -38.049  -23.278  24.681 0.0000000000
147282  -38.030  -24.588  26.494 0.0000000000
64167  -37.938  -23.301  26.884 0.0000000000
65295  -38.865  -22.421  28.482 0.0000000000
55160  -18.690  -32.695  28.054 0.0000000000
164243  -43.825  -13.781  15.489 0.0000000000
76494  -45.642  -12.957  16.529 0.0000000000
162102  -45.167  -13.710  15.144 0.0000000000
74236  -47.617  -15.245  12.636 0.0000000000
75418  -47.326  -14.252  14.023 0.0000000000
74219  -48.867  -14.709  13.560 0.0000000000
75404  -50.438  -13.776  14.518 0.0000000000
74238  -49.656  -15.143  13.050 0.0000000000
80205  -51.253  -9.499  0.750 0.0000000000
80193  -51.040  -9.268  2.872 0.0000000000
81226  -52.166  -8.390  2.978 0.0000000000
83185  -55.542  -6.619  5.528 0.0000000000
80223  -47.907  -9.454  -0.042 0.0000000000
82240  -46.954  -8.015  0.236 0.0000000000
83250  -48.366  -6.380  -0.020 0.0000000000
84289  -49.140  -4.953  -0.585 0.0000000000
84273  -50.564  -5.692  0.274 0.0000000000
85399  -49.653  -4.537  -0.722 0.0000000000
85419  -50.489  -3.647  -1.440 0.0000000000
46517  -10.765  -40.472  34.706 0.0000000000
44499  -10.507  -42.290  36.386 0.0000000000
152695  -13.095  -40.430  40.055 0.0000000000
45517  -12.857  -40.801  38.791 0.0000000000
157500  -12.866  -40.900  39.427 0.0000000000
42294  -11.461  -43.635  39.521 0.0000000000
41200  -11.429  -44.385  39.944 0.0000000000
42293  -10.496  -44.213  39.717 0.0000000000
41199  -10.832  -44.704  40.031 0.0000000000
39339  -10.586  -46.222  39.862 0.0000000000
68601  -41.300  -20.390  22.211 0.0000000000
68585  -42.120  -19.814  23.679 0.0000000000
68603  -42.688  -19.878  21.169 0.0000000000
70815  -42.541  -17.157  17.614 0.0000000000
143385  -42.728  -17.287  19.176 0.0000000000
73014  -42.768  -15.956  18.635 0.0000000000
74143  -43.097  -15.208  19.842 0.0000000000
73026  -42.829  -15.246  18.044 0.0000000000
75366  -43.178  -13.961  16.911 0.0000000000
74189  -42.837  -15.027  15.652 0.0000000000
159086  -39.810  -14.493  11.946 0.0000000000
75411  -40.923  -13.953  12.964 0.0000000000
75446  -39.898  -13.914  11.090 0.0000000000
74272  -41.145  -14.626  10.892 0.0000000000
73138  -39.576  -15.384  9.424 0.0000000000
56109  -23.005  -31.598  34.401 0.0000000000
56098  -22.194  -31.251  35.903 0.0000000000
56091  -23.725  -30.676  35.729 0.0000000000
56232  -29.151  -30.923  24.552 0.0000000000
57324  -27.574  -30.620  24.762 0.0000000000
56197  -28.699  -30.817  26.198 0.0000000000
57293  -29.088  -30.636  27.834 0.0000000000
56183  -29.837  -30.891  27.261 0.0000000000
56279  -34.470  -30.814  22.531 0.0000000000
139963  -32.643  -30.825  22.974 0.0000000000
56237  -34.611  -30.769  24.343 0.0000000000
58461  -35.695  -28.969  27.958 0.0000000000
57310  -34.449  -29.797  26.756 0.0000000000
58441  -34.669  -28.893  28.804 0.0000000000
58439  -33.109  -29.637  29.220 0.0000000000
58409  -34.210  -28.562  30.304 0.0000000000
59537  -34.535  -27.978  31.650 0.0000000000
140389  -35.938  -28.128  30.897 0.0000000000
60783  -43.272  -26.802  24.889 0.0000000000
50677  -15.830  -35.676  31.063 0.0000000000
146516  -16.267  -35.703  33.143 0.0000000000
49594  -15.739  -36.753  32.506 0.0000000000
51779  -15.914  -34.873  39.469 0.0000000000
72058  -45.009  -16.253  5.868 0.0000000000
72022  -45.565  -16.455  7.493 0.0000000000
73184  -46.009  -15.772  6.852 0.0000000000
75481  -48.823  -13.921  7.915 0.0000000000
74288  -48.871  -15.227  8.910 0.0000000000
74290  -50.339  -14.389  9.651 0.0000000000
74262  -51.308  -14.298  11.419 0.0000000000
75461  -51.019  -13.902  10.061 0.0000000000
150662  -51.168  -9.795  6.021 0.0000000000
79086  -50.387  -10.701  6.130 0.0000000000
80155  -51.536  -10.210  7.230 0.0000000000
86484  -51.984  -2.899  -2.857 0.0000000000
88427  -52.881  -1.715  -2.002 0.0000000000
87500  -52.799  -2.666  -2.994 0.0000000000
87503  -55.841  -2.588  -3.092 0.0000000000
88439  -57.042  -1.907  -2.973 0.0000000000
89452  -58.247  -0.374  -2.601 0.0000000000
88441  -58.751  -1.979  -3.657 0.0000000000
88465  -59.862  -1.620  -8.040 0.0000000000
87533  -59.329  -2.588  -6.832 0.0000000000
151697  -59.926  -1.027  -6.651 0.0000000000
143118  -59.922  0.997  -5.240 0.0000000000
91578  -60.665  2.217  -6.355 0.0000000000
145228  -61.100  2.592  -7.213 0.0000000000
147091  -62.417  1.868  -9.319 0.0000000000
65367  -37.709  -22.115  22.416 0.0000000000
67469  -37.936  -21.784  21.688 0.0000000000
66409  -36.928  -22.081  19.583 0.0000000000
146179  -36.405  -21.699  17.343 0.0000000000
55163  -21.614  -32.592  28.659 0.0000000000
60898  -36.392  -26.343  17.448 0.0000000000
161774  -37.979  -26.397  20.140 0.0000000000
60809  -38.309  -26.583  22.168 0.0000000000
60780  -38.561  -26.042  23.894 0.0000000000
139754  -38.186  -24.779  21.956 0.0000000000
64213  -37.991  -23.370  22.313 0.0000000000
74233  -43.486  -14.834  12.843 0.0000000000
75416  -45.386  -14.291  13.900 0.0000000000
74260  -44.840  -15.582  12.063 0.0000000000
73108  -45.654  -15.782  11.794 0.0000000000
73127  -46.679  -16.438  10.800 0.0000000000
82244  -53.019  -7.865  -0.022 0.0000000000
82222  -52.933  -7.927  2.306 0.0000000000
83217  -54.175  -6.951  1.772 0.0000000000
83196  -55.447  -6.238  4.059 0.0000000000
89414  -56.649  -0.036  -0.143 0.0000000000
46518  -11.968  -40.623  34.731 0.0000000000
45529  -12.091  -41.653  35.910 0.0000000000
68637  -42.031  -19.918  17.755 0.0000000000
68630  -42.356  -19.603  18.516 0.0000000000
69729  -42.078  -19.048  17.291 0.0000000000
70828  -42.186  -17.831  16.359 0.0000000000
71917  -42.734  -16.754  15.081 0.0000000000
73061  -42.856  -16.001  14.734 0.0000000000
71940  -41.627  -16.452  12.874 0.0000000000
73089  -39.948  -15.503  11.999 0.0000000000
73104  -39.002  -15.463  10.936 0.0000000000
56124  -25.638  -30.337  33.519 0.0000000000
57218  -24.847  -30.229  34.891 0.0000000000
57219  -26.280  -29.195  34.639 0.0000000000
59484  -27.794  -28.350  35.492 0.0000000000
57213  -31.606  -29.224  35.131 0.0000000000
56273  -28.764  -30.853  22.856 0.0000000000
56233  -30.111  -30.994  24.260 0.0000000000
56218  -37.583  -30.741  25.015 0.0000000000
57327  -36.000  -30.237  25.721 0.0000000000
147663  -38.109  -30.249  26.423 0.0000000000
58463  -37.448  -29.258  27.958 0.0000000000
58427  -38.180  -28.703  29.633 0.0000000000
59541  -37.756  -28.426  30.629 0.0000000000
57255  -40.344  -29.085  30.302 0.0000000000
54090  -16.908  -33.560  29.503 0.0000000000
54065  -17.019  -34.164  31.363 0.0000000000
52994  -16.938  -34.538  34.052 0.0000000000
52980  -16.495  -34.579  35.880 0.0000000000
52981  -16.697  -33.889  36.191 0.0000000000
74349  -46.468  -14.676  4.445 0.0000000000
74325  -46.764  -14.787  6.015 0.0000000000
74337  -47.082  -14.243  5.744 0.0000000000
75510  -47.965  -13.384  6.377 0.0000000000
76622  -49.137  -12.703  7.250 0.0000000000
85457  -52.066  -4.271  -5.292 0.0000000000
85440  -53.112  -4.227  -3.760 0.0000000000
85458  -53.684  -4.469  -5.046 0.0000000000
89479  -60.015  -0.743  -8.450 0.0000000000
90538  -60.257  1.637  -8.764 0.0000000000
166555  -60.037  0.490  -9.695 0.0000000000
146129  -60.298  1.018  -10.388 0.0000000000
48539  -15.299  -38.342  36.617 0.0000000000
46507  -14.608  -39.814  36.491 0.0000000000
162744  -41.046  -19.897  27.437 0.0000000000
67422  -39.550  -20.523  25.619 0.0000000000
67453  -39.879  -20.585  23.499 0.0000000000
67472  -41.146  -20.630  21.283 0.0000000000
159821  -38.554  -21.361  20.262 0.0000000000
139850  -40.239  -20.929  19.844 0.0000000000
67518  -40.990  -21.125  18.501 0.0000000000
67560  -41.127  -20.769  16.169 0.0000000000
67574  -40.646  -20.509  14.312 0.0000000000
139871  -19.139  -32.261  33.396 0.0000000000
55071  -20.639  -31.976  34.666 0.0000000000
55099  -20.422  -32.337  32.705 0.0000000000
138468  -21.864  -32.186  32.779 0.0000000000
55101  -23.195  -31.983  32.601 0.0000000000
159851  -22.327  -32.580  29.383 0.0000000000
157151  -23.691  -32.230  31.350 0.0000000000
137818  -24.893  -31.545  32.465 0.0000000000
56146  -25.923  -30.918  31.409 0.0000000000
138025  -26.882  -30.035  31.230 0.0000000000
57244  -28.262  -29.504  30.804 0.0000000000
57411  -33.703  -29.983  20.467 0.0000000000
161581  -35.804  -30.492  21.772 0.0000000000
58561  -36.365  -28.874  19.701 0.0000000000
57382  -37.227  -30.205  21.699 0.0000000000
56282  -37.593  -30.651  22.888 0.0000000000
56219  -39.584  -30.401  25.004 0.0000000000
57332  -40.914  -29.341  25.328 0.0000000000
164530  -43.429  -28.528  27.422 0.0000000000
57318  -45.064  -29.058  26.604 0.0000000000
59589  -43.844  -27.142  27.586 0.0000000000
61837  -43.149  -26.142  27.169 0.0000000000
61847  -42.275  -25.707  26.006 0.0000000000
61845  -38.476  -25.514  25.735 0.0000000000
61825  -39.690  -25.084  28.118 0.0000000000
62969  -40.812  -24.632  27.555 0.0000000000
64163  -40.180  -23.478  27.982 0.0000000000
55132  -17.892  -32.899  29.949 0.0000000000
151732  -44.660  -11.965  19.086 0.0000000000
77687  -45.494  -11.820  18.638 0.0000000000
76480  -46.765  -12.310  17.337 0.0000000000
77713  -48.466  -12.011  17.076 0.0000000000
75400  -46.743  -13.882  14.671 0.0000000000
75386  -48.148  -13.359  15.317 0.0000000000
79120  -49.143  -11.207  1.904 0.0000000000
79101  -49.113  -11.204  3.995 0.0000000000
80191  -50.116  -10.227  4.026 0.0000000000
80179  -50.618  -9.716  4.462 0.0000000000
81196  -51.570  -8.792  6.198 0.0000000000
82201  -52.669  -7.937  4.263 0.0000000000
82179  -52.195  -8.236  5.965 0.0000000000
72043  -41.382  -17.405  6.584 0.0000000000
72020  -42.976  -17.201  7.226 0.0000000000
72056  -42.693  -16.978  5.338 0.0000000000
72057  -43.466  -16.697  4.914 0.0000000000
164871  -44.195  -16.163  3.876 0.0000000000
74360  -44.935  -15.191  2.953 0.0000000000
75558  -45.911  -14.187  2.913 0.0000000000
76679  -46.022  -12.948  2.082 0.0000000000
76692  -47.468  -12.172  2.043 0.0000000000
77893  -47.822  -11.665  1.217 0.0000000000
79148  -49.120  -10.880  0.367 0.0000000000
79162  -49.855  -10.086  -0.253 0.0000000000
80240  -50.894  -8.892  -0.538 0.0000000000
82258  -47.786  -6.930  0.031 0.0000000000
82243  -49.414  -7.273  0.122 0.0000000000
81275  -51.828  -8.176  -0.515 0.0000000000
83252  -51.916  -6.824  -0.367 0.0000000000
164026  -51.974  -5.231  0.375 0.0000000000
85388  -52.488  -4.110  0.284 0.0000000000
86466  -52.976  -2.764  -0.094 0.0000000000
86464  -51.620  -2.728  -1.135 0.0000000000
86483  -51.262  -3.297  -2.466 0.0000000000
86491  -50.852  -3.967  -2.989 0.0000000000
85448  -50.844  -4.533  -4.334 0.0000000000
46499  -13.925  -40.384  37.013 0.0000000000
45521  -12.797  -41.297  37.756 0.0000000000
44493  -12.098  -41.929  37.545 0.0000000000
146621  -12.490  -41.850  39.174 0.0000000000
44481  -11.816  -42.335  38.962 0.0000000000
44492  -11.264  -42.494  37.330 0.0000000000
43392  -10.664  -43.264  38.778 0.0000000000
42309  -9.736  -43.852  38.609 0.0000000000
42300  -8.600  -44.379  38.584 0.0000000000
40237  -8.962  -45.468  39.293 0.0000000000
75294  -44.417  -13.009  21.823 0.0000000000
71840  -43.483  -17.724  23.328 0.0000000000
153349  -42.948  -18.208  20.633 0.0000000000
70769  -43.123  -17.645  21.355 0.0000000000
71855  -43.558  -15.416  21.782 0.0000000000
75306  -43.776  -13.749  20.570 0.0000000000
76438  -43.911  -12.993  20.018 0.0000000000
150187  -43.740  -13.210  18.211 0.0000000000
75367  -43.543  -13.739  16.547 0.0000000000
75396  -42.886  -14.380  14.603 0.0000000000
74206  -42.577  -15.093  13.969 0.0000000000
140680  -42.479  -14.751  13.738 0.0000000000
75429  -42.143  -13.955  12.988 0.0000000000
74258  -42.308  -14.516  11.927 0.0000000000
73139  -41.392  -16.363  9.928 0.0000000000
72000  -40.684  -17.032  8.299 0.0000000000
70886  -38.627  -18.051  10.158 0.0000000000
159558  -38.848  -17.259  10.346 0.0000000000
73120  -38.002  -15.573  9.825 0.0000000000
74283  -37.650  -14.818  9.116 0.0000000000
74297  -37.933  -14.737  8.948 0.0000000000
73167  -38.931  -16.247  7.894 0.0000000000
72017  -39.439  -16.934  7.219 0.0000000000
72018  -40.415  -17.276  7.243 0.0000000000
138514  -24.583  -29.893  36.928 0.0000000000
56210  -25.120  -30.502  25.928 0.0000000000
57322  -26.453  -29.987  25.603 0.0000000000
56196  -26.097  -30.392  26.779 0.0000000000
57276  -27.679  -30.213  28.359 0.0000000000
57264  -28.690  -29.955  29.460 0.0000000000
57253  -30.224  -29.753  30.274 0.0000000000
138950  -31.599  -30.806  21.859 0.0000000000
56255  -31.341  -30.890  23.497 0.0000000000
146717  -31.790  -30.910  25.196 0.0000000000
145821  -34.360  -30.449  25.175 0.0000000000
56201  -32.762  -30.600  26.289 0.0000000000
56200  -31.988  -30.805  26.824 0.0000000000
57294  -31.817  -30.598  28.282 0.0000000000
57267  -31.510  -30.041  29.625 0.0000000000
58390  -31.288  -28.861  31.510 0.0000000000
59523  -32.388  -27.945  32.514 0.0000000000
59499  -34.466  -28.310  33.658 0.0000000000
48578  -13.272  -37.797  32.274 0.0000000000
47532  -14.415  -38.968  33.374 0.0000000000
50690  -15.535  -35.707  30.126 0.0000000000
49626  -14.241  -36.425  30.564 0.0000000000
49609  -15.160  -37.274  31.802 0.0000000000
157916  -15.309  -37.630  32.496 0.0000000000
48548  -15.460  -38.436  35.413 0.0000000000
138238  -15.494  -37.610  36.291 0.0000000000
51803  -15.860  -35.038  37.453 0.0000000000
148104  -44.356  -16.969  8.109 0.0000000000
71988  -46.232  -16.750  9.328 0.0000000000
142782  -47.548  -16.338  10.539 0.0000000000
74299  -47.747  -15.247  8.046 0.0000000000
73141  -48.344  -15.845  9.334 0.0000000000
73112  -49.527  -15.693  11.474 0.0000000000
74239  -50.762  -14.978  11.928 0.0000000000
77852  -49.358  -11.366  5.281 0.0000000000
77825  -49.879  -11.575  6.762 0.0000000000
76608  -50.660  -12.303  8.244 0.0000000000
88405  -53.043  -1.722  -0.997 0.0000000000
89423  -54.025  -0.926  -1.280 0.0000000000
89435  -55.186  -0.217  -1.297 0.0000000000
87502  -54.777  -2.635  -2.991 0.0000000000
88430  -55.472  -0.884  -2.399 0.0000000000
90499  -56.354  0.386  -1.485 0.0000000000
91550  -57.677  0.771  -1.400 0.0000000000
161327  -59.179  1.695  -1.953 0.0000000000
87513  -58.887  -2.663  -4.390 0.0000000000
153651  -59.398  -0.838  -4.455 0.0000000000
91563  -60.323  2.193  -4.564 0.0000000000
92560  -61.802  2.670  -8.458 0.0000000000
64252  -35.356  -22.794  17.741 0.0000000000
65394  -35.476  -22.245  17.705 0.0000000000
63084  -35.028  -24.170  17.042 0.0000000000
64263  -35.506  -23.525  17.568 0.0000000000
64253  -36.011  -23.189  18.148 0.0000000000
72001  -41.540  -17.215  8.584 0.0000000000
146838  -42.394  -17.213  8.914 0.0000000000
85404  -55.038  -5.159  -0.140 0.0000000000
84278  -55.382  -5.387  0.373 0.0000000000
85390  -55.710  -4.660  0.284 0.0000000000
85382  -56.203  -4.398  0.874 0.0000000000
86456  -56.145  -3.851  0.263 0.0000000000
87460  -55.787  -2.961  0.038 0.0000000000
86455  -54.970  -3.358  0.112 0.0000000000
47519  -14.070  -39.534  33.826 0.0000000000
46532  -14.499  -39.836  34.611 0.0000000000
69808  -40.252  -19.005  12.499 0.0000000000
69800  -40.681  -18.985  13.219 0.0000000000
152851  -40.203  -18.354  12.029 0.0000000000
55047  -18.926  -31.981  36.620 0.0000000000
139872  -19.324  -32.070  35.254 0.0000000000
58371  -28.621  -28.619  32.370 0.0000000000
59519  -28.970  -28.020  32.996 0.0000000000
158037  -29.385  -28.402  32.474 0.0000000000
59508  -30.392  -27.828  33.541 0.0000000000
59532  -30.105  -28.444  32.292 0.0000000000
143428  -43.024  -29.376  27.604 0.0000000000
58448  -41.793  -29.502  28.195 0.0000000000
58431  -42.145  -29.583  28.316 0.0000000000
56175  -43.470  -30.676  27.407 0.0000000000
55057  -18.201  -32.496  35.140 0.0000000000
156757  -47.991  -12.302  3.476 0.0000000000
77876  -48.570  -11.856  3.647 0.0000000000
66355  -38.150  -21.562  24.882 0.0000000000
156670  -38.359  -21.307  24.621 0.0000000000
66363  -38.251  -21.415  24.044 0.0000000000
66460  -37.186  -21.355  15.191 0.0000000000
66446  -38.081  -21.307  16.348 0.0000000000
140023  -21.056  -32.642  30.177 0.0000000000
157460  -24.349  -31.977  28.468 0.0000000000
56170  -25.071  -31.483  28.234 0.0000000000
56171  -25.798  -30.982  28.450 0.0000000000
56181  -25.793  -30.828  27.551 0.0000000000
59649  -38.721  -27.415  22.553 0.0000000000
158099  -38.558  -28.079  22.031 0.0000000000
59650  -39.008  -27.837  22.889 0.0000000000
59634  -39.216  -27.164  23.629 0.0000000000
59618  -40.240  -27.210  25.098 0.0000000000
59617  -39.318  -26.736  24.637 0.0000000000
65338  -37.954  -22.580  24.164 0.0000000000
163723  -37.992  -23.267  26.079 0.0000000000
154043  -37.967  -22.315  24.782 0.0000000000
65315  -37.978  -22.473  26.313 0.0000000000
55161  -19.562  -32.621  28.347 0.0000000000
160128  -19.734  -32.627  29.092 0.0000000000
154842  -44.246  -13.805  15.013 0.0000000000
75383  -44.516  -13.584  15.680 0.0000000000
75399  -44.815  -13.960  14.456 0.0000000000
74218  -47.939  -14.695  13.410 0.0000000000
74237  -48.614  -15.196  12.904 0.0000000000
74220  -49.620  -14.649  13.692 0.0000000000
73094  -49.186  -15.585  12.313 0.0000000000
81232  -51.806  -8.972  1.260 0.0000000000
145784  -51.680  -8.886  2.345 0.0000000000
81233  -52.398  -8.506  1.773 0.0000000000
83173  -55.169  -6.953  6.586 0.0000000000
81253  -46.595  -8.715  0.359 0.0000000000
84309  -49.018  -4.691  -1.201 0.0000000000
85418  -49.717  -4.170  -1.688 0.0000000000
45540  -11.456  -41.144  35.282 0.0000000000
44506  -10.029  -41.726  35.738 0.0000000000
45501  -12.883  -40.165  39.878 0.0000000000
44473  -13.123  -41.252  39.555 0.0000000000
144622  -11.436  -45.107  40.104 0.0000000000
40240  -11.082  -45.608  40.091 0.0000000000
68615  -42.114  -20.418  20.799 0.0000000000
68602  -42.085  -20.309  21.626 0.0000000000
68616  -42.687  -19.836  20.315 0.0000000000
71909  -42.636  -16.717  16.987 0.0000000000
71888  -42.669  -16.813  18.434 0.0000000000
71897  -42.713  -16.176  17.647 0.0000000000
73044  -42.793  -15.343  17.140 0.0000000000
165204  -42.829  -14.886  16.772 0.0000000000
73057  -42.828  -15.254  16.355 0.0000000000
74256  -39.615  -14.318  11.205 0.0000000000
158701  -39.933  -13.873  11.702 0.0000000000
152794  -39.738  -14.429  10.537 0.0000000000
74285  -39.198  -14.679  9.951 0.0000000000
56110  -23.851  -31.269  34.274 0.0000000000
140535  -23.364  -31.115  35.047 0.0000000000
56100  -24.138  -30.730  34.977 0.0000000000
56211  -28.374  -30.841  25.264 0.0000000000
56212  -29.346  -30.955  25.516 0.0000000000
56198  -29.621  -30.946  26.371 0.0000000000
56199  -30.447  -31.001  26.634 0.0000000000
159781  -35.207  -30.883  22.987 0.0000000000
56258  -34.444  -30.864  23.433 0.0000000000
147787  -35.122  -30.869  23.709 0.0000000000
58443  -36.226  -28.765  28.683 0.0000000000
58460  -34.916  -28.998  28.034 0.0000000000
58425  -35.203  -28.541  29.420 0.0000000000
58424  -34.444  -28.774  29.573 0.0000000000
59559  -34.996  -28.255  30.091 0.0000000000
59550  -35.537  -28.202  30.661 0.0000000000
159583  -36.387  -28.263  30.552 0.0000000000
60782  -42.484  -26.248  24.281 0.0000000000
51830  -16.365  -35.783  35.115 0.0000000000
73199  -44.877  -16.118  5.019 0.0000000000
143645  -45.603  -15.887  6.127 0.0000000000
73200  -45.550  -15.775  5.382 0.0000000000
75482  -49.540  -13.565  8.257 0.0000000000
74301  -49.234  -14.416  8.540 0.0000000000
75469  -49.950  -13.956  8.959 0.0000000000
75470  -50.715  -13.509  9.330 0.0000000000
81187  -51.425  -9.785  6.794 0.0000000000
150029  -51.680  -3.800  -3.200 0.0000000000
86492  -52.536  -3.677  -3.308 0.0000000000
87504  -57.538  -2.809  -3.258 0.0000000000
88440  -58.042  -2.024  -3.092 0.0000000000
87505  -58.290  -2.783  -3.649 0.0000000000
89475  -59.989  -0.894  -7.561 0.0000000000
88461  -59.836  -1.800  -7.180 0.0000000000
90533  -59.964  0.271  -7.060 0.0000000000
90530  -60.297  1.658  -7.184 0.0000000000
90534  -60.023  1.131  -7.998 0.0000000000
64225  -37.248  -22.439  21.026 0.0000000000
66388  -37.095  -22.181  20.870 0.0000000000
66396  -37.054  -22.229  20.039 0.0000000000
139805  -35.657  -21.829  17.371 0.0000000000
66428  -36.207  -21.960  17.838 0.0000000000
61922  -37.397  -25.105  18.906 0.0000000000
60879  -37.510  -26.145  18.718 0.0000000000
61923  -37.816  -25.784  19.495 0.0000000000
60825  -38.157  -26.236  21.143 0.0000000000
140054  -38.241  -25.711  22.021 0.0000000000
61895  -38.140  -25.133  21.193 0.0000000000
64235  -37.240  -22.989  19.984 0.0000000000
64236  -37.684  -23.470  20.656 0.0000000000
64226  -37.839  -23.284  21.486 0.0000000000
150350  -37.664  -22.527  21.913 0.0000000000
74259  -43.090  -15.037  12.205 0.0000000000
161100  -43.945  -15.428  12.249 0.0000000000
165003  -43.511  -15.602  11.706 0.0000000000
154558  -44.663  -16.731  10.291 0.0000000000
145548  -45.087  -16.004  11.449 0.0000000000
73126  -45.748  -16.353  11.045 0.0000000000
73109  -46.441  -16.025  11.536 0.0000000000
82245  -53.646  -7.186  -0.068 0.0000000000
150233  -53.509  -7.570  0.560 0.0000000000
83224  -53.989  -7.054  0.697 0.0000000000
84242  -55.760  -5.608  3.283 0.0000000000
84229  -55.906  -6.035  4.867 0.0000000000
84243  -56.133  -5.561  4.137 0.0000000000
88397  -56.436  -1.869  0.214 0.0000000000
140160  -56.805  -0.875  0.172 0.0000000000
140211  -55.924  -0.697  -0.055 0.0000000000
46519  -13.069  -40.638  34.790 0.0000000000
46530  -12.455  -40.026  34.262 0.0000000000
45541  -12.650  -41.157  35.442 0.0000000000
148568  -41.492  -20.171  16.349 0.0000000000
68650  -41.791  -19.663  16.840 0.0000000000
145666  -41.615  -19.363  16.053 0.0000000000
69787  -41.845  -18.187  14.838 0.0000000000
69766  -41.838  -18.445  15.746 0.0000000000
70839  -42.300  -17.615  15.437 0.0000000000
70852  -42.331  -17.387  14.475 0.0000000000
71929  -42.605  -16.509  14.138 0.0000000000
71928  -42.072  -17.009  13.591 0.0000000000
71957  -40.602  -16.579  11.658 0.0000000000
73105  -39.507  -15.058  11.325 0.0000000000
137855  -26.224  -29.809  33.321 0.0000000000
57226  -25.894  -29.721  34.045 0.0000000000
57227  -26.559  -29.216  33.861 0.0000000000
59495  -28.484  -27.870  34.900 0.0000000000
59494  -27.773  -28.139  35.089 0.0000000000
59485  -28.124  -27.880  35.429 0.0000000000
60646  -31.936  -27.954  34.606 0.0000000000
59489  -31.724  -28.042  34.918 0.0000000000
143845  -32.469  -28.303  34.804 0.0000000000
143784  -29.094  -30.797  21.854 0.0000000000
56253  -29.456  -30.932  23.588 0.0000000000
56274  -29.706  -30.837  22.667 0.0000000000
57330  -38.912  -30.498  25.776 0.0000000000
57328  -37.174  -30.387  25.919 0.0000000000
57313  -39.068  -30.178  26.513 0.0000000000
58446  -39.114  -29.342  28.475 0.0000000000
58464  -38.362  -29.549  27.843 0.0000000000
58445  -38.090  -28.956  28.753 0.0000000000
140146  -38.914  -28.877  29.364 0.0000000000
59563  -38.633  -28.613  30.112 0.0000000000
58411  -40.029  -28.823  30.171 0.0000000000
55152  -41.068  -31.029  29.655 0.0000000000
54079  -17.275  -33.457  30.311 0.0000000000
146290  -16.943  -33.845  30.302 0.0000000000
54078  -17.073  -33.988  30.947 0.0000000000
160196  -17.404  -33.847  33.200 0.0000000000
52995  -17.147  -34.211  34.313 0.0000000000
52988  -16.959  -34.055  35.249 0.0000000000
54026  -17.834  -32.646  37.131 0.0000000000
54025  -17.254  -33.146  37.385 0.0000000000
74350  -46.952  -14.100  4.897 0.0000000000
76646  -48.240  -12.718  5.671 0.0000000000
76631  -48.621  -12.781  6.542 0.0000000000
150670  -52.783  -4.470  -4.622 0.0000000000
88469  -59.796  -1.510  -8.967 0.0000000000
145922  -60.010  -0.527  -9.336 0.0000000000
89487  -59.874  -1.144  -9.871 0.0000000000
47497  -14.971  -39.038  37.028 0.0000000000
45502  -13.244  -39.782  40.124 0.0000000000
67392  -39.507  -21.198  28.368 0.0000000000
67413  -39.845  -20.414  27.045 0.0000000000
67421  -39.274  -20.676  26.325 0.0000000000
67452  -38.974  -20.908  23.444 0.0000000000
137860  -39.241  -20.762  24.178 0.0000000000
67462  -39.638  -20.745  22.756 0.0000000000
138119  -40.337  -20.631  22.063 0.0000000000
67471  -39.994  -20.771  21.309 0.0000000000
146413  -37.747  -21.776  19.966 0.0000000000
67486  -37.780  -21.768  20.853 0.0000000000
67504  -38.581  -21.431  19.352 0.0000000000
140193  -39.358  -21.140  18.790 0.0000000000
67517  -40.144  -21.162  18.215 0.0000000000
67506  -40.945  -20.958  19.307 0.0000000000
67533  -40.952  -21.231  17.626 0.0000000000
67547  -40.787  -21.225  16.731 0.0000000000
67558  -40.151  -21.301  14.644 0.0000000000
55098  -19.651  -32.358  32.654 0.0000000000
138759  -20.212  -32.455  32.003 0.0000000000
158958  -21.495  -32.542  31.511 0.0000000000
55121  -22.026  -32.415  31.988 0.0000000000
55083  -22.587  -31.936  33.119 0.0000000000
55122  -22.917  -32.348  31.810 0.0000000000
55165  -23.104  -32.481  28.803 0.0000000000
55151  -24.246  -32.225  29.872 0.0000000000
55137  -24.495  -31.981  30.848 0.0000000000
55103  -24.372  -31.930  31.832 0.0000000000
56145  -25.214  -31.595  31.499 0.0000000000
57241  -25.619  -30.998  32.200 0.0000000000
56157  -26.680  -30.558  29.809 0.0000000000
157451  -26.941  -30.188  30.422 0.0000000000
57251  -27.525  -29.847  30.630 0.0000000000
57243  -27.691  -29.504  31.425 0.0000000000
139559  -28.074  -29.802  30.026 0.0000000000
142584  -34.385  -29.388  19.835 0.0000000000
57427  -33.479  -29.600  19.617 0.0000000000
57412  -34.822  -29.782  20.553 0.0000000000
57397  -35.349  -30.093  21.210 0.0000000000
59711  -37.076  -27.849  18.880 0.0000000000
58594  -36.296  -28.108  18.672 0.0000000000
58574  -36.755  -28.460  19.257 0.0000000000
57383  -38.659  -29.599  22.509 0.0000000000
57398  -37.690  -29.685  21.277 0.0000000000
152441  -37.914  -30.105  22.140 0.0000000000
57362  -38.335  -30.322  22.952 0.0000000000
56262  -38.565  -30.549  23.710 0.0000000000
57345  -39.301  -30.244  24.047 0.0000000000
58495  -41.159  -28.529  25.321 0.0000000000
57333  -41.638  -28.996  25.847 0.0000000000
57316  -41.654  -29.375  26.585 0.0000000000
58467  -42.769  -28.270  27.162 0.0000000000
157492  -43.796  -27.786  27.619 0.0000000000
59588  -42.931  -27.231  27.533 0.0000000000
60739  -41.826  -26.196  27.990 0.0000000000
59587  -42.448  -26.598  27.615 0.0000000000
61827  -42.280  -26.067  27.969 0.0000000000
61836  -42.391  -25.741  27.291 0.0000000000
158319  -41.982  -25.621  27.858 0.0000000000
160609  -38.281  -25.450  24.295 0.0000000000
60765  -38.341  -25.636  24.909 0.0000000000
61844  -38.100  -25.154  25.784 0.0000000000
62961  -38.363  -24.156  27.874 0.0000000000
61824  -38.907  -24.814  27.917 0.0000000000
61819  -39.533  -24.569  28.244 0.0000000000
62963  -40.812  -24.804  28.142 0.0000000000
62962  -40.260  -24.373  28.088 0.0000000000
62968  -40.263  -23.912  27.498 0.0000000000
62957  -39.417  -23.979  28.375 0.0000000000
66329  -38.855  -21.647  28.273 0.0000000000
65296  -39.571  -22.565  28.412 0.0000000000
66330  -39.513  -21.853  28.505 0.0000000000
55145  -17.980  -32.846  29.142 0.0000000000
156956  -19.258  -32.547  31.033 0.0000000000
76468  -44.657  -12.416  18.345 0.0000000000
77700  -45.289  -12.405  17.822 0.0000000000
76495  -46.546  -12.775  16.685 0.0000000000
76479  -45.908  -12.588  17.247 0.0000000000
77702  -47.559  -11.958  17.530 0.0000000000
76496  -47.507  -12.550  16.770 0.0000000000
149817  -45.780  -13.928  14.559 0.0000000000
75417  -46.368  -14.278  13.957 0.0000000000
75402  -48.622  -13.766  14.667 0.0000000000
75401  -47.699  -13.827  14.713 0.0000000000
76518  -48.648  -12.876  15.834 0.0000000000
76519  -49.534  -12.788  15.709 0.0000000000
76520  -50.469  -12.675  15.526 0.0000000000
76533  -51.797  -12.911  14.723 0.0000000000
152768  -49.835  -10.678  2.037 0.0000000000
79121  -49.511  -10.921  2.697 0.0000000000
80198  -50.018  -10.390  3.049 0.0000000000
81212  -51.102  -9.128  3.901 0.0000000000
81202  -51.084  -9.181  4.906 0.0000000000
81195  -51.212  -9.226  5.780 0.0000000000
81203  -51.586  -8.708  5.377 0.0000000000
82216  -53.657  -7.419  2.812 0.0000000000
82215  -52.824  -7.893  3.412 0.0000000000
82202  -53.442  -7.600  4.087 0.0000000000
141341  -53.129  -7.806  5.979 0.0000000000
152682  -8.222  -45.436  39.137 0.0000000000
41203  -7.613  -45.143  38.941 0.0000000000
40244  -7.694  -45.669  38.974 0.0000000000
160753  -43.057  -16.396  3.581 0.0000000000
72068  -43.592  -16.465  4.066 0.0000000000
162216  -43.738  -15.992  3.304 0.0000000000
73230  -44.237  -15.429  2.762 0.0000000000
74371  -44.508  -14.740  2.409 0.0000000000
74361  -45.651  -14.904  3.223 0.0000000000
74372  -45.208  -14.472  2.574 0.0000000000
164747  -45.355  -12.927  1.859 0.0000000000
76680  -46.826  -12.862  2.453 0.0000000000
76691  -46.561  -12.362  1.781 0.0000000000
77912  -47.285  -11.311  0.792 0.0000000000
77913  -48.014  -11.312  0.553 0.0000000000
79127  -48.652  -11.334  0.924 0.0000000000
79147  -48.493  -10.908  0.177 0.0000000000
81255  -48.398  -8.745  -0.113 0.0000000000
80237  -48.779  -9.618  -0.425 0.0000000000
80238  -49.495  -9.716  -0.494 0.0000000000
80239  -50.274  -9.432  -0.523 0.0000000000
83233  -49.039  -6.573  0.206 0.0000000000
82260  -50.435  -7.567  -0.306 0.0000000000
82261  -51.473  -7.551  -0.476 0.0000000000
83234  -50.937  -6.712  0.010 0.0000000000
84290  -50.343  -4.702  -0.112 0.0000000000
84274  -51.268  -5.159  0.286 0.0000000000
85387  -51.791  -4.520  0.269 0.0000000000
84275  -52.728  -5.257  0.261 0.0000000000
85402  -51.588  -3.557  -0.295 0.0000000000
86463  -50.874  -3.385  -0.938 0.0000000000
86482  -50.538  -3.692  -2.128 0.0000000000
44498  -9.422  -42.012  36.095 0.0000000000
46494  -13.999  -39.782  38.006 0.0000000000
45516  -12.332  -41.599  38.391 0.0000000000
44494  -12.660  -41.608  36.714 0.0000000000
144675  -12.661  -42.346  39.303 0.0000000000
43386  -11.255  -43.329  39.239 0.0000000000
44471  -11.798  -42.538  38.943 0.0000000000
44480  -11.244  -42.770  38.841 0.0000000000
43404  -10.905  -42.882  38.069 0.0000000000
42301  -10.233  -43.982  39.498 0.0000000000
159506  -9.953  -44.416  39.791 0.0000000000
41205  -9.494  -44.498  39.241 0.0000000000
41197  -9.533  -44.939  39.573 0.0000000000
74126  -44.378  -13.986  23.047 0.0000000000
147892  -44.702  -13.038  22.557 0.0000000000
75293  -43.979  -13.699  21.503 0.0000000000
68561  -40.759  -19.900  25.738 0.0000000000
140456  -41.371  -19.703  26.213 0.0000000000
68562  -41.590  -19.654  25.402 0.0000000000
68586  -42.868  -19.398  23.338 0.0000000000
68576  -42.669  -19.366  24.192 0.0000000000
151781  -43.249  -18.650  23.794 0.0000000000
153506  -43.329  -18.643  22.879 0.0000000000
69707  -42.563  -18.876  18.890 0.0000000000
69695  -42.788  -18.830  19.875 0.0000000000
70800  -42.658  -18.106  19.257 0.0000000000
71875  -42.899  -16.767  19.917 0.0000000000
158150  -42.943  -17.391  20.536 0.0000000000
71861  -43.038  -16.698  20.857 0.0000000000
71854  -43.319  -16.587  21.870 0.0000000000
73004  -43.249  -15.983  21.105 0.0000000000
74150  -43.230  -14.465  19.291 0.0000000000
74144  -43.454  -14.505  20.204 0.0000000000
75323  -43.605  -13.748  19.642 0.0000000000
76455  -43.813  -13.041  19.100 0.0000000000
139784  -43.103  -14.224  16.054 0.0000000000
75382  -43.277  -13.985  15.599 0.0000000000
73068  -42.625  -15.665  13.964 0.0000000000
141547  -42.785  -15.356  14.854 0.0000000000
74205  -41.880  -15.049  13.259 0.0000000000
75427  -40.554  -13.871  12.311 0.0000000000
75428  -41.261  -13.827  12.691 0.0000000000
75413  -42.694  -14.372  13.682 0.0000000000
74232  -42.605  -14.283  12.633 0.0000000000
74257  -41.450  -14.172  11.576 0.0000000000
141800  -40.446  -15.965  9.684 0.0000000000
74287  -40.822  -15.285  10.298 0.0000000000
71983  -40.925  -16.806  9.199 0.0000000000
147639  -38.251  -17.359  9.843 0.0000000000
73137  -37.454  -15.288  9.261 0.0000000000
74268  -38.058  -14.864  9.803 0.0000000000
74310  -37.621  -14.915  8.293 0.0000000000
73153  -38.392  -15.308  8.508 0.0000000000
73166  -38.144  -15.701  7.735 0.0000000000
55060  -20.952  -31.805  35.399 0.0000000000
161500  -21.352  -31.872  34.803 0.0000000000
56090  -22.673  -30.860  36.481 0.0000000000
58324  -25.901  -29.393  35.252 0.0000000000
57200  -24.832  -29.851  36.248 0.0000000000
58309  -25.299  -29.820  36.686 0.0000000000
159156  -27.625  -30.563  25.580 0.0000000000
145927  -26.962  -30.151  25.172 0.0000000000
57323  -27.112  -30.146  26.017 0.0000000000
57307  -27.257  -30.262  26.821 0.0000000000
57290  -26.709  -30.354  27.350 0.0000000000
57291  -27.447  -30.313  27.595 0.0000000000
57277  -28.490  -30.268  28.594 0.0000000000
57278  -29.465  -30.342  28.928 0.0000000000
57265  -29.455  -29.891  29.823 0.0000000000
152489  -30.061  -30.121  29.542 0.0000000000
56293  -32.494  -30.727  21.428 0.0000000000
56257  -32.965  -30.846  23.830 0.0000000000
139964  -31.868  -30.829  22.835 0.0000000000
56256  -32.148  -30.861  23.691 0.0000000000
56234  -31.582  -30.934  24.344 0.0000000000
56235  -32.415  -30.862  24.519 0.0000000000
56216  -35.238  -30.503  25.029 0.0000000000
57326  -34.896  -30.022  25.827 0.0000000000
159009  -33.684  -29.871  27.505 0.0000000000
57309  -33.509  -30.173  26.560 0.0000000000
56186  -32.873  -30.384  27.134 0.0000000000
140019  -32.087  -30.827  25.943 0.0000000000
57295  -32.288  -30.578  27.740 0.0000000000
56185  -31.497  -30.809  27.640 0.0000000000
58422  -32.832  -29.374  30.003 0.0000000000
57268  -32.296  -29.915  29.451 0.0000000000
58421  -32.007  -29.624  30.210 0.0000000000
58406  -31.635  -29.213  30.849 0.0000000000
58391  -32.102  -28.814  31.405 0.0000000000
59534  -31.815  -28.352  31.987 0.0000000000
59535  -32.688  -28.341  31.787 0.0000000000
60683  -35.281  -27.996  32.061 0.0000000000
60671  -34.458  -27.896  33.082 0.0000000000
59500  -35.251  -28.352  33.103 0.0000000000
57245  -39.027  -29.081  31.210 0.0000000000
58373  -37.018  -29.231  31.007 0.0000000000
56149  -38.481  -29.785  31.239 0.0000000000
160145  -45.055  -28.641  26.233 0.0000000000
48568  -13.994  -38.474  32.761 0.0000000000
53023  -16.458  -34.362  30.225 0.0000000000
51863  -16.153  -34.919  30.641 0.0000000000
50676  -15.189  -36.364  30.611 0.0000000000
50689  -14.583  -35.957  29.983 0.0000000000
49620  -14.788  -36.851  31.154 0.0000000000
49593  -15.663  -37.441  33.317 0.0000000000
48557  -15.616  -37.990  34.220 0.0000000000
49575  -15.730  -37.163  35.481 0.0000000000
52973  -16.299  -34.498  36.806 0.0000000000
78913  -47.466  -10.351  19.706 0.0000000000
143805  -43.918  -16.937  7.314 0.0000000000
72005  -45.805  -16.713  8.419 0.0000000000
71972  -46.902  -16.605  9.988 0.0000000000
71989  -47.033  -16.493  9.272 0.0000000000
74326  -47.194  -14.508  6.494 0.0000000000
73185  -46.694  -15.136  6.637 0.0000000000
73186  -47.289  -14.960  7.286 0.0000000000
73156  -48.232  -15.478  8.612 0.0000000000
73142  -49.142  -15.595  9.714 0.0000000000
73128  -48.458  -16.030  10.279 0.0000000000
73129  -49.358  -15.721  10.568 0.0000000000
73095  -50.043  -15.412  12.222 0.0000000000
73113  -50.257  -15.356  11.536 0.0000000000
75450  -51.863  -13.492  11.667 0.0000000000
79102  -49.813  -10.752  4.400 0.0000000000
77864  -49.405  -11.151  4.691 0.0000000000
79093  -49.966  -10.750  5.256 0.0000000000
79078  -50.434  -11.046  6.769 0.0000000000
142666  -49.997  -11.180  6.319 0.0000000000
77826  -50.387  -11.469  7.313 0.0000000000
77809  -49.806  -12.069  7.299 0.0000000000
160117  -50.291  -11.942  7.773 0.0000000000
87471  -52.512  -2.247  -0.862 0.0000000000
87472  -53.309  -2.149  -0.369 0.0000000000
88428  -53.457  -1.434  -2.052 0.0000000000
88421  -53.379  -1.429  -1.577 0.0000000000
89441  -53.885  -1.031  -1.838 0.0000000000
89424  -54.723  -0.512  -1.049 0.0000000000
162114  -54.337  -0.882  -1.969 0.0000000000
86494  -54.367  -3.526  -3.292 0.0000000000
89450  -56.051  -1.600  -2.921 0.0000000000
88438  -55.120  -1.686  -2.835 0.0000000000
140950  -55.867  -0.110  -1.946 0.0000000000
89443  -56.514  0.090  -2.029 0.0000000000
90492  -56.783  0.651  -1.256 0.0000000000
90500  -57.110  0.448  -1.885 0.0000000000
90507  -58.708  0.431  -2.582 0.0000000000
91558  -59.216  1.346  -2.663 0.0000000000
91552  -59.820  2.350  -2.547 0.0000000000
91559  -59.747  1.756  -3.494 0.0000000000
88454  -59.775  -1.940  -6.313 0.0000000000
87520  -59.360  -2.633  -5.852 0.0000000000
87519  -58.850  -3.124  -5.219 0.0000000000
87514  -59.288  -2.483  -5.084 0.0000000000
88450  -59.319  -1.754  -4.538 0.0000000000
151758  -59.643  -1.021  -5.175 0.0000000000
91572  -60.324  1.902  -5.598 0.0000000000
159155  -60.897  2.983  -4.098 0.0000000000
92535  -60.887  2.969  -4.706 0.0000000000
91585  -60.866  2.218  -9.072 0.0000000000
92559  -61.415  2.569  -8.614 0.0000000000
92568  -61.643  2.501  -9.314 0.0000000000
65385  -36.834  -22.450  19.453 0.0000000000
65384  -36.447  -22.366  18.805 0.0000000000
65395  -36.026  -22.582  18.152 0.0000000000
66426  -34.934  -21.977  17.324 0.0000000000
61955  -36.136  -25.629  17.061 0.0000000000
63085  -35.909  -24.449  17.221 0.0000000000
63074  -36.782  -24.454  18.409 0.0000000000
63043  -37.889  -24.449  20.478 0.0000000000
63059  -37.121  -24.102  19.112 0.0000000000
64245  -36.869  -23.178  19.232 0.0000000000
162111  -42.134  -16.327  10.317 0.0000000000
73124  -43.451  -16.068  10.965 0.0000000000
71968  -42.918  -16.539  10.283 0.0000000000
71969  -43.825  -16.685  10.243 0.0000000000
71986  -44.354  -16.961  9.583 0.0000000000
84293  -54.369  -5.923  -0.187 0.0000000000
84277  -54.816  -5.921  0.116 0.0000000000
84265  -55.582  -5.495  1.305 0.0000000000
85368  -56.457  -4.171  2.008 0.0000000000
86429  -56.863  -3.293  1.908 0.0000000000
87441  -57.228  -2.527  1.806 0.0000000000
148292  -56.855  -2.962  1.097 0.0000000000
87461  -56.501  -2.990  0.425 0.0000000000
47530  -12.301  -38.874  33.281 0.0000000000
46531  -13.551  -40.048  34.348 0.0000000000
68674  -41.001  -19.502  14.389 0.0000000000
68675  -41.394  -19.155  15.146 0.0000000000
140444  -41.188  -18.368  13.512 0.0000000000
70859  -41.510  -17.544  13.118 0.0000000000
70867  -40.514  -17.603  11.838 0.0000000000
160160  -40.119  -17.136  11.298 0.0000000000
58370  -27.554  -28.853  32.905 0.0000000000
162651  -27.123  -28.831  33.600 0.0000000000
58355  -28.217  -28.307  33.040 0.0000000000
59506  -28.540  -27.889  33.891 0.0000000000
59496  -29.308  -27.750  34.568 0.0000000000
59487  -30.075  -27.802  35.044 0.0000000000
60666  -30.113  -27.730  34.282 0.0000000000
60667  -30.995  -27.777  34.094 0.0000000000
60668  -31.813  -27.746  34.022 0.0000000000
57301  -40.474  -29.794  27.161 0.0000000000
57300  -39.354  -29.811  27.407 0.0000000000
58447  -40.786  -29.308  28.803 0.0000000000
58430  -41.202  -29.348  29.176 0.0000000000
57256  -41.046  -29.352  29.652 0.0000000000
57270  -41.782  -29.635  29.110 0.0000000000
55168  -42.414  -30.535  28.415 0.0000000000
54046  -17.641  -33.297  33.076 0.0000000000
145525  -17.434  -33.347  33.886 0.0000000000
54034  -17.209  -33.288  35.645 0.0000000000
54035  -17.856  -32.664  35.719 0.0000000000
75559  -47.024  -13.376  3.342 0.0000000000
75543  -47.345  -13.486  4.375 0.0000000000
76672  -47.679  -12.839  3.840 0.0000000000
76661  -48.356  -12.306  4.946 0.0000000000
66349  -38.475  -21.203  26.416 0.0000000000
142805  -38.905  -20.876  25.573 0.0000000000
66356  -38.404  -21.293  25.341 0.0000000000
67436  -38.463  -21.102  24.098 0.0000000000
67461  -38.715  -20.994  22.680 0.0000000000
67515  -37.833  -21.563  18.137 0.0000000000
67516  -38.615  -21.399  18.498 0.0000000000
67530  -37.965  -21.397  17.253 0.0000000000
67545  -38.960  -21.298  16.808 0.0000000000
67546  -39.967  -21.392  16.361 0.0000000000
66461  -39.289  -21.524  15.007 0.0000000000
55134  -19.700  -32.575  30.451 0.0000000000
138758  -20.529  -32.598  30.632 0.0000000000
138757  -21.316  -32.613  30.834 0.0000000000
140037  -21.819  -32.612  30.211 0.0000000000
151340  -23.698  -32.268  28.220 0.0000000000
140794  -24.726  -31.894  29.137 0.0000000000
56155  -25.151  -31.752  30.066 0.0000000000
145659  -25.646  -31.344  30.738 0.0000000000
56156  -25.903  -31.049  29.925 0.0000000000
144154  -26.241  -30.809  29.078 0.0000000000
57262  -27.052  -30.310  28.926 0.0000000000
59675  -38.086  -27.982  20.708 0.0000000000
58563  -37.733  -28.548  20.156 0.0000000000
59662  -38.317  -28.139  21.508 0.0000000000
58521  -38.816  -28.583  22.352 0.0000000000
58522  -39.197  -29.046  22.891 0.0000000000
57364  -39.663  -29.429  23.556 0.0000000000
58510  -40.157  -28.738  24.052 0.0000000000
59636  -40.632  -28.161  24.712 0.0000000000
59619  -41.134  -27.554  25.619 0.0000000000
59604  -42.427  -27.319  27.199 0.0000000000
59602  -40.695  -26.655  26.279 0.0000000000
140910  -38.123  -23.968  24.105 0.0000000000
62972  -37.989  -24.524  25.714 0.0000000000
64177  -38.055  -23.702  25.516 0.0000000000
140281  -37.979  -23.940  26.330 0.0000000000
64162  -38.002  -23.491  27.741 0.0000000000
64158  -39.009  -23.361  28.579 0.0000000000
145444  -37.968  -22.562  27.460 0.0000000000
162628  -38.025  -21.958  27.592 0.0000000000
55146  -18.865  -32.696  28.928 0.0000000000
55147  -19.325  -32.627  29.708 0.0000000000
76477  -44.103  -13.102  16.987 0.0000000000
141746  -45.026  -12.849  17.119 0.0000000000
76493  -44.700  -13.215  16.400 0.0000000000
76515  -45.408  -13.343  15.829 0.0000000000
76516  -46.314  -13.113  15.957 0.0000000000
74235  -46.553  -15.108  12.625 0.0000000000
75419  -48.257  -14.221  14.069 0.0000000000
75420  -49.135  -14.178  14.083 0.0000000000
75403  -49.521  -13.748  14.605 0.0000000000
74207  -49.997  -14.277  14.103 0.0000000000
74208  -50.765  -14.239  13.982 0.0000000000
74221  -50.377  -14.676  13.527 0.0000000000
80204  -50.764  -9.891  1.280 0.0000000000
80199  -50.501  -9.956  2.282 0.0000000000
80200  -51.186  -9.415  1.828 0.0000000000
81225  -51.520  -8.846  3.189 0.0000000000
147056  -51.717  -8.662  3.710 0.0000000000
83195  -54.918  -6.790  4.755 0.0000000000
83183  -54.279  -7.194  5.167 0.0000000000
83184  -54.677  -7.014  5.768 0.0000000000
92505  -59.186  1.954  -0.571 0.0000000000
80221  -46.563  -9.623  0.453 0.0000000000
80222  -47.368  -10.047  0.159 0.0000000000
148809  -47.186  -9.290  0.269 0.0000000000
81254  -47.489  -8.658  0.203 0.0000000000
83251  -48.916  -5.669  -0.139 0.0000000000
84272  -49.707  -5.240  -0.036 0.0000000000
85400  -50.252  -3.968  -0.820 0.0000000000
43416  -9.710  -42.564  36.589 0.0000000000
46489  -12.874  -39.801  39.678 0.0000000000
45512  -12.831  -40.793  39.371 0.0000000000
44472  -12.539  -41.465  39.067 0.0000000000
42295  -12.074  -43.271  39.408 0.0000000000
148144  -11.002  -43.987  39.580 0.0000000000
43385  -10.824  -43.716  39.362 0.0000000000
40239  -10.340  -45.423  39.980 0.0000000000
39340  -11.293  -46.550  40.089 0.0000000000
68584  -41.195  -20.015  23.964 0.0000000000
68591  -41.468  -20.126  23.074 0.0000000000
159266  -42.376  -19.845  22.985 0.0000000000
154659  -43.038  -19.275  21.576 0.0000000000
163639  -42.778  -16.523  19.135 0.0000000000
153673  -42.879  -15.911  19.481 0.0000000000
74149  -42.900  -15.178  18.961 0.0000000000
74158  -42.993  -14.419  18.363 0.0000000000
75338  -43.246  -13.783  17.784 0.0000000000
74174  -42.908  -14.526  17.339 0.0000000000
74190  -42.912  -14.572  16.363 0.0000000000
74200  -42.900  -14.650  15.691 0.0000000000
73090  -40.437  -14.879  12.488 0.0000000000
74213  -40.935  -14.453  12.973 0.0000000000
74231  -40.291  -14.030  12.409 0.0000000000
165126  -40.154  -13.817  12.045 0.0000000000
75460  -40.629  -13.921  11.264 0.0000000000
74271  -40.328  -14.397  10.685 0.0000000000
74286  -40.080  -14.866  10.019 0.0000000000
55062  -22.087  -31.823  34.482 0.0000000000
55061  -21.759  -31.636  35.303 0.0000000000
56099  -22.562  -31.430  35.158 0.0000000000
165411  -22.952  -30.966  35.760 0.0000000000
165876  -23.330  -30.642  36.308 0.0000000000
58298  -26.775  -29.720  36.065 0.0000000000
58288  -25.746  -29.941  36.535 0.0000000000
57344  -27.626  -30.685  23.919 0.0000000000
56231  -28.226  -30.832  24.439 0.0000000000
164400  -28.133  -30.733  25.854 0.0000000000
56182  -28.453  -30.644  27.051 0.0000000000
154825  -29.143  -30.812  26.947 0.0000000000
56173  -30.086  -30.724  28.180 0.0000000000
56311  -33.406  -30.604  21.256 0.0000000000
156955  -33.184  -30.795  22.122 0.0000000000
163819  -33.826  -30.802  22.354 0.0000000000
56278  -33.578  -30.838  23.051 0.0000000000
146520  -33.766  -30.816  24.005 0.0000000000
57296  -36.028  -29.434  27.307 0.0000000000
151250  -35.167  -29.389  27.369 0.0000000000
147855  -34.482  -29.495  27.578 0.0000000000
145373  -33.405  -29.788  28.419 0.0000000000
58440  -33.897  -29.212  28.984 0.0000000000
58423  -33.629  -29.040  29.755 0.0000000000
58408  -33.393  -28.842  30.524 0.0000000000
59536  -33.575  -28.096  31.689 0.0000000000
59549  -34.762  -28.135  30.821 0.0000000000
59538  -35.149  -27.981  31.212 0.0000000000
59526  -35.732  -28.350  31.765 0.0000000000
51853  -16.427  -34.714  31.685 0.0000000000
147573  -16.003  -35.672  32.085 0.0000000000
50647  -16.065  -36.463  33.686 0.0000000000
52968  -16.773  -33.744  38.087 0.0000000000
52955  -16.339  -34.323  38.777 0.0000000000
140574  -44.165  -16.565  5.573 0.0000000000
72046  -44.478  -16.629  6.520 0.0000000000
72047  -45.247  -16.296  6.684 0.0000000000
73168  -46.305  -16.127  7.757 0.0000000000
74312  -48.275  -14.158  7.561 0.0000000000
74300  -48.450  -14.739  8.147 0.0000000000
74289  -49.603  -14.857  9.278 0.0000000000
74261  -50.710  -14.896  11.139 0.0000000000
74275  -50.572  -14.720  10.387 0.0000000000
74276  -51.074  -14.254  10.729 0.0000000000
75462  -51.596  -13.412  10.701 0.0000000000
80170  -50.556  -10.256  5.601 0.0000000000
80165  -51.010  -10.310  6.194 0.0000000000
79087  -51.056  -10.546  6.670 0.0000000000
79079  -51.084  -10.936  7.184 0.0000000000
87485  -51.697  -2.625  -2.098 0.0000000000
87492  -52.467  -2.259  -2.399 0.0000000000
87493  -53.296  -1.863  -2.513 0.0000000000
162768  -56.427  -2.245  -3.011 0.0000000000
89444  -57.336  -0.167  -2.235 0.0000000000
89451  -57.678  -1.089  -2.725 0.0000000000
146211  -58.469  -1.190  -3.167 0.0000000000
89453  -58.866  -0.329  -3.201 0.0000000000
87540  -59.443  -2.260  -7.706 0.0000000000
156566  -59.809  -1.262  -5.902 0.0000000000
89473  -59.848  -0.154  -5.875 0.0000000000
90529  -60.044  1.176  -6.233 0.0000000000
92549  -61.547  2.900  -6.260 0.0000000000
91594  -61.709  2.336  -10.217 0.0000000000
91595  -62.068  2.292  -9.689 0.0000000000
151391  -62.414  1.806  -10.002 0.0000000000
65354  -37.920  -22.444  23.382 0.0000000000
66376  -38.038  -21.792  23.134 0.0000000000
66382  -37.679  -22.195  22.153 0.0000000000
66397  -37.112  -21.991  20.601 0.0000000000
66418  -36.451  -22.214  18.815 0.0000000000
66419  -36.925  -21.867  18.618 0.0000000000
66429  -37.028  -21.637  17.728 0.0000000000
66445  -37.139  -21.477  16.856 0.0000000000
55176  -21.114  -32.568  27.887 0.0000000000
141193  -22.528  -32.333  27.076 0.0000000000
55195  -24.149  -31.693  26.816 0.0000000000
56194  -24.686  -31.045  26.341 0.0000000000
59753  -35.495  -27.419  17.324 0.0000000000
59733  -36.686  -27.448  18.257 0.0000000000
59734  -37.372  -27.095  18.668 0.0000000000
61956  -36.653  -25.790  17.632 0.0000000000
60878  -36.891  -26.503  18.039 0.0000000000
59695  -37.882  -27.638  19.879 0.0000000000
60844  -38.045  -27.096  20.556 0.0000000000
142803  -38.226  -27.244  21.438 0.0000000000
60794  -38.530  -26.594  22.977 0.0000000000
60781  -38.742  -26.225  24.208 0.0000000000
142044  -38.377  -26.062  22.752 0.0000000000
61864  -38.403  -25.803  23.472 0.0000000000
62991  -38.256  -24.756  23.574 0.0000000000
63024  -38.031  -24.168  21.257 0.0000000000
63004  -38.209  -24.295  22.633 0.0000000000
64197  -38.089  -23.535  23.230 0.0000000000
75431  -43.970  -14.722  13.399 0.0000000000
75415  -44.412  -14.346  13.898 0.0000000000
74215  -44.961  -14.772  13.336 0.0000000000
73091  -45.533  -15.194  12.560 0.0000000000
73107  -44.292  -15.908  11.441 0.0000000000
156893  -46.238  -15.489  12.079 0.0000000000
73092  -47.001  -15.611  12.001 0.0000000000
73093  -47.862  -15.803  11.869 0.0000000000
82227  -53.011  -7.989  1.120 0.0000000000
82228  -53.606  -7.535  1.544 0.0000000000
83208  -54.417  -6.812  2.811 0.0000000000
83218  -54.778  -6.398  1.865 0.0000000000
145721  -54.714  -6.746  3.755 0.0000000000
162773  -55.472  -6.470  4.772 0.0000000000
89406  -57.455  -0.307  0.536 0.0000000000
46529  -11.295  -39.906  34.252 0.0000000000
68629  -42.090  -20.288  18.631 0.0000000000
68624  -42.496  -19.829  19.337 0.0000000000
69719  -42.359  -18.913  18.007 0.0000000000
69745  -41.934  -18.709  16.597 0.0000000000
70814  -42.252  -18.091  17.312 0.0000000000
70829  -42.444  -17.328  16.885 0.0000000000
71908  -42.700  -16.910  16.125 0.0000000000
73056  -42.888  -15.879  15.644 0.0000000000
73067  -42.087  -15.960  13.368 0.0000000000
71948  -41.081  -15.952  12.194 0.0000000000
74255  -38.975  -14.774  10.863 0.0000000000
162694  -25.054  -30.741  33.679 0.0000000000
56111  -24.609  -30.793  34.246 0.0000000000
57225  -25.251  -30.242  34.188 0.0000000000
138159  -25.570  -29.739  34.794 0.0000000000
141379  -26.662  -28.891  35.121 0.0000000000
58339  -27.116  -28.590  34.498 0.0000000000
59493  -27.147  -28.611  35.155 0.0000000000
59483  -27.426  -28.727  35.504 0.0000000000
59471  -28.008  -28.828  35.625 0.0000000000
57205  -30.217  -28.420  35.456 0.0000000000
57361  -27.822  -30.747  23.080 0.0000000000
56252  -28.491  -30.863  23.729 0.0000000000
154751  -36.989  -30.793  24.493 0.0000000000
56217  -36.137  -30.669  24.802 0.0000000000
164152  -36.751  -30.614  25.225 0.0000000000
141538  -36.462  -29.892  26.608 0.0000000000
57299  -38.514  -29.892  27.082 0.0000000000
57298  -37.751  -29.768  27.246 0.0000000000
57297  -36.901  -29.597  27.327 0.0000000000
58462  -36.546  -29.048  27.942 0.0000000000
58444  -37.078  -28.829  28.692 0.0000000000
59574  -36.668  -28.525  29.400 0.0000000000
59561  -36.929  -28.249  29.988 0.0000000000
59562  -37.808  -28.216  29.774 0.0000000000
58393  -38.687  -28.701  30.920 0.0000000000
57246  -39.862  -29.144  30.978 0.0000000000
56159  -40.682  -30.082  30.093 0.0000000000
152132  -39.866  -30.651  30.616 0.0000000000
54089  -16.714  -33.961  29.838 0.0000000000
54077  -16.845  -34.078  30.687 0.0000000000
54051  -17.175  -34.157  32.057 0.0000000000
161679  -16.952  -34.251  31.701 0.0000000000
51831  -16.599  -35.098  34.616 0.0000000000
51821  -16.444  -35.200  35.553 0.0000000000
52987  -16.779  -34.595  34.952 0.0000000000
52974  -16.674  -33.811  37.102 0.0000000000
54030  -17.036  -33.373  36.552 0.0000000000
74335  -46.068  -15.262  4.918 0.0000000000
73201  -46.207  -15.343  5.883 0.0000000000
74336  -46.615  -14.758  5.305 0.0000000000
75509  -47.507  -13.940  6.229 0.0000000000
75523  -47.565  -13.538  5.442 0.0000000000
75496  -48.505  -13.464  7.195 0.0000000000
75497  -49.124  -13.253  7.716 0.0000000000
76607  -49.796  -12.652  7.939 0.0000000000
85449  -53.575  -4.440  -4.285 0.0000000000
85450  -54.287  -4.451  -4.372 0.0000000000
87547  -59.463  -2.071  -8.409 0.0000000000
89480  -60.004  0.536  -8.840 0.0000000000
90546  -60.337  1.601  -9.589 0.0000000000
89488  -59.996  -0.187  -10.191 0.0000000000
142582  -61.032  1.906  -10.406 0.0000000000
47498  -15.148  -39.223  36.045 0.0000000000
46508  -14.660  -39.926  35.542 0.0000000000
162605  -14.439  -39.566  37.329 0.0000000000
46480  -12.928  -39.342  39.924 0.0000000000
68544  -39.995  -20.185  26.107 0.0000000000
68560  -40.136  -20.225  25.233 0.0000000000
67438  -39.456  -20.637  24.941 0.0000000000
68583  -40.214  -20.346  24.296 0.0000000000
67454  -40.548  -20.465  22.846 0.0000000000
67490  -41.448  -20.724  20.370 0.0000000000
67460  -38.185  -21.604  22.529 0.0000000000
67470  -38.538  -21.164  21.912 0.0000000000
139851  -39.130  -20.943  21.388 0.0000000000
67505  -39.368  -21.052  19.626 0.0000000000
67488  -39.447  -20.939  20.583 0.0000000000
67489  -40.543  -20.816  20.557 0.0000000000
160819  -40.961  -20.890  19.947 0.0000000000
67507  -41.562  -20.777  19.631 0.0000000000
67534  -41.620  -20.806  18.059 0.0000000000
67548  -41.466  -20.658  17.065 0.0000000000
138426  -40.629  -21.206  15.988 0.0000000000
67559  -40.795  -20.864  15.297 0.0000000000
68661  -41.018  -20.053  14.969 0.0000000000
68684  -40.701  -19.733  13.708 0.0000000000
68683  -40.295  -19.788  13.018 0.0000000000
55070  -19.636  -32.136  34.372 0.0000000000
55081  -20.530  -32.093  33.965 0.0000000000
55082  -21.021  -32.135  33.251 0.0000000000
55100  -21.123  -32.411  32.234 0.0000000000
138006  -21.911  -31.993  33.601 0.0000000000
56122  -22.631  -31.868  33.849 0.0000000000
55084  -23.443  -31.770  33.511 0.0000000000
55102  -24.061  -31.836  32.672 0.0000000000
55135  -22.730  -32.555  30.312 0.0000000000
55150  -23.342  -32.484  29.651 0.0000000000
55136  -23.607  -32.390  30.511 0.0000000000
160281  -23.041  -32.473  31.023 0.0000000000
55123  -23.657  -32.069  32.052 0.0000000000
56136  -25.280  -30.916  33.014 0.0000000000
57234  -25.945  -30.394  32.784 0.0000000000
157306  -26.499  -29.896  32.670 0.0000000000
166006  -26.416  -30.541  31.342 0.0000000000
57235  -27.104  -29.565  32.203 0.0000000000
58387  -28.447  -29.012  31.523 0.0000000000
58403  -29.018  -29.247  30.954 0.0000000000
140708  -32.884  -29.936  20.016 0.0000000000
57396  -34.366  -30.320  21.190 0.0000000000
165942  -35.292  -30.742  22.317 0.0000000000
56280  -36.081  -30.765  22.519 0.0000000000
58573  -35.871  -28.629  19.215 0.0000000000
57413  -36.503  -29.343  20.251 0.0000000000
57414  -37.401  -29.306  20.504 0.0000000000
140766  -36.569  -29.924  21.129 0.0000000000
56295  -36.577  -30.450  21.854 0.0000000000
56281  -37.069  -30.596  22.306 0.0000000000
144469  -36.720  -30.832  23.123 0.0000000000
56239  -37.848  -30.785  24.153 0.0000000000
56240  -38.593  -30.669  24.646 0.0000000000
57346  -40.008  -29.686  24.333 0.0000000000
164572  -40.364  -29.764  24.918 0.0000000000
57331  -40.286  -29.978  25.574 0.0000000000
57302  -41.271  -29.619  26.981 0.0000000000
58449  -42.825  -29.110  27.352 0.0000000000
58450  -43.710  -28.631  27.414 0.0000000000
57286  -44.220  -29.072  27.237 0.0000000000
58451  -44.296  -28.251  27.326 0.0000000000
160638  -44.720  -28.071  27.115 0.0000000000
60753  -44.122  -26.965  27.279 0.0000000000
60740  -42.848  -26.604  27.617 0.0000000000
144498  -43.338  -26.691  27.411 0.0000000000
60752  -43.575  -26.559  26.884 0.0000000000
60768  -43.499  -26.641  25.956 0.0000000000
61857  -42.789  -26.132  25.393 0.0000000000
61856  -41.914  -25.570  24.841 0.0000000000
60766  -38.762  -26.055  25.247 0.0000000000
60750  -39.981  -26.049  27.018 0.0000000000
61833  -38.553  -25.128  26.687 0.0000000000
61834  -39.451  -25.361  27.310 0.0000000000
60737  -40.265  -25.524  27.927 0.0000000000
61835  -41.518  -25.202  27.368 0.0000000000
159215  -40.846  -24.409  25.046 0.0000000000
64159  -39.726  -23.408  28.246 0.0000000000
65316  -40.561  -22.552  27.714 0.0000000000
55117  -17.923  -32.977  30.832 0.0000000000
55097  -18.802  -32.447  32.602 0.0000000000
77675  -45.340  -11.410  19.563 0.0000000000
77701  -46.116  -11.998  17.853 0.0000000000
160656  -47.501  -11.395  18.310 0.0000000000
142930  -48.217  -11.577  17.820 0.0000000000
75384  -46.108  -13.592  15.284 0.0000000000
75385  -47.128  -13.424  15.468 0.0000000000
76517  -47.789  -12.916  15.970 0.0000000000
146900  -48.303  -12.590  16.437 0.0000000000
76497  -49.089  -12.412  16.395 0.0000000000
76532  -50.912  -13.170  14.898 0.0000000000
79112  -48.927  -11.422  2.910 0.0000000000
79113  -49.630  -10.849  3.541 0.0000000000
80192  -50.558  -9.777  3.481 0.0000000000
80171  -50.830  -9.775  5.281 0.0000000000
154493  -51.402  -9.215  6.602 0.0000000000
156721  -51.650  -9.270  7.147 0.0000000000
81213  -52.183  -8.279  3.952 0.0000000000
82189  -53.659  -7.558  5.078 0.0000000000
147350  -52.843  -7.860  5.035 0.0000000000
82188  -52.166  -8.260  4.847 0.0000000000
42307  -7.569  -43.889  38.180 0.0000000000
145487  -42.277  -17.319  7.965 0.0000000000
158300  -42.041  -17.314  6.460 0.0000000000
72044  -42.674  -17.139  6.303 0.0000000000
157759  -43.327  -16.855  5.706 0.0000000000
158623  -44.754  -15.966  4.150 0.0000000000
144387  -44.558  -15.795  3.400 0.0000000000
73220  -45.246  -15.543  3.647 0.0000000000
74348  -45.889  -15.121  4.068 0.0000000000
74362  -46.274  -14.535  3.629 0.0000000000
157974  -46.493  -13.965  3.300 0.0000000000
75567  -45.467  -13.621  2.236 0.0000000000
75568  -46.323  -13.553  2.660 0.0000000000
77892  -46.990  -11.829  1.351 0.0000000000
77882  -48.369  -11.735  1.882 0.0000000000
79128  -49.471  -10.916  1.060 0.0000000000
79160  -48.226  -10.276  -0.184 0.0000000000
79161  -49.134  -10.407  -0.271 0.0000000000
79149  -49.743  -10.524  0.301 0.0000000000
80224  -50.498  -9.953  0.306 0.0000000000
80225  -51.110  -9.335  -0.146 0.0000000000
81239  -51.761  -8.922  0.244 0.0000000000
82241  -47.892  -7.823  0.234 0.0000000000
81256  -48.883  -7.979  0.016 0.0000000000
82242  -48.575  -7.165  0.198 0.0000000000
81273  -50.311  -8.535  -0.567 0.0000000000
81274  -51.102  -8.258  -0.586 0.0000000000
81258  -52.251  -8.370  -0.214 0.0000000000
82262  -52.416  -7.605  -0.463 0.0000000000
82263  -53.146  -7.235  -0.368 0.0000000000
83253  -52.821  -6.811  -0.470 0.0000000000
141449  -51.380  -6.097  0.232 0.0000000000
83235  -52.197  -5.985  0.120 0.0000000000
84291  -53.123  -6.151  -0.266 0.0000000000
84292  -53.743  -5.764  -0.261 0.0000000000
84276  -53.518  -4.759  0.209 0.0000000000
86453  -53.240  -3.648  0.274 0.0000000000
86465  -52.287  -3.074  -0.208 0.0000000000
86476  -50.968  -3.053  -1.705 0.0000000000
139419  -51.341  -4.351  -3.724 0.0000000000
147471  -51.746  -4.458  -4.504 0.0000000000
161127  -14.148  -40.551  35.951 0.0000000000
45522  -13.381  -41.122  36.236 0.0000000000
46498  -13.336  -40.505  37.959 0.0000000000
142449  -13.261  -41.035  37.115 0.0000000000
165385  -12.771  -41.483  36.050 0.0000000000
44500  -11.643  -42.042  36.572 0.0000000000
43387  -11.843  -42.861  39.177 0.0000000000
44488  -11.698  -42.259  38.422 0.0000000000
43411  -10.352  -42.824  37.177 0.0000000000
157456  -10.644  -43.617  39.244 0.0000000000
43403  -10.085  -43.273  37.866 0.0000000000
41204  -8.578  -45.005  39.151 0.0000000000
39337  -9.194  -46.006  39.289 0.0000000000
40238  -9.707  -45.404  39.596 0.0000000000
76393  -45.175  -12.800  23.304 0.0000000000
68546  -41.635  -19.648  27.079 0.0000000000
68575  -41.837  -19.714  24.510 0.0000000000
69676  -42.974  -19.120  20.805 0.0000000000
153481  -43.120  -18.564  21.266 0.0000000000
70784  -42.802  -17.747  19.907 0.0000000000
70764  -43.348  -17.648  22.373 0.0000000000
71849  -43.473  -16.840  22.904 0.0000000000
72995  -43.832  -15.154  22.685 0.0000000000
73005  -43.354  -15.273  20.730 0.0000000000
74137  -43.684  -14.524  21.157 0.0000000000
76423  -44.047  -12.978  20.952 0.0000000000
76456  -44.225  -12.387  19.498 0.0000000000
154551  -44.152  -12.589  18.680 0.0000000000
76467  -44.100  -12.914  17.889 0.0000000000
75351  -43.643  -13.421  17.374 0.0000000000
75368  -43.929  -13.572  16.149 0.0000000000
157679  -43.196  -14.219  14.345 0.0000000000
74199  -42.750  -14.898  15.035 0.0000000000
74214  -41.642  -14.503  13.270 0.0000000000
75395  -42.690  -14.777  14.534 0.0000000000
75414  -43.515  -14.338  13.861 0.0000000000
75430  -43.051  -14.271  13.227 0.0000000000
73122  -41.637  -15.676  10.642 0.0000000000
73123  -42.489  -15.890  10.841 0.0000000000
161086  -41.686  -16.985  9.297 0.0000000000
70877  -39.188  -17.986  10.719 0.0000000000
149474  -39.519  -17.188  10.851 0.0000000000
71967  -38.968  -16.339  10.632 0.0000000000
71966  -38.419  -16.421  10.046 0.0000000000
73121  -38.638  -15.375  10.270 0.0000000000
74284  -38.362  -14.845  9.566 0.0000000000
74296  -37.191  -14.718  8.641 0.0000000000
74298  -38.716  -14.950  9.209 0.0000000000
73154  -39.232  -15.832  8.680 0.0000000000
72016  -38.603  -16.531  7.097 0.0000000000
71999  -39.789  -16.711  8.061 0.0000000000
138761  -20.081  -31.945  35.318 0.0000000000
55049  -20.448  -31.722  36.208 0.0000000000
55050  -21.382  -31.489  36.056 0.0000000000
57210  -24.459  -30.234  35.660 0.0000000000
57199  -24.017  -30.163  36.492 0.0000000000
56209  -24.543  -30.772  25.497 0.0000000000
56195  -25.419  -30.698  26.626 0.0000000000
57275  -27.086  -30.290  28.088 0.0000000000
57263  -27.867  -30.000  29.175 0.0000000000
57292  -28.162  -30.401  27.769 0.0000000000
57252  -28.822  -29.685  30.277 0.0000000000
162039  -29.472  -29.603  30.487 0.0000000000
58404  -29.868  -29.204  30.974 0.0000000000
138748  -30.779  -30.803  22.042 0.0000000000
56277  -32.389  -30.791  22.203 0.0000000000
56276  -31.078  -30.844  22.679 0.0000000000
56254  -30.427  -30.886  23.329 0.0000000000
158054  -30.863  -30.980  24.075 0.0000000000
146679  -30.799  -30.990  24.956 0.0000000000
56215  -33.590  -30.576  25.274 0.0000000000
57325  -34.010  -30.165  25.890 0.0000000000
56214  -32.737  -30.743  25.384 0.0000000000
140361  -31.203  -30.995  26.031 0.0000000000
142947  -31.158  -30.954  26.946 0.0000000000
56184  -30.676  -30.886  27.527 0.0000000000
56174  -31.047  -30.704  28.418 0.0000000000
57281  -32.518  -30.191  28.577 0.0000000000
57280  -31.716  -30.356  28.931 0.0000000000
57266  -30.752  -30.121  29.660 0.0000000000
57254  -31.167  -29.748  30.303 0.0000000000
58405  -30.763  -29.266  30.919 0.0000000000
58389  -30.404  -28.850  31.610 0.0000000000
59533  -30.963  -28.446  32.155 0.0000000000
59510  -32.122  -27.793  33.302 0.0000000000
60669  -32.664  -27.805  33.876 0.0000000000
59524  -33.261  -27.920  32.380 0.0000000000
60670  -33.598  -27.875  33.485 0.0000000000
60657  -33.284  -27.946  33.988 0.0000000000
59540  -37.052  -28.496  30.628 0.0000000000
58372  -36.511  -28.823  31.193 0.0000000000
58357  -36.303  -29.227  31.564 0.0000000000
47520  -15.066  -39.084  34.137 0.0000000000
49619  -13.902  -36.848  31.114 0.0000000000
163631  -14.459  -37.264  31.561 0.0000000000
48569  -15.114  -38.386  33.064 0.0000000000
51792  -15.791  -34.927  38.377 0.0000000000
72002  -43.324  -17.203  8.278 0.0000000000
72003  -44.064  -17.115  8.858 0.0000000000
72004  -44.943  -16.953  8.830 0.0000000000
149525  -45.106  -16.794  8.023 0.0000000000
71987  -45.311  -16.858  9.701 0.0000000000
71971  -46.057  -16.690  10.229 0.0000000000
73110  -47.288  -16.110  11.331 0.0000000000
73111  -48.136  -16.060  11.117 0.0000000000
149441  -46.689  -15.553  7.286 0.0000000000
73169  -47.039  -15.705  7.956 0.0000000000
73155  -47.558  -15.994  8.782 0.0000000000
73140  -47.667  -16.334  9.718 0.0000000000
145845  -48.860  -15.924  11.025 0.0000000000
158988  -48.682  -15.830  11.694 0.0000000000
148774  -50.630  -14.912  12.774 0.0000000000
74222  -51.335  -14.287  13.356 0.0000000000
74240  -51.407  -14.380  12.328 0.0000000000
77863  -48.821  -11.710  4.602 0.0000000000
77851  -48.799  -11.969  5.451 0.0000000000
157600  -49.878  -11.135  5.784 0.0000000000
77839  -49.390  -11.639  6.052 0.0000000000
76632  -49.224  -12.146  6.678 0.0000000000
76594  -51.071  -12.779  8.916 0.0000000000
75471  -51.390  -13.092  9.792 0.0000000000
86454  -53.920  -2.915  0.199 0.0000000000
87473  -54.143  -1.896  -0.036 0.0000000000
88420  -52.797  -1.811  -1.476 0.0000000000
88406  -53.648  -1.483  -0.817 0.0000000000
88407  -54.409  -1.083  -0.566 0.0000000000
88408  -55.130  -0.543  -0.499 0.0000000000
89425  -55.270  -0.081  -0.977 0.0000000000
90482  -55.869  0.183  -1.079 0.0000000000
86493  -53.418  -3.556  -3.299 0.0000000000
87501  -53.748  -2.606  -3.023 0.0000000000
88437  -54.187  -1.764  -2.718 0.0000000000
88429  -54.587  -1.090  -2.323 0.0000000000
89442  -55.019  -0.477  -1.830 0.0000000000
90498  -55.848  0.012  -1.346 0.0000000000
90491  -56.250  0.560  -1.051 0.0000000000
91534  -56.757  0.682  -1.047 0.0000000000
91543  -57.601  0.831  -1.082 0.0000000000
92513  -59.136  1.878  -0.993 0.0000000000
90501  -57.954  0.359  -1.955 0.0000000000
91551  -58.575  1.023  -1.935 0.0000000000
92520  -59.496  2.219  -1.530 0.0000000000
92514  -59.823  2.520  -1.373 0.0000000000
86498  -58.262  -3.402  -4.470 0.0000000000
88442  -59.041  -1.079  -3.798 0.0000000000
89459  -59.287  -0.157  -3.965 0.0000000000
89465  -59.606  -0.057  -4.839 0.0000000000
90515  -59.627  0.899  -4.268 0.0000000000
92526  -60.450  2.635  -3.454 0.0000000000
91581  -60.736  2.178  -8.133 0.0000000000
92554  -61.526  2.726  -7.883 0.0000000000
91586  -62.271  2.252  -8.855 0.0000000000
39338  -9.913  -46.003  39.556 0.0000000000
55140  -39.904  -31.627  30.264 0.0000000000
55141  -40.451  -31.094  30.099 0.0000000000
55178  -23.493  -32.139  27.370 0.0000000000
56150  -39.467  -29.806  31.072 0.0000000000
56158  -40.101  -29.705  30.612 0.0000000000
56167  -42.115  -30.131  29.069 0.0000000000
56176  -44.011  -29.939  27.313 0.0000000000
56202  -33.328  -30.469  25.879 0.0000000000
56238  -35.545  -30.810  24.241 0.0000000000
56260  -37.263  -30.820  23.678 0.0000000000
56261  -37.953  -30.683  23.456 0.0000000000
56275  -30.420  -30.848  22.512 0.0000000000
56294  -34.892  -30.587  21.788 0.0000000000
57201  -25.183  -29.787  35.522 0.0000000000
57237  -37.697  -29.476  30.976 0.0000000000
57242  -26.359  -30.358  31.984 0.0000000000
57269  -40.664  -28.956  29.808 0.0000000000
57282  -34.181  -29.353  28.204 0.0000000000
57285  -43.204  -30.078  27.914 0.0000000000
57303  -44.644  -29.596  26.876 0.0000000000
57312  -37.268  -29.955  26.710 0.0000000000
57315  -40.960  -29.672  26.197 0.0000000000
57329  -38.198  -30.622  25.514 0.0000000000
57447  -33.129  -29.292  18.955 0.0000000000
58289  -25.971  -30.210  36.553 0.0000000000
58297  -25.953  -29.725  36.330 0.0000000000
58299  -27.135  -29.603  35.854 0.0000000000
58300  -27.779  -29.299  35.757 0.0000000000
58310  -26.791  -29.266  35.731 0.0000000000
58311  -27.365  -29.036  35.608 0.0000000000
58325  -26.768  -29.049  35.541 0.0000000000
58326  -30.956  -28.264  35.166 0.0000000000
58327  -31.924  -28.574  35.133 0.0000000000
58356  -35.691  -29.154  32.427 0.0000000000
58374  -38.051  -29.168  30.847 0.0000000000
58392  -37.816  -28.939  31.025 0.0000000000
58394  -39.564  -28.819  30.731 0.0000000000
58410  -39.140  -28.641  30.511 0.0000000000
58426  -37.468  -28.615  29.481 0.0000000000
58428  -39.523  -28.783  29.860 0.0000000000
58429  -40.405  -28.956  29.545 0.0000000000
58442  -35.439  -28.761  28.710 0.0000000000
58466  -42.078  -29.321  27.224 0.0000000000
58468  -44.876  -28.700  27.058 0.0000000000
58480  -42.263  -28.620  26.626 0.0000000000
58481  -45.046  -28.328  26.846 0.0000000000
58534  -38.354  -29.121  21.743 0.0000000000
58562  -37.105  -28.834  19.847 0.0000000000
59476  -27.976  -28.414  35.529 0.0000000000
59477  -28.413  -28.154  35.606 0.0000000000
59479  -30.095  -28.200  35.321 0.0000000000
59488  -30.848  -27.787  34.930 0.0000000000
59497  -32.463  -28.144  34.591 0.0000000000
59498  -33.011  -28.140  34.290 0.0000000000
59505  -27.852  -28.025  34.436 0.0000000000
59511  -34.890  -28.067  33.177 0.0000000000
59512  -35.447  -28.192  32.718 0.0000000000
59513  -35.676  -28.474  32.080 0.0000000000
59514  -36.049  -29.029  31.984 0.0000000000
59520  -29.812  -28.003  32.931 0.0000000000
59521  -30.655  -27.992  32.778 0.0000000000
59522  -31.523  -27.997  32.661 0.0000000000
59525  -34.025  -27.901  32.232 0.0000000000
59527  -36.289  -28.612  31.307 0.0000000000
59528  -36.847  -28.758  31.057 0.0000000000
59539  -36.323  -28.458  31.051 0.0000000000
59542  -38.305  -28.587  30.670 0.0000000000
59547  -33.126  -28.559  31.197 0.0000000000
59548  -33.918  -28.223  30.996 0.0000000000
59551  -37.421  -28.004  30.510 0.0000000000
59552  -38.195  -28.164  30.291 0.0000000000
59560  -35.716  -28.208  29.986 0.0000000000
59575  -43.279  -27.957  27.428 0.0000000000
59590  -44.244  -27.564  27.348 0.0000000000
59605  -44.616  -27.587  26.974 0.0000000000
59621  -44.665  -27.882  26.139 0.0000000000
59754  -36.253  -27.075  17.628 0.0000000000
60642  -29.155  -27.889  35.301 0.0000000000
60643  -29.694  -27.959  35.161 0.0000000000
60644  -30.339  -27.928  34.920 0.0000000000
60653  -29.907  -27.807  34.842 0.0000000000
60654  -30.691  -27.855  34.627 0.0000000000
60655  -31.484  -27.869  34.475 0.0000000000
60658  -34.091  -28.043  33.615 0.0000000000
60672  -35.189  -27.987  32.711 0.0000000000
60673  -35.615  -27.939  32.123 0.0000000000
60680  -33.017  -27.794  33.132 0.0000000000
60681  -33.896  -27.815  32.863 0.0000000000
60682  -34.753  -27.903  32.447 0.0000000000
60691  -35.015  -27.881  31.974 0.0000000000
60692  -35.671  -28.021  31.618 0.0000000000
60724  -43.352  -27.174  27.589 0.0000000000
60738  -40.985  -25.488  28.073 0.0000000000
60749  -39.002  -25.847  26.329 0.0000000000
60769  -44.217  -27.052  26.552 0.0000000000
60859  -37.794  -26.817  19.399 0.0000000000
60896  -35.173  -27.039  16.606 0.0000000000
61820  -40.312  -24.878  28.215 0.0000000000
61826  -41.450  -25.523  27.997 0.0000000000
61828  -42.809  -26.238  27.584 0.0000000000
61832  -38.385  -24.515  27.212 0.0000000000
61848  -43.072  -26.013  26.553 0.0000000000
61880  -38.308  -25.276  22.758 0.0000000000
61939  -36.473  -24.922  17.722 0.0000000000
61954  -35.479  -25.091  16.547 0.0000000000
62955  -38.524  -23.648  28.208 0.0000000000
62958  -39.982  -24.193  28.227 0.0000000000
62967  -37.980  -24.018  27.159 0.0000000000
62974  -40.695  -24.513  26.162 0.0000000000
62980  -38.122  -24.231  24.903 0.0000000000
63060  -37.680  -24.764  19.674 0.0000000000
64168  -40.336  -22.975  27.041 0.0000000000
64254  -36.381  -23.548  18.704 0.0000000000
65294  -38.359  -22.944  28.219 0.0000000000
65327  -38.030  -22.867  25.459 0.0000000000
65371  -37.307  -22.311  21.590 0.0000000000
66328  -38.238  -22.122  28.085 0.0000000000
66340  -38.011  -21.795  26.916 0.0000000000
66341  -38.445  -21.483  27.547 0.0000000000
66389  -37.379  -22.406  21.304 0.0000000000
66408  -36.825  -22.275  19.279 0.0000000000
66427  -35.473  -22.113  17.843 0.0000000000
67403  -39.630  -20.695  27.928 0.0000000000
67412  -39.036  -20.871  27.259 0.0000000000
67487  -38.501  -21.289  21.140 0.0000000000
67519  -41.613  -20.809  18.889 0.0000000000
68545  -40.695  -19.923  26.785 0.0000000000
68592  -42.204  -20.080  22.370 0.0000000000
68593  -42.968  -19.466  22.425 0.0000000000
72021  -44.793  -16.702  7.345 0.0000000000
72069  -44.192  -16.368  4.584 0.0000000000
73125  -44.899  -16.332  10.889 0.0000000000
73130  -50.102  -15.371  10.850 0.0000000000
74217  -46.962  -14.674  13.306 0.0000000000
74234  -44.460  -15.163  12.799 0.0000000000
74269  -38.787  -14.744  10.190 0.0000000000
74273  -41.984  -15.070  11.248 0.0000000000
74311  -47.902  -14.624  7.591 0.0000000000
75278  -44.331  -13.605  22.334 0.0000000000
75388  -49.953  -13.184  15.019 0.0000000000
75397  -43.451  -13.943  14.909 0.0000000000
75412  -41.711  -14.078  13.272 0.0000000000
75447  -40.295  -13.836  11.698 0.0000000000
75449  -41.794  -13.892  12.297 0.0000000000
81257  -51.524  -8.692  -0.357 0.0000000000
82259  -49.690  -8.054  -0.313 0.0000000000
83236  -54.248  -6.552  -0.007 0.0000000000
84264  -55.106  -5.967  0.992 0.0000000000
85381  -55.910  -4.871  1.703 0.0000000000
89413  -55.909  0.067  -0.742 0.0000000000
89434  -54.556  -0.721  -1.590 0.0000000000
90473  -56.590  0.461  -0.706 0.0000000000
90483  -56.132  0.597  -0.865 0.0000000000
91535  -57.813  0.864  -0.868 0.0000000000
91544  -58.640  1.390  -1.309 0.0000000000
92504  -58.532  1.381  -0.837 0.0000000000
92521  -60.113  2.655  -2.077 0.0000000000
92561  -62.075  2.573  -8.193 0.0000000000
92569  -62.001  2.517  -8.950 0.0000000000
93453  -60.259  2.637  -1.801 0.0000000000
138760  -20.070  -32.245  33.397 0.0000000000
139504  -42.115  -17.330  7.044 0.0000000000
139664  -34.034  -30.713  21.851 0.0000000000
139849  -40.168  -21.001  19.032 0.0000000000
141069  -39.350  -21.213  18.093 0.0000000000
141343  -37.989  -23.166  23.913 0.0000000000
141582  -27.817  -30.427  27.135 0.0000000000
141596  -31.093  -30.410  29.146 0.0000000000
141970  -38.098  -23.977  21.913 0.0000000000
142788  -28.855  -28.009  35.734 0.0000000000
143440  -33.670  -28.180  34.070 0.0000000000
147473  -33.901  -30.689  24.687 0.0000000000
147786  -36.409  -30.865  23.983 0.0000000000
149601  -29.924  -31.022  25.006 0.0000000000
150211  -55.484  -4.103  0.073 0.0000000000
150446  -46.890  -11.836  17.895 0.0000000000
150612  -59.443  2.263  -1.017 0.0000000000
151312  -32.605  -28.719  31.309 0.0000000000
153843  -42.064  -20.475  19.277 0.0000000000
154737  -32.092  -27.861  34.304 0.0000000000
156832  -56.728  -2.819  -3.112 0.0000000000
157804  -54.064  -7.119  3.593 0.0000000000
158070  -37.896  -22.712  22.674 0.0000000000
160861  -42.684  -19.869  21.837 0.0000000000
161256  -38.075  -25.063  25.051 0.0000000000
161643  -37.966  -22.101  25.468 0.0000000000
162030  -40.661  -20.308  23.526 0.0000000000
162640  -28.055  -28.682  32.608 0.0000000000
163314  -39.597  -30.318  25.855 0.0000000000
164041  -37.958  -27.000  19.970 0.0000000000
164269  -45.588  -16.875  9.090 0.0000000000
164808  -37.582  -27.551  19.214 0.0000000000
164830  -38.283  -29.291  31.045 0.0000000000
165498  -22.518  -32.183  32.464 0.0000000000
165941  -38.842  -30.620  25.214 0.0000000000
165993  -26.512  -29.965  36.214 0.0000000000
166072  -25.480  -29.617  35.961 0.0000000000
166438  -36.343  -28.259  29.898 0.0000000000
