#!ascii label  , from subject sub-v1s14x0051558_ses-1 vox2ras=TkReg
1655
39206  8.405  -41.872  24.872 0.0000000000
64041  42.245  -19.285  -0.274 0.0000000000
50018  26.093  -31.866  14.187 0.0000000000
51140  37.594  -30.802  16.396 0.0000000000
42581  20.602  -39.004  14.409 0.0000000000
34938  17.779  -45.828  24.033 0.0000000000
73294  49.621  -9.307  -5.519 0.0000000000
67909  51.517  -15.212  4.155 0.0000000000
59696  35.710  -22.632  7.430 0.0000000000
75509  53.752  -7.642  -12.599 0.0000000000
44429  25.967  -36.698  18.788 0.0000000000
139149  12.674  -43.171  24.011 0.0000000000
130022  50.018  -12.509  -0.233 0.0000000000
69035  45.951  -13.725  -2.745 0.0000000000
62823  41.794  -19.780  5.525 0.0000000000
64998  46.799  -18.456  6.724 0.0000000000
61773  37.638  -20.632  3.465 0.0000000000
131039  32.887  -29.669  10.178 0.0000000000
130866  31.405  -31.732  14.499 0.0000000000
40367  23.414  -40.486  19.701 0.0000000000
37056  21.776  -44.017  24.106 0.0000000000
38174  18.922  -42.869  19.376 0.0000000000
38178  13.658  -42.571  19.714 0.0000000000
46523  23.812  -34.893  14.248 0.0000000000
73279  54.312  -9.192  -4.191 0.0000000000
71060  54.142  -11.345  0.746 0.0000000000
66001  46.358  -16.314  2.470 0.0000000000
63922  35.646  -18.932  9.700 0.0000000000
55448  37.885  -26.715  11.811 0.0000000000
75491  50.696  -8.243  -9.198 0.0000000000
145252  56.194  -6.803  -8.425 0.0000000000
73350  60.155  -9.440  -11.183 0.0000000000
42483  25.912  -38.885  21.306 0.0000000000
38130  10.422  -42.845  24.546 0.0000000000
130911  13.777  -42.923  27.312 0.0000000000
38098  10.922  -42.720  27.189 0.0000000000
71142  44.910  -11.469  -4.588 0.0000000000
63944  41.821  -19.235  7.893 0.0000000000
64973  43.689  -18.450  8.740 0.0000000000
39150  4.869  -42.385  29.651 0.0000000000
61803  37.863  -21.194  1.111 0.0000000000
51220  26.140  -30.373  11.647 0.0000000000
51218  29.250  -30.782  11.478 0.0000000000
50015  28.736  -31.824  14.442 0.0000000000
41543  21.853  -39.987  17.126 0.0000000000
39249  21.198  -41.258  19.776 0.0000000000
40389  19.639  -40.872  17.152 0.0000000000
43497  22.580  -37.546  14.363 0.0000000000
129504  23.654  -38.561  16.518 0.0000000000
34949  19.986  -45.530  23.386 0.0000000000
73291  52.348  -9.437  -5.362 0.0000000000
72174  54.282  -10.197  -1.140 0.0000000000
72197  52.025  -11.022  -2.691 0.0000000000
152860  49.803  -13.313  1.768 0.0000000000
68976  52.499  -13.740  2.574 0.0000000000
66063  41.719  -16.741  -1.575 0.0000000000
66987  43.429  -16.019  -1.067 0.0000000000
132014  44.574  -17.163  1.225 0.0000000000
138241  33.471  -20.021  6.040 0.0000000000
63965  34.024  -18.904  6.376 0.0000000000
61695  34.939  -20.603  9.008 0.0000000000
52249  34.808  -30.173  12.828 0.0000000000
53414  36.140  -28.525  11.330 0.0000000000
53358  38.112  -28.982  14.088 0.0000000000
75460  47.711  -8.234  -8.267 0.0000000000
129793  48.648  -7.560  -10.235 0.0000000000
75448  50.197  -8.278  -7.230 0.0000000000
76560  52.175  -6.933  -7.467 0.0000000000
72299  57.617  -10.585  -13.864 0.0000000000
72267  56.375  -10.201  -11.866 0.0000000000
73327  57.802  -8.797  -10.039 0.0000000000
73343  54.453  -9.737  -10.449 0.0000000000
47643  25.668  -33.712  16.448 0.0000000000
48829  28.182  -32.845  16.456 0.0000000000
47612  27.256  -33.933  18.888 0.0000000000
140195  16.080  -43.979  23.846 0.0000000000
35979  17.864  -45.575  26.416 0.0000000000
37038  16.587  -43.590  27.713 0.0000000000
73297  46.889  -9.632  -5.566 0.0000000000
70123  49.726  -11.872  -3.728 0.0000000000
71139  47.439  -11.238  -4.142 0.0000000000
69021  47.902  -14.032  -1.865 0.0000000000
68990  48.208  -13.974  1.296 0.0000000000
61799  42.370  -20.459  2.149 0.0000000000
62858  44.828  -19.492  3.615 0.0000000000
63959  44.629  -18.963  6.403 0.0000000000
57707  35.804  -24.259  6.549 0.0000000000
52201  39.721  -29.484  17.593 0.0000000000
40293  6.543  -40.998  25.340 0.0000000000
39177  8.591  -42.039  27.775 0.0000000000
39158  6.385  -42.230  29.052 0.0000000000
149785  40.179  -19.568  -1.249 0.0000000000
132542  39.770  -20.775  1.289 0.0000000000
61755  39.613  -20.387  4.151 0.0000000000
62777  39.309  -20.038  7.273 0.0000000000
52317  30.415  -30.058  8.968 0.0000000000
51199  32.525  -30.703  12.237 0.0000000000
51153  33.995  -31.280  14.837 0.0000000000
48827  30.380  -32.737  16.527 0.0000000000
49979  33.059  -32.297  16.888 0.0000000000
40332  23.787  -40.814  22.262 0.0000000000
38111  23.116  -43.139  24.123 0.0000000000
39220  21.802  -41.969  22.190 0.0000000000
37070  20.310  -43.671  22.004 0.0000000000
36024  18.402  -45.042  21.230 0.0000000000
39276  17.040  -42.156  16.775 0.0000000000
37106  16.597  -43.847  19.206 0.0000000000
136857  16.073  -44.246  21.922 0.0000000000
38157  13.504  -42.783  21.520 0.0000000000
39222  10.616  -42.500  22.265 0.0000000000
39225  8.645  -41.422  23.091 0.0000000000
51206  24.441  -30.750  12.225 0.0000000000
50036  23.005  -32.096  11.842 0.0000000000
48852  24.754  -32.841  14.045 0.0000000000
45489  24.830  -35.523  16.283 0.0000000000
42509  25.233  -39.098  19.048 0.0000000000
70071  55.695  -12.059  0.886 0.0000000000
71062  52.178  -12.014  0.597 0.0000000000
69038  43.110  -14.100  -2.707 0.0000000000
67950  45.741  -15.365  -0.088 0.0000000000
66950  48.562  -15.574  3.367 0.0000000000
63998  46.636  -18.455  4.339 0.0000000000
65019  49.165  -17.459  4.899 0.0000000000
61776  34.817  -20.387  2.963 0.0000000000
128512  36.946  -19.672  6.985 0.0000000000
63907  38.808  -19.607  10.741 0.0000000000
55519  35.588  -26.455  8.447 0.0000000000
57669  37.256  -24.497  10.015 0.0000000000
54405  39.902  -27.730  15.335 0.0000000000
56573  38.871  -24.935  13.970 0.0000000000
59649  37.637  -22.648  11.529 0.0000000000
61657  35.985  -20.041  13.146 0.0000000000
63851  37.247  -18.911  14.249 0.0000000000
74371  52.290  -8.207  -11.641 0.0000000000
74349  53.140  -8.027  -8.755 0.0000000000
75443  54.642  -7.171  -6.627 0.0000000000
41458  26.688  -39.408  23.756 0.0000000000
39205  9.099  -42.199  24.460 0.0000000000
143654  10.728  -42.900  25.756 0.0000000000
39184  9.584  -42.685  26.613 0.0000000000
63932  41.165  -19.174  9.569 0.0000000000
64961  42.910  -18.457  9.734 0.0000000000
39161  2.730  -41.843  29.140 0.0000000000
51204  26.217  -30.736  12.508 0.0000000000
128550  27.958  -30.973  12.823 0.0000000000
51169  27.402  -31.573  13.920 0.0000000000
41566  21.293  -39.487  15.632 0.0000000000
41544  21.024  -40.212  16.891 0.0000000000
41554  19.921  -40.176  15.909 0.0000000000
44495  21.885  -36.814  12.993 0.0000000000
42580  21.309  -38.603  14.395 0.0000000000
42550  22.103  -39.201  15.892 0.0000000000
34937  18.649  -46.090  23.962 0.0000000000
138041  18.573  -46.378  25.286 0.0000000000
73293  50.539  -9.351  -5.461 0.0000000000
72212  52.218  -10.514  -4.437 0.0000000000
139841  50.739  -10.791  -4.546 0.0000000000
154880  50.520  -14.203  3.136 0.0000000000
68967  51.232  -14.211  3.124 0.0000000000
65111  42.334  -17.392  -1.123 0.0000000000
144625  43.093  -17.031  -0.872 0.0000000000
64039  43.611  -18.425  0.779 0.0000000000
59703  34.866  -22.025  5.860 0.0000000000
60702  34.432  -21.036  6.294 0.0000000000
61721  34.193  -19.769  7.463 0.0000000000
60675  35.418  -21.534  8.668 0.0000000000
51162  36.308  -30.552  14.632 0.0000000000
52238  36.812  -29.936  14.136 0.0000000000
52229  37.860  -29.961  15.220 0.0000000000
135675  48.524  -8.627  -6.840 0.0000000000
75459  48.685  -8.456  -7.774 0.0000000000
139104  49.897  -8.555  -6.655 0.0000000000
74314  51.016  -8.712  -5.925 0.0000000000
73373  55.800  -9.457  -13.103 0.0000000000
73359  54.710  -9.301  -12.206 0.0000000000
72258  55.150  -9.926  -11.096 0.0000000000
73360  53.864  -9.127  -11.734 0.0000000000
46490  25.962  -35.004  17.774 0.0000000000
47629  26.583  -33.619  17.366 0.0000000000
45460  26.473  -35.132  18.625 0.0000000000
130931  14.460  -43.391  24.148 0.0000000000
37048  15.655  -43.658  25.231 0.0000000000
38112  15.053  -43.409  25.795 0.0000000000
153822  13.772  -43.047  29.637 0.0000000000
38074  15.277  -43.011  29.101 0.0000000000
73298  46.107  -9.751  -5.674 0.0000000000
72225  47.332  -10.074  -5.025 0.0000000000
72217  46.132  -10.771  -4.750 0.0000000000
138439  45.630  -12.540  -3.622 0.0000000000
134469  46.848  -12.464  -3.466 0.0000000000
69022  47.244  -14.089  -2.169 0.0000000000
69008  48.015  -14.141  -0.911 0.0000000000
67959  47.155  -14.620  -0.549 0.0000000000
151682  42.410  -20.271  3.640 0.0000000000
62839  43.939  -19.944  4.442 0.0000000000
62795  43.236  -19.351  6.012 0.0000000000
74325  46.934  -8.725  -6.913 0.0000000000
39179  6.383  -41.857  27.347 0.0000000000
132189  5.483  -41.797  27.511 0.0000000000
62923  38.522  -19.881  -1.546 0.0000000000
61831  40.119  -20.368  -0.145 0.0000000000
61833  38.755  -20.700  -0.392 0.0000000000
61787  37.383  -21.035  1.986 0.0000000000
151420  38.832  -20.726  2.780 0.0000000000
61756  38.824  -20.454  4.175 0.0000000000
62825  39.521  -20.129  5.769 0.0000000000
62826  38.644  -20.226  5.667 0.0000000000
52319  28.805  -30.045  8.898 0.0000000000
51183  30.693  -31.189  12.956 0.0000000000
150229  30.894  -30.834  12.054 0.0000000000
152651  32.143  -31.064  13.302 0.0000000000
51165  33.650  -30.940  14.035 0.0000000000
51154  33.122  -31.432  14.645 0.0000000000
48796  28.665  -33.306  17.813 0.0000000000
48828  29.021  -32.856  16.636 0.0000000000
134003  29.907  -33.137  17.809 0.0000000000
48793  32.830  -32.878  18.433 0.0000000000
140875  34.976  -31.984  18.042 0.0000000000
40357  23.538  -40.571  20.564 0.0000000000
40333  23.022  -40.954  21.984 0.0000000000
40347  22.127  -41.087  20.853 0.0000000000
39251  19.564  -42.077  19.283 0.0000000000
38163  20.399  -42.149  20.660 0.0000000000
131370  19.571  -43.529  20.695 0.0000000000
36023  19.212  -44.846  21.534 0.0000000000
37091  18.396  -44.172  20.062 0.0000000000
40401  17.752  -41.087  15.771 0.0000000000
39265  14.133  -42.344  17.903 0.0000000000
38188  15.499  -42.991  18.145 0.0000000000
38176  15.303  -43.217  18.926 0.0000000000
37094  15.723  -43.782  20.124 0.0000000000
38156  15.155  -43.472  20.762 0.0000000000
37073  14.868  -43.253  21.702 0.0000000000
38167  13.664  -42.738  20.635 0.0000000000
153546  9.707  -42.138  22.251 0.0000000000
52297  24.359  -29.624  10.405 0.0000000000
52298  23.622  -29.735  10.443 0.0000000000
155174  22.911  -35.045  12.936 0.0000000000
47687  23.616  -33.496  13.108 0.0000000000
148003  23.699  -32.712  12.920 0.0000000000
46536  24.222  -34.160  14.461 0.0000000000
135272  24.677  -34.095  15.174 0.0000000000
45499  24.332  -35.552  15.472 0.0000000000
41528  23.760  -39.868  18.330 0.0000000000
42522  24.493  -39.009  17.928 0.0000000000
41515  24.016  -40.070  19.126 0.0000000000
41500  24.870  -39.865  20.350 0.0000000000
37055  22.457  -43.568  24.148 0.0000000000
38065  8.379  -42.803  29.073 0.0000000000
38080  9.621  -42.574  29.036 0.0000000000
73258  55.624  -9.151  -2.129 0.0000000000
72161  53.852  -10.654  -0.616 0.0000000000
144636  54.915  -11.219  0.764 0.0000000000
70072  55.010  -12.003  1.309 0.0000000000
70062  54.448  -12.402  1.654 0.0000000000
70099  50.247  -12.411  -1.879 0.0000000000
71095  50.983  -11.802  -1.593 0.0000000000
70074  50.815  -12.185  -0.146 0.0000000000
68975  53.384  -13.662  2.480 0.0000000000
66970  45.280  -16.289  1.004 0.0000000000
67951  45.002  -15.755  -0.144 0.0000000000
66969  45.756  -15.984  1.308 0.0000000000
67934  47.217  -15.167  2.030 0.0000000000
66952  46.975  -15.962  2.786 0.0000000000
63981  45.798  -19.121  5.419 0.0000000000
64011  45.853  -18.731  3.940 0.0000000000
63956  47.147  -18.523  5.799 0.0000000000
62875  33.839  -19.813  3.315 0.0000000000
131036  35.036  -18.859  8.269 0.0000000000
63964  35.357  -19.013  6.674 0.0000000000
63933  36.461  -19.278  8.438 0.0000000000
62753  37.438  -19.593  8.843 0.0000000000
63909  36.937  -19.092  10.770 0.0000000000
52341  32.514  -29.456  8.693 0.0000000000
53440  33.913  -28.722  9.231 0.0000000000
54472  36.818  -27.964  11.505 0.0000000000
54498  35.960  -27.247  10.004 0.0000000000
55480  36.945  -26.470  10.540 0.0000000000
130750  36.586  -25.732  9.429 0.0000000000
55460  37.852  -25.912  11.427 0.0000000000
54394  39.860  -28.510  15.972 0.0000000000
58610  39.042  -23.548  14.804 0.0000000000
58633  38.363  -23.476  12.470 0.0000000000
59626  38.453  -22.584  13.549 0.0000000000
60635  36.953  -21.483  12.396 0.0000000000
60614  37.770  -21.220  14.543 0.0000000000
128658  49.869  -7.997  -10.195 0.0000000000
146065  51.721  -8.630  -10.435 0.0000000000
151383  52.387  -9.044  -10.055 0.0000000000
74350  52.168  -7.867  -8.787 0.0000000000
74312  53.491  -8.632  -5.614 0.0000000000
149709  53.924  -7.314  -6.719 0.0000000000
74305  54.790  -8.466  -4.721 0.0000000000
75422  55.526  -7.855  -4.894 0.0000000000
72280  58.993  -10.268  -12.741 0.0000000000
139447  57.281  -8.359  -9.352 0.0000000000
75467  58.158  -7.055  -8.298 0.0000000000
76578  56.659  -6.532  -8.043 0.0000000000
43404  26.116  -37.921  20.172 0.0000000000
44396  26.630  -36.526  20.391 0.0000000000
42482  26.325  -38.257  21.940 0.0000000000
38128  11.880  -43.080  24.134 0.0000000000
38114  13.532  -43.325  25.667 0.0000000000
132049  11.562  -43.006  25.652 0.0000000000
38096  12.179  -42.796  27.582 0.0000000000
38077  12.388  -42.842  29.256 0.0000000000
71143  44.014  -11.599  -4.729 0.0000000000
70129  44.127  -12.738  -3.751 0.0000000000
62797  41.475  -19.652  6.441 0.0000000000
63961  42.876  -19.036  6.776 0.0000000000
63917  42.949  -18.571  8.992 0.0000000000
64948  43.636  -18.281  10.035 0.0000000000
152658  4.672  -41.759  27.637 0.0000000000
39172  4.086  -41.836  28.270 0.0000000000
39151  4.044  -41.978  29.936 0.0000000000
61834  37.286  -21.145  -0.274 0.0000000000
61788  36.597  -20.876  2.547 0.0000000000
145955  28.442  -30.464  10.249 0.0000000000
129427  28.269  -30.662  11.177 0.0000000000
51185  28.884  -31.188  12.907 0.0000000000
50013  30.547  -31.802  14.478 0.0000000000
41529  22.959  -40.062  18.100 0.0000000000
40359  21.938  -40.934  20.051 0.0000000000
40378  21.518  -40.673  18.432 0.0000000000
39261  20.144  -41.423  18.724 0.0000000000
39262  19.338  -41.748  18.378 0.0000000000
39253  12.810  -42.004  19.701 0.0000000000
39268  11.857  -41.303  19.108 0.0000000000
45521  22.195  -36.121  12.735 0.0000000000
45511  22.981  -36.185  13.861 0.0000000000
44473  23.882  -36.456  15.236 0.0000000000
43464  23.306  -38.216  15.791 0.0000000000
42538  23.217  -39.236  16.918 0.0000000000
34935  20.800  -45.401  24.187 0.0000000000
73280  53.543  -9.601  -4.533 0.0000000000
73259  54.690  -9.643  -2.297 0.0000000000
72195  53.322  -10.202  -3.413 0.0000000000
72175  53.553  -10.445  -1.544 0.0000000000
71075  52.884  -11.142  -0.438 0.0000000000
70066  50.039  -12.971  1.258 0.0000000000
136849  50.889  -12.793  1.330 0.0000000000
68977  51.643  -13.740  2.572 0.0000000000
68966  52.045  -14.258  3.158 0.0000000000
67976  42.147  -14.969  -1.979 0.0000000000
66988  42.678  -16.085  -1.328 0.0000000000
66032  44.523  -16.726  0.171 0.0000000000
65075  45.072  -16.988  1.842 0.0000000000
129501  48.180  -17.941  6.975 0.0000000000
62850  32.527  -19.666  4.847 0.0000000000
62849  32.941  -19.346  4.602 0.0000000000
62804  33.685  -19.537  6.249 0.0000000000
62780  34.387  -19.220  7.776 0.0000000000
61686  34.916  -19.179  9.615 0.0000000000
52261  34.459  -29.933  12.071 0.0000000000
53416  34.780  -29.141  10.949 0.0000000000
147441  35.393  -29.659  12.170 0.0000000000
53383  37.072  -29.030  12.976 0.0000000000
131483  38.139  -27.962  12.961 0.0000000000
75476  47.380  -7.779  -9.195 0.0000000000
75503  48.051  -7.176  -10.408 0.0000000000
75475  48.402  -8.088  -8.839 0.0000000000
75474  49.201  -8.176  -9.025 0.0000000000
75473  50.826  -7.840  -8.254 0.0000000000
151297  51.333  -6.969  -8.088 0.0000000000
75447  50.968  -7.846  -7.325 0.0000000000
142378  52.311  -8.230  -6.193 0.0000000000
73372  56.507  -9.746  -13.641 0.0000000000
72282  56.823  -10.391  -12.695 0.0000000000
73352  57.800  -9.757  -11.340 0.0000000000
73340  58.378  -9.137  -10.726 0.0000000000
139621  57.254  -9.510  -10.561 0.0000000000
73329  55.765  -9.426  -9.647 0.0000000000
74358  55.239  -8.814  -9.134 0.0000000000
48842  26.187  -32.704  15.484 0.0000000000
136150  27.398  -32.115  15.106 0.0000000000
48831  26.542  -32.895  16.221 0.0000000000
47628  27.259  -33.445  17.630 0.0000000000
47610  28.512  -33.770  19.426 0.0000000000
36002  16.621  -44.834  23.458 0.0000000000
34923  17.567  -45.534  24.952 0.0000000000
131632  17.053  -44.737  25.201 0.0000000000
37040  17.169  -44.407  26.884 0.0000000000
38093  15.246  -42.930  27.493 0.0000000000
37029  16.800  -43.895  28.953 0.0000000000
73295  48.581  -9.314  -5.583 0.0000000000
72214  49.894  -10.588  -4.608 0.0000000000
138499  48.870  -10.662  -4.459 0.0000000000
71126  48.813  -11.928  -3.694 0.0000000000
70110  49.596  -12.852  -2.432 0.0000000000
71140  46.572  -11.321  -4.266 0.0000000000
70111  48.035  -13.122  -2.903 0.0000000000
69006  49.237  -13.204  -1.221 0.0000000000
70076  48.879  -13.264  0.042 0.0000000000
68989  48.802  -13.644  1.492 0.0000000000
67931  49.356  -14.326  2.967 0.0000000000
62896  42.626  -19.680  0.565 0.0000000000
62886  43.494  -19.641  1.661 0.0000000000
62859  43.663  -20.056  2.979 0.0000000000
62838  44.707  -19.745  4.296 0.0000000000
63958  45.488  -18.918  6.228 0.0000000000
63941  44.291  -18.742  7.192 0.0000000000
64984  45.528  -18.476  7.557 0.0000000000
152807  46.809  -18.188  8.098 0.0000000000
58707  35.672  -23.365  6.317 0.0000000000
51139  38.353  -30.451  16.739 0.0000000000
75477  46.449  -7.615  -9.098 0.0000000000
74337  46.979  -8.360  -7.858 0.0000000000
74324  47.798  -8.792  -6.538 0.0000000000
77576  54.947  -6.051  -13.193 0.0000000000
130787  53.977  -6.028  -12.843 0.0000000000
40292  7.287  -41.376  25.246 0.0000000000
39186  8.268  -42.130  26.670 0.0000000000
39197  7.386  -41.907  26.589 0.0000000000
129163  7.801  -41.937  28.256 0.0000000000
135357  7.558  -43.153  29.083 0.0000000000
130420  5.730  -42.068  28.808 0.0000000000
65112  41.098  -18.406  -1.459 0.0000000000
64068  40.153  -18.786  -1.697 0.0000000000
62909  41.402  -19.675  -0.524 0.0000000000
62898  40.933  -20.236  0.043 0.0000000000
61800  41.518  -20.561  1.751 0.0000000000
133403  41.122  -20.451  3.133 0.0000000000
61802  38.847  -20.954  0.999 0.0000000000
132732  40.158  -20.549  3.057 0.0000000000
62841  41.030  -19.998  4.813 0.0000000000
62798  40.566  -19.861  6.746 0.0000000000
62776  40.483  -19.837  7.667 0.0000000000
62750  40.180  -19.709  9.391 0.0000000000
52316  31.765  -29.909  9.428 0.0000000000
51232  29.775  -30.502  10.273 0.0000000000
134339  31.232  -30.458  10.788 0.0000000000
51214  33.201  -30.054  11.307 0.0000000000
51197  33.999  -30.461  12.617 0.0000000000
51164  34.570  -30.873  14.214 0.0000000000
51142  36.069  -31.260  15.954 0.0000000000
50001  28.294  -32.127  15.156 0.0000000000
50000  29.204  -32.160  15.209 0.0000000000
135851  30.969  -32.013  15.224 0.0000000000
152704  31.266  -32.979  17.833 0.0000000000
48825  31.843  -32.549  16.514 0.0000000000
128676  32.192  -32.100  15.944 0.0000000000
49986  33.876  -31.917  16.543 0.0000000000
130653  35.588  -31.669  16.658 0.0000000000
49984  36.333  -31.661  17.181 0.0000000000
40317  24.599  -40.765  23.434 0.0000000000
39211  23.541  -41.526  23.442 0.0000000000
38135  22.429  -42.386  23.455 0.0000000000
155105  21.447  -43.184  23.209 0.0000000000
39238  21.444  -41.474  20.532 0.0000000000
38145  21.257  -42.570  22.266 0.0000000000
37065  21.224  -43.849  23.410 0.0000000000
139584  20.010  -45.003  22.736 0.0000000000
34959  18.839  -45.689  22.575 0.0000000000
34960  18.187  -45.653  22.359 0.0000000000
40417  19.089  -40.454  15.653 0.0000000000
39286  18.364  -41.513  16.911 0.0000000000
38185  18.156  -42.677  18.326 0.0000000000
38209  16.236  -42.487  16.909 0.0000000000
38187  16.392  -42.991  17.857 0.0000000000
37105  17.379  -43.835  19.197 0.0000000000
154147  17.013  -44.238  19.667 0.0000000000
36026  16.747  -44.798  21.414 0.0000000000
36014  16.691  -44.955  22.410 0.0000000000
37071  16.057  -44.178  22.898 0.0000000000
38146  14.908  -43.336  23.022 0.0000000000
134079  13.113  -42.928  23.119 0.0000000000
39242  12.378  -42.217  20.569 0.0000000000
38159  11.582  -42.553  21.920 0.0000000000
38138  12.103  -42.933  23.348 0.0000000000
38151  10.755  -42.753  23.088 0.0000000000
39215  9.195  -42.096  23.591 0.0000000000
39216  8.466  -41.647  24.018 0.0000000000
148996  7.767  -41.217  24.538 0.0000000000
40309  6.931  -40.837  24.641 0.0000000000
52295  25.940  -29.814  10.157 0.0000000000
149932  25.311  -30.188  11.521 0.0000000000
51189  24.825  -31.010  12.971 0.0000000000
51207  23.811  -30.903  12.104 0.0000000000
50029  24.598  -31.770  13.163 0.0000000000
139803  25.479  -32.212  14.134 0.0000000000
47654  25.049  -33.453  15.311 0.0000000000
149656  25.177  -34.629  16.427 0.0000000000
45473  25.550  -35.936  17.521 0.0000000000
43462  24.533  -37.288  16.644 0.0000000000
43446  25.183  -37.505  17.770 0.0000000000
43430  25.600  -37.495  18.447 0.0000000000
41499  25.475  -39.442  20.775 0.0000000000
41473  24.970  -39.997  22.171 0.0000000000
39167  9.880  -42.408  28.273 0.0000000000
134226  11.015  -43.099  29.503 0.0000000000
136712  55.577  -10.408  -0.005 0.0000000000
71124  51.373  -11.487  -3.210 0.0000000000
71076  52.008  -11.466  -0.670 0.0000000000
71061  53.093  -11.550  0.525 0.0000000000
70065  51.906  -12.635  1.388 0.0000000000
70063  53.375  -12.493  1.730 0.0000000000
68987  53.773  -12.817  1.978 0.0000000000
70130  43.289  -12.871  -3.792 0.0000000000
69037  44.169  -13.960  -2.707 0.0000000000
67990  42.943  -14.814  -1.981 0.0000000000
67975  44.459  -14.977  -1.396 0.0000000000
142926  45.809  -14.953  -0.976 0.0000000000
67949  46.604  -14.932  0.223 0.0000000000
67933  47.965  -14.818  2.381 0.0000000000
66949  49.450  -15.321  3.654 0.0000000000
64021  44.450  -18.780  2.320 0.0000000000
65040  45.549  -18.155  3.225 0.0000000000
65038  46.759  -17.624  3.668 0.0000000000
65008  47.896  -18.112  5.603 0.0000000000
65020  48.220  -17.802  4.785 0.0000000000
65972  47.382  -17.055  3.621 0.0000000000
65970  49.544  -16.878  4.408 0.0000000000
66939  49.930  -16.047  4.113 0.0000000000
61790  34.642  -20.804  1.983 0.0000000000
61775  35.879  -20.585  3.177 0.0000000000
62848  34.398  -19.517  4.447 0.0000000000
145902  36.158  -19.873  4.868 0.0000000000
128549  37.010  -20.048  5.040 0.0000000000
62779  37.738  -19.869  7.307 0.0000000000
62751  39.146  -19.833  9.477 0.0000000000
135842  40.159  -19.399  10.888 0.0000000000
53438  34.971  -28.254  9.869 0.0000000000
129399  35.737  -25.183  6.924 0.0000000000
57695  36.371  -24.477  8.254 0.0000000000
58679  36.562  -23.769  8.681 0.0000000000
53343  39.204  -29.125  15.792 0.0000000000
53342  39.420  -28.558  15.167 0.0000000000
54438  39.201  -27.309  13.943 0.0000000000
130964  39.780  -26.003  14.945 0.0000000000
55441  38.697  -26.203  12.967 0.0000000000
57645  38.268  -24.575  11.960 0.0000000000
143680  37.785  -23.814  11.043 0.0000000000
59669  36.534  -22.564  9.627 0.0000000000
60653  36.265  -21.590  10.709 0.0000000000
134043  35.250  -20.149  10.634 0.0000000000
62730  35.617  -19.250  11.511 0.0000000000
61648  37.051  -20.323  14.879 0.0000000000
62717  36.135  -19.392  13.622 0.0000000000
146278  36.185  -18.902  11.953 0.0000000000
63894  38.241  -19.212  12.080 0.0000000000
76603  53.166  -6.156  -12.664 0.0000000000
74376  52.972  -7.915  -12.133 0.0000000000
73356  53.436  -9.316  -11.057 0.0000000000
74360  53.524  -8.859  -9.120 0.0000000000
75469  54.550  -6.999  -8.932 0.0000000000
76582  52.798  -6.680  -8.187 0.0000000000
76570  54.192  -6.167  -8.014 0.0000000000
138337  55.076  -5.993  -7.975 0.0000000000
76544  56.341  -6.979  -6.080 0.0000000000
40302  25.546  -41.172  24.334 0.0000000000
40301  25.730  -40.589  24.549 0.0000000000
39195  9.047  -42.337  25.330 0.0000000000
63919  41.173  -18.969  10.285 0.0000000000
151514  41.708  -18.831  10.052 0.0000000000
51171  26.020  -31.379  13.549 0.0000000000
51187  26.459  -30.979  13.239 0.0000000000
51170  26.689  -31.459  13.768 0.0000000000
42566  20.929  -39.179  14.966 0.0000000000
41553  20.742  -39.934  16.156 0.0000000000
41567  20.464  -39.721  15.404 0.0000000000
42565  21.749  -38.896  15.169 0.0000000000
34922  18.281  -46.052  24.753 0.0000000000
73284  50.093  -9.849  -4.963 0.0000000000
73283  50.955  -10.050  -4.925 0.0000000000
154380  50.416  -10.321  -4.770 0.0000000000
67920  50.878  -14.604  3.595 0.0000000000
64052  42.457  -18.325  -0.717 0.0000000000
65094  43.132  -17.634  -0.471 0.0000000000
64040  43.035  -18.628  0.146 0.0000000000
148690  35.438  -22.489  6.582 0.0000000000
60700  35.299  -21.994  7.216 0.0000000000
60692  34.921  -21.281  7.505 0.0000000000
60691  35.358  -21.810  7.878 0.0000000000
51150  36.589  -30.813  15.399 0.0000000000
52230  37.107  -30.278  14.908 0.0000000000
51149  37.377  -30.576  15.642 0.0000000000
74316  49.207  -8.803  -6.256 0.0000000000
74315  50.128  -8.789  -6.021 0.0000000000
74380  54.842  -8.698  -12.718 0.0000000000
74374  54.200  -8.531  -12.449 0.0000000000
45461  25.973  -35.891  18.310 0.0000000000
45446  26.420  -35.892  19.101 0.0000000000
136384  13.572  -43.265  24.024 0.0000000000
38125  14.805  -43.469  24.955 0.0000000000
38126  13.956  -43.380  24.840 0.0000000000
73310  45.666  -9.356  -6.348 0.0000000000
72227  45.751  -10.316  -5.268 0.0000000000
69053  45.417  -13.146  -3.243 0.0000000000
69052  46.281  -12.936  -3.248 0.0000000000
67972  47.269  -14.419  -1.508 0.0000000000
67973  46.503  -14.330  -2.088 0.0000000000
62840  42.273  -19.994  4.525 0.0000000000
140063  43.177  -19.925  4.677 0.0000000000
62822  42.753  -19.730  5.367 0.0000000000
39188  5.760  -41.616  26.666 0.0000000000
64071  38.052  -19.258  -2.001 0.0000000000
62912  39.015  -20.264  -0.956 0.0000000000
61849  38.101  -20.639  -0.875 0.0000000000
146114  37.304  -20.796  2.818 0.0000000000
61772  38.445  -20.612  3.459 0.0000000000
61757  38.021  -20.495  4.166 0.0000000000
62844  38.371  -20.355  4.862 0.0000000000
62845  37.689  -20.326  4.749 0.0000000000
51168  31.025  -31.510  13.764 0.0000000000
51182  31.509  -31.190  13.188 0.0000000000
51167  31.844  -31.405  13.832 0.0000000000
50012  32.260  -31.607  14.536 0.0000000000
48795  29.201  -33.396  18.191 0.0000000000
48811  29.185  -33.064  17.444 0.0000000000
148138  29.885  -33.530  18.769 0.0000000000
40346  22.868  -40.839  21.144 0.0000000000
40358  22.746  -40.768  20.287 0.0000000000
38173  19.505  -42.728  19.949 0.0000000000
37090  19.007  -43.489  20.068 0.0000000000
38190  13.929  -42.483  18.779 0.0000000000
38189  14.706  -42.796  18.430 0.0000000000
38177  14.533  -42.885  19.306 0.0000000000
38165  15.165  -43.331  19.780 0.0000000000
38166  14.446  -42.936  20.229 0.0000000000
146417  23.346  -34.985  13.536 0.0000000000
46551  23.209  -34.389  13.024 0.0000000000
46537  23.755  -34.227  13.727 0.0000000000
46522  24.206  -34.806  15.011 0.0000000000
45500  23.833  -35.603  14.742 0.0000000000
41516  23.208  -40.305  18.875 0.0000000000
41501  24.184  -40.232  19.991 0.0000000000
37024  8.422  -43.440  29.318 0.0000000000
35963  8.867  -44.236  29.395 0.0000000000
74294  55.152  -8.725  -3.792 0.0000000000
153665  55.531  -8.800  -3.004 0.0000000000
154893  54.697  -9.307  -3.165 0.0000000000
71050  54.535  -11.754  1.247 0.0000000000
70085  50.466  -12.140  -0.914 0.0000000000
66016  45.475  -16.458  1.535 0.0000000000
66960  46.044  -16.124  1.943 0.0000000000
66959  46.787  -15.827  2.246 0.0000000000
63957  46.336  -18.813  6.028 0.0000000000
63980  46.582  -18.787  5.175 0.0000000000
62863  32.854  -19.479  3.764 0.0000000000
63935  34.959  -18.914  9.152 0.0000000000
63945  35.754  -18.965  7.991 0.0000000000
63934  35.608  -18.927  8.835 0.0000000000
63921  36.417  -19.097  9.296 0.0000000000
138052  36.363  -18.979  10.063 0.0000000000
52315  32.627  -29.596  9.463 0.0000000000
52340  33.219  -29.127  8.967 0.0000000000
52314  33.519  -29.251  9.827 0.0000000000
54454  37.473  -27.441  11.739 0.0000000000
54471  36.992  -27.174  11.073 0.0000000000
152307  37.479  -26.976  11.436 0.0000000000
131414  37.398  -25.848  10.730 0.0000000000
150785  39.380  -23.917  15.324 0.0000000000
58611  38.782  -23.035  14.138 0.0000000000
59615  38.520  -22.142  14.349 0.0000000000
59616  38.059  -21.941  13.833 0.0000000000
75501  50.507  -8.124  -10.360 0.0000000000
75500  51.054  -8.043  -10.965 0.0000000000
74361  51.145  -8.458  -9.927 0.0000000000
134041  51.870  -8.624  -9.543 0.0000000000
75490  51.432  -8.208  -9.082 0.0000000000
74306  53.910  -8.991  -4.965 0.0000000000
74311  54.198  -8.403  -5.407 0.0000000000
72264  59.611  -9.807  -11.980 0.0000000000
73349  60.791  -9.777  -10.826 0.0000000000
75487  56.713  -7.617  -8.847 0.0000000000
75486  57.792  -7.521  -8.910 0.0000000000
75468  57.210  -6.980  -8.352 0.0000000000
76577  57.575  -6.778  -7.939 0.0000000000
43391  26.227  -38.103  21.037 0.0000000000
38129  11.142  -42.977  24.327 0.0000000000
38115  11.724  -43.175  24.880 0.0000000000
38116  10.993  -42.979  25.053 0.0000000000
38105  11.235  -42.872  26.421 0.0000000000
38097  11.478  -42.694  27.797 0.0000000000
38088  12.047  -42.714  28.445 0.0000000000
70143  44.511  -12.117  -4.197 0.0000000000
70144  43.636  -12.278  -4.282 0.0000000000
63962  42.053  -19.273  7.024 0.0000000000
63930  42.375  -18.882  8.476 0.0000000000
39180  3.906  -41.597  27.315 0.0000000000
39152  3.094  -41.902  29.915 0.0000000000
38070  3.359  -42.509  30.124 0.0000000000
51234  26.537  -30.149  10.763 0.0000000000
51233  27.549  -30.376  10.431 0.0000000000
51219  27.169  -30.510  11.353 0.0000000000
50026  28.191  -31.509  13.628 0.0000000000
50025  29.241  -31.570  13.667 0.0000000000
50014  29.666  -31.829  14.466 0.0000000000
41530  22.118  -40.255  17.875 0.0000000000
40388  20.456  -40.678  17.413 0.0000000000
40380  19.865  -41.134  17.928 0.0000000000
39274  19.018  -41.459  17.541 0.0000000000
44484  22.226  -37.212  13.651 0.0000000000
44494  22.547  -36.508  13.397 0.0000000000
44483  22.847  -36.822  14.067 0.0000000000
44474  23.236  -37.089  14.761 0.0000000000
43480  22.932  -37.865  15.086 0.0000000000
41551  22.425  -39.527  16.608 0.0000000000
42549  22.885  -38.883  16.199 0.0000000000
41542  22.705  -39.812  17.346 0.0000000000
34920  20.657  -46.222  25.016 0.0000000000
73281  52.770  -9.995  -4.717 0.0000000000
73275  53.254  -10.049  -4.120 0.0000000000
72206  51.993  -10.942  -3.760 0.0000000000
72196  52.716  -10.654  -3.091 0.0000000000
72176  52.716  -10.763  -2.013 0.0000000000
72162  53.058  -10.826  -1.163 0.0000000000
71093  52.347  -11.070  -1.238 0.0000000000
70056  50.445  -13.229  1.915 0.0000000000
67003  41.191  -15.895  -1.859 0.0000000000
67002  42.026  -15.628  -1.719 0.0000000000
139674  42.016  -16.178  -1.536 0.0000000000
65093  43.709  -17.700  0.273 0.0000000000
66033  43.841  -17.050  -0.307 0.0000000000
66018  44.316  -17.111  0.577 0.0000000000
66017  44.919  -16.692  0.974 0.0000000000
61760  32.366  -20.134  4.781 0.0000000000
61748  33.028  -19.842  5.494 0.0000000000
63986  33.030  -19.379  5.219 0.0000000000
61705  34.550  -19.873  8.376 0.0000000000
62764  34.718  -19.217  8.797 0.0000000000
61696  34.763  -19.705  9.320 0.0000000000
146095  34.854  -29.535  11.551 0.0000000000
52248  35.645  -29.908  13.057 0.0000000000
52246  37.380  -29.382  13.655 0.0000000000
152086  36.654  -29.350  12.768 0.0000000000
53382  37.845  -28.668  13.257 0.0000000000
75458  49.684  -8.375  -7.716 0.0000000000
145072  49.173  -8.361  -8.309 0.0000000000
135893  49.955  -8.256  -8.320 0.0000000000
75457  50.584  -8.018  -7.784 0.0000000000
75456  51.186  -7.215  -7.892 0.0000000000
74313  51.906  -8.745  -5.835 0.0000000000
73290  53.153  -9.321  -5.216 0.0000000000
72283  56.103  -10.150  -12.359 0.0000000000
72301  56.212  -10.090  -12.987 0.0000000000
72266  57.254  -10.252  -12.009 0.0000000000
73353  56.754  -9.991  -11.210 0.0000000000
73342  55.366  -9.834  -10.348 0.0000000000
73330  54.829  -9.508  -9.633 0.0000000000
48832  25.842  -33.101  16.063 0.0000000000
47642  26.245  -33.331  16.709 0.0000000000
47620  26.852  -33.898  18.190 0.0000000000
47619  27.583  -33.685  18.356 0.0000000000
47611  27.816  -33.833  19.138 0.0000000000
35996  16.527  -44.405  24.505 0.0000000000
37058  16.077  -43.864  24.663 0.0000000000
37041  15.888  -43.507  26.199 0.0000000000
130134  16.707  -43.829  26.764 0.0000000000
37037  17.180  -44.203  27.593 0.0000000000
37033  17.069  -44.000  28.399 0.0000000000
38103  13.683  -43.007  26.592 0.0000000000
38102  14.482  -42.951  27.042 0.0000000000
38094  14.391  -42.875  27.963 0.0000000000
73296  47.681  -9.519  -5.500 0.0000000000
72224  48.229  -9.961  -4.951 0.0000000000
71138  48.320  -11.236  -4.055 0.0000000000
71127  47.935  -11.854  -3.705 0.0000000000
70124  49.322  -12.557  -3.195 0.0000000000
70125  48.445  -12.552  -3.304 0.0000000000
71152  45.342  -10.851  -4.905 0.0000000000
71141  45.742  -11.401  -4.407 0.0000000000
69033  47.625  -13.668  -2.533 0.0000000000
69051  47.178  -13.028  -3.020 0.0000000000
69032  48.398  -13.575  -2.293 0.0000000000
69020  48.597  -13.690  -1.506 0.0000000000
69007  48.754  -13.534  -0.668 0.0000000000
68999  47.978  -14.020  0.577 0.0000000000
68998  48.701  -13.516  0.751 0.0000000000
68979  49.259  -13.955  2.519 0.0000000000
68980  48.540  -14.071  2.058 0.0000000000
62887  42.900  -20.016  1.435 0.0000000000
62874  43.234  -20.133  2.234 0.0000000000
63983  44.133  -19.371  5.840 0.0000000000
62820  44.503  -19.724  5.051 0.0000000000
63982  45.007  -19.342  5.635 0.0000000000
63942  43.442  -18.809  7.392 0.0000000000
63928  43.973  -18.533  7.975 0.0000000000
64971  45.434  -18.314  8.374 0.0000000000
129161  46.355  -18.230  8.679 0.0000000000
129033  46.306  -18.310  7.687 0.0000000000
64970  47.323  -18.137  8.546 0.0000000000
57718  35.602  -24.049  5.716 0.0000000000
58719  35.427  -23.389  5.597 0.0000000000
75478  45.610  -7.498  -8.891 0.0000000000
74352  46.256  -8.017  -8.374 0.0000000000
73308  47.268  -9.125  -6.061 0.0000000000
73307  47.914  -9.083  -5.927 0.0000000000
40282  6.955  -41.534  25.905 0.0000000000
154084  7.656  -41.841  25.880 0.0000000000
129485  7.052  -41.944  27.883 0.0000000000
130713  7.088  -41.972  28.697 0.0000000000
132252  7.553  -42.543  28.949 0.0000000000
38082  7.141  -42.171  28.969 0.0000000000
39159  4.785  -41.973  29.270 0.0000000000
39171  5.169  -41.902  28.340 0.0000000000
133268  5.583  -42.261  29.419 0.0000000000
65127  40.490  -17.746  -1.847 0.0000000000
62922  39.396  -19.555  -1.530 0.0000000000
64069  39.185  -18.679  -1.958 0.0000000000
64054  40.895  -19.258  -1.149 0.0000000000
62910  40.576  -19.898  -0.674 0.0000000000
61813  40.398  -20.594  0.652 0.0000000000
61801  40.647  -20.650  1.508 0.0000000000
61783  41.594  -20.520  2.484 0.0000000000
61784  40.847  -20.595  2.349 0.0000000000
61816  37.386  -21.287  0.505 0.0000000000
130696  38.179  -20.980  0.179 0.0000000000
61771  39.306  -20.555  3.433 0.0000000000
61785  39.477  -20.677  2.693 0.0000000000
155208  39.873  -20.455  3.651 0.0000000000
61770  40.482  -20.344  3.925 0.0000000000
62842  40.045  -20.212  4.740 0.0000000000
138506  40.877  -19.846  5.825 0.0000000000
62824  40.235  -20.021  5.394 0.0000000000
62799  39.740  -20.021  6.606 0.0000000000
149087  39.972  -19.980  7.253 0.0000000000
62759  40.308  -19.806  8.474 0.0000000000
138908  39.752  -19.974  7.914 0.0000000000
128461  31.135  -29.924  8.958 0.0000000000
51243  30.900  -30.180  9.594 0.0000000000
130959  29.144  -30.598  10.641 0.0000000000
133644  29.911  -30.661  10.950 0.0000000000
51200  31.788  -30.764  12.053 0.0000000000
51216  31.492  -30.596  11.385 0.0000000000
147932  31.919  -30.285  10.777 0.0000000000
51215  32.383  -30.444  11.459 0.0000000000
153443  33.014  -30.436  11.860 0.0000000000
51198  33.238  -30.613  12.449 0.0000000000
51152  34.886  -31.170  15.033 0.0000000000
51151  35.755  -30.985  15.218 0.0000000000
51143  35.236  -31.462  15.813 0.0000000000
49992  27.835  -32.581  15.724 0.0000000000
145102  29.814  -32.869  16.957 0.0000000000
49990  29.703  -32.596  16.023 0.0000000000
49999  30.108  -32.134  15.229 0.0000000000
49989  30.611  -32.472  15.893 0.0000000000
48808  32.927  -32.667  17.633 0.0000000000
134611  32.064  -32.904  17.928 0.0000000000
48809  32.321  -32.640  17.097 0.0000000000
49987  32.492  -32.348  16.504 0.0000000000
130067  33.038  -31.937  16.101 0.0000000000
49977  34.670  -31.935  17.252 0.0000000000
40318  23.909  -40.956  23.097 0.0000000000
40304  24.100  -41.202  23.702 0.0000000000
39219  22.609  -41.599  22.413 0.0000000000
39212  22.847  -41.785  23.178 0.0000000000
39213  22.220  -42.001  22.889 0.0000000000
37064  21.909  -43.117  23.739 0.0000000000
38136  21.703  -42.619  22.937 0.0000000000
37080  20.095  -43.201  21.312 0.0000000000
38155  20.530  -42.501  21.183 0.0000000000
133681  20.710  -42.886  21.853 0.0000000000
147884  20.979  -43.236  22.666 0.0000000000
130000  20.543  -44.196  22.689 0.0000000000
36011  19.884  -44.531  22.073 0.0000000000
36012  19.393  -45.256  22.217 0.0000000000
129343  18.664  -45.389  21.916 0.0000000000
34970  17.890  -45.444  21.795 0.0000000000
39287  17.588  -41.618  16.352 0.0000000000
39275  17.700  -41.988  17.115 0.0000000000
155125  18.317  -41.866  17.470 0.0000000000
39264  17.883  -42.356  17.715 0.0000000000
39289  15.634  -41.975  16.169 0.0000000000
38199  15.251  -42.401  16.881 0.0000000000
37119  16.087  -43.472  18.620 0.0000000000
37118  16.917  -43.518  18.532 0.0000000000
37092  17.699  -44.268  19.836 0.0000000000
37083  16.100  -44.115  20.864 0.0000000000
146740  14.253  -42.921  21.856 0.0000000000
38147  14.595  -43.100  22.457 0.0000000000
38148  13.790  -42.907  22.407 0.0000000000
131325  14.196  -43.143  23.256 0.0000000000
146528  13.028  -42.802  22.201 0.0000000000
39254  12.033  -41.747  19.822 0.0000000000
39234  10.972  -42.152  21.348 0.0000000000
39233  11.764  -42.282  21.173 0.0000000000
38149  12.281  -42.787  22.474 0.0000000000
38150  11.427  -42.773  22.771 0.0000000000
40339  9.037  -41.586  22.269 0.0000000000
39224  9.303  -41.982  22.851 0.0000000000
40326  7.971  -40.793  23.577 0.0000000000
137001  7.298  -40.673  24.013 0.0000000000
40328  6.544  -40.280  23.992 0.0000000000
52279  24.187  -29.916  11.104 0.0000000000
52278  24.872  -29.882  11.024 0.0000000000
51221  24.678  -30.279  11.636 0.0000000000
51205  25.297  -30.618  12.242 0.0000000000
50043  22.775  -31.639  11.169 0.0000000000
51223  23.517  -30.663  11.381 0.0000000000
50042  23.275  -31.272  11.706 0.0000000000
48853  24.132  -32.782  13.462 0.0000000000
48864  23.983  -32.087  13.081 0.0000000000
48863  24.523  -32.346  13.479 0.0000000000
50028  24.992  -32.235  13.812 0.0000000000
50004  25.324  -32.635  14.433 0.0000000000
48844  25.090  -33.033  14.746 0.0000000000
46509  24.720  -34.742  15.729 0.0000000000
45488  25.374  -35.217  17.007 0.0000000000
45474  25.080  -35.961  16.931 0.0000000000
43463  23.967  -37.786  16.188 0.0000000000
44461  24.170  -36.928  15.996 0.0000000000
150918  24.966  -38.738  18.336 0.0000000000
43431  24.751  -38.314  17.628 0.0000000000
153129  25.216  -38.084  18.177 0.0000000000
42521  25.497  -38.295  18.780 0.0000000000
42508  25.719  -38.537  19.569 0.0000000000
41513  25.398  -39.318  19.893 0.0000000000
40344  24.345  -40.398  21.752 0.0000000000
41487  24.922  -39.930  21.246 0.0000000000
40331  24.457  -40.549  22.618 0.0000000000
38110  23.853  -42.687  24.088 0.0000000000
35988  17.501  -45.194  25.862 0.0000000000
35987  18.085  -45.860  25.643 0.0000000000
39176  9.080  -42.414  27.110 0.0000000000
39168  9.229  -42.076  28.412 0.0000000000
37022  10.428  -43.829  29.847 0.0000000000
38079  10.396  -42.800  29.032 0.0000000000
136903  11.153  -43.524  29.867 0.0000000000
37011  12.031  -44.011  30.296 0.0000000000
35951  11.560  -44.990  30.687 0.0000000000
73242  54.135  -10.012  -1.929 0.0000000000
73241  55.117  -9.793  -1.331 0.0000000000
72160  54.915  -10.272  -0.487 0.0000000000
71059  55.287  -11.468  0.847 0.0000000000
71136  50.316  -11.334  -4.169 0.0000000000
71125  50.629  -11.814  -3.495 0.0000000000
71077  51.266  -11.823  -0.804 0.0000000000
71094  51.669  -11.414  -1.383 0.0000000000
138738  52.330  -11.562  -0.019 0.0000000000
70055  51.285  -13.182  2.018 0.0000000000
70054  52.181  -13.195  2.078 0.0000000000
70053  52.998  -13.102  2.139 0.0000000000
68986  54.252  -13.157  1.998 0.0000000000
150740  42.165  -13.332  -3.517 0.0000000000
145340  42.566  -12.982  -3.760 0.0000000000
69056  42.817  -13.460  -3.374 0.0000000000
69055  43.705  -13.410  -3.314 0.0000000000
67001  42.807  -15.490  -1.555 0.0000000000
67000  43.680  -15.379  -1.355 0.0000000000
67961  45.064  -15.243  -0.785 0.0000000000
67974  45.271  -14.818  -1.540 0.0000000000
67960  46.366  -14.917  -0.535 0.0000000000
66958  47.481  -15.458  2.545 0.0000000000
67923  48.164  -15.059  2.952 0.0000000000
67922  49.015  -14.848  3.179 0.0000000000
62872  44.354  -19.535  2.960 0.0000000000
64022  43.921  -18.797  1.530 0.0000000000
64012  44.892  -18.818  3.042 0.0000000000
155462  46.213  -18.109  3.643 0.0000000000
65039  46.065  -17.347  3.211 0.0000000000
65006  49.678  -17.533  5.765 0.0000000000
65007  48.697  -17.801  5.552 0.0000000000
141227  47.996  -17.350  4.107 0.0000000000
65971  48.723  -17.170  4.257 0.0000000000
66941  48.086  -16.460  3.619 0.0000000000
151997  34.066  -20.328  2.542 0.0000000000
64000  33.633  -19.176  5.050 0.0000000000
62830  34.492  -19.249  5.241 0.0000000000
62802  36.194  -19.530  6.425 0.0000000000
62829  35.385  -19.502  5.415 0.0000000000
62828  36.241  -19.726  5.623 0.0000000000
128892  37.055  -19.885  5.985 0.0000000000
62801  37.975  -19.978  6.444 0.0000000000
62752  38.190  -19.693  9.567 0.0000000000
62761  38.557  -19.869  8.787 0.0000000000
62742  38.764  -19.709  10.081 0.0000000000
62741  39.597  -19.656  10.259 0.0000000000
148232  39.485  -19.529  10.993 0.0000000000
53425  35.425  -28.504  10.660 0.0000000000
53426  34.716  -28.762  10.361 0.0000000000
55501  35.764  -26.832  9.302 0.0000000000
54512  35.194  -27.232  8.847 0.0000000000
54524  35.002  -27.016  8.042 0.0000000000
55535  35.319  -26.443  7.681 0.0000000000
56651  36.001  -25.736  8.374 0.0000000000
56630  36.891  -25.009  9.546 0.0000000000
56650  36.445  -25.228  8.746 0.0000000000
57686  36.655  -24.523  8.912 0.0000000000
57670  36.939  -24.129  9.456 0.0000000000
52202  39.034  -29.927  17.155 0.0000000000
52216  38.833  -29.779  16.291 0.0000000000
53326  39.588  -29.183  16.678 0.0000000000
54393  40.331  -27.817  16.312 0.0000000000
54419  39.355  -27.976  14.510 0.0000000000
131198  39.681  -27.278  14.577 0.0000000000
57613  39.240  -24.518  14.789 0.0000000000
56567  39.685  -25.252  15.264 0.0000000000
56572  39.377  -25.502  14.496 0.0000000000
56578  38.998  -25.844  13.764 0.0000000000
56579  38.669  -25.278  13.147 0.0000000000
56587  38.440  -25.094  12.424 0.0000000000
152820  38.544  -24.755  12.862 0.0000000000
58634  38.067  -23.042  12.036 0.0000000000
58643  37.867  -23.283  11.434 0.0000000000
59660  37.532  -23.083  10.859 0.0000000000
58652  37.022  -22.886  10.208 0.0000000000
136847  36.602  -22.245  10.288 0.0000000000
60660  36.092  -21.824  9.915 0.0000000000
59650  36.982  -22.282  10.988 0.0000000000
61667  36.230  -20.649  12.474 0.0000000000
149842  35.810  -20.485  11.866 0.0000000000
61676  35.466  -19.845  11.545 0.0000000000
61668  35.682  -19.925  12.393 0.0000000000
60604  37.810  -20.540  15.498 0.0000000000
61628  38.061  -20.120  16.165 0.0000000000
62693  36.874  -19.265  14.594 0.0000000000
63852  36.523  -19.005  14.094 0.0000000000
63870  36.078  -18.974  13.236 0.0000000000
63869  36.948  -18.880  13.459 0.0000000000
63895  37.054  -18.970  11.840 0.0000000000
63881  37.465  -18.921  12.784 0.0000000000
77567  53.453  -5.263  -12.734 0.0000000000
76596  48.123  -6.459  -10.938 0.0000000000
76595  48.608  -7.061  -10.784 0.0000000000
74370  53.021  -8.744  -11.516 0.0000000000
73345  52.962  -9.181  -10.613 0.0000000000
140305  52.690  -8.713  -9.274 0.0000000000
73332  53.164  -9.241  -9.787 0.0000000000
74348  53.965  -8.119  -8.755 0.0000000000
76561  51.714  -6.845  -7.919 0.0000000000
75472  52.016  -6.894  -8.311 0.0000000000
76572  52.451  -6.653  -7.945 0.0000000000
76558  53.844  -6.713  -7.444 0.0000000000
133191  54.872  -6.431  -7.604 0.0000000000
76569  55.818  -6.263  -7.838 0.0000000000
76557  55.639  -6.835  -6.908 0.0000000000
75421  56.426  -7.560  -4.640 0.0000000000
72312  57.175  -10.198  -14.099 0.0000000000
72311  57.916  -10.436  -14.475 0.0000000000
71207  58.310  -10.746  -14.160 0.0000000000
74366  58.981  -8.538  -10.096 0.0000000000
41459  25.861  -39.736  23.502 0.0000000000
39214  9.790  -42.622  24.055 0.0000000000
147139  10.351  -42.843  25.201 0.0000000000
39204  9.739  -42.654  24.887 0.0000000000
38117  9.814  -42.747  25.784 0.0000000000
38106  10.382  -42.800  26.515 0.0000000000
63931  41.568  -19.170  8.733 0.0000000000
63918  42.143  -18.782  9.399 0.0000000000
149526  26.844  -30.636  12.055 0.0000000000
132376  27.064  -30.835  12.688 0.0000000000
51186  27.290  -31.169  13.360 0.0000000000
41552  21.590  -39.745  16.367 0.0000000000
40398  20.206  -40.440  16.645 0.0000000000
43498  21.797  -37.861  14.047 0.0000000000
43481  22.166  -38.227  14.751 0.0000000000
34950  19.120  -45.903  23.289 0.0000000000
34936  19.692  -46.114  24.165 0.0000000000
131395  18.965  -46.467  24.665 0.0000000000
34921  19.174  -46.738  25.361 0.0000000000
73292  51.473  -9.401  -5.427 0.0000000000
73282  51.908  -10.056  -4.946 0.0000000000
72213  51.524  -10.698  -4.508 0.0000000000
68988  49.911  -13.612  2.279 0.0000000000
68978  50.711  -13.735  2.569 0.0000000000
67919  51.742  -14.702  3.678 0.0000000000
66048  42.548  -16.666  -1.248 0.0000000000
65076  44.066  -17.742  1.043 0.0000000000
60711  34.125  -21.243  5.571 0.0000000000
139015  33.868  -20.527  6.012 0.0000000000
61736  33.909  -20.078  6.652 0.0000000000
146646  34.531  -20.674  7.065 0.0000000000
155147  34.616  -20.489  7.724 0.0000000000
52239  35.977  -30.198  13.857 0.0000000000
52237  37.640  -29.699  14.436 0.0000000000
74323  49.374  -8.485  -7.082 0.0000000000
74322  50.617  -8.366  -6.632 0.0000000000
73374  55.235  -9.187  -12.744 0.0000000000
72268  55.677  -10.035  -11.754 0.0000000000
73354  55.098  -9.775  -11.761 0.0000000000
73355  54.499  -9.668  -11.383 0.0000000000
136474  53.922  -9.602  -11.003 0.0000000000
46499  25.678  -34.343  17.005 0.0000000000
152518  26.037  -33.774  17.085 0.0000000000
46498  26.232  -34.142  17.642 0.0000000000
150268  26.502  -34.493  18.236 0.0000000000
46482  26.929  -34.393  18.982 0.0000000000
37059  15.356  -43.614  24.250 0.0000000000
38100  16.039  -43.141  27.150 0.0000000000
38086  13.836  -42.833  28.713 0.0000000000
134836  14.623  -42.902  28.735 0.0000000000
72226  46.520  -10.199  -5.140 0.0000000000
72216  46.956  -10.693  -4.646 0.0000000000
70142  45.325  -12.017  -4.065 0.0000000000
70127  46.201  -12.055  -3.828 0.0000000000
69034  46.807  -13.674  -2.680 0.0000000000
133691  47.753  -14.208  -0.114 0.0000000000
67948  47.345  -14.502  0.409 0.0000000000
62860  42.863  -20.350  2.970 0.0000000000
130164  43.243  -20.160  3.836 0.0000000000
62821  43.638  -19.737  5.244 0.0000000000
64972  44.490  -18.364  8.566 0.0000000000
73309  46.485  -9.230  -6.211 0.0000000000
40283  6.141  -41.335  25.948 0.0000000000
39187  6.638  -41.733  26.576 0.0000000000
39170  6.215  -41.942  28.305 0.0000000000
141744  38.742  -19.205  -1.876 0.0000000000
62911  39.791  -20.065  -0.856 0.0000000000
61832  39.396  -20.543  -0.328 0.0000000000
61814  39.590  -20.715  0.428 0.0000000000
129519  38.319  -20.954  1.855 0.0000000000
61786  38.075  -20.807  2.681 0.0000000000
151577  39.749  -20.172  5.210 0.0000000000
62843  39.242  -20.289  4.941 0.0000000000
62800  38.942  -20.119  6.512 0.0000000000
52318  29.630  -30.126  8.950 0.0000000000
136400  30.182  -30.985  12.414 0.0000000000
130762  30.058  -30.842  11.722 0.0000000000
150888  31.368  -30.947  12.603 0.0000000000
137087  31.986  -30.894  12.701 0.0000000000
51181  32.677  -30.851  12.965 0.0000000000
51166  32.722  -31.116  13.795 0.0000000000
48812  28.457  -33.031  17.218 0.0000000000
48810  30.666  -32.912  17.295 0.0000000000
134792  33.403  -32.833  18.783 0.0000000000
49978  33.732  -32.330  17.416 0.0000000000
40345  23.651  -40.664  21.425 0.0000000000
39230  22.349  -41.381  21.644 0.0000000000
39250  20.444  -41.627  19.523 0.0000000000
39239  20.735  -41.754  20.271 0.0000000000
39240  20.024  -42.092  20.104 0.0000000000
38164  19.937  -42.730  20.613 0.0000000000
37081  19.718  -44.077  21.344 0.0000000000
37082  18.946  -44.359  20.712 0.0000000000
39288  16.603  -41.891  16.217 0.0000000000
38200  14.929  -42.641  17.616 0.0000000000
37107  15.868  -43.686  19.392 0.0000000000
37093  16.401  -44.075  19.926 0.0000000000
130692  15.485  -43.779  21.536 0.0000000000
129654  14.344  -42.957  21.121 0.0000000000
146199  10.089  -42.000  21.522 0.0000000000
51222  24.036  -30.404  11.629 0.0000000000
47688  22.929  -33.893  12.375 0.0000000000
48874  23.127  -32.980  12.301 0.0000000000
48873  23.531  -32.277  12.539 0.0000000000
47667  24.178  -33.481  13.931 0.0000000000
47666  24.699  -33.514  14.597 0.0000000000
42537  24.036  -38.933  17.310 0.0000000000
42523  24.094  -39.418  17.919 0.0000000000
41527  24.542  -39.491  18.546 0.0000000000
41514  24.770  -39.746  19.457 0.0000000000
41488  24.257  -40.282  20.879 0.0000000000
39169  8.523  -41.951  28.646 0.0000000000
39157  9.148  -41.979  28.958 0.0000000000
38064  9.204  -43.002  29.201 0.0000000000
37023  9.514  -43.578  29.484 0.0000000000
72150  54.714  -10.807  0.186 0.0000000000
70061  55.068  -12.726  1.449 0.0000000000
70109  50.146  -12.399  -2.961 0.0000000000
71114  50.835  -11.930  -2.564 0.0000000000
71063  51.638  -11.888  -0.087 0.0000000000
68965  52.842  -14.317  3.175 0.0000000000
69039  42.116  -13.871  -2.991 0.0000000000
153869  44.587  -16.471  -0.076 0.0000000000
66986  44.056  -15.993  -0.809 0.0000000000
66977  44.909  -16.297  0.343 0.0000000000
66976  45.446  -15.881  0.571 0.0000000000
67941  46.172  -15.481  0.842 0.0000000000
66968  46.511  -15.618  1.615 0.0000000000
66951  47.717  -15.738  3.046 0.0000000000
62837  45.343  -19.342  4.168 0.0000000000
141908  45.320  -18.971  3.592 0.0000000000
63999  45.911  -19.027  4.668 0.0000000000
63979  47.366  -18.340  4.941 0.0000000000
65954  50.024  -17.121  5.002 0.0000000000
62876  33.256  -19.890  2.758 0.0000000000
131347  34.566  -18.882  6.911 0.0000000000
63984  34.726  -18.987  6.043 0.0000000000
63946  35.175  -18.887  7.465 0.0000000000
63963  35.977  -19.137  7.202 0.0000000000
155024  36.460  -19.408  7.712 0.0000000000
62763  37.190  -19.679  7.889 0.0000000000
63920  37.216  -19.367  9.821 0.0000000000
63908  37.998  -19.527  10.369 0.0000000000
54486  35.581  -27.865  10.157 0.0000000000
54485  36.214  -27.769  10.712 0.0000000000
55481  36.508  -27.033  10.420 0.0000000000
55500  36.416  -26.467  9.816 0.0000000000
55518  36.166  -26.092  9.011 0.0000000000
55499  36.929  -25.783  10.055 0.0000000000
56613  37.343  -25.137  10.308 0.0000000000
53325  40.243  -28.477  16.796 0.0000000000
57614  38.828  -23.995  14.065 0.0000000000
57623  38.649  -24.442  13.320 0.0000000000
58622  38.587  -23.490  13.252 0.0000000000
59635  38.273  -22.814  12.769 0.0000000000
59636  37.700  -22.246  12.333 0.0000000000
59637  37.182  -22.021  11.758 0.0000000000
59627  37.928  -22.138  13.162 0.0000000000
60625  37.546  -21.407  13.612 0.0000000000
60626  36.744  -20.849  13.270 0.0000000000
75492  49.208  -7.913  -9.908 0.0000000000
75502  49.266  -7.402  -10.758 0.0000000000
74372  51.749  -8.354  -11.166 0.0000000000
74367  52.305  -8.799  -10.917 0.0000000000
75436  53.023  -8.097  -6.189 0.0000000000
76559  52.868  -6.839  -7.449 0.0000000000
75444  53.314  -7.386  -6.778 0.0000000000
75435  53.917  -7.854  -6.095 0.0000000000
75434  54.910  -7.781  -5.592 0.0000000000
75442  55.490  -7.197  -6.093 0.0000000000
72281  57.799  -10.510  -12.752 0.0000000000
72298  58.341  -10.709  -13.517 0.0000000000
72279  60.199  -10.206  -12.544 0.0000000000
76566  58.271  -6.938  -7.776 0.0000000000
131839  25.941  -37.548  19.322 0.0000000000
44412  26.354  -36.625  19.576 0.0000000000
44397  26.327  -37.189  20.031 0.0000000000
43403  26.501  -37.237  20.840 0.0000000000
42470  26.513  -38.485  22.685 0.0000000000
38127  13.074  -43.360  24.778 0.0000000000
147908  12.353  -43.267  24.658 0.0000000000
136979  12.463  -43.254  25.473 0.0000000000
129503  12.890  -42.904  27.156 0.0000000000
38104  12.148  -42.953  26.434 0.0000000000
38087  12.965  -42.765  28.661 0.0000000000
38060  13.392  -43.267  29.885 0.0000000000
37021  12.785  -43.621  30.119 0.0000000000
71153  44.442  -10.879  -5.205 0.0000000000
70128  44.939  -12.615  -3.684 0.0000000000
69054  44.596  -13.282  -3.278 0.0000000000
62796  42.355  -19.480  6.191 0.0000000000
63943  42.611  -18.946  7.618 0.0000000000
63929  43.168  -18.690  8.202 0.0000000000
151197  43.457  -18.393  9.369 0.0000000000
64960  44.114  -18.289  9.312 0.0000000000
153286  3.212  -41.781  28.493 0.0000000000
39160  3.671  -41.906  29.194 0.0000000000
38069  4.056  -42.856  29.901 0.0000000000
129536  36.961  -21.341  1.134 0.0000000000
133640  36.520  -21.153  1.767 0.0000000000
51203  27.664  -30.751  12.039 0.0000000000
51202  28.597  -30.877  12.117 0.0000000000
51201  29.464  -30.966  12.273 0.0000000000
51184  29.775  -31.272  12.970 0.0000000000
50024  30.159  -31.580  13.696 0.0000000000
40368  22.582  -40.660  19.454 0.0000000000
40377  22.368  -40.487  18.649 0.0000000000
40369  21.739  -40.824  19.232 0.0000000000
40370  20.910  -41.020  19.020 0.0000000000
40387  21.284  -40.473  17.647 0.0000000000
40379  20.684  -40.876  18.207 0.0000000000
39252  18.827  -42.384  18.714 0.0000000000
39278  13.533  -41.757  17.314 0.0000000000
39266  13.380  -41.962  18.298 0.0000000000
137531  13.279  -42.128  19.071 0.0000000000
39267  12.633  -41.671  18.804 0.0000000000
153594  12.315  -41.706  19.345 0.0000000000
45520  22.846  -35.709  13.274 0.0000000000
45510  23.368  -35.614  14.024 0.0000000000
44482  23.393  -36.313  14.429 0.0000000000
43479  23.634  -37.430  15.468 0.0000000000
42564  22.567  -38.591  15.445 0.0000000000
41541  23.507  -39.614  17.609 0.0000000000
73274  53.839  -9.730  -3.750 0.0000000000
73260  53.995  -9.874  -2.859 0.0000000000
72205  52.744  -10.466  -3.974 0.0000000000
131255  53.397  -10.329  -2.486 0.0000000000
71074  53.716  -11.056  0.107 0.0000000000
136817  50.407  -12.596  0.558 0.0000000000
67015  41.397  -15.089  -2.098 0.0000000000
66047  43.334  -16.588  -0.954 0.0000000000
66046  44.110  -16.509  -0.523 0.0000000000
66002  45.774  -16.581  2.166 0.0000000000
129147  47.304  -18.146  7.487 0.0000000000
64997  47.617  -18.221  6.466 0.0000000000
138541  32.385  -19.557  4.309 0.0000000000
128842  33.572  -19.210  5.833 0.0000000000
63966  33.854  -19.109  6.578 0.0000000000
62781  33.914  -19.267  7.028 0.0000000000
63948  33.993  -18.983  7.112 0.0000000000
135591  34.712  -19.041  8.352 0.0000000000
63923  35.227  -19.003  10.035 0.0000000000
52291  33.418  -29.635  10.649 0.0000000000
52290  34.145  -29.213  10.476 0.0000000000
53415  35.464  -29.105  11.410 0.0000000000
53401  36.105  -29.079  11.952 0.0000000000
52247  36.571  -29.672  13.263 0.0000000000
54455  36.662  -28.584  11.874 0.0000000000
53399  37.414  -28.301  12.335 0.0000000000
54453  38.049  -27.423  12.367 0.0000000000
75494  47.413  -7.258  -9.985 0.0000000000
75493  48.100  -7.676  -9.733 0.0000000000
134512  48.703  -7.882  -9.580 0.0000000000
132405  49.946  -8.222  -9.109 0.0000000000
139676  51.408  -7.637  -8.521 0.0000000000
75446  51.623  -7.316  -7.372 0.0000000000
74321  51.534  -8.046  -6.549 0.0000000000
75445  52.390  -7.520  -6.832 0.0000000000
135530  52.717  -8.779  -5.736 0.0000000000
73392  57.009  -9.596  -14.207 0.0000000000
72300  56.920  -10.335  -13.458 0.0000000000
141256  57.457  -10.543  -13.290 0.0000000000
72265  58.385  -9.995  -12.074 0.0000000000
73351  58.999  -9.447  -11.382 0.0000000000
73339  59.573  -8.972  -10.670 0.0000000000
72257  55.890  -10.046  -11.090 0.0000000000
73341  56.264  -9.792  -10.393 0.0000000000
73328  56.741  -9.183  -9.816 0.0000000000
74357  56.220  -8.612  -9.195 0.0000000000
75488  55.545  -7.581  -8.843 0.0000000000
50003  25.827  -32.431  14.749 0.0000000000
50002  26.528  -32.193  14.980 0.0000000000
48841  26.974  -32.589  15.626 0.0000000000
48830  27.340  -32.836  16.347 0.0000000000
48814  26.903  -33.093  16.962 0.0000000000
48813  27.672  -33.046  17.096 0.0000000000
48797  28.012  -33.352  17.766 0.0000000000
47618  28.410  -33.585  18.500 0.0000000000
45445  26.719  -35.807  19.969 0.0000000000
140551  26.828  -35.109  19.477 0.0000000000
138210  27.207  -34.560  19.757 0.0000000000
133491  27.807  -34.808  20.975 0.0000000000
46473  27.611  -34.432  20.264 0.0000000000
41580  20.172  -39.464  14.711 0.0000000000
35995  17.101  -45.168  24.244 0.0000000000
35980  17.405  -44.922  26.588 0.0000000000
35989  16.500  -43.978  25.531 0.0000000000
37047  17.101  -44.435  26.144 0.0000000000
34892  17.261  -45.157  27.157 0.0000000000
144093  14.385  -43.245  26.212 0.0000000000
38101  15.222  -43.163  26.652 0.0000000000
38085  15.235  -42.929  28.322 0.0000000000
38092  15.978  -42.955  27.970 0.0000000000
37034  16.404  -43.476  28.449 0.0000000000
72223  49.201  -9.879  -4.934 0.0000000000
71137  49.580  -11.183  -4.228 0.0000000000
72215  47.848  -10.627  -4.536 0.0000000000
145297  49.059  -11.364  -4.029 0.0000000000
155415  49.642  -12.937  -1.720 0.0000000000
71128  47.075  -11.864  -3.768 0.0000000000
70126  47.579  -12.488  -3.388 0.0000000000
139796  48.861  -13.081  -2.719 0.0000000000
69031  49.123  -13.325  -2.000 0.0000000000
70100  49.803  -12.598  -1.013 0.0000000000
70086  49.359  -12.968  -0.407 0.0000000000
70075  49.497  -12.953  0.484 0.0000000000
68997  49.339  -13.284  1.312 0.0000000000
131929  48.330  -13.760  -0.046 0.0000000000
141358  49.274  -13.586  1.939 0.0000000000
68968  49.926  -13.995  2.882 0.0000000000
67921  49.935  -14.584  3.356 0.0000000000
64029  43.302  -19.269  0.994 0.0000000000
62873  43.895  -19.560  2.255 0.0000000000
136040  44.157  -19.927  3.676 0.0000000000
62819  45.260  -19.510  4.858 0.0000000000
63939  45.945  -18.604  6.878 0.0000000000
63960  43.756  -18.984  6.581 0.0000000000
64985  44.811  -18.511  7.787 0.0000000000
63940  45.121  -18.690  7.012 0.0000000000
59711  34.933  -22.906  5.147 0.0000000000
59710  35.350  -22.829  5.871 0.0000000000
153816  35.746  -23.003  6.858 0.0000000000
51132  37.769  -31.022  17.201 0.0000000000
51131  38.559  -30.651  17.592 0.0000000000
143660  46.749  -7.269  -9.658 0.0000000000
74351  46.955  -7.987  -8.548 0.0000000000
74336  47.777  -8.527  -7.352 0.0000000000
74317  48.390  -8.879  -6.202 0.0000000000
76602  54.340  -6.881  -12.922 0.0000000000
146529  7.845  -41.709  25.236 0.0000000000
39196  8.375  -42.045  25.707 0.0000000000
39178  7.707  -41.969  27.400 0.0000000000
151118  7.051  -41.926  27.155 0.0000000000
38081  8.450  -42.037  29.083 0.0000000000
39148  6.730  -42.462  28.967 0.0000000000
38066  6.732  -42.897  29.068 0.0000000000
132669  6.990  -43.971  29.846 0.0000000000
66064  40.780  -16.808  -1.849 0.0000000000
65126  41.387  -17.525  -1.561 0.0000000000
151540  41.814  -18.096  -1.178 0.0000000000
64053  41.687  -18.894  -0.944 0.0000000000
62897  41.773  -19.991  0.291 0.0000000000
133252  42.120  -20.314  1.158 0.0000000000
61812  41.258  -20.477  0.878 0.0000000000
61769  42.003  -20.410  3.041 0.0000000000
62861  41.558  -20.265  3.859 0.0000000000
61815  38.969  -20.814  0.162 0.0000000000
129538  39.122  -20.830  2.016 0.0000000000
131832  40.002  -20.711  2.153 0.0000000000
62775  41.245  -19.596  7.328 0.0000000000
147078  40.174  -19.961  6.062 0.0000000000
62758  41.054  -19.554  8.171 0.0000000000
151082  40.858  -19.506  8.879 0.0000000000
62740  40.530  -19.377  10.214 0.0000000000
52342  31.735  -29.700  8.591 0.0000000000
152898  32.178  -29.702  9.028 0.0000000000
52293  28.363  -30.256  9.558 0.0000000000
51245  29.183  -30.381  9.735 0.0000000000
51244  30.074  -30.338  9.640 0.0000000000
51217  30.716  -30.651  11.205 0.0000000000
51231  30.578  -30.455  10.380 0.0000000000
51230  31.451  -30.216  10.189 0.0000000000
52292  32.219  -29.934  10.144 0.0000000000
51229  32.663  -29.981  10.765 0.0000000000
52262  33.672  -30.220  11.922 0.0000000000
51180  33.437  -30.780  13.201 0.0000000000
51179  34.290  -30.672  13.386 0.0000000000
51178  35.138  -30.484  13.601 0.0000000000
51163  35.457  -30.755  14.410 0.0000000000
51141  36.820  -31.002  16.135 0.0000000000
50017  26.976  -31.837  14.411 0.0000000000
50016  27.834  -31.831  14.445 0.0000000000
49991  28.723  -32.589  15.842 0.0000000000
48794  30.665  -33.246  18.199 0.0000000000
138897  31.539  -32.810  17.191 0.0000000000
48826  31.079  -32.687  16.536 0.0000000000
49988  31.412  -32.327  15.887 0.0000000000
49998  31.797  -31.902  15.242 0.0000000000
140420  32.642  -31.780  15.315 0.0000000000
149548  33.458  -31.660  15.414 0.0000000000
49997  34.278  -31.610  15.700 0.0000000000
49985  34.735  -31.741  16.393 0.0000000000
150963  36.374  -31.435  16.538 0.0000000000
51133  37.005  -31.287  16.840 0.0000000000
40303  24.670  -41.133  24.017 0.0000000000
39202  23.919  -41.699  24.018 0.0000000000
38123  23.434  -42.349  24.071 0.0000000000
40319  23.279  -41.265  22.739 0.0000000000
39203  23.064  -41.980  23.889 0.0000000000
38124  22.728  -42.719  23.981 0.0000000000
39231  21.638  -41.686  21.311 0.0000000000
39232  20.899  -41.870  21.004 0.0000000000
39221  21.071  -42.144  21.686 0.0000000000
36001  20.660  -44.775  23.375 0.0000000000
150699  19.484  -45.556  22.799 0.0000000000
34951  18.169  -45.843  23.120 0.0000000000
134702  17.307  -45.499  23.366 0.0000000000
41568  19.612  -39.905  15.176 0.0000000000
40399  19.401  -40.678  16.393 0.0000000000
40400  18.479  -40.980  16.207 0.0000000000
40390  18.964  -41.052  16.864 0.0000000000
39263  18.577  -42.037  18.051 0.0000000000
151000  18.384  -42.974  18.885 0.0000000000
134554  15.653  -42.760  17.450 0.0000000000
38198  17.109  -42.570  17.352 0.0000000000
38186  17.364  -42.914  18.066 0.0000000000
38175  17.740  -43.298  18.700 0.0000000000
37104  18.246  -43.620  19.393 0.0000000000
36035  18.044  -44.744  20.475 0.0000000000
36036  17.062  -44.612  20.416 0.0000000000
36025  17.553  -45.017  21.190 0.0000000000
36013  17.250  -45.212  21.851 0.0000000000
34961  17.467  -45.499  22.523 0.0000000000
37066  15.432  -43.693  23.338 0.0000000000
37072  15.340  -43.663  22.411 0.0000000000
38137  14.876  -43.399  23.603 0.0000000000
39241  13.103  -42.437  20.318 0.0000000000
38168  13.022  -42.569  20.917 0.0000000000
38158  12.496  -42.613  21.531 0.0000000000
38139  11.300  -42.907  23.573 0.0000000000
38140  10.544  -42.821  23.778 0.0000000000
39223  9.964  -42.510  23.102 0.0000000000
40310  6.003  -40.559  24.657 0.0000000000
40294  5.610  -40.847  25.351 0.0000000000
52296  25.110  -29.693  10.308 0.0000000000
52277  25.645  -29.954  10.937 0.0000000000
51188  25.639  -30.950  13.109 0.0000000000
143688  23.733  -31.598  12.430 0.0000000000
51190  24.243  -31.222  12.676 0.0000000000
50027  25.362  -31.670  13.528 0.0000000000
48843  25.503  -32.955  15.259 0.0000000000
47653  25.392  -33.409  15.841 0.0000000000
46508  25.056  -33.935  15.998 0.0000000000
152408  25.401  -34.151  16.468 0.0000000000
44472  24.400  -36.183  15.887 0.0000000000
44460  24.709  -36.446  16.480 0.0000000000
42536  24.297  -38.094  16.905 0.0000000000
43447  24.786  -37.604  17.219 0.0000000000
44444  25.062  -36.775  17.227 0.0000000000
44443  25.589  -36.727  17.990 0.0000000000
42495  25.835  -38.743  20.424 0.0000000000
41486  25.542  -39.525  21.682 0.0000000000
41460  25.099  -40.137  23.091 0.0000000000
39185  8.979  -42.444  26.202 0.0000000000
39175  9.962  -42.611  27.385 0.0000000000
39156  9.736  -42.361  28.714 0.0000000000
38090  10.538  -42.607  28.614 0.0000000000
38089  11.238  -42.645  28.432 0.0000000000
38062  11.924  -43.220  29.722 0.0000000000
71135  51.142  -11.316  -4.061 0.0000000000
71113  51.475  -11.418  -2.193 0.0000000000
72177  51.996  -11.060  -1.880 0.0000000000
71051  53.687  -11.879  1.297 0.0000000000
70073  51.289  -12.327  0.619 0.0000000000
70064  52.691  -12.735  1.750 0.0000000000
71052  52.837  -12.187  1.257 0.0000000000
145269  54.009  -12.235  1.680 0.0000000000
70145  42.749  -12.480  -4.271 0.0000000000
69036  45.096  -13.826  -2.752 0.0000000000
149398  42.371  -14.476  -2.479 0.0000000000
67989  43.834  -14.658  -2.059 0.0000000000
67988  44.750  -14.496  -2.151 0.0000000000
67987  45.601  -14.369  -2.196 0.0000000000
141242  46.538  -14.741  -1.253 0.0000000000
136098  47.650  -14.365  1.062 0.0000000000
67940  46.994  -14.896  1.200 0.0000000000
67939  47.766  -14.561  1.703 0.0000000000
67932  48.721  -14.511  2.699 0.0000000000
67910  50.411  -15.142  3.919 0.0000000000
65059  44.489  -17.815  1.737 0.0000000000
65058  44.940  -17.908  2.519 0.0000000000
65057  45.539  -17.165  2.626 0.0000000000
65987  46.013  -16.703  2.717 0.0000000000
65986  46.628  -16.653  3.101 0.0000000000
65021  47.438  -17.874  4.270 0.0000000000
65985  47.324  -16.312  3.200 0.0000000000
66940  49.010  -16.210  3.971 0.0000000000
66938  50.830  -15.986  4.364 0.0000000000
61789  35.662  -20.948  2.129 0.0000000000
61774  36.803  -20.612  3.395 0.0000000000
129021  33.618  -19.455  4.179 0.0000000000
135759  34.372  -19.777  3.731 0.0000000000
62847  35.288  -19.700  4.644 0.0000000000
62862  35.188  -19.974  3.808 0.0000000000
62846  36.184  -20.210  4.090 0.0000000000
152121  36.659  -20.149  4.542 0.0000000000
61758  37.159  -20.401  4.216 0.0000000000
62827  37.805  -20.189  5.457 0.0000000000
62778  38.512  -19.975  7.268 0.0000000000
62762  38.065  -19.894  8.033 0.0000000000
131921  38.945  -19.999  8.013 0.0000000000
62760  39.490  -19.925  8.698 0.0000000000
52313  34.279  -28.745  9.868 0.0000000000
53439  34.465  -28.372  9.388 0.0000000000
54499  35.379  -27.556  9.565 0.0000000000
54500  34.809  -27.867  9.170 0.0000000000
56665  36.046  -25.121  7.916 0.0000000000
57696  36.028  -24.395  7.457 0.0000000000
149670  36.239  -23.871  7.917 0.0000000000
58694  36.144  -23.185  8.057 0.0000000000
52217  38.099  -30.203  15.968 0.0000000000
52228  38.582  -29.634  15.519 0.0000000000
52236  38.363  -29.384  14.809 0.0000000000
137186  38.900  -29.093  15.159 0.0000000000
53357  38.862  -28.717  14.541 0.0000000000
53381  38.675  -28.161  13.732 0.0000000000
54439  38.678  -27.238  13.096 0.0000000000
55427  40.307  -27.026  15.894 0.0000000000
56566  40.087  -26.042  15.754 0.0000000000
55428  39.943  -26.763  15.094 0.0000000000
55435  39.504  -26.477  14.308 0.0000000000
55440  39.024  -26.625  13.613 0.0000000000
152103  38.392  -26.727  12.441 0.0000000000
129404  38.340  -25.945  12.164 0.0000000000
56596  38.121  -25.213  11.719 0.0000000000
57654  37.622  -24.480  10.654 0.0000000000
57634  38.466  -24.228  12.568 0.0000000000
58651  37.354  -23.721  10.214 0.0000000000
58660  36.817  -23.325  9.495 0.0000000000
141746  36.391  -22.887  8.856 0.0000000000
59685  35.828  -22.391  8.337 0.0000000000
60674  35.971  -22.109  9.140 0.0000000000
60661  35.493  -21.250  9.481 0.0000000000
60654  35.616  -20.989  10.297 0.0000000000
60646  36.466  -21.333  11.611 0.0000000000
60647  35.736  -20.737  11.136 0.0000000000
143103  35.064  -20.358  9.835 0.0000000000
61685  34.957  -19.642  10.061 0.0000000000
62743  35.322  -19.515  10.761 0.0000000000
149217  35.535  -19.201  10.727 0.0000000000
60603  38.555  -21.547  15.317 0.0000000000
60615  37.018  -20.776  14.122 0.0000000000
61649  36.485  -20.061  14.100 0.0000000000
143214  37.456  -19.921  15.448 0.0000000000
61639  36.872  -19.713  14.810 0.0000000000
61658  35.838  -19.400  12.846 0.0000000000
63883  35.833  -19.019  12.307 0.0000000000
63896  36.311  -18.935  11.353 0.0000000000
130647  38.010  -19.362  11.227 0.0000000000
63880  39.223  -19.203  12.231 0.0000000000
141359  38.950  -19.471  11.492 0.0000000000
142404  53.641  -6.759  -12.732 0.0000000000
75510  53.022  -7.050  -12.498 0.0000000000
74375  53.534  -8.412  -12.151 0.0000000000
73344  53.635  -9.493  -10.366 0.0000000000
73331  53.948  -9.446  -9.666 0.0000000000
74359  54.351  -8.920  -9.091 0.0000000000
75489  54.703  -8.163  -8.852 0.0000000000
75471  52.833  -6.976  -8.635 0.0000000000
76571  53.249  -6.454  -7.955 0.0000000000
76581  53.499  -6.627  -8.305 0.0000000000
75470  53.662  -6.999  -8.858 0.0000000000
144303  54.157  -6.605  -8.446 0.0000000000
76580  54.830  -6.361  -8.268 0.0000000000
143389  55.351  -6.693  -8.510 0.0000000000
149635  56.207  -6.283  -7.991 0.0000000000
76556  56.570  -6.800  -6.986 0.0000000000
75433  55.942  -7.381  -5.411 0.0000000000
75432  56.987  -7.117  -5.263 0.0000000000
35960  11.249  -44.263  30.221 0.0000000000
35962  9.817  -44.167  29.690 0.0000000000
35976  17.315  -44.753  27.210 0.0000000000
37010  12.957  -44.345  30.748 0.0000000000
37031  15.670  -43.605  29.585 0.0000000000
38059  14.105  -43.385  29.948 0.0000000000
38061  12.741  -43.082  29.713 0.0000000000
38063  10.212  -43.188  29.433 0.0000000000
38076  13.320  -42.895  29.334 0.0000000000
38078  11.366  -42.791  29.105 0.0000000000
38095  13.450  -42.836  27.980 0.0000000000
38113  14.337  -43.382  25.493 0.0000000000
39166  10.690  -42.577  27.973 0.0000000000
40316  25.436  -40.494  23.899 0.0000000000
42461  26.276  -39.060  23.112 0.0000000000
46481  27.406  -34.138  19.536 0.0000000000
51224  22.846  -30.991  10.944 0.0000000000
52260  36.216  -29.506  12.561 0.0000000000
52276  34.070  -29.676  11.250 0.0000000000
53400  36.700  -28.992  12.396 0.0000000000
54513  34.678  -27.694  8.403 0.0000000000
56597  37.725  -25.190  11.037 0.0000000000
56666  35.680  -25.827  7.727 0.0000000000
57646  37.946  -24.512  11.376 0.0000000000
58642  38.181  -23.841  11.814 0.0000000000
58695  35.915  -23.541  7.220 0.0000000000
60634  37.418  -21.625  12.928 0.0000000000
60676  34.910  -20.949  8.202 0.0000000000
60701  34.937  -21.623  6.736 0.0000000000
62705  36.581  -19.438  14.224 0.0000000000
62725  35.677  -19.403  12.165 0.0000000000
62744  35.171  -19.268  10.200 0.0000000000
62803  35.562  -19.379  6.035 0.0000000000
63868  37.867  -18.903  13.615 0.0000000000
63882  36.508  -18.900  12.638 0.0000000000
63897  35.788  -18.981  11.453 0.0000000000
63910  35.928  -18.919  10.631 0.0000000000
63947  34.564  -18.940  7.672 0.0000000000
63985  34.018  -18.953  5.726 0.0000000000
66985  44.535  -16.143  -0.305 0.0000000000
67962  44.463  -15.633  -0.793 0.0000000000
73358  55.532  -9.753  -12.418 0.0000000000
76568  56.689  -6.584  -7.769 0.0000000000
76579  55.690  -6.200  -7.956 0.0000000000
128860  6.834  -43.365  29.545 0.0000000000
130019  7.799  -41.972  28.959 0.0000000000
130978  11.704  -42.806  27.075 0.0000000000
131527  48.261  -17.975  6.191 0.0000000000
138114  37.444  -26.521  11.168 0.0000000000
146819  9.332  -42.310  27.835 0.0000000000
148778  12.248  -42.861  27.069 0.0000000000
149885  8.986  -42.349  29.105 0.0000000000
149914  15.826  -42.990  28.596 0.0000000000
150562  45.961  -14.703  -1.645 0.0000000000
151077  23.700  -30.148  11.103 0.0000000000
151538  12.695  -42.791  27.975 0.0000000000
152035  38.551  -25.641  12.664 0.0000000000
152358  24.140  -31.622  12.857 0.0000000000
152641  12.939  -43.105  26.259 0.0000000000
153106  38.588  -20.828  2.339 0.0000000000
153512  33.664  -31.789  15.946 0.0000000000
153667  16.992  -45.241  22.932 0.0000000000
155282  19.506  -43.116  20.326 0.0000000000
155359  28.023  -30.336  9.967 0.0000000000
