#!ascii label  , from subject sub-v1s14x0051558_ses-1 vox2ras=TkReg
1286
104826  48.829  26.005  -21.405 0.0000000000
108845  53.502  32.753  -12.486 0.0000000000
101200  54.501  20.258  -17.368 0.0000000000
103340  42.070  24.382  -21.521 0.0000000000
129202  44.503  22.428  -20.711 0.0000000000
147744  52.207  33.593  -18.951 0.0000000000
139417  48.375  36.292  -9.073 0.0000000000
113207  50.794  39.879  -12.950 0.0000000000
130228  56.178  20.292  -10.897 0.0000000000
96818  50.672  15.236  -10.814 0.0000000000
107678  55.491  30.005  -20.865 0.0000000000
102633  52.515  23.393  -23.930 0.0000000000
105514  53.174  27.187  -18.115 0.0000000000
102580  49.793  23.500  -14.015 0.0000000000
114388  49.713  42.571  -19.395 0.0000000000
111422  52.637  36.837  -16.092 0.0000000000
100520  49.074  20.199  -15.757 0.0000000000
104075  45.608  24.854  -21.597 0.0000000000
101970  42.953  22.494  -22.704 0.0000000000
102649  45.208  22.192  -25.068 0.0000000000
106947  51.074  29.144  -19.136 0.0000000000
105533  47.548  27.437  -19.151 0.0000000000
112613  47.574  39.664  -11.502 0.0000000000
98303  56.445  17.821  -7.265 0.0000000000
96813  55.598  15.843  -9.484 0.0000000000
95060  56.093  13.304  -8.779 0.0000000000
113868  50.649  40.484  -24.104 0.0000000000
108249  56.100  30.759  -15.116 0.0000000000
106224  55.239  28.583  -18.960 0.0000000000
134067  55.705  28.977  -13.338 0.0000000000
106866  47.636  29.179  -12.158 0.0000000000
106189  48.994  27.874  -15.018 0.0000000000
103287  48.249  24.770  -12.300 0.0000000000
129990  49.495  21.590  -10.929 0.0000000000
131670  48.581  34.588  -14.091 0.0000000000
111425  48.867  37.010  -15.909 0.0000000000
109511  52.291  33.059  -14.441 0.0000000000
109518  54.973  33.658  -15.412 0.0000000000
101252  54.551  21.109  -20.866 0.0000000000
101917  50.565  22.335  -19.976 0.0000000000
100540  51.645  19.845  -16.876 0.0000000000
101910  41.796  22.169  -18.181 0.0000000000
101209  43.624  21.530  -15.712 0.0000000000
112065  54.845  38.017  -19.144 0.0000000000
111445  51.063  36.262  -20.001 0.0000000000
110128  52.045  34.721  -10.645 0.0000000000
108201  55.009  31.929  -9.656 0.0000000000
116596  46.459  45.903  -13.839 0.0000000000
116593  49.701  45.920  -14.072 0.0000000000
144865  48.672  37.717  -11.180 0.0000000000
100498  55.969  19.883  -14.077 0.0000000000
99063  52.867  18.487  -14.679 0.0000000000
98333  53.799  17.418  -11.099 0.0000000000
95084  52.527  13.835  -10.628 0.0000000000
104812  52.275  26.748  -21.098 0.0000000000
103369  49.511  24.156  -24.559 0.0000000000
104832  54.684  26.152  -23.056 0.0000000000
103337  55.115  24.749  -22.183 0.0000000000
102600  54.007  23.882  -18.209 0.0000000000
106871  52.038  29.587  -13.740 0.0000000000
104018  51.702  25.830  -16.659 0.0000000000
101864  52.363  22.359  -15.907 0.0000000000
100495  52.233  20.964  -12.777 0.0000000000
100473  53.279  20.556  -9.414 0.0000000000
113831  47.451  40.839  -21.751 0.0000000000
113820  51.486  41.805  -20.898 0.0000000000
113235  49.276  39.665  -18.201 0.0000000000
150464  53.870  39.139  -17.835 0.0000000000
110819  54.504  35.860  -16.402 0.0000000000
108280  53.927  31.884  -19.280 0.0000000000
144592  47.666  22.438  -22.845 0.0000000000
128965  47.005  22.489  -18.017 0.0000000000
99755  45.428  18.974  -14.014 0.0000000000
98351  49.776  17.875  -13.069 0.0000000000
104074  46.516  25.113  -21.686 0.0000000000
103358  45.195  23.977  -23.622 0.0000000000
103356  47.139  24.546  -23.585 0.0000000000
149126  49.741  26.888  -20.262 0.0000000000
106241  49.321  28.084  -19.053 0.0000000000
104816  47.621  26.371  -20.304 0.0000000000
104059  46.260  25.818  -20.193 0.0000000000
96770  56.121  16.473  -6.176 0.0000000000
96800  56.476  15.927  -7.815 0.0000000000
95043  55.513  13.836  -6.970 0.0000000000
99070  42.266  18.877  -14.690 0.0000000000
108237  55.263  31.629  -12.914 0.0000000000
107615  56.500  29.375  -12.930 0.0000000000
108229  56.229  30.554  -11.401 0.0000000000
105453  47.464  27.491  -11.559 0.0000000000
105464  47.392  27.304  -12.920 0.0000000000
109487  50.698  33.617  -12.683 0.0000000000
109512  50.540  33.502  -14.144 0.0000000000
108846  52.361  32.803  -13.420 0.0000000000
108861  54.408  32.124  -13.794 0.0000000000
101229  54.881  20.693  -19.410 0.0000000000
101230  52.968  20.639  -19.342 0.0000000000
99805  53.642  19.560  -17.511 0.0000000000
103342  40.641  23.587  -20.975 0.0000000000
102622  40.948  22.917  -21.737 0.0000000000
101936  43.738  22.211  -21.610 0.0000000000
101938  42.248  22.037  -20.989 0.0000000000
101923  43.382  22.526  -19.234 0.0000000000
140591  43.045  22.126  -16.754 0.0000000000
101891  44.527  22.462  -17.457 0.0000000000
110824  53.274  35.677  -18.144 0.0000000000
111443  52.905  36.887  -19.421 0.0000000000
110829  51.564  35.061  -19.147 0.0000000000
104049  43.898  25.516  -19.678 0.0000000000
104051  42.127  25.485  -19.898 0.0000000000
110748  50.584  35.612  -8.812 0.0000000000
110102  52.634  34.986  -8.255 0.0000000000
129924  50.788  36.066  -7.437 0.0000000000
111374  47.244  37.982  -9.069 0.0000000000
112587  48.435  39.423  -10.144 0.0000000000
110773  47.987  36.255  -10.759 0.0000000000
110131  48.691  34.800  -11.562 0.0000000000
100491  56.256  20.168  -12.565 0.0000000000
99040  55.900  19.226  -13.519 0.0000000000
99035  56.125  18.883  -11.581 0.0000000000
95083  55.300  13.276  -10.489 0.0000000000
95954  53.665  14.708  -9.875 0.0000000000
94257  54.322  12.877  -11.923 0.0000000000
106248  54.479  28.739  -21.450 0.0000000000
104822  52.962  26.281  -21.989 0.0000000000
105548  55.223  28.143  -22.052 0.0000000000
106225  54.371  28.194  -18.511 0.0000000000
131091  55.285  26.349  -21.384 0.0000000000
104784  54.040  26.402  -19.252 0.0000000000
103331  54.482  24.484  -20.020 0.0000000000
104038  53.627  25.595  -18.699 0.0000000000
140384  53.096  31.046  -10.616 0.0000000000
107599  53.477  30.430  -11.349 0.0000000000
107609  51.973  30.304  -12.282 0.0000000000
104009  49.649  25.192  -14.890 0.0000000000
104766  50.165  27.066  -15.983 0.0000000000
132197  50.497  25.227  -15.455 0.0000000000
103307  52.142  24.291  -16.292 0.0000000000
101861  51.289  22.622  -14.854 0.0000000000
101171  52.645  21.097  -14.270 0.0000000000
150976  50.990  21.508  -13.284 0.0000000000
101150  49.818  21.598  -9.340 0.0000000000
100479  50.822  21.156  -10.308 0.0000000000
114402  48.160  41.327  -20.299 0.0000000000
114411  49.299  41.457  -21.426 0.0000000000
114392  50.490  42.352  -20.283 0.0000000000
114944  51.177  43.212  -13.406 0.0000000000
115511  51.043  44.151  -15.143 0.0000000000
113786  50.249  41.444  -14.820 0.0000000000
111424  49.702  36.557  -16.262 0.0000000000
112650  48.972  38.532  -16.938 0.0000000000
112050  51.304  37.949  -17.061 0.0000000000
112673  51.688  38.871  -18.060 0.0000000000
112049  52.683  38.014  -16.776 0.0000000000
112649  54.388  38.011  -16.680 0.0000000000
111421  54.078  36.602  -15.612 0.0000000000
108263  55.308  31.835  -17.885 0.0000000000
108879  55.098  32.763  -17.127 0.0000000000
133930  54.608  30.593  -20.321 0.0000000000
106945  53.515  29.448  -20.350 0.0000000000
102654  50.837  23.903  -24.510 0.0000000000
135664  48.207  22.879  -24.876 0.0000000000
101963  50.125  22.889  -23.086 0.0000000000
101219  49.311  21.632  -17.630 0.0000000000
101903  48.340  22.544  -19.016 0.0000000000
101204  48.181  21.433  -16.744 0.0000000000
132050  46.679  21.043  -15.705 0.0000000000
146011  46.940  19.781  -14.638 0.0000000000
98338  51.679  17.584  -12.133 0.0000000000
152066  51.447  18.261  -13.731 0.0000000000
97619  49.932  16.780  -11.796 0.0000000000
103338  43.664  24.590  -21.613 0.0000000000
103349  42.412  23.768  -22.254 0.0000000000
103347  43.860  24.156  -22.661 0.0000000000
102635  43.670  22.064  -23.621 0.0000000000
153636  44.220  21.260  -23.284 0.0000000000
107670  51.801  31.026  -19.405 0.0000000000
104048  44.828  25.681  -19.658 0.0000000000
99730  56.363  19.519  -9.316 0.0000000000
99033  56.197  18.357  -10.191 0.0000000000
97601  56.383  16.896  -8.918 0.0000000000
95951  56.111  13.925  -9.243 0.0000000000
107642  56.034  30.429  -17.987 0.0000000000
143943  55.795  29.220  -20.774 0.0000000000
145307  55.884  29.933  -16.166 0.0000000000
106896  55.252  29.448  -15.049 0.0000000000
132105  53.861  29.537  -15.245 0.0000000000
107611  49.104  30.317  -12.434 0.0000000000
107619  50.299  29.873  -13.319 0.0000000000
106170  48.147  28.593  -13.500 0.0000000000
104750  48.026  26.278  -14.013 0.0000000000
103290  48.746  24.508  -13.553 0.0000000000
101169  49.523  21.994  -12.398 0.0000000000
101855  48.336  23.130  -11.839 0.0000000000
101152  48.759  22.564  -9.909 0.0000000000
101130  49.759  22.862  -7.599 0.0000000000
114972  47.667  42.975  -17.799 0.0000000000
145310  48.943  37.515  -13.295 0.0000000000
113208  49.651  39.147  -14.191 0.0000000000
110173  48.507  35.745  -15.060 0.0000000000
110804  50.250  35.081  -15.696 0.0000000000
110170  51.952  34.497  -15.330 0.0000000000
152464  53.833  35.468  -15.160 0.0000000000
108870  53.480  33.370  -14.801 0.0000000000
108256  55.793  31.953  -15.805 0.0000000000
101945  53.045  22.576  -22.203 0.0000000000
101947  51.060  22.778  -21.960 0.0000000000
101254  52.707  21.571  -20.710 0.0000000000
101217  51.359  20.881  -18.041 0.0000000000
100541  50.112  20.468  -16.639 0.0000000000
95097  50.664  13.294  -11.962 0.0000000000
95094  49.308  14.179  -11.744 0.0000000000
101235  40.111  21.358  -19.279 0.0000000000
101939  41.403  21.916  -21.588 0.0000000000
101234  41.121  21.803  -19.277 0.0000000000
130815  40.998  21.660  -17.144 0.0000000000
101188  41.669  21.156  -15.733 0.0000000000
100526  42.180  20.831  -15.262 0.0000000000
131052  43.095  19.690  -14.473 0.0000000000
112691  54.325  38.234  -21.050 0.0000000000
112072  52.075  37.462  -20.664 0.0000000000
109474  52.557  34.221  -11.285 0.0000000000
108820  55.246  32.656  -9.933 0.0000000000
110114  53.789  34.373  -9.683 0.0000000000
108807  53.862  33.208  -8.826 0.0000000000
108823  52.065  32.461  -9.088 0.0000000000
108204  50.050  31.718  -10.485 0.0000000000
108222  48.422  31.067  -11.080 0.0000000000
116588  47.977  46.094  -13.267 0.0000000000
115491  49.842  44.149  -12.778 0.0000000000
114341  51.255  41.430  -11.567 0.0000000000
112611  50.676  39.277  -11.154 0.0000000000
111399  47.932  36.105  -12.791 0.0000000000
109476  50.183  34.136  -11.948 0.0000000000
129763  55.274  19.880  -15.374 0.0000000000
99777  54.047  19.036  -16.318 0.0000000000
134833  54.848  18.723  -14.524 0.0000000000
98340  53.411  18.153  -13.011 0.0000000000
97608  51.984  16.426  -10.864 0.0000000000
97604  54.454  16.219  -9.921 0.0000000000
96817  52.522  15.089  -10.216 0.0000000000
95085  51.524  13.966  -10.771 0.0000000000
104825  49.710  26.047  -21.575 0.0000000000
104086  48.670  25.099  -23.303 0.0000000000
104069  51.171  25.612  -22.557 0.0000000000
104083  51.716  25.135  -23.480 0.0000000000
139115  53.541  24.011  -24.526 0.0000000000
104810  55.515  27.754  -21.891 0.0000000000
104067  55.278  25.443  -22.887 0.0000000000
101959  54.165  23.400  -23.113 0.0000000000
102621  54.734  22.687  -21.461 0.0000000000
102608  54.968  22.548  -19.820 0.0000000000
101886  54.506  21.872  -18.536 0.0000000000
107607  55.916  29.801  -11.446 0.0000000000
106870  54.523  29.199  -13.287 0.0000000000
106905  51.911  29.089  -16.100 0.0000000000
106886  50.144  29.088  -14.608 0.0000000000
106195  50.820  28.131  -16.261 0.0000000000
105496  51.952  27.226  -17.204 0.0000000000
137629  52.914  24.907  -17.326 0.0000000000
102601  53.271  23.047  -17.264 0.0000000000
101201  54.074  21.033  -16.890 0.0000000000
101174  53.239  21.038  -15.070 0.0000000000
100500  54.359  20.783  -13.703 0.0000000000
100485  54.326  20.750  -12.065 0.0000000000
132198  50.403  21.400  -12.167 0.0000000000
100477  52.934  20.816  -10.875 0.0000000000
100471  55.621  20.405  -9.786 0.0000000000
99732  55.778  19.776  -8.180 0.0000000000
154322  49.425  41.046  -22.974 0.0000000000
114419  51.049  41.324  -22.696 0.0000000000
149612  52.683  41.094  -22.067 0.0000000000
113787  49.210  40.683  -15.806 0.0000000000
113810  50.733  41.972  -19.145 0.0000000000
113252  50.657  41.012  -19.706 0.0000000000
113251  51.817  39.816  -19.831 0.0000000000
113258  53.710  40.087  -20.497 0.0000000000
112670  54.984  38.812  -18.278 0.0000000000
111437  54.692  37.533  -17.306 0.0000000000
110188  53.406  34.859  -17.788 0.0000000000
110186  54.694  35.053  -16.213 0.0000000000
108880  54.286  33.391  -17.570 0.0000000000
108907  53.169  32.399  -19.232 0.0000000000
130236  52.498  30.219  -19.560 0.0000000000
105529  51.883  27.798  -19.965 0.0000000000
103381  47.049  23.290  -25.089 0.0000000000
101966  46.432  21.824  -24.396 0.0000000000
130344  45.769  22.438  -21.348 0.0000000000
130937  49.102  22.721  -21.237 0.0000000000
101935  47.358  22.691  -20.238 0.0000000000
101920  45.866  22.636  -19.233 0.0000000000
101207  45.335  21.879  -16.311 0.0000000000
134699  44.502  20.392  -14.752 0.0000000000
99778  52.535  19.017  -16.073 0.0000000000
99779  51.385  19.056  -15.556 0.0000000000
99764  49.528  19.190  -14.775 0.0000000000
97614  48.588  15.927  -11.860 0.0000000000
99067  48.118  18.660  -13.945 0.0000000000
94226  54.393  12.418  -8.092 0.0000000000
154425  55.469  11.673  -10.182 0.0000000000
104073  47.408  25.371  -21.845 0.0000000000
104088  46.843  24.838  -22.621 0.0000000000
104087  47.712  25.105  -22.862 0.0000000000
131520  49.312  26.483  -20.755 0.0000000000
105543  49.035  26.984  -20.046 0.0000000000
104827  47.957  25.886  -21.146 0.0000000000
104058  47.009  25.699  -20.826 0.0000000000
96771  55.905  15.475  -6.026 0.0000000000
108854  54.465  32.135  -12.763 0.0000000000
108236  56.167  30.809  -12.348 0.0000000000
108844  55.033  32.417  -11.496 0.0000000000
155394  52.392  33.137  -12.668 0.0000000000
109501  51.535  33.176  -13.163 0.0000000000
108855  53.297  32.473  -13.596 0.0000000000
100557  54.574  20.327  -18.648 0.0000000000
100558  54.325  20.210  -18.807 0.0000000000
99804  54.329  19.742  -17.654 0.0000000000
103341  41.360  24.006  -21.264 0.0000000000
103350  41.706  23.366  -21.997 0.0000000000
101922  43.845  22.454  -20.208 0.0000000000
101908  43.792  22.536  -18.093 0.0000000000
101907  44.301  22.596  -18.979 0.0000000000
110189  52.711  34.843  -18.366 0.0000000000
110825  52.371  35.421  -18.736 0.0000000000
110190  52.043  34.376  -18.847 0.0000000000
104063  42.514  25.008  -20.705 0.0000000000
104050  42.993  25.461  -19.760 0.0000000000
104064  41.765  24.886  -20.651 0.0000000000
110761  49.191  35.537  -9.605 0.0000000000
128980  49.345  36.295  -8.080 0.0000000000
110763  47.516  37.231  -9.065 0.0000000000
111384  47.732  37.209  -10.000 0.0000000000
150525  47.973  36.540  -9.595 0.0000000000
100483  55.978  20.409  -11.709 0.0000000000
145896  56.386  19.678  -11.949 0.0000000000
99032  56.423  19.366  -11.138 0.0000000000
95090  54.840  13.071  -11.162 0.0000000000
154460  55.285  29.758  -21.169 0.0000000000
105549  54.705  28.128  -21.995 0.0000000000
106953  55.314  29.260  -21.410 0.0000000000
105494  53.462  27.874  -17.988 0.0000000000
105513  54.004  27.314  -18.778 0.0000000000
104785  53.374  26.497  -18.425 0.0000000000
108203  52.097  31.399  -10.507 0.0000000000
108219  51.971  30.809  -11.361 0.0000000000
108231  50.889  30.632  -12.065 0.0000000000
103294  49.722  24.589  -14.581 0.0000000000
102579  50.239  23.973  -14.651 0.0000000000
102583  51.070  23.466  -15.098 0.0000000000
133350  50.542  23.105  -14.444 0.0000000000
135458  50.816  22.329  -14.155 0.0000000000
101858  50.050  22.793  -13.769 0.0000000000
101141  50.135  21.560  -8.473 0.0000000000
114389  47.724  42.030  -18.901 0.0000000000
114395  46.657  41.670  -19.443 0.0000000000
114394  48.042  41.638  -19.569 0.0000000000
114393  49.428  42.108  -20.008 0.0000000000
113777  51.368  41.341  -12.400 0.0000000000
142618  51.150  42.167  -13.620 0.0000000000
113778  50.948  40.938  -13.296 0.0000000000
111423  51.185  36.619  -16.431 0.0000000000
112041  50.455  37.348  -16.734 0.0000000000
112040  51.939  37.387  -16.613 0.0000000000
112039  53.231  37.487  -16.263 0.0000000000
141461  53.626  36.969  -15.821 0.0000000000
140559  55.719  31.047  -18.575 0.0000000000
108278  55.447  30.815  -19.657 0.0000000000
107667  55.201  30.464  -20.423 0.0000000000
135780  54.596  29.598  -21.066 0.0000000000
102645  51.706  23.667  -24.328 0.0000000000
102647  49.595  23.103  -24.097 0.0000000000
102634  50.609  23.155  -23.707 0.0000000000
150837  49.199  20.737  -16.486 0.0000000000
101203  48.992  21.348  -17.058 0.0000000000
100542  48.301  20.736  -16.036 0.0000000000
100521  47.568  20.604  -15.564 0.0000000000
99782  47.807  19.902  -14.941 0.0000000000
97612  51.364  16.815  -11.374 0.0000000000
98339  50.767  17.183  -11.900 0.0000000000
154901  50.064  16.299  -11.427 0.0000000000
104076  44.636  24.685  -21.558 0.0000000000
103374  44.727  22.999  -24.456 0.0000000000
103359  44.094  23.373  -23.751 0.0000000000
101978  44.280  21.880  -24.328 0.0000000000
101968  44.066  21.216  -23.732 0.0000000000
135417  44.763  21.346  -24.503 0.0000000000
106933  51.373  30.022  -19.139 0.0000000000
107656  50.663  30.630  -18.986 0.0000000000
106934  50.303  29.638  -18.808 0.0000000000
148587  48.176  27.617  -19.234 0.0000000000
132771  48.894  28.757  -18.692 0.0000000000
144442  46.184  25.336  -20.921 0.0000000000
104047  45.633  25.928  -19.701 0.0000000000
104060  45.382  25.301  -20.542 0.0000000000
104061  44.322  25.079  -20.555 0.0000000000
99015  56.448  18.826  -8.528 0.0000000000
98329  56.488  17.956  -8.775 0.0000000000
97582  56.518  17.376  -8.126 0.0000000000
149167  56.247  14.600  -7.759 0.0000000000
95940  56.253  14.293  -8.587 0.0000000000
95074  56.111  12.968  -9.732 0.0000000000
94251  56.134  12.420  -10.178 0.0000000000
113289  50.085  39.917  -24.783 0.0000000000
107634  56.054  30.401  -16.875 0.0000000000
148074  56.140  30.294  -15.962 0.0000000000
106868  56.240  29.147  -13.486 0.0000000000
106881  56.020  29.314  -14.382 0.0000000000
106903  54.117  29.622  -16.395 0.0000000000
106883  54.920  29.147  -14.128 0.0000000000
107612  48.159  29.935  -12.132 0.0000000000
107621  48.714  29.749  -12.825 0.0000000000
106875  47.802  28.833  -12.810 0.0000000000
104740  47.570  26.515  -12.697 0.0000000000
104751  47.616  26.743  -13.455 0.0000000000
104005  47.795  26.106  -13.324 0.0000000000
133965  48.283  25.410  -13.656 0.0000000000
103286  48.254  24.718  -12.936 0.0000000000
102573  48.435  23.543  -12.400 0.0000000000
102574  48.222  23.851  -11.932 0.0000000000
102562  48.319  23.906  -10.747 0.0000000000
102555  49.290  24.196  -9.382 0.0000000000
101833  49.112  23.473  -8.972 0.0000000000
102552  49.627  23.768  -8.397 0.0000000000
110798  47.920  35.919  -13.737 0.0000000000
112014  48.512  37.142  -14.332 0.0000000000
110163  48.538  35.039  -14.650 0.0000000000
154931  50.728  33.720  -14.547 0.0000000000
110171  50.069  34.477  -15.156 0.0000000000
109521  50.993  33.996  -14.976 0.0000000000
143955  50.886  34.576  -15.434 0.0000000000
109520  52.185  33.694  -14.943 0.0000000000
110169  53.387  34.609  -15.087 0.0000000000
140311  55.886  31.320  -14.445 0.0000000000
108860  55.201  32.088  -14.406 0.0000000000
108250  55.689  32.013  -15.037 0.0000000000
108255  56.038  31.089  -16.343 0.0000000000
101260  54.267  21.711  -21.444 0.0000000000
101931  52.945  22.017  -21.476 0.0000000000
101253  53.834  21.238  -21.128 0.0000000000
100560  52.466  20.463  -18.413 0.0000000000
101231  51.839  21.138  -18.898 0.0000000000
100547  50.844  20.522  -17.185 0.0000000000
142092  50.773  19.973  -16.454 0.0000000000
101245  40.490  21.459  -20.476 0.0000000000
102637  42.831  23.145  -22.838 0.0000000000
102627  42.246  22.866  -22.417 0.0000000000
101955  42.264  22.340  -22.159 0.0000000000
101924  42.468  22.317  -19.726 0.0000000000
101925  41.458  21.787  -20.445 0.0000000000
133529  41.910  22.198  -19.154 0.0000000000
101222  40.998  21.788  -18.092 0.0000000000
130629  41.508  21.519  -16.379 0.0000000000
101894  41.680  21.925  -17.209 0.0000000000
101210  42.941  21.789  -16.049 0.0000000000
134698  42.899  21.266  -15.450 0.0000000000
100512  42.545  20.223  -14.779 0.0000000000
100511  43.172  20.335  -14.714 0.0000000000
112069  55.207  38.573  -19.452 0.0000000000
112070  54.827  38.216  -20.108 0.0000000000
111444  51.989  36.842  -19.985 0.0000000000
150236  51.304  37.014  -20.412 0.0000000000
111446  50.091  36.192  -20.262 0.0000000000
110127  53.126  34.619  -10.343 0.0000000000
110115  52.810  34.891  -9.391 0.0000000000
110089  52.844  34.517  -8.339 0.0000000000
108808  53.098  33.012  -8.531 0.0000000000
108810  50.083  32.607  -8.870 0.0000000000
108205  48.992  31.626  -10.583 0.0000000000
117088  47.335  46.378  -13.902 0.0000000000
116589  47.202  45.930  -13.445 0.0000000000
115492  48.837  44.999  -12.820 0.0000000000
114939  50.648  43.095  -12.525 0.0000000000
111995  48.621  38.498  -10.284 0.0000000000
112603  50.096  39.634  -10.528 0.0000000000
113194  50.980  40.286  -10.846 0.0000000000
112612  49.623  38.626  -10.860 0.0000000000
112003  48.948  37.522  -12.183 0.0000000000
111390  48.251  36.875  -12.026 0.0000000000
110130  49.588  34.543  -11.309 0.0000000000
110129  50.726  34.572  -10.979 0.0000000000
109475  51.329  34.161  -11.662 0.0000000000
99762  55.348  19.454  -15.239 0.0000000000
99046  55.691  19.545  -14.643 0.0000000000
99036  54.663  18.056  -11.787 0.0000000000
99037  54.361  18.241  -12.649 0.0000000000
98336  53.631  17.867  -12.014 0.0000000000
148797  52.999  17.443  -11.444 0.0000000000
98334  52.812  16.865  -10.872 0.0000000000
97602  55.975  16.791  -9.521 0.0000000000
98331  55.662  17.482  -10.111 0.0000000000
97603  55.264  16.743  -9.863 0.0000000000
95960  53.044  14.244  -10.245 0.0000000000
96816  53.488  15.634  -10.024 0.0000000000
95961  51.975  14.426  -10.493 0.0000000000
137353  51.079  13.660  -11.247 0.0000000000
137112  52.096  13.479  -11.150 0.0000000000
104813  51.130  26.540  -20.892 0.0000000000
104824  50.649  26.049  -21.653 0.0000000000
104823  51.742  26.079  -21.710 0.0000000000
104833  53.595  25.815  -22.876 0.0000000000
104068  52.353  25.639  -22.627 0.0000000000
104082  52.961  25.144  -23.562 0.0000000000
104096  52.243  24.620  -24.178 0.0000000000
104081  54.152  25.338  -23.642 0.0000000000
106223  55.807  28.895  -19.807 0.0000000000
106246  55.606  28.623  -21.395 0.0000000000
106239  55.733  28.412  -20.657 0.0000000000
104057  55.218  25.521  -21.868 0.0000000000
133068  55.122  24.384  -22.833 0.0000000000
103354  55.049  24.622  -23.542 0.0000000000
102626  54.754  23.561  -22.613 0.0000000000
129899  54.820  23.831  -21.862 0.0000000000
102609  54.613  23.460  -19.215 0.0000000000
101899  54.808  22.355  -19.138 0.0000000000
101900  54.293  22.929  -18.416 0.0000000000
108200  55.463  32.089  -9.818 0.0000000000
108217  55.547  31.337  -10.235 0.0000000000
107617  53.270  29.731  -12.694 0.0000000000
149777  53.111  29.445  -13.693 0.0000000000
106897  52.591  29.445  -15.299 0.0000000000
132432  52.290  29.458  -14.460 0.0000000000
106887  49.343  28.980  -14.203 0.0000000000
138719  49.960  29.390  -13.925 0.0000000000
106182  49.420  28.495  -14.889 0.0000000000
104765  50.694  26.770  -16.293 0.0000000000
105477  50.166  27.790  -15.941 0.0000000000
104764  51.304  26.830  -16.713 0.0000000000
105485  51.368  27.721  -16.696 0.0000000000
104774  51.968  26.462  -17.146 0.0000000000
104030  52.429  25.735  -17.259 0.0000000000
103306  52.334  25.028  -16.716 0.0000000000
102593  52.211  23.312  -16.126 0.0000000000
102592  52.741  23.656  -16.732 0.0000000000
101874  52.789  22.674  -16.607 0.0000000000
101873  53.456  22.006  -17.191 0.0000000000
101202  53.137  21.740  -16.358 0.0000000000
101180  53.755  20.990  -15.957 0.0000000000
101181  52.728  21.566  -15.549 0.0000000000
101172  51.862  21.176  -13.559 0.0000000000
100501  53.029  20.901  -13.564 0.0000000000
100494  53.516  20.834  -12.672 0.0000000000
100493  54.868  20.776  -12.927 0.0000000000
101164  49.031  22.013  -11.454 0.0000000000
101163  50.403  21.270  -11.249 0.0000000000
131703  52.561  20.751  -10.013 0.0000000000
100478  51.892  20.928  -10.550 0.0000000000
130953  53.654  20.709  -10.358 0.0000000000
100472  54.602  20.556  -9.815 0.0000000000
100454  55.290  20.259  -8.921 0.0000000000
113832  46.564  40.879  -21.476 0.0000000000
114412  45.690  41.135  -21.278 0.0000000000
153216  46.796  40.765  -22.242 0.0000000000
130840  48.618  40.866  -22.913 0.0000000000
155464  50.926  42.016  -21.326 0.0000000000
114410  50.190  41.653  -21.707 0.0000000000
113830  51.464  41.712  -21.519 0.0000000000
113829  52.160  41.398  -22.142 0.0000000000
128518  51.976  41.434  -21.625 0.0000000000
112639  48.800  38.557  -15.334 0.0000000000
113217  48.924  39.611  -15.531 0.0000000000
112664  48.874  39.452  -17.485 0.0000000000
113225  48.818  40.162  -17.273 0.0000000000
113236  49.369  40.406  -18.130 0.0000000000
113244  49.994  40.536  -18.965 0.0000000000
154809  50.870  41.869  -19.508 0.0000000000
113241  52.734  39.298  -18.583 0.0000000000
113242  51.140  39.413  -19.079 0.0000000000
113250  53.208  39.715  -19.610 0.0000000000
113240  54.141  39.416  -18.557 0.0000000000
113249  54.482  39.612  -19.531 0.0000000000
112671  54.604  39.036  -17.913 0.0000000000
154965  54.549  37.270  -16.634 0.0000000000
112047  54.662  37.869  -16.974 0.0000000000
111431  54.548  36.682  -16.859 0.0000000000
110820  54.059  35.789  -17.336 0.0000000000
110187  54.306  34.972  -17.065 0.0000000000
110167  54.521  34.600  -15.282 0.0000000000
133479  54.403  35.308  -15.444 0.0000000000
110179  54.688  34.585  -15.550 0.0000000000
108895  54.496  32.398  -18.278 0.0000000000
108896  53.587  32.774  -18.597 0.0000000000
152589  53.371  33.480  -18.228 0.0000000000
144261  53.198  31.931  -19.530 0.0000000000
131001  53.789  31.194  -19.843 0.0000000000
105540  52.589  27.524  -20.656 0.0000000000
129930  52.755  28.969  -19.913 0.0000000000
105541  51.535  27.201  -20.317 0.0000000000
104099  49.349  24.672  -24.030 0.0000000000
103355  47.913  24.701  -23.741 0.0000000000
103370  48.497  24.237  -24.430 0.0000000000
101974  48.035  22.372  -24.483 0.0000000000
101975  47.193  21.990  -24.902 0.0000000000
101965  47.481  22.149  -24.023 0.0000000000
136690  45.718  21.747  -23.566 0.0000000000
101950  47.228  22.581  -21.940 0.0000000000
101933  50.857  22.484  -20.931 0.0000000000
101948  50.070  22.726  -21.740 0.0000000000
101934  49.878  22.637  -20.614 0.0000000000
101221  47.711  22.311  -17.844 0.0000000000
132363  47.872  22.651  -19.579 0.0000000000
101919  47.183  22.661  -19.522 0.0000000000
129771  46.717  22.646  -19.182 0.0000000000
101905  46.528  22.586  -18.508 0.0000000000
131858  45.817  22.597  -18.374 0.0000000000
101889  46.198  22.449  -17.635 0.0000000000
146117  45.555  20.414  -14.909 0.0000000000
100523  45.110  20.659  -15.041 0.0000000000
99756  44.705  19.590  -14.310 0.0000000000
99757  43.878  19.105  -14.150 0.0000000000
138058  44.681  18.808  -13.995 0.0000000000
99062  54.101  18.662  -14.975 0.0000000000
128727  50.876  18.418  -14.118 0.0000000000
99078  51.128  18.707  -14.844 0.0000000000
99065  50.224  18.726  -14.459 0.0000000000
99763  50.458  19.135  -15.138 0.0000000000
99051  49.316  18.177  -13.480 0.0000000000
95095  48.673  14.212  -12.084 0.0000000000
95970  48.874  14.724  -11.726 0.0000000000
95972  48.236  14.732  -12.104 0.0000000000
103346  44.869  24.397  -22.640 0.0000000000
103345  45.894  24.596  -22.567 0.0000000000
103357  46.210  24.313  -23.551 0.0000000000
103373  45.634  23.466  -24.522 0.0000000000
139267  50.814  28.457  -19.270 0.0000000000
134936  50.143  28.195  -19.185 0.0000000000
105531  49.780  27.471  -19.636 0.0000000000
105532  48.828  27.537  -19.439 0.0000000000
104799  48.123  27.054  -19.772 0.0000000000
104800  47.214  26.797  -19.568 0.0000000000
97569  56.478  16.794  -7.240 0.0000000000
150196  56.371  15.965  -6.804 0.0000000000
96783  56.328  15.244  -7.222 0.0000000000
95928  56.027  13.932  -7.774 0.0000000000
108242  55.767  31.329  -13.569 0.0000000000
108241  56.327  30.357  -13.886 0.0000000000
108235  56.384  30.249  -12.946 0.0000000000
107605  56.509  29.755  -12.048 0.0000000000
107616  56.590  29.248  -12.165 0.0000000000
106860  47.386  28.804  -11.540 0.0000000000
106168  47.440  28.426  -12.297 0.0000000000
105455  47.374  27.311  -12.225 0.0000000000
103987  47.991  25.852  -12.290 0.0000000000
109503  49.875  33.677  -13.456 0.0000000000
110149  49.069  34.112  -13.791 0.0000000000
109502  50.793  33.356  -13.554 0.0000000000
108856  51.525  32.994  -14.007 0.0000000000
137149  52.444  32.719  -14.066 0.0000000000
108862  53.293  32.716  -14.260 0.0000000000
101240  54.711  20.770  -20.139 0.0000000000
101242  53.448  20.869  -20.287 0.0000000000
100568  54.118  20.430  -19.690 0.0000000000
100559  53.571  20.202  -18.729 0.0000000000
99806  52.614  19.626  -17.247 0.0000000000
101954  43.073  22.219  -22.376 0.0000000000
150100  42.340  22.186  -21.817 0.0000000000
101937  42.996  22.240  -21.298 0.0000000000
130332  43.005  22.380  -20.260 0.0000000000
101909  42.721  22.423  -18.413 0.0000000000
101893  42.447  22.203  -17.359 0.0000000000
133836  43.156  22.358  -17.477 0.0000000000
101892  43.773  22.325  -17.080 0.0000000000
101879  43.694  21.994  -16.341 0.0000000000
111442  53.969  37.239  -18.799 0.0000000000
112066  53.838  37.506  -19.642 0.0000000000
111439  53.083  36.368  -18.729 0.0000000000
110828  51.963  36.086  -19.328 0.0000000000
151665  51.163  35.496  -19.561 0.0000000000
104804  43.421  25.946  -18.943 0.0000000000
104805  42.528  25.940  -19.074 0.0000000000
104052  41.389  25.377  -19.849 0.0000000000
103332  41.067  24.605  -20.428 0.0000000000
110116  51.358  35.048  -9.790 0.0000000000
110103  51.968  35.415  -8.531 0.0000000000
110747  51.848  35.562  -7.664 0.0000000000
112588  47.453  39.081  -9.847 0.0000000000
111973  48.132  38.950  -9.863 0.0000000000
111987  47.834  38.222  -9.689 0.0000000000
111996  48.112  37.415  -10.738 0.0000000000
111391  47.990  36.430  -11.502 0.0000000000
110762  48.392  35.630  -10.548 0.0000000000
110118  49.072  34.990  -10.712 0.0000000000
128463  56.026  20.272  -13.313 0.0000000000
147981  55.916  19.614  -14.133 0.0000000000
146455  56.269  19.637  -12.906 0.0000000000
148725  55.567  18.540  -11.924 0.0000000000
153280  54.598  17.670  -11.081 0.0000000000
95952  55.633  14.661  -9.433 0.0000000000
96814  54.537  15.229  -9.653 0.0000000000
95959  54.305  13.998  -9.984 0.0000000000
134728  53.806  13.629  -10.475 0.0000000000
95091  53.348  13.306  -11.096 0.0000000000
105539  53.628  28.127  -21.141 0.0000000000
105550  53.616  27.235  -21.723 0.0000000000
137134  54.078  26.576  -22.532 0.0000000000
104821  54.899  27.235  -22.546 0.0000000000
106204  54.823  28.899  -18.224 0.0000000000
105512  55.146  27.956  -19.530 0.0000000000
105528  54.775  27.076  -19.830 0.0000000000
104798  54.691  26.291  -20.264 0.0000000000
104045  54.725  25.449  -20.719 0.0000000000
103330  54.803  24.537  -21.217 0.0000000000
104046  54.197  25.494  -19.618 0.0000000000
103325  54.069  24.618  -18.908 0.0000000000
103318  53.534  24.772  -18.005 0.0000000000
108202  53.604  31.726  -9.768 0.0000000000
108218  54.532  31.105  -10.220 0.0000000000
104759  49.079  26.631  -15.190 0.0000000000
105478  49.477  27.373  -15.510 0.0000000000
104013  49.651  25.947  -15.329 0.0000000000
104012  50.403  26.201  -15.890 0.0000000000
104019  51.152  25.532  -16.065 0.0000000000
137461  51.799  25.063  -16.270 0.0000000000
103298  51.412  24.715  -15.802 0.0000000000
102582  51.607  23.848  -15.686 0.0000000000
136854  51.920  22.058  -15.251 0.0000000000
101182  52.300  21.471  -14.807 0.0000000000
101175  51.552  21.863  -14.558 0.0000000000
140824  51.217  21.667  -13.869 0.0000000000
101167  51.196  21.254  -12.775 0.0000000000
101160  49.480  21.693  -10.108 0.0000000000
149527  50.004  21.356  -10.496 0.0000000000
149283  50.660  21.183  -9.294 0.0000000000
147731  51.404  20.837  -8.978 0.0000000000
114396  45.694  41.756  -19.817 0.0000000000
129064  47.047  41.232  -20.062 0.0000000000
113823  47.278  40.958  -20.845 0.0000000000
131761  48.402  40.994  -22.077 0.0000000000
113822  48.279  41.094  -21.115 0.0000000000
114401  49.325  41.737  -20.642 0.0000000000
113821  51.106  42.337  -20.482 0.0000000000
115501  51.084  44.010  -13.869 0.0000000000
116067  50.209  45.137  -14.497 0.0000000000
114368  51.087  43.120  -14.703 0.0000000000
112042  48.812  38.030  -16.116 0.0000000000
143706  49.299  37.602  -16.483 0.0000000000
112051  49.865  38.106  -17.106 0.0000000000
112663  49.446  38.900  -17.805 0.0000000000
112674  50.326  39.074  -18.441 0.0000000000
112662  50.714  38.467  -17.639 0.0000000000
112661  52.169  38.425  -17.325 0.0000000000
112672  53.039  38.838  -17.587 0.0000000000
112660  54.084  38.656  -17.206 0.0000000000
112048  53.761  38.092  -16.559 0.0000000000
112038  54.083  37.320  -16.068 0.0000000000
111419  54.467  36.706  -16.148 0.0000000000
135850  55.408  32.878  -16.082 0.0000000000
108279  54.950  31.546  -19.009 0.0000000000
108292  54.660  31.052  -19.859 0.0000000000
107668  54.235  30.438  -20.386 0.0000000000
106249  53.629  28.844  -20.676 0.0000000000
103368  50.485  24.249  -24.471 0.0000000000
103379  48.539  23.430  -24.749 0.0000000000
102655  48.919  23.299  -24.502 0.0000000000
101973  48.963  22.691  -23.875 0.0000000000
101964  48.351  22.458  -23.406 0.0000000000
101233  49.712  21.913  -18.353 0.0000000000
101902  49.165  22.399  -18.992 0.0000000000
101888  48.593  22.258  -18.246 0.0000000000
101220  48.410  21.858  -17.452 0.0000000000
148712  47.717  21.986  -17.259 0.0000000000
101206  46.422  21.723  -16.377 0.0000000000
101183  47.405  21.270  -16.190 0.0000000000
100508  46.837  20.372  -15.124 0.0000000000
99767  46.391  19.245  -14.203 0.0000000000
99049  52.420  18.246  -13.699 0.0000000000
98342  51.573  18.040  -13.015 0.0000000000
98350  50.698  18.076  -13.256 0.0000000000
130462  50.241  17.511  -12.488 0.0000000000
103339  42.818  24.537  -21.612 0.0000000000
103348  43.057  24.027  -22.530 0.0000000000
102636  43.213  22.476  -23.184 0.0000000000
103360  43.329  23.255  -23.262 0.0000000000
101969  43.684  21.911  -23.125 0.0000000000
101953  43.796  21.620  -22.950 0.0000000000
131237  44.606  22.126  -21.878 0.0000000000
109563  52.047  33.061  -19.312 0.0000000000
137862  51.328  33.160  -19.443 0.0000000000
107671  50.873  31.361  -19.221 0.0000000000
106227  49.719  28.811  -18.816 0.0000000000
104801  46.284  26.510  -19.406 0.0000000000
104062  43.375  25.036  -20.633 0.0000000000
112606  46.665  38.961  -10.326 0.0000000000
112589  46.551  38.618  -9.653 0.0000000000
111375  46.716  37.628  -8.947 0.0000000000
99748  56.369  20.057  -10.137 0.0000000000
128900  56.447  19.328  -10.283 0.0000000000
99029  56.451  18.664  -9.420 0.0000000000
98330  56.257  17.702  -9.490 0.0000000000
134881  56.200  16.095  -9.143 0.0000000000
96811  56.400  15.945  -8.704 0.0000000000
96812  56.202  15.095  -9.052 0.0000000000
95075  55.661  13.629  -9.793 0.0000000000
95082  56.077  12.778  -10.378 0.0000000000
107655  55.908  30.356  -19.156 0.0000000000
130682  55.739  29.768  -20.652 0.0000000000
106931  55.926  29.702  -19.775 0.0000000000
106913  55.989  29.865  -18.508 0.0000000000
106914  55.446  29.590  -17.861 0.0000000000
107632  56.067  29.815  -15.143 0.0000000000
106902  55.353  29.708  -16.477 0.0000000000
106915  54.456  29.348  -17.402 0.0000000000
106205  53.844  28.652  -17.756 0.0000000000
106916  53.360  29.147  -17.072 0.0000000000
108232  49.797  30.780  -11.923 0.0000000000
107610  50.076  30.339  -12.624 0.0000000000
107620  49.467  29.976  -12.969 0.0000000000
106873  49.264  29.483  -13.504 0.0000000000
106183  48.649  28.361  -14.308 0.0000000000
106171  47.539  28.067  -13.090 0.0000000000
106184  47.974  28.003  -13.825 0.0000000000
105473  48.289  27.510  -14.409 0.0000000000
104010  48.795  25.847  -14.632 0.0000000000
103295  49.084  24.953  -14.240 0.0000000000
103289  49.432  24.209  -14.105 0.0000000000
150749  49.459  23.205  -13.483 0.0000000000
102572  48.927  23.325  -12.979 0.0000000000
101854  48.812  22.823  -12.438 0.0000000000
101852  48.458  22.678  -11.250 0.0000000000
101847  48.331  23.021  -10.550 0.0000000000
153926  49.048  22.070  -10.024 0.0000000000
101151  49.223  22.074  -9.540 0.0000000000
146551  49.666  22.251  -8.132 0.0000000000
131751  50.070  21.910  -7.625 0.0000000000
114977  48.648  42.629  -18.477 0.0000000000
112620  50.482  38.971  -12.528 0.0000000000
112628  49.189  38.122  -13.950 0.0000000000
112028  48.631  37.518  -15.270 0.0000000000
111415  48.516  36.581  -15.220 0.0000000000
110162  49.271  34.389  -14.597 0.0000000000
110172  49.213  35.157  -15.343 0.0000000000
110805  48.972  36.091  -15.672 0.0000000000
110812  49.660  35.703  -15.886 0.0000000000
110811  50.645  35.798  -16.134 0.0000000000
110810  52.082  36.035  -15.924 0.0000000000
110809  53.382  36.377  -15.549 0.0000000000
110802  52.982  35.495  -15.314 0.0000000000
146401  54.108  34.249  -15.025 0.0000000000
109519  54.566  33.647  -15.017 0.0000000000
108869  54.333  32.690  -14.563 0.0000000000
108868  55.065  32.813  -14.977 0.0000000000
138543  55.409  32.713  -15.450 0.0000000000
108877  55.640  31.968  -16.777 0.0000000000
108262  55.876  31.136  -17.424 0.0000000000
101961  52.266  23.042  -22.979 0.0000000000
101962  51.265  23.010  -22.941 0.0000000000
101946  52.070  22.632  -22.078 0.0000000000
101932  51.902  22.259  -21.204 0.0000000000
101916  51.589  21.957  -20.322 0.0000000000
101243  52.297  21.331  -19.813 0.0000000000
101232  50.742  21.540  -18.568 0.0000000000
101218  50.303  21.283  -17.765 0.0000000000
100548  49.803  21.007  -17.098 0.0000000000
100519  49.920  20.072  -16.095 0.0000000000
95968  50.324  14.644  -11.015 0.0000000000
96824  49.897  15.278  -11.193 0.0000000000
128546  49.724  13.523  -11.998 0.0000000000
101236  39.415  20.956  -18.666 0.0000000000
102628  41.432  22.391  -21.866 0.0000000000
101255  40.755  21.567  -21.205 0.0000000000
101211  40.525  21.195  -16.656 0.0000000000
101880  42.307  21.871  -16.543 0.0000000000
99768  42.368  19.515  -14.658 0.0000000000
112071  53.451  37.700  -20.478 0.0000000000
109564  50.971  33.832  -19.434 0.0000000000
109485  53.071  33.536  -11.816 0.0000000000
108835  54.408  33.283  -11.200 0.0000000000
109473  53.872  34.096  -10.646 0.0000000000
109464  54.396  33.860  -9.828 0.0000000000
108806  54.497  33.192  -9.196 0.0000000000
110101  53.410  34.379  -8.907 0.0000000000
109452  53.711  33.830  -8.861 0.0000000000
108822  54.463  32.558  -9.187 0.0000000000
142390  53.339  32.454  -9.064 0.0000000000
148052  52.412  31.922  -9.729 0.0000000000
108221  49.410  31.252  -11.245 0.0000000000
107600  48.735  30.672  -11.759 0.0000000000
107601  47.914  30.366  -11.395 0.0000000000
116586  49.466  45.892  -13.445 0.0000000000
116049  48.455  45.599  -12.927 0.0000000000
151174  49.390  45.271  -13.001 0.0000000000
115490  50.433  44.377  -13.104 0.0000000000
115489  50.999  43.679  -12.970 0.0000000000
142162  51.237  42.055  -12.283 0.0000000000
113200  51.471  40.589  -12.046 0.0000000000
113196  48.754  39.928  -10.562 0.0000000000
113763  51.275  40.919  -11.153 0.0000000000
113193  51.438  40.572  -11.333 0.0000000000
113201  51.279  39.907  -11.587 0.0000000000
112621  49.872  38.233  -12.171 0.0000000000
111398  48.346  36.728  -13.349 0.0000000000
110151  47.923  35.085  -13.098 0.0000000000
110780  47.970  35.560  -12.377 0.0000000000
110139  48.486  34.601  -12.463 0.0000000000
109489  49.036  34.083  -12.995 0.0000000000
109486  51.883  33.642  -12.239 0.0000000000
100538  54.637  19.662  -16.850 0.0000000000
99792  54.529  19.670  -17.145 0.0000000000
100518  54.940  19.482  -16.003 0.0000000000
99061  55.275  19.053  -15.191 0.0000000000
99047  55.619  19.172  -14.401 0.0000000000
99041  54.821  18.568  -13.616 0.0000000000
99048  53.741  18.424  -14.107 0.0000000000
98341  52.681  17.769  -12.104 0.0000000000
98337  52.219  17.163  -11.404 0.0000000000
97609  51.143  15.943  -10.869 0.0000000000
147511  56.233  18.798  -10.838 0.0000000000
98332  55.453  18.110  -10.977 0.0000000000
97607  53.577  16.558  -10.431 0.0000000000
136983  52.659  16.057  -10.434 0.0000000000
136349  51.504  15.141  -10.525 0.0000000000
95962  51.082  14.547  -10.698 0.0000000000
95086  50.786  14.139  -10.944 0.0000000000
104071  49.229  25.605  -22.365 0.0000000000
104085  49.701  25.188  -23.337 0.0000000000
104084  50.645  25.164  -23.411 0.0000000000
104097  51.114  24.647  -24.134 0.0000000000
103367  51.539  24.263  -24.446 0.0000000000
102653  51.909  23.995  -24.577 0.0000000000
102644  52.667  23.828  -24.450 0.0000000000
106252  55.380  28.692  -21.670 0.0000000000
105547  55.474  28.141  -21.848 0.0000000000
104831  55.077  26.423  -22.825 0.0000000000
104811  55.531  27.247  -21.841 0.0000000000
135755  55.379  26.485  -22.328 0.0000000000
104080  54.892  25.486  -23.407 0.0000000000
104094  54.510  24.789  -23.991 0.0000000000
102643  54.267  23.868  -24.127 0.0000000000
102632  53.477  23.590  -24.056 0.0000000000
101943  54.375  22.593  -21.873 0.0000000000
101930  54.713  21.683  -21.143 0.0000000000
102615  54.821  23.278  -20.594 0.0000000000
129561  55.015  21.893  -20.554 0.0000000000
101251  54.907  21.164  -20.629 0.0000000000
101915  55.058  21.147  -20.027 0.0000000000
150409  54.798  20.859  -18.681 0.0000000000
101216  54.351  21.275  -17.826 0.0000000000
108216  55.676  31.714  -10.599 0.0000000000
107597  56.111  30.571  -10.913 0.0000000000
106863  56.379  29.183  -12.071 0.0000000000
107608  54.599  29.909  -11.652 0.0000000000
106864  55.184  29.326  -12.229 0.0000000000
106904  52.920  29.399  -16.253 0.0000000000
106193  52.404  28.786  -16.747 0.0000000000
133892  50.954  30.222  -12.734 0.0000000000
106872  50.853  29.541  -13.899 0.0000000000
106885  51.196  29.365  -14.540 0.0000000000
106181  49.999  28.598  -15.281 0.0000000000
106899  50.652  28.914  -15.300 0.0000000000
106898  51.530  29.239  -15.324 0.0000000000
106194  51.567  28.458  -16.477 0.0000000000
106207  52.072  28.058  -17.060 0.0000000000
105495  52.662  27.563  -17.587 0.0000000000
104773  52.627  26.628  -17.707 0.0000000000
104029  53.058  25.682  -17.909 0.0000000000
103319  53.328  24.022  -17.387 0.0000000000
154603  52.704  24.379  -16.863 0.0000000000
136162  53.748  23.320  -17.809 0.0000000000
101887  53.881  22.439  -17.849 0.0000000000
100539  54.742  20.152  -16.296 0.0000000000
100506  54.441  20.532  -15.377 0.0000000000
128796  55.060  20.400  -14.637 0.0000000000
100507  53.800  20.830  -14.462 0.0000000000
100499  55.591  20.419  -13.806 0.0000000000
100492  55.586  20.575  -12.998 0.0000000000
146650  55.186  20.645  -12.321 0.0000000000
100484  55.495  20.555  -11.799 0.0000000000
101173  50.319  22.041  -13.354 0.0000000000
101168  50.449  21.609  -12.808 0.0000000000
100487  51.437  21.086  -11.941 0.0000000000
100488  51.342  21.086  -11.070 0.0000000000
128829  52.239  20.926  -11.373 0.0000000000
137666  52.529  20.904  -12.091 0.0000000000
129703  53.961  20.753  -11.223 0.0000000000
100476  54.528  20.671  -10.757 0.0000000000
100470  56.038  20.315  -10.164 0.0000000000
99744  56.061  20.067  -9.263 0.0000000000
99731  56.199  19.451  -8.360 0.0000000000
99001  56.235  18.680  -7.419 0.0000000000
113851  50.156  40.895  -23.358 0.0000000000
113839  49.324  41.229  -22.299 0.0000000000
114420  50.161  41.338  -22.519 0.0000000000
113850  51.321  40.967  -23.336 0.0000000000
114418  51.833  41.302  -22.771 0.0000000000
113837  53.178  40.839  -22.558 0.0000000000
113828  53.705  40.685  -21.985 0.0000000000
114971  49.323  43.235  -17.965 0.0000000000
114976  50.498  43.208  -18.924 0.0000000000
113216  49.856  40.248  -14.471 0.0000000000
129646  48.690  40.072  -16.468 0.0000000000
114975  51.164  43.182  -18.740 0.0000000000
144392  51.042  43.012  -19.381 0.0000000000
114387  50.728  42.674  -19.845 0.0000000000
152007  51.087  42.417  -19.976 0.0000000000
113814  51.145  41.697  -20.261 0.0000000000
113243  50.284  39.851  -19.158 0.0000000000
144995  50.933  40.309  -19.831 0.0000000000
113260  51.532  40.770  -20.511 0.0000000000
113259  52.426  40.301  -20.579 0.0000000000
113819  52.873  40.697  -21.425 0.0000000000
113818  54.197  40.288  -21.255 0.0000000000
113257  54.755  39.819  -20.471 0.0000000000
112064  55.071  38.516  -18.679 0.0000000000
112659  54.641  38.463  -17.487 0.0000000000
146651  54.886  38.242  -17.805 0.0000000000
112059  54.815  37.820  -18.205 0.0000000000
111438  54.169  36.763  -17.850 0.0000000000
109546  52.794  33.998  -18.355 0.0000000000
111414  53.928  35.909  -15.288 0.0000000000
110801  54.223  35.871  -15.437 0.0000000000
109533  54.982  33.857  -16.240 0.0000000000
109534  54.570  34.269  -16.877 0.0000000000
109545  53.733  34.118  -17.637 0.0000000000
108897  52.760  33.085  -18.925 0.0000000000
108908  52.575  32.445  -19.397 0.0000000000
108293  52.572  31.762  -19.564 0.0000000000
106946  52.018  29.407  -19.445 0.0000000000
152401  52.890  29.623  -19.823 0.0000000000
106240  51.717  28.499  -19.575 0.0000000000
105530  50.912  27.759  -19.639 0.0000000000
104814  50.154  26.497  -20.852 0.0000000000
103372  46.620  23.849  -24.483 0.0000000000
102648  46.284  22.880  -25.077 0.0000000000
102656  47.692  22.798  -25.126 0.0000000000
102657  46.999  22.753  -25.286 0.0000000000
101977  45.514  21.715  -24.945 0.0000000000
148128  44.683  21.125  -23.860 0.0000000000
101952  45.129  21.789  -22.744 0.0000000000
129203  45.367  22.520  -20.428 0.0000000000
137533  49.190  22.693  -22.598 0.0000000000
101949  48.207  22.688  -21.886 0.0000000000
101918  48.690  22.631  -19.660 0.0000000000
149253  48.254  22.711  -20.513 0.0000000000
130490  47.573  22.693  -21.043 0.0000000000
130489  46.785  22.637  -21.062 0.0000000000
129204  46.453  22.638  -20.083 0.0000000000
101921  44.869  22.550  -19.655 0.0000000000
101906  45.144  22.609  -18.695 0.0000000000
101878  44.481  22.180  -16.667 0.0000000000
101208  44.387  21.736  -15.987 0.0000000000
101184  45.862  21.357  -15.833 0.0000000000
101185  45.036  21.258  -15.564 0.0000000000
101186  44.236  21.281  -15.493 0.0000000000
135799  43.809  20.024  -14.500 0.0000000000
99793  54.234  19.419  -17.048 0.0000000000
99794  53.235  19.273  -16.840 0.0000000000
99795  52.274  19.401  -16.658 0.0000000000
99077  52.120  18.681  -15.214 0.0000000000
99796  51.509  19.425  -16.246 0.0000000000
99797  50.628  19.523  -15.821 0.0000000000
99780  49.747  19.626  -15.451 0.0000000000
99781  48.845  19.719  -15.150 0.0000000000
97613  49.536  16.012  -11.479 0.0000000000
97620  49.145  16.578  -11.926 0.0000000000
98343  49.388  17.238  -12.402 0.0000000000
96830  47.948  15.375  -12.181 0.0000000000
98344  48.457  16.886  -12.396 0.0000000000
98352  48.922  17.720  -12.927 0.0000000000
99052  48.559  18.173  -13.473 0.0000000000
99765  48.521  19.224  -14.529 0.0000000000
99766  47.501  19.231  -14.338 0.0000000000
94215  55.496  13.328  -7.597 0.0000000000
94225  55.432  12.695  -8.382 0.0000000000
93404  54.843  11.678  -9.697 0.0000000000
93403  55.757  11.900  -9.943 0.0000000000
94239  55.186  12.105  -9.090 0.0000000000
95092  51.757  13.138  -11.915 0.0000000000
95093  50.132  14.002  -11.371 0.0000000000
95099  48.053  14.111  -12.503 0.0000000000
95915  55.853  14.511  -6.738 0.0000000000
95953  54.737  14.430  -9.723 0.0000000000
95969  49.581  14.695  -11.388 0.0000000000
96801  56.386  15.169  -8.302 0.0000000000
96825  49.139  15.302  -11.533 0.0000000000
96826  48.525  15.205  -11.823 0.0000000000
97606  54.636  17.174  -10.478 0.0000000000
97610  50.292  15.862  -11.157 0.0000000000
98313  56.483  18.176  -8.021 0.0000000000
99050  50.033  18.329  -13.768 0.0000000000
99054  46.161  18.401  -13.721 0.0000000000
99056  44.345  18.273  -13.907 0.0000000000
99064  51.772  18.447  -14.415 0.0000000000
99066  49.203  18.626  -14.087 0.0000000000
99069  42.997  18.833  -14.358 0.0000000000
99075  54.454  18.870  -15.665 0.0000000000
99076  53.328  18.733  -15.517 0.0000000000
99747  56.503  19.952  -11.005 0.0000000000
99754  56.192  19.839  -13.531 0.0000000000
99776  54.946  19.214  -15.905 0.0000000000
99803  54.537  19.948  -17.765 0.0000000000
100482  56.301  20.171  -11.630 0.0000000000
100486  53.277  20.822  -11.712 0.0000000000
100505  55.689  19.833  -14.616 0.0000000000
100509  46.057  20.070  -14.704 0.0000000000
100510  45.236  20.138  -14.661 0.0000000000
100522  45.871  20.745  -15.271 0.0000000000
100524  44.508  20.908  -15.171 0.0000000000
100525  43.686  20.859  -15.052 0.0000000000
100545  54.009  19.829  -18.187 0.0000000000
100546  51.993  20.204  -17.586 0.0000000000
100567  54.586  20.493  -19.359 0.0000000000
101142  49.450  22.138  -8.796 0.0000000000
101159  50.126  21.369  -9.894 0.0000000000
101161  48.859  22.172  -10.591 0.0000000000
101187  42.228  21.483  -15.845 0.0000000000
101205  47.238  21.866  -16.825 0.0000000000
101215  54.547  20.396  -18.150 0.0000000000
101241  54.252  20.769  -20.510 0.0000000000
101244  51.176  21.743  -19.438 0.0000000000
101261  53.723  21.936  -21.687 0.0000000000
101832  49.291  22.928  -8.405 0.0000000000
101838  48.951  22.784  -9.148 0.0000000000
101851  48.741  22.491  -11.876 0.0000000000
101859  49.478  22.673  -13.080 0.0000000000
101875  47.079  22.277  -17.433 0.0000000000
101876  46.594  22.185  -17.008 0.0000000000
101877  45.275  22.352  -17.090 0.0000000000
101890  45.271  22.570  -17.890 0.0000000000
101901  50.166  22.141  -19.148 0.0000000000
101904  47.490  22.561  -18.721 0.0000000000
101944  53.886  22.559  -22.179 0.0000000000
101951  46.237  22.355  -22.242 0.0000000000
101960  53.269  23.152  -23.081 0.0000000000
101967  45.427  21.495  -24.509 0.0000000000
101976  46.260  21.797  -25.021 0.0000000000
101982  48.472  22.768  -24.543 0.0000000000
101983  47.756  22.454  -24.959 0.0000000000
101984  47.006  22.295  -25.162 0.0000000000
101985  46.193  22.228  -25.168 0.0000000000
102556  48.647  23.539  -9.773 0.0000000000
102576  49.128  23.784  -13.517 0.0000000000
102577  48.538  23.981  -12.976 0.0000000000
102631  54.803  23.925  -23.599 0.0000000000
102642  54.697  24.255  -24.068 0.0000000000
102646  50.657  23.458  -24.180 0.0000000000
103293  50.214  24.649  -14.988 0.0000000000
103299  50.875  24.303  -15.298 0.0000000000
103365  54.200  24.281  -24.363 0.0000000000
103366  52.598  24.195  -24.531 0.0000000000
103371  47.508  24.045  -24.517 0.0000000000
103378  49.632  23.838  -24.563 0.0000000000
103380  47.729  23.306  -25.061 0.0000000000
103996  47.934  25.568  -12.861 0.0000000000
104070  50.164  25.623  -22.483 0.0000000000
104072  48.303  25.531  -22.130 0.0000000000
104095  53.518  24.598  -24.240 0.0000000000
104098  50.158  24.667  -24.128 0.0000000000
104753  48.409  26.728  -14.620 0.0000000000
104754  47.895  26.914  -14.098 0.0000000000
104758  49.729  26.650  -15.619 0.0000000000
104815  48.475  26.466  -20.552 0.0000000000
104817  46.899  26.228  -20.022 0.0000000000
104820  55.307  27.463  -22.227 0.0000000000
105474  47.708  27.417  -13.637 0.0000000000
105479  48.794  27.247  -15.009 0.0000000000
105486  50.727  27.428  -16.343 0.0000000000
105527  55.455  27.643  -20.477 0.0000000000
105538  55.603  27.891  -21.418 0.0000000000
105542  50.519  27.028  -20.200 0.0000000000
106186  51.076  28.719  -15.942 0.0000000000
106187  50.363  28.372  -15.752 0.0000000000
106188  49.685  28.105  -15.472 0.0000000000
106206  52.916  28.377  -17.368 0.0000000000
106226  50.389  28.827  -18.993 0.0000000000
106228  48.541  28.073  -18.930 0.0000000000
106247  55.103  28.814  -21.758 0.0000000000
106865  48.088  29.398  -12.621 0.0000000000
106869  56.361  29.014  -12.831 0.0000000000
106874  48.421  29.212  -13.193 0.0000000000
106882  55.921  29.006  -13.777 0.0000000000
106884  53.533  29.381  -14.320 0.0000000000
106888  48.745  28.960  -13.780 0.0000000000
106895  55.751  29.656  -15.336 0.0000000000
106901  55.862  29.962  -17.311 0.0000000000
106932  55.703  29.235  -18.872 0.0000000000
106952  55.578  29.559  -21.113 0.0000000000
107598  55.272  30.504  -10.807 0.0000000000
107606  56.422  29.753  -11.658 0.0000000000
107618  51.569  29.922  -13.167 0.0000000000
107624  56.344  29.599  -14.145 0.0000000000
107666  55.699  30.193  -20.205 0.0000000000
107669  53.188  30.887  -19.799 0.0000000000
107679  54.990  30.199  -20.870 0.0000000000
108230  55.709  31.561  -11.834 0.0000000000
108821  55.058  32.626  -9.494 0.0000000000
108834  55.225  32.799  -10.571 0.0000000000
108909  51.826  32.513  -19.451 0.0000000000
109463  54.815  33.265  -9.563 0.0000000000
109472  54.808  33.417  -10.225 0.0000000000
109488  49.742  33.885  -12.680 0.0000000000
109513  49.726  33.852  -14.146 0.0000000000
109547  51.634  33.688  -19.201 0.0000000000
110100  54.166  33.788  -9.318 0.0000000000
110117  50.008  34.946  -10.231 0.0000000000
110138  49.220  34.275  -12.192 0.0000000000
110140  48.052  34.970  -12.669 0.0000000000
110150  48.363  34.586  -13.300 0.0000000000
110161  50.181  33.965  -14.599 0.0000000000
110168  54.248  35.316  -15.241 0.0000000000
110201  51.383  34.304  -19.219 0.0000000000
110772  48.187  35.251  -11.850 0.0000000000
110787  48.057  35.129  -13.848 0.0000000000
110788  47.874  35.531  -13.209 0.0000000000
110797  48.192  35.603  -14.408 0.0000000000
110803  51.448  35.179  -15.735 0.0000000000
110808  54.388  35.878  -15.659 0.0000000000
111409  48.226  36.286  -14.432 0.0000000000
111412  54.218  36.278  -15.605 0.0000000000
111413  54.191  36.255  -15.546 0.0000000000
111420  54.241  36.711  -15.812 0.0000000000
111974  47.264  38.544  -9.448 0.0000000000
112037  54.376  37.307  -16.318 0.0000000000
112067  52.795  37.286  -20.025 0.0000000000
112604  49.121  39.255  -10.229 0.0000000000
112605  47.605  39.480  -10.435 0.0000000000
112651  48.694  39.182  -16.529 0.0000000000
112675  49.738  39.511  -18.516 0.0000000000
113239  54.959  39.240  -18.748 0.0000000000
113769  51.446  41.086  -11.636 0.0000000000
113770  50.989  41.449  -11.405 0.0000000000
113833  46.026  40.859  -22.145 0.0000000000
113838  52.350  41.177  -22.666 0.0000000000
114349  51.060  42.197  -12.027 0.0000000000
114399  51.212  42.163  -20.934 0.0000000000
114400  50.440  42.108  -20.931 0.0000000000
114403  46.337  41.135  -20.658 0.0000000000
114408  51.704  41.497  -22.252 0.0000000000
114409  50.923  41.662  -21.984 0.0000000000
114938  51.052  43.041  -12.551 0.0000000000
114951  51.142  43.672  -14.939 0.0000000000
115512  50.697  44.518  -15.122 0.0000000000
116050  47.640  45.659  -13.164 0.0000000000
116055  50.665  44.625  -14.182 0.0000000000
116056  50.056  45.330  -13.579 0.0000000000
116057  47.861  45.097  -13.009 0.0000000000
116587  48.872  46.065  -13.186 0.0000000000
116594  49.129  46.343  -13.825 0.0000000000
117094  47.214  46.691  -14.818 0.0000000000
130214  45.549  19.611  -14.368 0.0000000000
130324  48.290  24.156  -12.467 0.0000000000
130351  53.081  19.918  -17.945 0.0000000000
130645  56.050  19.096  -12.511 0.0000000000
130913  54.988  21.377  -19.280 0.0000000000
131081  54.859  20.657  -11.513 0.0000000000
131834  49.079  22.699  -20.311 0.0000000000
131865  55.796  20.474  -12.493 0.0000000000
132249  48.336  20.240  -15.471 0.0000000000
133245  51.981  41.020  -21.116 0.0000000000
133689  52.681  28.262  -20.252 0.0000000000
133701  51.333  33.463  -14.511 0.0000000000
133969  51.034  26.233  -16.337 0.0000000000
134474  51.721  22.926  -15.519 0.0000000000
134694  49.849  23.556  -24.380 0.0000000000
135798  42.871  20.745  -15.006 0.0000000000
136638  48.633  13.611  -12.536 0.0000000000
136918  46.804  22.235  -23.147 0.0000000000
136994  47.298  28.000  -11.877 0.0000000000
137100  51.504  23.270  -23.777 0.0000000000
137663  51.545  20.900  -9.715 0.0000000000
138028  50.675  43.592  -12.740 0.0000000000
138144  55.316  18.594  -12.719 0.0000000000
140185  53.245  38.459  -17.021 0.0000000000
140595  50.570  16.484  -11.385 0.0000000000
140986  45.955  22.200  -16.844 0.0000000000
141424  47.353  27.812  -12.460 0.0000000000
142833  50.981  17.711  -12.543 0.0000000000
142992  54.670  19.417  -16.566 0.0000000000
143467  45.745  45.742  -14.351 0.0000000000
144891  55.797  29.015  -12.727 0.0000000000
145059  49.588  22.530  -19.740 0.0000000000
147566  55.401  27.047  -20.895 0.0000000000
147970  44.620  22.590  -18.207 0.0000000000
148536  51.918  15.715  -10.548 0.0000000000
148781  53.594  30.096  -20.191 0.0000000000
148951  54.420  20.038  -18.210 0.0000000000
149524  55.993  12.422  -9.565 0.0000000000
150001  56.500  16.570  -8.256 0.0000000000
150856  46.197  41.400  -20.045 0.0000000000
151164  55.563  29.104  -21.359 0.0000000000
152184  52.333  17.992  -12.794 0.0000000000
152218  55.033  24.102  -23.242 0.0000000000
152867  51.079  42.645  -19.687 0.0000000000
153073  51.467  35.841  -8.004 0.0000000000
153305  49.700  21.584  -11.671 0.0000000000
154691  40.941  21.940  -21.729 0.0000000000
154837  55.474  20.553  -10.802 0.0000000000
155131  51.893  21.383  -14.224 0.0000000000
155318  55.057  21.825  -19.759 0.0000000000
