#!ascii label  , from subject sub-v1s14x0051565_ses-1 vox2ras=TkReg
1957
32633  -23.927  -45.365  -43.869 0.5000000000
31672  -24.835  -45.814  -43.317 0.4000000060
32624  -25.877  -45.124  -42.758 0.6000000238
32623  -24.701  -45.000  -42.902 0.6000000238
33579  -23.838  -43.977  -44.118 0.6000000238
33580  -23.992  -44.598  -43.526 0.5000000000
34496  -23.795  -43.065  -43.987 0.6000000238
33569  -24.629  -44.111  -42.671 0.6999999881
33568  -23.869  -43.922  -43.295 0.6999999881
34487  -23.467  -43.325  -43.533 0.6999999881
35366  -24.266  -42.658  -44.330 0.5000000000
35365  -23.659  -42.226  -43.997 0.6999999881
32571  -23.665  -45.565  -37.679 0.5000000000
33570  -25.585  -44.361  -42.533 0.6999999881
34474  -24.962  -43.387  -42.385 0.6999999881
35347  -23.198  -42.748  -43.054 0.6999999881
35332  -24.437  -42.724  -42.347 0.6999999881
34473  -23.903  -43.346  -42.753 0.6999999881
35331  -23.601  -42.678  -42.600 0.6999999881
36320  -23.664  -41.419  -44.012 0.6000000238
127219  -30.299  -44.025  -41.212 0.6999999881
34467  -29.322  -43.184  -42.069 0.6999999881
132997  -26.219  -43.743  -42.480 0.6999999881
129830  -27.226  -43.527  -42.530 0.6999999881
33530  -23.168  -44.753  -37.716 0.6000000238
130119  -21.527  -45.757  -39.269 0.4000000060
127220  -25.453  -43.824  -42.401 0.6999999881
35362  -23.301  -42.511  -43.558 0.6999999881
36319  -23.155  -41.718  -43.513 0.6999999881
37192  -22.907  -40.766  -43.025 0.6999999881
126731  -24.164  -40.282  -44.250 0.6000000238
123155  -30.563  -43.246  -40.571 0.6999999881
34460  -30.565  -43.900  -40.577 0.6999999881
34466  -28.343  -43.257  -42.430 0.6999999881
143890  -29.627  -42.819  -41.721 0.6999999881
137862  -30.128  -42.761  -41.208 0.6999999881
34427  -24.536  -43.742  -37.601 0.6000000238
36285  -28.305  -42.204  -42.315 0.6999999881
35349  -26.476  -42.590  -42.360 0.6999999881
34465  -27.827  -42.845  -42.412 0.6999999881
36286  -29.088  -41.931  -42.100 0.6999999881
35334  -29.638  -42.327  -41.675 0.6999999881
33527  -20.708  -44.163  -38.773 0.5000000000
32584  -21.808  -45.349  -38.583 0.5000000000
36283  -23.866  -42.125  -42.316 0.6999999881
35348  -25.498  -42.663  -42.328 0.6999999881
32594  -20.221  -45.399  -39.871 0.4000000060
36301  -22.884  -41.487  -42.770 0.6999999881
36302  -26.023  -41.854  -42.277 0.6999999881
36304  -27.856  -41.716  -42.353 0.6999999881
32607  -20.033  -45.708  -40.147 0.4000000060
36284  -24.947  -41.958  -42.249 0.6999999881
124459  -27.439  -41.043  -42.350 0.6999999881
121664  -28.255  -41.034  -42.335 0.6999999881
36310  -22.824  -41.271  -43.143 0.6999999881
37161  -23.068  -41.047  -42.378 0.6999999881
37164  -26.000  -40.140  -42.128 0.6999999881
123136  -27.010  -40.286  -42.282 0.6999999881
38116  -23.285  -40.351  -43.354 0.6999999881
38083  -25.209  -39.478  -41.935 0.6999999881
39078  -24.158  -38.872  -44.111 0.6000000238
38109  -23.111  -40.106  -43.112 0.6999999881
121671  -23.204  -39.447  -42.725 0.6999999881
41082  -24.244  -36.553  -43.925 0.5000000000
40097  -24.794  -37.129  -44.260 0.5000000000
40103  -26.254  -37.031  -44.749 0.4000000060
40098  -25.529  -37.031  -44.526 0.5000000000
35335  -30.308  -42.065  -41.169 0.6999999881
35307  -23.833  -42.202  -37.878 0.6000000238
35350  -27.408  -42.426  -42.378 0.6999999881
34438  -22.044  -43.834  -38.053 0.5000000000
36305  -29.120  -41.090  -42.129 0.6999999881
37162  -23.874  -40.621  -41.971 0.6999999881
37179  -25.447  -41.095  -42.162 0.6999999881
38093  -23.073  -40.297  -42.754 0.6999999881
38082  -23.944  -39.681  -41.915 0.6999999881
137351  -22.598  -36.488  -43.175 0.6999999881
39077  -23.427  -39.350  -43.336 0.6999999881
41068  -23.522  -37.015  -43.666 0.6999999881
40086  -23.248  -37.695  -43.389 0.6999999881
134357  -23.348  -36.436  -43.557 0.6999999881
35282  -28.598  -42.142  -36.330 0.6999999881
36231  -29.425  -41.748  -36.223 0.6999999881
138745  -30.686  -41.681  -36.581 0.8000000119
36257  -31.588  -41.322  -37.802 0.8000000119
35281  -27.787  -42.521  -36.593 0.6000000238
36229  -27.871  -41.687  -36.735 0.6000000238
36230  -28.630  -41.315  -36.433 0.6000000238
129226  -31.568  -41.918  -38.503 0.8000000119
35295  -27.077  -42.032  -37.080 0.6000000238
127432  -25.652  -41.107  -37.666 0.6000000238
36273  -31.043  -41.673  -40.429 0.6999999881
35293  -25.369  -42.441  -37.569 0.6000000238
125888  -25.765  -41.794  -37.546 0.6000000238
35306  -23.133  -42.574  -38.002 0.6000000238
127555  -22.895  -41.812  -38.290 0.6000000238
122504  -29.978  -40.753  -41.793 0.6999999881
34437  -21.160  -43.448  -38.511 0.5000000000
35304  -21.422  -42.493  -38.526 0.6000000238
36288  -30.530  -41.203  -41.229 0.6999999881
37181  -28.640  -40.292  -42.359 0.6999999881
38081  -23.167  -40.359  -42.454 0.6999999881
37163  -24.759  -40.362  -41.990 0.6999999881
40065  -22.248  -37.432  -42.529 0.8000000119
40085  -22.726  -37.774  -42.852 0.6999999881
38094  -26.771  -39.518  -42.232 0.6999999881
42069  -21.986  -36.165  -42.887 0.8000000119
39048  -23.058  -38.669  -42.398 0.6999999881
39038  -23.630  -38.802  -41.868 0.6999999881
42081  -24.739  -35.857  -44.010 0.5000000000
41084  -25.881  -36.438  -44.582 0.5000000000
42082  -25.506  -35.841  -44.361 0.5000000000
42083  -26.263  -35.846  -44.648 0.4000000060
37101  -27.991  -40.872  -36.891 0.6000000238
36232  -30.128  -41.296  -36.274 0.6999999881
37104  -30.767  -40.845  -36.621 0.8000000119
37119  -31.359  -40.852  -37.233 0.8999999762
36240  -27.240  -41.232  -37.160 0.6000000238
127266  -31.741  -40.414  -37.872 0.8000000119
36266  -31.750  -41.121  -38.690 0.8000000119
36274  -31.571  -40.967  -39.696 0.8000000119
36238  -25.087  -41.628  -37.711 0.6000000238
130559  -23.590  -41.505  -38.110 0.6000000238
37146  -31.202  -40.729  -40.635 0.8000000119
35303  -20.258  -42.594  -38.804 0.6000000238
131005  -21.892  -41.759  -38.562 0.6000000238
36253  -22.219  -40.928  -38.684 0.6000000238
37165  -30.752  -40.256  -41.392 0.6999999881
34436  -20.264  -43.551  -38.837 0.5000000000
141219  -29.018  -39.364  -42.471 0.6999999881
38097  -29.894  -39.415  -42.228 0.6999999881
33541  -19.475  -44.133  -39.208 0.5000000000
34451  -19.598  -43.327  -38.958 0.5000000000
38096  -28.117  -39.571  -42.416 0.6999999881
37180  -27.829  -40.336  -42.374 0.6999999881
41065  -21.173  -36.589  -42.352 0.8000000119
40066  -22.682  -37.972  -42.397 0.8000000119
39037  -23.174  -38.642  -42.123 0.6999999881
40052  -24.207  -38.014  -41.702 0.6999999881
39040  -25.688  -38.672  -42.001 0.6999999881
40051  -22.672  -38.100  -41.957 0.6999999881
41083  -25.129  -36.455  -44.293 0.5000000000
37116  -27.381  -40.474  -37.288 0.6999999881
37117  -28.222  -39.909  -37.157 0.6999999881
37102  -29.210  -40.132  -36.668 0.6999999881
38022  -30.522  -40.056  -36.670 0.8000000119
37114  -26.239  -40.655  -37.592 0.6999999881
38020  -29.040  -39.432  -37.086 0.8000000119
38050  -31.973  -39.627  -38.322 0.8000000119
36256  -24.778  -40.742  -37.925 0.6000000238
125658  -31.959  -40.341  -38.956 0.8000000119
37130  -23.811  -40.850  -38.193 0.6000000238
37147  -31.717  -40.183  -39.956 0.6999999881
140426  -21.543  -41.198  -38.808 0.6000000238
38085  -30.625  -39.455  -41.816 0.8000000119
39042  -31.174  -38.745  -41.651 0.6999999881
35317  -19.311  -42.372  -38.870 0.6000000238
133557  -30.193  -38.079  -42.408 0.8000000119
34458  -18.720  -43.890  -39.048 0.4000000060
39049  -26.561  -38.728  -42.206 0.6999999881
39050  -27.449  -38.929  -42.351 0.6999999881
39052  -28.985  -38.513  -42.573 0.6999999881
32604  -18.222  -45.763  -39.478 0.4000000060
40067  -27.084  -38.015  -42.360 0.6999999881
39051  -28.314  -38.756  -42.485 0.6999999881
41044  -21.529  -37.085  -42.209 0.8000000119
40040  -22.247  -37.456  -41.685 0.8000000119
43021  -22.280  -35.247  -42.859 0.8000000119
42070  -22.965  -35.853  -43.271 0.6999999881
43022  -23.432  -35.095  -43.285 0.5000000000
122148  -25.621  -34.300  -44.151 0.5000000000
43028  -25.149  -35.204  -44.098 0.5000000000
43035  -26.728  -35.163  -44.743 0.4000000060
38034  -27.626  -39.029  -37.670 0.6000000238
38035  -28.518  -38.848  -37.511 0.6999999881
38021  -29.879  -39.541  -36.841 0.8000000119
38037  -30.751  -39.416  -37.031 0.8000000119
143425  -26.210  -40.001  -37.722 0.6999999881
37131  -24.081  -40.002  -38.357 0.6999999881
39009  -32.267  -38.872  -39.426 0.8000000119
121922  -23.005  -40.156  -38.627 0.6000000238
145549  -32.192  -39.076  -38.678 0.8000000119
122573  -21.763  -39.754  -38.970 0.6000000238
39024  -32.137  -38.508  -40.313 0.8000000119
135403  -31.665  -38.839  -40.973 0.8000000119
36251  -19.633  -41.499  -38.997 0.6000000238
128660  -21.153  -40.518  -39.084 0.6000000238
39053  -29.664  -38.654  -42.447 0.8999999762
40055  -30.979  -37.865  -42.086 0.8000000119
40069  -28.501  -37.932  -42.598 0.8000000119
41047  -28.743  -37.055  -42.720 0.8000000119
35316  -18.889  -42.307  -38.799 0.5000000000
41033  -26.351  -36.356  -42.206 0.8000000119
40068  -27.817  -38.184  -42.484 0.6999999881
34448  -18.269  -43.011  -38.759 0.4000000060
42052  -20.274  -36.264  -42.033 0.8000000119
41030  -21.449  -37.098  -41.836 0.8000000119
126561  -21.932  -36.703  -41.247 0.8000000119
40042  -23.686  -37.443  -41.503 0.8000000119
134753  -25.844  -37.081  -42.050 0.6999999881
42053  -21.161  -35.803  -42.484 0.8000000119
40041  -22.891  -37.723  -41.576 0.8000000119
40053  -25.265  -37.885  -41.907 0.6999999881
41022  -22.958  -37.062  -41.312 0.8000000119
43009  -21.279  -34.938  -42.391 0.8000000119
143763  -21.216  -36.056  -40.941 0.8000000119
137290  -24.071  -34.604  -43.434 0.6000000238
125520  -23.298  -34.147  -43.012 0.6000000238
38984  -26.100  -38.623  -38.055 0.6000000238
38036  -29.355  -38.750  -37.400 0.6999999881
38048  -24.357  -39.127  -38.423 0.6000000238
38987  -29.621  -37.950  -37.748 0.6999999881
38989  -31.794  -38.761  -38.004 0.6999999881
38047  -23.443  -39.212  -38.613 0.6000000238
38049  -25.220  -38.855  -38.233 0.6000000238
39001  -25.446  -37.761  -38.063 0.6000000238
38999  -22.853  -38.192  -38.513 0.6000000238
37129  -20.448  -39.240  -39.120 0.6000000238
38046  -22.362  -38.958  -38.825 0.6000000238
39002  -32.228  -38.407  -38.684 0.6999999881
36265  -18.967  -40.749  -39.094 0.5000000000
132292  -31.789  -37.998  -41.212 0.8000000119
36263  -18.056  -41.506  -38.686 0.3000000119
41048  -29.630  -36.861  -42.683 0.8000000119
40071  -30.271  -37.365  -42.482 0.8000000119
41046  -28.127  -36.299  -42.696 0.8000000119
42041  -25.430  -35.407  -41.670 0.8000000119
41021  -20.862  -36.490  -41.468 0.8000000119
129877  -24.816  -37.029  -41.689 0.8000000119
41032  -25.576  -36.269  -41.874 0.8000000119
135020  -26.728  -37.147  -42.356 0.6999999881
41023  -23.996  -36.533  -41.346 0.8000000119
144931  -22.235  -35.611  -40.751 0.8000000119
142397  -22.829  -34.688  -42.904 0.6999999881
43997  -24.268  -33.749  -43.386 0.6000000238
44862  -26.934  -32.672  -44.549 0.3000000119
38985  -26.988  -38.334  -37.939 0.6000000238
134212  -28.002  -37.871  -37.870 0.6999999881
133085  -30.504  -38.018  -37.629 0.6999999881
142886  -19.370  -40.326  -36.477 0.5000000000
126413  -23.759  -38.494  -38.463 0.6000000238
39000  -24.489  -38.193  -38.282 0.6000000238
40025  -31.850  -37.908  -38.207 0.6999999881
122055  -19.106  -38.776  -38.866 0.5000000000
38045  -21.091  -38.470  -38.833 0.5000000000
40023  -23.458  -37.438  -38.133 0.6000000238
134681  -32.279  -37.638  -38.751 0.6999999881
37126  -17.667  -39.770  -38.213 0.3000000119
37128  -19.808  -40.271  -39.233 0.5000000000
39010  -32.369  -38.071  -39.481 0.8000000119
41034  -32.074  -36.342  -41.466 0.8000000119
40057  -32.176  -37.086  -41.007 0.8000000119
42057  -29.472  -35.286  -42.686 0.8999999762
41049  -30.670  -36.168  -42.432 0.8000000119
41050  -31.419  -36.272  -42.062 0.8000000119
35315  -18.435  -42.252  -38.693 0.4000000060
42054  -26.708  -35.605  -42.267 0.8999999762
41045  -27.194  -36.350  -42.490 0.8999999762
42056  -28.491  -35.499  -42.687 0.8999999762
43007  -19.455  -34.630  -41.406 0.8000000119
42039  -20.077  -36.206  -41.458 0.8000000119
42040  -24.233  -35.512  -41.190 0.8000000119
41031  -24.850  -36.038  -41.551 0.8000000119
135207  -20.485  -34.084  -41.965 0.8000000119
43010  -22.058  -34.216  -42.509 0.6999999881
43996  -23.526  -33.301  -42.917 0.6000000238
44860  -25.409  -32.284  -43.691 0.6000000238
133915  -25.618  -33.259  -43.881 0.6000000238
127481  -26.376  -37.782  -38.002 0.6000000238
40011  -27.109  -37.287  -38.007 0.6000000238
40013  -28.914  -37.069  -38.003 0.6999999881
40024  -24.456  -37.191  -37.973 0.6000000238
40014  -29.949  -37.287  -37.763 0.6999999881
40015  -30.834  -37.384  -37.629 0.8000000119
38995  -19.263  -37.392  -38.060 0.6000000238
38997  -20.476  -37.323  -38.258 0.5000000000
40022  -22.152  -36.991  -38.050 0.6000000238
130918  -31.459  -37.300  -37.868 0.6999999881
139250  -32.346  -36.967  -38.755 0.8000000119
38030  -17.685  -38.939  -37.488 0.4000000060
40030  -32.498  -37.179  -39.528 0.6999999881
37127  -18.562  -39.736  -38.929 0.4000000060
40043  -32.468  -36.957  -40.344 0.8000000119
43013  -28.590  -34.685  -42.545 0.8000000119
42043  -31.823  -35.535  -41.774 0.8000000119
42996  -25.555  -34.424  -41.428 0.8999999762
143470  -28.109  -35.076  -42.565 0.8000000119
42059  -31.047  -35.484  -42.278 0.8000000119
42997  -26.377  -33.979  -41.612 0.8000000119
42021  -21.073  -35.108  -40.361 0.8000000119
42028  -23.351  -35.034  -40.749 0.8000000119
142702  -24.874  -35.467  -41.434 0.6999999881
42984  -19.317  -34.743  -40.363 0.8000000119
43984  -21.296  -33.120  -41.937 0.8000000119
42976  -20.119  -34.427  -39.719 0.8000000119
44845  -23.151  -32.455  -42.580 0.6999999881
44846  -24.066  -32.726  -43.093 0.6999999881
45751  -25.039  -31.300  -43.643 0.6000000238
46781  -25.480  -30.632  -44.018 0.6000000238
46782  -26.287  -30.866  -44.362 0.6000000238
40008  -23.624  -36.429  -37.672 0.6000000238
41003  -28.549  -36.150  -37.948 0.8000000119
41004  -29.390  -36.560  -37.644 0.6999999881
37098  -21.309  -40.139  -36.483 0.5000000000
129343  -21.417  -35.947  -37.368 0.5000000000
40016  -31.982  -37.135  -38.263 0.6999999881
38973  -19.387  -37.731  -37.219 0.5000000000
40021  -20.940  -36.605  -37.822 0.5000000000
41006  -31.134  -36.720  -37.436 0.8000000119
41007  -31.771  -36.550  -37.766 0.8000000119
38016  -19.513  -38.700  -36.718 0.5000000000
41012  -32.305  -36.409  -38.316 0.8000000119
41024  -32.717  -36.401  -39.964 0.8000000119
123082  -32.990  -35.672  -39.541 0.8000000119
41035  -32.487  -36.353  -40.747 0.8000000119
42044  -32.436  -35.584  -41.136 0.8000000119
42029  -32.819  -35.654  -40.361 0.8000000119
43014  -29.439  -34.320  -42.498 0.8000000119
42998  -27.278  -33.946  -42.002 0.8000000119
43015  -30.409  -34.681  -42.422 0.8000000119
42977  -21.428  -34.015  -39.701 0.8000000119
42987  -24.801  -33.852  -40.958 0.8000000119
122760  -24.179  -34.502  -40.914 0.8999999762
43983  -19.527  -33.672  -41.285 0.8000000119
43952  -19.427  -34.075  -39.912 0.8000000119
43985  -22.598  -33.251  -42.503 0.6999999881
44838  -21.986  -32.247  -42.028 0.6999999881
45750  -24.584  -32.012  -43.302 0.6999999881
45737  -22.520  -31.486  -42.392 0.6999999881
46766  -23.374  -29.919  -43.270 0.6999999881
139444  -24.082  -30.992  -43.254 0.6999999881
41999  -25.813  -34.960  -36.286 0.8000000119
41000  -25.514  -35.965  -37.484 0.6000000238
41001  -26.287  -35.752  -37.207 0.6000000238
40985  -28.004  -35.856  -37.057 0.8000000119
35264  -24.116  -42.174  -35.399 0.6000000238
36228  -22.888  -40.824  -36.120 0.5000000000
40998  -22.943  -35.526  -37.288 0.6000000238
137324  -22.978  -34.998  -36.749 0.6000000238
34382  -25.202  -44.185  -33.593 0.6000000238
35245  -24.729  -42.800  -34.912 0.6000000238
36208  -24.423  -41.252  -35.482 0.6000000238
38977  -22.507  -37.755  -35.856 0.5000000000
39999  -21.295  -35.860  -36.591 0.5000000000
34331  -24.635  -43.643  -30.515 0.5000000000
33475  -25.669  -44.431  -32.120 0.5000000000
139719  -26.074  -42.892  -33.692 0.6000000238
36194  -25.081  -41.946  -35.101 0.6000000238
38017  -20.723  -38.016  -36.534 0.5000000000
38976  -21.710  -36.621  -36.050 0.5000000000
40989  -31.528  -36.073  -37.158 0.8000000119
42015  -32.841  -35.607  -38.580 0.8000000119
132928  -25.887  -43.357  -31.354 0.5000000000
39998  -20.625  -35.929  -36.965 0.5000000000
35209  -22.821  -42.994  -30.425 0.4000000060
39997  -20.143  -36.286  -37.160 0.5000000000
42999  -30.961  -33.807  -42.070 0.8000000119
42988  -32.729  -34.821  -40.662 0.8000000119
129883  -33.199  -34.939  -39.959 0.6999999881
43986  -28.107  -33.963  -42.207 0.8000000119
43976  -31.770  -33.921  -41.551 0.8000000119
43989  -30.035  -33.673  -42.292 0.8000000119
43974  -29.458  -32.951  -41.955 0.8000000119
44811  -19.857  -32.143  -40.710 0.8999999762
43953  -20.465  -33.391  -39.759 0.8999999762
42986  -23.484  -33.945  -40.389 0.8000000119
43970  -25.638  -33.475  -40.995 0.8000000119
42978  -22.544  -33.659  -39.876 1.0000000000
43959  -24.196  -33.284  -40.401 0.8000000119
44837  -20.660  -31.972  -41.631 0.8000000119
45736  -21.190  -31.212  -41.923 0.6999999881
41998  -24.585  -34.614  -35.873 0.8000000119
40984  -26.997  -35.505  -36.749 0.8000000119
36195  -25.904  -41.657  -34.619 0.6000000238
41978  -23.070  -34.975  -35.493 0.6000000238
41997  -23.469  -34.781  -35.998 0.6000000238
40986  -28.904  -36.116  -37.196 0.8000000119
42002  -29.438  -35.846  -36.230 0.8000000119
34362  -26.002  -43.683  -32.410 0.5000000000
35246  -25.620  -42.501  -34.447 0.6000000238
37080  -24.647  -40.180  -35.493 0.6000000238
40973  -22.838  -35.480  -35.389 0.6000000238
40987  -29.875  -36.300  -36.904 0.8000000119
40988  -30.755  -36.286  -36.887 0.8000000119
42005  -32.036  -35.396  -36.818 0.6999999881
34363  -26.322  -43.020  -32.825 0.5000000000
38962  -23.552  -38.295  -35.637 0.6000000238
41977  -22.434  -35.158  -35.964 0.6000000238
35210  -23.825  -43.095  -30.444 0.4000000060
35221  -26.003  -42.683  -31.319 0.4000000060
34346  -26.302  -43.036  -31.946 0.4000000060
36192  -26.825  -41.687  -33.234 0.4000000060
142325  -32.880  -35.136  -37.949 0.6999999881
35220  -25.174  -42.278  -30.969 0.4000000060
35222  -26.476  -42.146  -31.890 0.4000000060
37998  -25.954  -39.431  -34.797 0.4000000060
42016  -33.340  -34.856  -39.169 0.6999999881
144540  -26.117  -40.448  -31.249 0.4000000060
37066  -27.367  -40.325  -33.017 0.5000000000
127835  -32.447  -33.943  -40.908 0.6999999881
37037  -24.597  -40.573  -31.397 0.3000000119
37050  -27.101  -40.732  -32.316 0.5000000000
38000  -27.174  -39.962  -33.795 0.5000000000
43973  -28.573  -33.243  -41.966 0.8000000119
43975  -30.470  -32.878  -41.736 0.8000000119
43962  -32.007  -33.122  -41.109 0.8000000119
144938  -31.331  -33.248  -41.569 0.8000000119
44804  -20.194  -32.528  -40.142 0.8000000119
43954  -22.035  -33.056  -39.649 1.0000000000
43958  -23.278  -33.008  -39.926 0.8000000119
44813  -24.262  -32.458  -40.151 0.8000000119
43960  -25.003  -32.928  -40.550 0.8000000119
43971  -26.894  -33.236  -41.381 0.8000000119
44828  -27.308  -32.593  -41.008 0.8000000119
44805  -21.169  -32.417  -39.850 1.0000000000
43961  -25.784  -32.674  -40.552 0.8000000119
129547  -20.052  -32.876  -41.491 0.8000000119
44812  -23.342  -32.342  -39.878 0.8000000119
44814  -25.272  -32.231  -40.338 0.8000000119
143688  -20.259  -31.025  -41.592 0.8999999762
46749  -21.688  -30.524  -42.299 0.6999999881
46765  -22.987  -30.729  -42.731 0.6999999881
47820  -24.137  -29.528  -43.693 0.6999999881
46767  -24.554  -30.321  -43.673 0.6999999881
47836  -25.977  -29.348  -44.592 0.6000000238
48826  -25.086  -28.737  -44.268 0.6999999881
48809  -23.524  -28.301  -43.760 0.6999999881
131343  -26.476  -28.844  -44.894 0.6000000238
48827  -25.825  -28.435  -44.650 0.6000000238
120729  -26.466  -34.732  -35.648 0.8000000119
42000  -27.450  -35.230  -36.045 0.8000000119
36209  -25.340  -41.042  -35.138 0.5000000000
39976  -24.102  -35.666  -34.290 0.8000000119
40957  -24.407  -34.939  -34.170 0.8000000119
41981  -25.444  -34.375  -35.201 0.8000000119
42001  -28.441  -35.624  -36.282 0.8000000119
35247  -26.331  -42.116  -33.916 0.5000000000
37081  -25.609  -40.194  -35.053 0.6000000238
38004  -25.123  -39.320  -35.211 0.5000000000
40974  -23.607  -35.188  -34.803 0.8000000119
42003  -30.397  -35.875  -36.218 0.6999999881
35231  -26.587  -42.312  -32.541 0.4000000060
37075  -26.742  -40.495  -34.266 0.5000000000
39987  -24.594  -37.048  -34.618 0.6999999881
131388  -23.822  -37.323  -35.217 0.6999999881
42004  -31.261  -35.731  -36.421 0.6999999881
36164  -26.067  -41.808  -31.382 0.3000000119
42967  -32.704  -34.935  -37.291 0.6999999881
42968  -33.237  -34.403  -37.842 0.6999999881
124450  -33.399  -33.624  -38.130 0.6999999881
143201  -27.340  -39.716  -32.292 0.5000000000
43947  -33.100  -33.144  -39.343 0.6999999881
37964  -26.022  -39.883  -31.024 0.4000000060
37965  -26.835  -39.403  -31.442 0.4000000060
44830  -29.583  -32.303  -41.219 0.8000000119
127655  -32.566  -33.142  -40.304 0.6999999881
44829  -28.722  -32.478  -41.302 0.8000000119
44817  -27.870  -31.995  -40.542 0.8000000119
45723  -29.017  -31.337  -39.544 0.6999999881
128034  -23.959  -32.017  -39.894 0.8000000119
44816  -26.971  -31.928  -40.325 0.8000000119
45718  -19.821  -31.046  -40.851 0.8999999762
44826  -19.933  -31.689  -41.180 0.8999999762
45708  -20.412  -31.582  -40.340 0.8999999762
45709  -21.630  -31.616  -39.983 0.8000000119
45710  -23.031  -31.726  -39.931 0.8000000119
45719  -24.099  -31.592  -40.046 0.8000000119
133830  -20.065  -29.780  -41.779 0.8999999762
45727  -19.991  -30.372  -41.334 0.8000000119
45735  -20.473  -30.327  -41.819 0.8999999762
46763  -21.308  -29.121  -42.339 0.8000000119
46799  -26.604  -30.168  -44.696 0.4000000060
46764  -22.079  -29.826  -42.709 0.8000000119
48808  -22.491  -28.371  -43.306 0.6999999881
47834  -24.251  -28.878  -43.895 0.6999999881
49830  -26.310  -27.271  -44.914 0.5000000000
122012  -26.129  -34.234  -34.634 0.6999999881
41954  -25.499  -35.194  -33.514 0.6999999881
140160  -29.371  -35.395  -34.812 0.6999999881
36165  -26.618  -41.277  -31.837 0.4000000060
38957  -26.630  -37.996  -33.813 0.6000000238
41955  -26.722  -34.478  -34.143 0.6999999881
41986  -31.011  -35.442  -35.632 0.6999999881
42961  -31.779  -35.027  -36.038 0.6999999881
42962  -32.491  -34.602  -36.522 0.6999999881
42963  -33.106  -34.169  -37.048 0.6999999881
39953  -27.304  -37.978  -32.585 0.5000000000
141752  -33.335  -33.724  -37.494 0.6999999881
38909  -26.715  -37.817  -30.983 0.4000000060
43948  -33.381  -33.552  -38.774 0.6999999881
39926  -25.612  -37.126  -29.933 0.3000000119
38908  -26.095  -38.321  -30.629 0.3000000119
39940  -26.827  -37.076  -31.286 0.5000000000
44818  -28.803  -31.822  -40.491 0.6999999881
44832  -31.248  -32.599  -41.095 0.6999999881
44799  -32.724  -32.309  -38.641 0.6999999881
40925  -26.722  -36.518  -30.786 0.4000000060
129574  -29.572  -31.825  -40.457 0.6999999881
44820  -31.891  -32.483  -40.428 0.6999999881
44819  -30.001  -31.619  -39.828 0.6999999881
135117  -27.427  -31.397  -39.857 0.6999999881
120712  -23.309  -31.022  -40.160 0.8000000119
124434  -24.739  -31.945  -40.165 0.8000000119
45720  -25.720  -31.694  -40.298 0.8000000119
44815  -26.133  -32.022  -40.312 0.8000000119
121492  -24.960  -31.450  -40.264 0.8000000119
46735  -21.064  -30.085  -40.451 0.8000000119
47788  -20.120  -29.518  -41.501 0.8000000119
48761  -20.501  -29.043  -41.524 0.8000000119
46734  -19.954  -30.182  -40.808 0.8999999762
47804  -20.358  -29.361  -41.989 0.8999999762
48807  -21.555  -28.485  -42.579 0.8000000119
48825  -22.875  -27.667  -43.550 0.8000000119
49814  -25.293  -26.975  -44.573 0.6999999881
49815  -25.811  -27.728  -44.702 0.6000000238
124130  -23.333  -27.053  -43.871 0.6999999881
121798  -23.881  -27.712  -44.041 0.6999999881
123368  -23.181  -25.671  -43.839 0.6999999881
41982  -27.043  -34.580  -35.044 0.6999999881
41948  -27.472  -35.322  -32.968 0.6000000238
41949  -28.224  -35.248  -33.711 0.6999999881
41958  -30.049  -35.323  -34.448 0.6999999881
41985  -30.017  -35.568  -35.350 0.6999999881
38940  -27.222  -38.426  -33.320 0.5000000000
39978  -25.967  -36.729  -33.481 0.6000000238
41959  -30.810  -35.159  -34.840 0.6999999881
42947  -31.563  -34.780  -35.241 0.6999999881
39958  -26.215  -36.104  -32.830 0.6000000238
38907  -25.096  -38.452  -30.399 0.3000000119
39952  -26.932  -36.851  -32.284 0.5000000000
38939  -26.812  -37.355  -33.132 0.5000000000
140090  -28.325  -35.507  -32.736 0.6000000238
136519  -27.055  -36.062  -31.011 0.5000000000
41937  -27.853  -35.562  -31.285 0.6000000238
43932  -33.317  -33.316  -36.832 0.6999999881
44800  -33.271  -32.856  -38.324 0.6999999881
44798  -31.936  -31.787  -38.724 0.6999999881
42894  -26.559  -34.534  -29.533 0.3000000119
45714  -29.866  -31.140  -38.704 0.6999999881
45721  -26.883  -31.344  -40.147 0.8000000119
45711  -27.704  -30.741  -39.236 0.6999999881
45701  -29.398  -30.463  -38.201 0.6999999881
46736  -24.259  -30.940  -40.299 0.8000000119
46738  -26.354  -31.107  -40.188 0.8000000119
145475  -21.105  -29.139  -41.046 0.8000000119
46730  -22.048  -30.908  -40.104 0.8000000119
121439  -25.042  -30.743  -40.571 0.8000000119
48770  -20.611  -28.939  -41.833 0.8000000119
48772  -23.284  -28.267  -41.342 0.8000000119
48774  -24.743  -28.648  -41.619 0.8000000119
49771  -25.126  -27.656  -42.004 0.8000000119
50905  -26.050  -26.351  -44.861 0.6000000238
49813  -22.292  -26.936  -43.252 0.8000000119
143019  -23.728  -26.444  -44.146 0.6000000238
129023  -22.873  -23.806  -43.652 0.6999999881
51951  -23.567  -24.944  -44.095 0.6000000238
140608  -24.137  -25.847  -44.330 0.6000000238
41950  -29.139  -35.466  -33.192 0.6000000238
41945  -27.699  -35.641  -32.159 0.6000000238
42931  -31.392  -34.581  -34.455 0.6999999881
129690  -29.035  -35.429  -32.421 0.6000000238
42932  -31.967  -34.169  -34.863 0.6999999881
42948  -32.367  -34.180  -35.646 0.6999999881
43931  -32.887  -33.893  -36.373 0.6999999881
120926  -27.303  -35.681  -30.761 0.4000000060
42916  -29.991  -34.634  -31.878 0.5000000000
43904  -31.869  -33.861  -34.184 0.6999999881
136545  -28.463  -35.474  -31.873 0.5000000000
42909  -29.612  -34.207  -31.269 0.5000000000
44782  -33.377  -32.522  -37.008 0.6999999881
142003  -33.278  -32.484  -37.594 0.6999999881
42900  -27.011  -35.244  -30.074 0.3000000119
42901  -27.412  -34.536  -29.904 0.3000000119
41927  -27.728  -35.127  -30.519 0.4000000060
143289  -29.460  -31.270  -39.151 0.6999999881
43846  -27.086  -33.873  -29.589 0.3000000119
43863  -27.786  -33.683  -29.849 0.3000000119
145669  -31.466  -31.320  -38.100 0.6999999881
45704  -32.139  -31.429  -37.898 0.6999999881
45702  -30.054  -30.549  -38.020 0.6999999881
45703  -30.991  -30.771  -37.706 0.6999999881
47779  -25.852  -30.566  -40.698 0.8000000119
46732  -28.201  -30.228  -38.631 0.6999999881
45712  -28.346  -30.717  -38.758 0.6999999881
46727  -31.000  -30.221  -37.553 0.6999999881
45700  -28.820  -30.175  -38.316 0.6999999881
47773  -30.136  -29.674  -38.495 0.6999999881
47778  -23.146  -29.723  -40.749 0.8000000119
121646  -24.224  -30.180  -40.790 0.8000000119
46731  -27.825  -30.213  -38.981 0.6999999881
47772  -29.232  -29.814  -38.473 0.6999999881
47784  -29.884  -29.464  -39.535 0.6999999881
47777  -21.679  -29.366  -40.708 0.8000000119
48773  -23.912  -29.271  -41.178 0.8000000119
134770  -25.096  -29.814  -41.231 0.8000000119
47789  -26.148  -29.714  -41.440 0.8000000119
47780  -26.735  -30.430  -40.544 0.8000000119
47792  -28.717  -29.432  -40.628 0.8000000119
48779  -30.305  -28.794  -41.543 0.6999999881
49759  -21.822  -28.063  -41.369 0.8000000119
142620  -25.508  -29.235  -41.662 0.8000000119
48790  -26.849  -28.314  -42.434 0.8000000119
141445  -28.310  -28.532  -42.440 0.8000000119
49768  -21.232  -27.448  -41.837 0.8000000119
49770  -23.971  -27.548  -41.573 0.8000000119
130886  -25.901  -28.653  -42.062 0.8000000119
48791  -27.705  -28.062  -42.725 0.8000000119
130027  -21.212  -27.216  -42.152 0.8000000119
125075  -23.356  -26.731  -41.599 0.8000000119
49781  -26.115  -27.509  -42.409 0.8000000119
122634  -27.937  -27.155  -43.074 0.8000000119
141622  -21.273  -26.263  -42.062 0.8000000119
49780  -25.409  -26.742  -42.204 0.8000000119
50873  -21.304  -26.334  -42.133 0.8000000119
51965  -26.251  -25.521  -44.997 0.5000000000
50904  -25.047  -26.098  -44.551 0.6000000238
51923  -21.880  -24.996  -42.319 0.8000000119
51940  -22.062  -24.791  -42.570 0.8000000119
51964  -25.496  -25.614  -44.746 0.6000000238
52999  -25.412  -24.793  -44.844 0.6000000238
52990  -24.106  -24.145  -44.382 0.6000000238
53980  -25.026  -23.832  -44.868 0.6000000238
41951  -29.979  -35.262  -33.567 0.6999999881
43897  -31.657  -33.530  -33.415 0.6999999881
43898  -32.286  -33.062  -33.920 0.6999999881
141589  -32.525  -33.400  -34.839 0.6999999881
42917  -30.494  -34.391  -32.390 0.5000000000
43864  -28.538  -33.532  -30.336 0.4000000060
43865  -29.344  -33.417  -30.742 0.4000000060
43882  -30.023  -33.286  -31.244 0.5000000000
124654  -33.353  -32.633  -36.363 0.6999999881
45695  -33.205  -31.866  -37.101 0.6999999881
44721  -28.089  -32.797  -29.948 0.3000000119
45609  -29.237  -31.859  -30.709 0.3000000119
44735  -30.415  -32.470  -31.425 0.5000000000
122745  -33.287  -31.076  -35.920 0.6999999881
131768  -27.208  -32.928  -29.503 0.3000000119
45633  -28.667  -31.110  -30.944 0.3000000119
46719  -32.499  -30.435  -37.086 0.6999999881
141933  -28.176  -30.599  -31.277 0.3000000119
47767  -32.216  -29.592  -37.921 0.6999999881
47781  -27.538  -30.173  -40.021 0.8000000119
47783  -28.910  -29.654  -39.455 0.6999999881
47774  -31.078  -29.580  -38.562 0.6999999881
47782  -28.013  -29.791  -39.442 0.6999999881
47793  -29.645  -29.262  -40.614 0.6999999881
48765  -31.572  -28.991  -40.502 0.6999999881
47791  -27.882  -29.553  -40.803 0.6999999881
48778  -29.392  -28.931  -41.607 0.8000000119
48763  -22.568  -28.852  -40.984 0.8000000119
48793  -29.981  -28.361  -42.397 0.8000000119
49769  -22.380  -27.243  -41.515 0.8000000119
143499  -28.707  -27.068  -43.294 0.8000000119
50851  -22.189  -26.235  -41.701 0.8000000119
50850  -21.216  -26.611  -41.961 0.8000000119
120708  -24.441  -26.789  -41.782 0.8000000119
50859  -26.342  -26.406  -42.606 0.8000000119
51926  -26.850  -25.485  -42.789 0.8000000119
50861  -28.323  -26.288  -43.313 0.8000000119
51914  -21.344  -25.952  -41.993 0.8000000119
51915  -21.999  -25.331  -41.936 0.8000000119
50853  -24.760  -26.157  -41.931 0.8000000119
51924  -25.431  -25.066  -42.263 0.8000000119
51927  -27.870  -25.212  -43.162 0.8000000119
52981  -22.258  -24.090  -43.022 0.8000000119
133960  -29.860  -35.127  -32.583 0.6000000238
42918  -31.090  -34.007  -32.894 0.6000000238
42903  -28.936  -34.248  -30.751 0.5000000000
44750  -31.967  -32.694  -33.182 0.6000000238
44743  -30.999  -32.747  -32.018 0.5000000000
44759  -33.256  -32.033  -34.896 0.6999999881
44744  -31.624  -32.205  -32.491 0.6000000238
44751  -32.557  -32.229  -33.639 0.6999999881
45659  -33.071  -31.732  -34.114 0.6999999881
45668  -33.366  -31.547  -35.488 0.6999999881
45632  -27.808  -30.964  -30.805 0.3000000119
45634  -29.623  -31.180  -31.263 0.3000000119
45652  -33.239  -30.918  -33.923 0.6999999881
45607  -27.312  -31.496  -30.268 0.3000000119
48668  -30.834  -28.961  -32.586 0.3000000119
45680  -33.010  -30.970  -36.548 0.6999999881
48665  -27.823  -28.817  -32.878 0.3000000119
144374  -28.339  -28.923  -32.659 0.3000000119
47686  -28.949  -29.169  -32.405 0.3000000119
48682  -30.695  -28.296  -33.026 0.3000000119
48701  -26.977  -28.309  -33.706 0.3000000119
47766  -31.355  -29.841  -37.800 0.6999999881
48756  -31.766  -29.227  -39.521 0.6999999881
48794  -30.861  -28.242  -42.209 0.8000000119
49783  -29.578  -27.486  -43.133 0.8000000119
50874  -29.197  -26.458  -43.403 0.8000000119
50852  -23.549  -25.914  -41.702 0.8000000119
52960  -24.412  -24.507  -41.922 0.8000000119
51917  -24.549  -25.405  -41.900 0.8000000119
52966  -26.301  -24.817  -42.565 0.8000000119
52967  -27.116  -24.564  -42.820 0.8000000119
130705  -25.558  -24.153  -42.309 0.8000000119
52965  -22.134  -24.001  -42.509 0.8000000119
53970  -22.265  -23.216  -43.016 0.6999999881
55096  -22.632  -22.483  -43.690 0.6000000238
45651  -32.681  -31.322  -33.340 0.6000000238
122370  -33.360  -31.258  -34.681 0.6999999881
46661  -31.093  -30.446  -32.184 0.4000000060
46674  -32.899  -30.389  -33.411 0.6000000238
46681  -33.407  -30.485  -34.507 0.6999999881
46693  -33.420  -30.761  -35.293 0.6999999881
142205  -32.676  -29.085  -33.233 0.4000000060
46705  -33.281  -30.211  -35.938 0.6999999881
49698  -30.695  -27.055  -33.950 0.3000000119
48685  -33.047  -28.711  -33.682 0.4000000060
47731  -33.471  -29.348  -35.653 0.6000000238
47758  -33.132  -29.227  -37.097 0.6999999881
47757  -32.591  -29.742  -37.305 0.6999999881
47775  -31.936  -29.437  -38.646 0.6999999881
48754  -33.370  -28.560  -38.519 0.6999999881
48757  -32.414  -29.024  -39.302 0.6999999881
48766  -32.534  -28.653  -40.154 0.6999999881
48777  -28.522  -29.058  -41.707 0.8000000119
48792  -29.079  -28.452  -42.472 0.8000000119
49784  -30.464  -27.735  -42.744 0.8000000119
50860  -27.370  -26.309  -43.013 0.8000000119
51941  -29.760  -25.799  -43.323 0.8000000119
51925  -26.097  -25.551  -42.523 0.8000000119
52968  -27.894  -24.170  -43.032 0.8000000119
138580  -22.905  -22.970  -41.894 0.8000000119
53958  -26.334  -23.587  -42.595 0.8000000119
122587  -27.158  -23.830  -42.810 0.8000000119
53957  -25.342  -23.302  -42.328 0.8000000119
53987  -24.091  -23.147  -44.525 0.6000000238
53955  -22.208  -22.985  -42.515 0.8000000119
56185  -22.891  -21.538  -44.436 0.6000000238
55086  -22.147  -22.166  -42.982 0.6999999881
56184  -22.241  -20.554  -44.252 0.6999999881
45645  -32.060  -31.410  -32.687 0.6000000238
46663  -32.344  -30.596  -32.833 0.6000000238
137226  -33.277  -30.220  -33.894 0.6000000238
48683  -31.574  -28.609  -32.870 0.3000000119
124547  -33.473  -29.964  -35.099 0.6000000238
125865  -31.466  -27.795  -33.393 0.3000000119
127500  -33.342  -29.097  -34.115 0.5000000000
49682  -32.884  -27.951  -33.883 0.3000000119
48702  -33.339  -28.402  -34.452 0.5000000000
137804  -33.473  -28.783  -36.853 0.6999999881
50789  -30.269  -26.373  -34.564 0.3000000119
49699  -31.763  -27.057  -33.982 0.3000000119
49739  -34.081  -27.442  -36.786 0.4000000060
48749  -33.580  -28.500  -37.593 0.6999999881
50804  -29.168  -25.784  -35.251 0.3000000119
49750  -34.024  -27.934  -38.399 0.6000000238
49760  -33.033  -27.939  -40.847 0.6000000238
145430  -34.016  -27.632  -39.826 0.6000000238
49772  -31.706  -27.957  -41.967 0.8000000119
49773  -32.530  -27.559  -41.604 0.6999999881
49761  -33.799  -27.474  -40.513 0.6000000238
49785  -31.198  -27.456  -42.560 0.8000000119
50854  -32.787  -26.709  -41.883 0.6999999881
49774  -33.383  -27.174  -41.261 0.6999999881
50862  -30.580  -26.879  -43.068 0.8000000119
50863  -31.417  -26.547  -42.719 0.8000000119
50864  -32.197  -26.193  -42.418 0.6999999881
50855  -33.628  -26.346  -41.531 0.6999999881
51928  -28.919  -25.519  -43.354 0.8000000119
120997  -30.904  -26.080  -43.058 0.8000000119
51929  -31.495  -25.523  -42.761 0.6999999881
51930  -32.367  -25.314  -42.412 0.6999999881
133518  -28.732  -24.547  -43.149 0.8000000119
120906  -29.606  -24.907  -43.123 0.8000000119
52970  -31.062  -24.588  -42.717 0.6999999881
52971  -31.895  -24.648  -42.554 0.6999999881
51916  -23.286  -24.877  -41.777 0.8000000119
53949  -24.288  -23.608  -41.969 0.8000000119
121196  -29.988  -23.797  -42.625 0.8000000119
53959  -27.053  -23.145  -42.902 0.8000000119
53960  -27.910  -23.493  -42.948 0.8000000119
52958  -22.222  -24.364  -42.097 0.8000000119
53956  -24.249  -22.831  -42.107 0.8000000119
55077  -26.034  -22.961  -42.657 0.8000000119
56164  -27.348  -22.384  -43.114 0.8000000119
53948  -22.378  -23.590  -42.169 0.8000000119
56154  -23.187  -21.800  -42.291 0.8000000119
56160  -22.520  -21.318  -42.657 0.6999999881
55097  -23.287  -22.483  -44.269 0.6000000238
122165  -23.942  -21.347  -45.125 0.6000000238
55074  -22.353  -22.102  -42.473 0.8000000119
56174  -22.064  -20.687  -43.328 0.6999999881
57187  -21.898  -19.718  -43.833 0.6999999881
48725  -33.531  -28.560  -35.356 0.5000000000
48741  -33.576  -28.690  -36.209 0.5000000000
131707  -32.271  -27.654  -33.668 0.3000000119
123071  -33.490  -27.892  -35.127 0.4000000060
50806  -32.580  -26.172  -35.107 0.3000000119
49746  -34.122  -27.735  -37.553 0.5000000000
51860  -32.048  -25.705  -35.222 0.3000000119
50807  -33.106  -26.374  -35.356 0.3000000119
49751  -34.437  -27.199  -38.221 0.6000000238
49755  -34.355  -27.324  -39.178 0.6000000238
51858  -29.834  -25.312  -35.597 0.3000000119
51873  -31.024  -24.798  -35.936 0.3000000119
51876  -34.003  -25.807  -36.682 0.3000000119
49762  -34.401  -27.051  -40.079 0.6000000238
137039  -29.457  -24.825  -36.125 0.3000000119
50842  -34.172  -26.752  -40.873 0.6999999881
50865  -32.969  -25.849  -42.046 0.6999999881
122207  -28.670  -23.151  -42.802 0.8000000119
121915  -30.194  -23.169  -42.544 0.6999999881
53962  -31.175  -22.987  -42.455 0.6999999881
53961  -29.414  -23.437  -42.693 0.6999999881
55078  -27.983  -22.866  -42.945 0.8000000119
131105  -29.022  -21.879  -42.940 0.6999999881
122258  -25.544  -22.320  -42.718 0.8000000119
56163  -25.950  -21.883  -43.086 0.6999999881
121339  -26.452  -22.490  -43.015 0.8000000119
56165  -28.186  -22.125  -43.073 0.6000000238
138586  -26.133  -20.114  -45.915 0.6000000238
56161  -23.785  -21.361  -42.536 0.6999999881
57177  -23.916  -20.241  -43.109 0.6999999881
57178  -24.917  -20.614  -43.099 0.6999999881
57195  -22.245  -19.783  -44.802 0.6999999881
57203  -23.041  -19.972  -45.610 0.6999999881
57176  -22.874  -20.029  -43.373 0.6999999881
61863  -26.051  -15.556  -45.309 0.5000000000
61886  -25.606  -15.275  -45.914 0.5000000000
50838  -34.726  -26.558  -38.785 0.6000000238
141455  -35.104  -25.825  -39.352 0.6000000238
50843  -34.835  -26.189  -40.323 0.6000000238
51918  -33.758  -25.474  -41.700 0.6999999881
51919  -34.474  -25.008  -41.345 0.6999999881
51931  -33.091  -25.017  -42.109 0.6999999881
53917  -26.991  -23.652  -36.914 0.3000000119
53963  -32.106  -23.200  -42.380 0.6999999881
52961  -33.771  -24.610  -41.777 0.6999999881
53964  -32.917  -23.418  -42.161 0.6999999881
56176  -27.605  -21.501  -43.288 0.6999999881
122395  -30.477  -22.328  -42.543 0.6999999881
55079  -29.479  -22.608  -42.680 0.6999999881
55075  -24.373  -22.115  -42.337 0.6999999881
56162  -25.027  -21.481  -42.788 0.6999999881
57188  -26.950  -20.832  -43.391 0.6999999881
57189  -27.842  -20.608  -43.455 0.6000000238
58154  -25.468  -20.199  -43.350 0.6999999881
57204  -24.171  -20.094  -45.793 0.6000000238
58180  -25.167  -19.708  -45.884 0.5000000000
58161  -23.100  -18.836  -43.928 0.6999999881
59085  -23.703  -18.284  -44.342 0.6999999881
59987  -23.760  -17.517  -44.798 0.6999999881
59997  -24.081  -16.976  -45.198 0.6000000238
51894  -34.882  -25.744  -38.327 0.4000000060
51899  -35.326  -24.883  -39.524 0.5000000000
139947  -35.232  -25.418  -40.091 0.6000000238
52955  -35.024  -24.456  -40.954 0.6000000238
53918  -27.633  -23.701  -36.829 0.3000000119
53919  -28.224  -23.767  -36.752 0.3000000119
53950  -33.689  -23.764  -41.800 0.6999999881
55081  -32.728  -22.472  -42.255 0.6000000238
55065  -33.589  -22.887  -41.807 0.6000000238
121916  -31.897  -22.502  -42.412 0.6000000238
56178  -29.346  -21.009  -43.121 0.6000000238
133986  -31.332  -22.059  -42.456 0.6000000238
57179  -25.941  -21.005  -43.224 0.6999999881
57190  -28.722  -20.350  -43.401 0.6000000238
56166  -29.908  -21.675  -42.778 0.6000000238
58164  -27.162  -19.988  -43.579 0.6999999881
133143  -27.240  -19.168  -43.763 0.6000000238
59086  -24.698  -18.370  -43.922 0.6999999881
59118  -24.030  -17.294  -45.398 0.6999999881
58179  -24.133  -19.119  -45.754 0.6000000238
59120  -25.668  -18.445  -46.233 0.5000000000
59119  -24.684  -17.636  -45.975 0.6000000238
58201  -24.864  -18.734  -46.019 0.6000000238
60017  -26.160  -16.957  -46.548 0.5000000000
59976  -24.172  -17.738  -44.417 0.6000000238
60015  -24.461  -16.758  -45.644 0.5000000000
60925  -24.916  -16.139  -46.001 0.5000000000
60926  -25.618  -16.160  -46.467 0.5000000000
61897  -25.774  -15.212  -46.263 0.5000000000
134132  -26.126  -14.701  -46.294 0.5000000000
52940  -34.963  -24.220  -38.018 0.4000000060
51895  -35.117  -24.975  -38.651 0.4000000060
53928  -35.164  -23.500  -38.227 0.4000000060
125406  -33.110  -23.179  -36.634 0.4000000060
51908  -35.299  -24.679  -40.293 0.6000000238
55022  -28.188  -22.958  -36.920 0.3000000119
56077  -29.330  -21.798  -37.070 0.3000000119
138898  -31.145  -22.535  -36.570 0.3000000119
53951  -34.348  -23.320  -41.431 0.6000000238
57126  -28.542  -20.284  -37.836 0.3000000119
56155  -33.564  -21.959  -41.879 0.6000000238
56168  -31.561  -21.275  -42.513 0.5000000000
57191  -29.598  -20.125  -43.258 0.6000000238
57180  -30.293  -20.740  -42.918 0.6000000238
145496  -31.080  -20.813  -42.686 0.6000000238
58165  -28.031  -19.725  -43.590 0.6000000238
58167  -29.917  -19.350  -43.358 0.6000000238
133981  -26.479  -19.448  -43.650 0.6999999881
131946  -28.138  -18.898  -43.804 0.6000000238
59977  -25.111  -17.678  -44.222 0.6999999881
60888  -24.589  -16.448  -45.092 0.5000000000
60905  -24.688  -16.374  -45.584 0.5000000000
143165  -26.405  -14.366  -46.210 0.5000000000
53920  -33.822  -23.646  -36.901 0.4000000060
52941  -35.305  -24.189  -38.861 0.4000000060
53921  -34.566  -23.524  -37.510 0.4000000060
52948  -35.406  -24.072  -39.701 0.5000000000
55025  -34.852  -22.821  -37.724 0.4000000060
53934  -35.436  -23.393  -39.808 0.4000000060
52956  -35.295  -23.794  -40.445 0.4000000060
126411  -34.842  -23.048  -41.095 0.5000000000
145028  -29.404  -21.141  -37.298 0.3000000119
57128  -30.364  -20.429  -37.219 0.3000000119
56079  -31.330  -21.864  -36.609 0.4000000060
55066  -34.420  -22.428  -41.352 0.4000000060
57118  -31.737  -21.051  -36.641 0.4000000060
56170  -32.858  -21.531  -42.265 0.5000000000
56169  -32.285  -21.059  -42.414 0.5000000000
57182  -31.777  -20.443  -42.631 0.5000000000
57192  -30.305  -19.939  -43.122 0.6000000238
137496  -32.696  -19.237  -42.710 0.5000000000
58166  -28.980  -19.382  -43.548 0.6000000238
140869  -29.947  -18.095  -43.657 0.6000000238
59979  -27.504  -17.557  -44.219 0.6000000238
59980  -28.459  -17.410  -44.179 0.6000000238
59978  -26.374  -17.664  -44.209 0.5000000000
60877  -25.338  -16.910  -44.538 0.5000000000
60890  -26.903  -16.138  -44.728 0.5000000000
62892  -26.502  -14.792  -45.722 0.5000000000
62906  -27.130  -14.123  -46.007 0.5000000000
62905  -26.502  -14.097  -46.602 0.5000000000
53929  -35.411  -23.439  -39.076 0.4000000060
55039  -35.310  -22.792  -38.455 0.4000000060
55048  -35.496  -22.655  -39.409 0.4000000060
53942  -35.365  -22.978  -40.241 0.4000000060
55026  -35.162  -22.234  -37.939 0.4000000060
55057  -35.450  -22.173  -40.170 0.4000000060
56148  -35.040  -21.801  -40.844 0.4000000060
58096  -29.997  -19.745  -37.619 0.3000000119
125709  -33.541  -21.003  -41.961 0.4000000060
56156  -34.304  -21.451  -41.436 0.5000000000
58095  -29.243  -19.662  -37.908 0.3000000119
58157  -33.534  -19.606  -42.317 0.4000000060
58156  -31.682  -19.480  -42.929 0.5000000000
125012  -33.444  -18.856  -42.550 0.4000000060
59091  -30.343  -18.662  -43.436 0.6000000238
59079  -31.203  -18.658  -43.293 0.5000000000
59081  -32.982  -18.271  -42.949 0.5000000000
139210  -29.184  -17.936  -43.901 0.6000000238
59968  -30.733  -17.877  -43.597 0.5000000000
60878  -26.607  -16.868  -44.456 0.5000000000
60879  -27.743  -16.811  -44.408 0.6000000238
131729  -29.181  -17.238  -44.127 0.6000000238
59981  -29.951  -17.378  -43.912 0.6000000238
135406  -28.695  -16.732  -44.349 0.6000000238
61864  -27.315  -15.478  -45.078 0.5000000000
62893  -27.810  -14.802  -45.381 0.5000000000
63925  -26.925  -13.400  -46.959 0.5000000000
60891  -28.065  -16.136  -44.655 0.5000000000
130306  -27.684  -17.044  -39.588 0.3000000119
60829  -29.602  -16.722  -39.113 0.4000000060
60830  -30.180  -16.153  -39.042 0.4000000060
61846  -29.937  -16.029  -44.408 0.5000000000
139742  -27.723  -15.770  -40.024 0.4000000060
60892  -29.049  -16.083  -44.533 0.5000000000
61848  -31.642  -15.984  -44.106 0.5000000000
121423  -32.430  -16.066  -43.819 0.5000000000
61866  -29.476  -15.431  -44.747 0.5000000000
61868  -31.293  -15.326  -44.475 0.5000000000
62894  -28.957  -14.832  -45.175 0.6000000238
64981  -27.330  -12.564  -47.489 0.5000000000
63919  -27.932  -13.572  -46.191 0.6000000238
64972  -28.580  -13.014  -46.454 0.5000000000
64982  -28.083  -12.407  -47.040 0.6000000238
66930  -28.062  -11.174  -47.870 0.4000000060
121799  -29.456  -16.023  -39.389 0.4000000060
125956  -31.765  -16.178  -38.334 0.4000000060
61867  -30.397  -15.385  -44.621 0.5000000000
62895  -29.963  -14.802  -45.028 0.5000000000
62908  -29.470  -14.220  -45.455 0.5000000000
63921  -30.543  -13.377  -45.768 0.5000000000
62910  -31.296  -14.190  -45.083 0.5000000000
62907  -28.397  -14.180  -45.638 0.5000000000
63920  -29.020  -13.632  -45.922 0.5000000000
66931  -28.998  -11.056  -47.650 0.4000000060
64983  -29.163  -12.398  -46.776 0.5000000000
66009  -28.622  -11.795  -47.356 0.5000000000
61779  -31.303  -15.046  -38.825 0.4000000060
62842  -28.752  -14.692  -39.975 0.4000000060
62896  -30.878  -14.756  -44.890 0.5000000000
61869  -32.276  -15.229  -44.219 0.4000000060
64973  -29.740  -13.074  -46.218 0.4000000060
64984  -30.182  -12.330  -46.609 0.4000000060
66010  -29.648  -11.724  -47.158 0.5000000000
66943  -29.304  -10.237  -48.024 0.3000000119
63922  -32.030  -13.782  -44.985 0.4000000060
136107  -30.589  -12.814  -46.164 0.4000000060
66011  -30.624  -11.600  -46.961 0.5000000000
66944  -30.361  -10.059  -47.852 0.4000000060
66933  -31.014  -10.797  -47.307 0.4000000060
64985  -31.157  -12.224  -46.358 0.4000000060
68757  -30.325  -7.527  -48.973 0.4000000060
66945  -31.347  -9.895  -47.538 0.4000000060
65998  -32.770  -11.327  -45.934 0.4000000060
67829  -31.617  -9.093  -47.717 0.4000000060
67828  -30.615  -8.910  -48.247 0.4000000060
69644  -31.223  -7.043  -48.839 0.4000000060
69655  -30.431  -6.882  -49.649 0.4000000060
66012  -32.205  -11.170  -46.517 0.4000000060
125327  -31.901  -10.624  -47.021 0.3000000119
66946  -32.312  -9.661  -47.096 0.4000000060
65999  -33.388  -11.103  -45.486 0.4000000060
140305  -32.214  -8.597  -47.523 0.4000000060
68758  -31.384  -8.155  -48.240 0.4000000060
69645  -32.078  -6.668  -48.696 0.4000000060
66918  -32.617  -10.523  -46.494 0.3000000119
67815  -33.027  -8.854  -46.786 0.4000000060
66934  -33.101  -9.757  -46.398 0.4000000060
138683  -33.420  -9.239  -46.248 0.4000000060
34475  -25.901  -43.311  -42.402 0.6999999881
35319  -31.327  -42.474  -39.192 0.6999999881
122696  -22.782  -43.290  -37.903 0.6000000238
135235  -29.362  -40.906  -36.329 0.6999999881
37166  -31.374  -40.015  -40.746 0.8000000119
38058  -32.113  -39.606  -39.254 0.8000000119
38032  -25.797  -39.489  -37.961 0.6000000238
38986  -28.882  -38.071  -37.784 0.6999999881
40072  -30.915  -36.915  -42.278 0.8000000119
37095  -17.622  -39.578  -36.853 0.4000000060
42027  -20.230  -35.944  -40.839 0.8000000119
144301  -27.072  -36.004  -37.190 0.6000000238
125491  -21.547  -39.193  -36.432 0.5000000000
41015  -32.647  -36.399  -39.102 0.8000000119
140640  -31.411  -34.696  -41.983 0.8000000119
35212  -25.386  -43.291  -30.829 0.4000000060
39986  -23.513  -36.100  -34.856 0.6000000238
36196  -26.608  -41.318  -34.113 0.5000000000
38964  -25.441  -38.413  -34.796 0.6000000238
41984  -28.960  -35.497  -35.450 0.6999999881
42923  -30.603  -34.755  -33.176 0.6999999881
49782  -27.039  -27.293  -42.771 0.8000000119
44758  -32.819  -32.529  -34.413 0.6999999881
48781  -32.166  -28.369  -41.172 0.6999999881
122721  -33.469  -29.181  -34.808 0.6000000238
48758  -33.069  -28.609  -39.343 0.6999999881
141621  -33.424  -28.097  -40.017 0.6000000238
46662  -31.671  -30.842  -32.417 0.6000000238
120678  -33.747  -27.857  -35.991 0.5000000000
55080  -32.115  -21.813  -42.402 0.6000000238
63918  -27.108  -13.613  -46.533 0.5000000000
56144  -35.629  -21.730  -39.431 0.4000000060
64974  -31.217  -12.928  -45.832 0.4000000060
33590  -23.860  -44.882  -44.484 0.5000000000
32634  -27.504  -45.676  -43.154 0.6999999881
37204  -24.389  -40.931  -44.407 0.5000000000
32572  -24.559  -45.498  -37.475 0.5000000000
132111  -23.576  -40.460  -43.845 0.6999999881
35324  -30.679  -42.536  -40.542 0.6999999881
36303  -27.000  -41.805  -42.333 0.6999999881
136030  -26.517  -41.024  -42.280 0.6999999881
39069  -23.678  -38.288  -43.679 0.6999999881
40096  -24.012  -37.410  -43.914 0.6000000238
124798  -24.376  -35.233  -43.709 0.5000000000
36237  -24.631  -42.119  -37.722 0.6000000238
37182  -29.464  -40.176  -42.189 0.6999999881
41067  -22.763  -37.126  -43.172 0.6999999881
35294  -26.257  -42.310  -37.342 0.6000000238
35325  -31.457  -41.744  -39.415 0.8000000119
125181  -25.947  -35.153  -44.441 0.4000000060
37118  -31.193  -40.156  -37.043 0.8000000119
36254  -23.114  -41.076  -38.376 0.6000000238
41043  -20.736  -36.689  -41.949 0.8000000119
37115  -26.767  -40.190  -37.547 0.6999999881
38067  -31.841  -39.382  -40.298 0.6999999881
36264  -18.795  -41.536  -38.885 0.5000000000
43023  -24.768  -34.557  -43.767 0.5000000000
124675  -30.201  -38.711  -37.325 0.6999999881
39025  -32.317  -37.663  -40.343 0.8000000119
131922  -27.733  -37.275  -42.558 0.8000000119
43998  -25.053  -33.813  -43.747 0.6000000238
133545  -31.310  -38.046  -37.771 0.6999999881
38998  -21.662  -37.758  -38.473 0.6000000238
42995  -24.864  -34.864  -41.299 0.8999999762
42985  -22.418  -34.544  -40.257 0.8000000119
44847  -24.868  -32.995  -43.513 0.6000000238
45765  -26.641  -31.745  -44.436 0.4000000060
36225  -18.608  -40.596  -36.454 0.3000000119
38044  -19.697  -37.878  -38.542 0.5000000000
38043  -18.783  -37.908  -38.234 0.5000000000
37113  -17.314  -39.692  -37.419 0.4000000060
43011  -26.966  -34.756  -42.182 0.8999999762
43968  -19.095  -34.021  -40.652 0.8000000119
40010  -26.161  -36.814  -37.756 0.6000000238
40009  -25.135  -36.652  -37.773 0.6000000238
40012  -27.965  -36.623  -38.068 0.6000000238
41005  -30.338  -36.772  -37.395 0.8000000119
40007  -22.602  -36.258  -37.595 0.5000000000
38031  -18.284  -38.276  -37.630 0.4000000060
38015  -18.626  -38.238  -37.132 0.5000000000
38983  -19.706  -37.052  -37.594 0.5000000000
43987  -28.787  -33.961  -42.374 0.8000000119
45749  -23.669  -31.725  -42.810 0.6999999881
47835  -25.063  -29.647  -44.087 0.6000000238
40999  -24.685  -35.730  -37.384 0.6000000238
142725  -19.964  -38.067  -36.752 0.5000000000
40982  -21.222  -35.703  -36.934 0.5000000000
38974  -19.943  -37.072  -36.934 0.5000000000
42012  -32.303  -35.756  -37.662 0.6999999881
42011  -25.144  -35.208  -36.910 0.6000000238
36207  -23.507  -41.493  -35.765 0.5000000000
37100  -23.008  -39.909  -36.131 0.6000000238
130995  -22.334  -39.307  -36.287 0.5000000000
37079  -23.729  -40.557  -35.835 0.6000000238
37099  -22.239  -40.106  -36.372 0.5000000000
40983  -21.974  -35.484  -36.540 0.5000000000
33483  -25.601  -44.155  -32.852 0.6000000238
34400  -25.269  -43.416  -34.199 0.6000000238
38018  -21.747  -38.101  -36.204 0.5000000000
38975  -20.672  -36.558  -36.579 0.5000000000
40972  -22.085  -35.706  -35.986 0.5000000000
35211  -24.672  -42.916  -30.595 0.4000000060
42971  -33.205  -34.856  -38.433 0.6999999881
42979  -33.088  -34.047  -40.073 0.6999999881
140413  -26.232  -33.163  -41.000 0.8000000119
144729  -22.818  -32.658  -39.794 0.8999999762
37074  -26.145  -40.847  -34.712 0.5000000000
38003  -24.361  -39.170  -35.542 0.6000000238
131041  -23.738  -39.536  -35.832 0.6000000238
39985  -22.749  -36.665  -35.470 0.6000000238
38963  -24.540  -38.309  -35.253 0.6000000238
36179  -27.156  -41.050  -32.892 0.4000000060
37065  -27.076  -40.837  -33.572 0.4000000060
38956  -26.350  -38.679  -34.384 0.5000000000
37999  -26.678  -39.640  -34.369 0.5000000000
42980  -33.392  -34.030  -39.298 0.6999999881
37039  -26.686  -40.364  -31.616 0.4000000060
37983  -27.410  -39.391  -33.230 0.5000000000
38958  -27.052  -39.002  -33.918 0.5000000000
44831  -30.344  -32.152  -40.863 0.6999999881
44806  -22.388  -32.305  -39.801 0.8000000119
124283  -24.950  -27.836  -44.336 0.6999999881
41983  -27.970  -35.132  -35.342 0.6999999881
39977  -24.894  -35.989  -33.787 0.6999999881
143175  -25.969  -34.515  -33.905 0.6999999881
39941  -27.138  -37.806  -31.687 0.5000000000
44808  -32.376  -32.440  -39.566 0.6999999881
47818  -22.285  -29.108  -43.090 0.8000000119
129275  -27.295  -34.860  -33.678 0.6000000238
40944  -26.539  -35.131  -33.200 0.6000000238
41956  -27.599  -34.810  -34.462 0.6999999881
134268  -25.749  -37.507  -34.211 0.6000000238
40924  -26.196  -36.522  -30.133 0.3000000119
139166  -30.648  -31.635  -39.378 0.6999999881
44794  -32.984  -32.037  -37.807 0.6999999881
41926  -26.666  -35.885  -30.334 0.3000000119
48789  -21.139  -28.004  -42.012 0.8999999762
49796  -21.752  -27.578  -42.761 0.8000000119
49812  -21.572  -26.798  -42.547 0.8000000119
144474  -24.522  -26.504  -44.393 0.6000000238
51949  -22.215  -25.531  -43.117 0.8000000119
40940  -26.576  -35.873  -32.388 0.6000000238
132470  -29.247  -35.360  -34.074 0.6999999881
42924  -31.265  -34.346  -33.667 0.6999999881
40934  -26.948  -36.246  -31.689 0.5000000000
41928  -28.559  -35.024  -31.013 0.4000000060
45715  -30.876  -31.340  -38.465 0.6999999881
46739  -27.292  -30.751  -39.770 0.8000000119
46725  -29.467  -30.120  -37.960 0.6999999881
50890  -21.846  -26.222  -42.813 0.8000000119
43914  -33.056  -33.227  -35.825 0.6999999881
42910  -30.303  -33.924  -31.728 0.5000000000
45681  -33.340  -31.846  -36.345 0.6999999881
45694  -32.629  -31.224  -37.247 0.6999999881
124821  -27.575  -32.187  -29.851 0.3000000119
45693  -31.840  -30.650  -37.460 0.6999999881
46726  -30.137  -30.201  -37.710 0.6999999881
46718  -31.904  -30.132  -37.506 0.6999999881
47785  -30.863  -29.390  -39.594 0.6999999881
48775  -26.736  -29.157  -41.961 0.8000000119
47790  -27.127  -29.745  -41.184 0.8000000119
48776  -27.618  -29.058  -42.040 0.8000000119
44768  -33.058  -32.715  -35.117 0.6999999881
44722  -28.907  -32.661  -30.434 0.3000000119
44723  -29.690  -32.585  -30.870 0.5000000000
44769  -33.317  -32.333  -35.683 0.6999999881
45608  -28.260  -31.832  -30.343 0.3000000119
44736  -31.067  -31.969  -31.862 0.5000000000
45635  -30.467  -31.617  -31.495 0.4000000060
141478  -27.511  -30.405  -31.447 0.3000000119
48753  -32.659  -29.070  -38.615 0.6999999881
44745  -32.258  -31.984  -33.005 0.6000000238
139514  -31.536  -29.242  -32.587 0.3000000119
46720  -32.941  -29.973  -36.673 0.6999999881
48681  -29.737  -28.035  -33.227 0.3000000119
49681  -30.505  -27.704  -33.441 0.3000000119
47690  -32.537  -29.761  -33.023 0.6000000238
47707  -33.095  -29.557  -33.612 0.6000000238
47719  -33.397  -29.744  -34.302 0.6000000238
138148  -32.152  -29.120  -32.803 0.4000000060
47746  -33.328  -29.385  -36.412 0.6999999881
47768  -32.917  -29.110  -37.828 0.6999999881
49754  -33.776  -28.063  -39.237 0.6000000238
131986  -30.510  -25.327  -43.032 0.8000000119
52969  -28.668  -23.781  -42.927 0.8000000119
56196  -22.869  -20.602  -45.157 0.6000000238
133122  -23.611  -20.638  -45.673 0.6000000238
48684  -32.356  -28.378  -33.277 0.3000000119
47689  -31.830  -29.922  -32.528 0.5000000000
124871  -33.833  -28.196  -36.846 0.5000000000
50805  -29.867  -25.900  -35.013 0.3000000119
51846  -31.465  -25.899  -34.952 0.3000000119
49747  -34.385  -27.001  -37.409 0.5000000000
49786  -32.007  -27.097  -42.270 0.8000000119
121279  -30.690  -23.807  -42.569 0.6999999881
58170  -23.177  -18.728  -44.639 0.6999999881
50792  -32.898  -26.773  -34.811 0.3000000119
51859  -31.288  -25.385  -35.465 0.3000000119
50824  -33.594  -26.254  -35.982 0.3000000119
51872  -30.187  -24.750  -36.018 0.3000000119
52916  -31.535  -24.423  -36.241 0.3000000119
129863  -34.724  -26.622  -39.566 0.6000000238
50856  -34.416  -25.903  -41.173 0.6000000238
59078  -24.071  -18.954  -43.700 0.6999999881
58153  -24.565  -19.811  -43.362 0.6999999881
51907  -34.968  -25.307  -40.740 0.6000000238
52962  -34.433  -24.147  -41.428 0.6999999881
56167  -30.778  -21.478  -42.614 0.6000000238
58162  -25.409  -19.349  -43.567 0.6999999881
123785  -34.679  -24.906  -37.833 0.4000000060
59088  -27.315  -18.353  -44.022 0.6000000238
60016  -25.137  -16.808  -46.184 0.6000000238
61912  -25.993  -15.192  -46.655 0.4000000060
52937  -34.359  -24.220  -37.365 0.4000000060
54994  -32.337  -22.761  -36.550 0.4000000060
56078  -30.337  -22.186  -36.718 0.3000000119
57127  -28.876  -21.122  -37.451 0.3000000119
129243  -29.476  -20.499  -37.493 0.3000000119
57183  -32.550  -20.428  -42.464 0.5000000000
57181  -30.984  -20.136  -42.908 0.5000000000
59087  -26.124  -18.569  -43.866 0.5000000000
55056  -35.123  -22.604  -40.770 0.4000000060
57129  -31.227  -20.343  -36.938 0.4000000060
57184  -33.203  -20.356  -42.296 0.5000000000
56149  -35.523  -21.209  -40.166 0.4000000060
57170  -33.830  -20.255  -42.022 0.4000000060
59080  -32.096  -18.601  -43.141 0.5000000000
61865  -28.478  -15.478  -44.913 0.6000000238
59941  -28.998  -17.148  -39.189 0.3000000119
121416  -30.962  -16.369  -38.605 0.4000000060
61847  -30.795  -15.994  -44.287 0.5000000000
137703  -31.338  -15.715  -38.635 0.4000000060
139194  -31.518  -11.399  -46.744 0.4000000060
64986  -32.021  -11.838  -46.191 0.4000000060
68759  -32.062  -7.585  -48.074 0.4000000060
66919  -33.268  -10.497  -45.904 0.4000000060
29086  -30.330  -48.915  -40.985 0.5000000000
127068  -30.071  -48.677  -41.951 0.5000000000
29911  -29.866  -48.763  -37.920 0.4000000060
29912  -30.230  -48.164  -38.469 0.5000000000
29040  -30.123  -48.976  -38.763 0.5000000000
29935  -30.522  -48.142  -40.396 0.5000000000
29949  -30.433  -47.940  -41.331 0.6000000238
30780  -29.940  -46.879  -42.370 0.6000000238
29901  -29.914  -47.834  -37.703 0.5000000000
130532  -29.442  -47.717  -37.141 0.5000000000
125749  -30.437  -47.519  -38.976 0.5000000000
133236  -30.627  -46.669  -40.158 0.5000000000
30727  -29.106  -47.162  -36.871 0.5000000000
138357  -30.555  -46.531  -40.862 0.6000000238
32617  -30.046  -45.227  -41.850 0.6000000238
30781  -30.390  -46.888  -41.601 0.6000000238
140133  -29.986  -46.075  -42.168 0.6000000238
32627  -29.262  -45.340  -42.710 0.6000000238
33562  -29.537  -44.469  -42.213 0.6000000238
32626  -28.183  -45.012  -43.079 0.6000000238
33572  -27.882  -44.098  -42.738 0.6000000238
30739  -29.642  -47.109  -37.313 0.5000000000
126116  -30.546  -46.794  -39.348 0.5000000000
31655  -30.577  -45.934  -40.529 0.6000000238
31606  -28.678  -46.450  -36.732 0.5000000000
31607  -29.364  -46.442  -36.961 0.5000000000
32618  -30.483  -45.230  -40.995 0.6000000238
32557  -27.244  -45.943  -36.804 0.5000000000
32558  -28.141  -45.694  -36.623 0.5000000000
33563  -30.184  -44.524  -41.478 0.6000000238
33573  -28.790  -44.460  -42.697 0.6000000238
33571  -26.617  -44.270  -42.634 0.6000000238
31630  -30.522  -46.180  -38.852 0.5000000000
31643  -30.616  -46.062  -39.706 0.5000000000
32559  -29.087  -45.635  -36.686 0.5000000000
32575  -29.660  -45.856  -37.047 0.5000000000
31620  -30.347  -46.302  -38.017 0.5000000000
32596  -30.662  -45.484  -39.252 0.5000000000
32608  -30.652  -45.339  -40.121 0.6000000238
138077  -27.439  -45.289  -36.684 0.5000000000
131964  -28.622  -45.090  -36.539 0.5000000000
32574  -26.028  -45.449  -37.111 0.5000000000
33517  -26.318  -44.844  -36.954 0.5000000000
129232  -29.760  -43.851  -41.822 0.6000000238
33561  -28.988  -43.781  -42.437 0.6000000238
32560  -29.738  -45.049  -36.895 0.5000000000
33531  -30.873  -44.560  -38.197 0.5000000000
140673  -30.755  -44.987  -38.927 0.6000000238
126484  -30.903  -44.423  -39.164 0.6000000238
132757  -29.123  -44.878  -36.556 0.5000000000
134312  -30.744  -44.869  -39.664 0.6000000238
33543  -30.761  -44.342  -39.942 0.6000000238
33516  -25.703  -44.722  -37.206 0.5000000000
33514  -24.090  -44.672  -37.538 0.5000000000
127864  -26.823  -43.129  -42.422 0.6000000238
33503  -29.427  -44.162  -36.496 0.5000000000
33504  -30.190  -44.184  -36.886 0.5000000000
33518  -30.649  -44.216  -37.388 0.5000000000
34440  -31.118  -43.704  -38.552 0.6000000238
126938  -27.851  -44.125  -36.469 0.5000000000
133660  -26.275  -44.066  -37.057 0.5000000000
145222  -26.527  -43.485  -37.027 0.6000000238
34418  -30.044  -43.307  -36.482 0.6000000238
34429  -30.678  -43.453  -37.007 0.5000000000
34430  -31.153  -43.151  -37.626 0.5000000000
34453  -31.177  -43.143  -39.126 0.6000000238
34416  -27.776  -43.338  -36.489 0.6000000238
123419  -29.242  -43.376  -36.294 0.6000000238
35318  -30.947  -42.942  -39.847 0.6000000238
125795  -25.200  -43.217  -37.540 0.5000000000
123038  -25.999  -43.196  -37.320 0.5000000000
35280  -26.900  -42.945  -36.941 0.6000000238
34439  -23.530  -43.925  -37.696 0.4000000060
126778  -28.557  -42.953  -36.288 0.6000000238
35283  -29.400  -42.624  -36.233 0.6000000238
35284  -30.244  -42.289  -36.366 0.6000000238
142367  -30.522  -42.859  -36.657 0.5000000000
35308  -31.383  -42.743  -38.326 0.6000000238
137198  -31.118  -42.291  -39.900 0.6000000238
128838  -31.409  -42.096  -37.681 0.6999999881
43892  -31.388  -33.138  -32.675 0.5000000000
48780  -31.245  -28.651  -41.426 0.6000000238
53979  -23.312  -23.183  -44.086 0.5000000000
55109  -24.789  -22.196  -45.134 0.5000000000
58178  -23.404  -19.318  -45.460 0.5000000000
69646  -32.668  -7.022  -47.850 0.4000000060
70577  -33.285  -6.635  -47.595 0.3000000119
70591  -33.655  -6.017  -48.122 0.3000000119
71522  -34.277  -5.574  -47.868 0.3000000119
29024  -29.277  -49.408  -37.434 0.4000000060
29039  -29.668  -49.604  -38.284 0.5000000000
29057  -30.219  -49.123  -39.531 0.5000000000
30791  -29.477  -47.374  -42.848 0.5000000000
29900  -29.446  -48.437  -37.271 0.4000000060
29948  -30.099  -47.676  -42.196 0.6000000238
138257  -29.360  -46.429  -42.870 0.6000000238
31673  -28.371  -46.085  -43.237 0.5000000000
29886  -28.088  -48.635  -36.615 0.4000000060
30726  -28.334  -47.194  -36.698 0.5000000000
31618  -26.219  -46.786  -37.202 0.5000000000
31605  -27.799  -46.535  -36.713 0.5000000000
132996  -25.780  -46.208  -37.277 0.3000000119
31615  -24.183  -46.261  -37.702 0.4000000060
32585  -22.705  -45.586  -38.061 0.4000000060
44861  -26.168  -32.507  -44.121 0.4000000060
45764  -25.883  -31.553  -43.995 0.4000000060
139371  -31.495  -31.523  -32.282 0.5000000000
53988  -24.917  -22.968  -44.993 0.5000000000
56197  -25.189  -21.629  -45.472 0.5000000000
50835  -34.625  -26.436  -37.916 0.4000000060
69636  -33.512  -7.068  -46.818 0.3000000119
71509  -34.409  -5.525  -47.248 0.3000000119
29007  -28.538  -49.517  -36.879 0.4000000060
33555  -30.584  -44.593  -40.574 0.6000000238
35291  -23.748  -43.082  -37.788 0.5000000000
33515  -24.972  -44.650  -37.428 0.5000000000
34428  -25.454  -43.922  -37.395 0.6000000238
32573  -25.342  -45.481  -37.297 0.4000000060
29924  -30.422  -48.329  -39.426 0.5000000000
30768  -30.585  -47.271  -40.697 0.6000000238
143847  -30.245  -47.489  -38.284 0.5000000000
29887  -28.835  -47.979  -36.782 0.5000000000
32586  -30.604  -45.479  -38.271 0.5000000000
126136  -30.422  -44.896  -37.459 0.5000000000
33501  -27.978  -44.871  -36.513 0.5000000000
69635  -33.102  -7.331  -47.218 0.4000000060
29885  -27.119  -48.006  -36.668 0.4000000060
30790  -28.693  -47.052  -43.282 0.4000000060
30724  -26.611  -47.312  -36.953 0.4000000060
35279  -21.766  -41.878  -36.185 0.4000000060
36226  -21.055  -41.102  -36.465 0.3000000119
37097  -20.114  -40.026  -36.512 0.4000000060
37096  -18.732  -39.356  -36.632 0.4000000060
35262  -22.319  -42.492  -35.816 0.4000000060
31581  -24.435  -46.277  -33.036 0.4000000060
33486  -23.808  -44.683  -34.377 0.4000000060
34411  -22.780  -43.004  -35.531 0.4000000060
35263  -23.180  -42.344  -35.654 0.4000000060
32516  -22.932  -45.990  -30.829 0.3000000119
31567  -24.218  -46.502  -31.427 0.3000000119
32503  -23.334  -45.241  -30.604 0.4000000060
144888  -24.387  -43.498  -34.730 0.4000000060
32517  -23.897  -45.989  -30.822 0.4000000060
32526  -24.866  -45.740  -32.472 0.5000000000
32504  -24.230  -45.204  -30.634 0.4000000060
138808  -24.927  -44.969  -30.802 0.4000000060
33474  -25.163  -44.881  -32.870 0.5000000000
130024  -23.987  -43.891  -30.408 0.4000000060
45644  -30.420  -30.858  -31.729 0.3000000119
49726  -33.483  -27.097  -35.411 0.3000000119
139367  -33.864  -27.069  -36.174 0.3000000119
49740  -34.136  -26.655  -36.696 0.3000000119
50832  -34.378  -26.305  -37.230 0.3000000119
60881  -30.348  -16.645  -44.121 0.4000000060
52936  -33.721  -24.312  -36.841 0.3000000119
59982  -31.365  -17.258  -43.670 0.4000000060
60882  -31.124  -16.611  -43.961 0.4000000060
54993  -31.734  -22.413  -36.545 0.3000000119
56080  -32.292  -21.840  -36.557 0.3000000119
137988  -32.341  -17.927  -43.294 0.4000000060
60870  -32.626  -16.750  -43.528 0.3000000119
128848  -31.885  -16.662  -43.759 0.4000000060
62897  -31.721  -14.598  -44.676 0.4000000060
55024  -34.043  -22.771  -36.985 0.3000000119
56107  -33.839  -21.837  -36.856 0.3000000119
133183  -34.573  -22.053  -37.437 0.3000000119
54995  -33.145  -22.343  -36.618 0.3000000119
56108  -34.334  -21.215  -37.253 0.3000000119
56109  -35.160  -21.413  -37.871 0.3000000119
130079  -35.644  -21.206  -38.700 0.3000000119
57131  -33.966  -20.392  -37.073 0.3000000119
57133  -35.468  -20.528  -38.204 0.3000000119
141962  -35.773  -21.008  -39.404 0.3000000119
57165  -34.978  -20.945  -40.960 0.3000000119
125693  -32.128  -20.280  -36.769 0.3000000119
124089  -33.050  -20.299  -36.818 0.3000000119
57171  -34.329  -20.592  -41.538 0.3000000119
136567  -31.612  -19.586  -37.134 0.3000000119
134282  -31.997  -18.867  -37.290 0.3000000119
136706  -31.092  -18.872  -37.590 0.3000000119
59917  -30.982  -18.014  -37.940 0.3000000119
58158  -34.138  -18.908  -42.196 0.3000000119
59082  -33.886  -18.229  -42.593 0.3000000119
59972  -34.392  -17.450  -42.569 0.3000000119
137447  -29.051  -16.548  -39.378 0.3000000119
60871  -33.431  -16.810  -43.258 0.3000000119
61792  -30.021  -15.280  -39.389 0.3000000119
61790  -28.246  -15.441  -39.932 0.3000000119
123067  -31.907  -13.018  -45.439 0.3000000119
57132  -34.794  -20.511  -37.586 0.3000000119
58132  -36.051  -19.642  -39.225 0.3000000119
57166  -35.459  -20.330  -40.514 0.3000000119
57172  -34.923  -20.235  -41.136 0.3000000119
58098  -32.519  -19.562  -36.990 0.3000000119
58099  -33.471  -19.602  -37.068 0.3000000119
58100  -34.389  -19.699  -37.369 0.3000000119
58101  -35.199  -19.760  -37.808 0.3000000119
58140  -35.943  -19.558  -40.220 0.3000000119
58148  -35.326  -19.646  -40.978 0.3000000119
123369  -35.184  -19.071  -41.373 0.3000000119
59026  -33.244  -18.114  -37.364 0.3000000119
140118  -34.927  -18.397  -37.657 0.3000000119
58147  -34.498  -19.646  -41.687 0.3000000119
59025  -30.342  -18.547  -38.040 0.3000000119
138084  -31.613  -18.273  -37.615 0.3000000119
125235  -32.338  -18.157  -37.453 0.3000000119
59083  -34.680  -18.231  -42.160 0.3000000119
59928  -30.959  -17.234  -38.314 0.3000000119
60872  -34.292  -16.563  -42.917 0.3000000119
61778  -30.748  -15.568  -38.949 0.3000000119
138503  -30.709  -14.892  -39.189 0.3000000119
62802  -31.133  -14.207  -39.162 0.3000000119
132048  -33.049  -16.232  -43.549 0.3000000119
61849  -33.089  -15.561  -43.762 0.3000000119
62898  -32.535  -14.301  -44.471 0.3000000119
63914  -32.763  -13.605  -44.656 0.3000000119
64975  -32.509  -12.290  -45.560 0.3000000119
63923  -32.624  -13.041  -45.050 0.3000000119
130080  -35.707  -19.783  -38.484 0.3000000119
132944  -35.547  -18.954  -38.135 0.3000000119
140920  -35.889  -19.333  -38.658 0.3000000119
58133  -36.213  -18.921  -39.639 0.3000000119
58141  -36.132  -18.811  -40.309 0.3000000119
136530  -33.456  -17.470  -37.501 0.3000000119
59029  -35.423  -18.141  -38.007 0.3000000119
59040  -35.880  -18.243  -38.565 0.3000000119
59041  -36.254  -18.256  -39.228 0.3000000119
59065  -35.745  -18.951  -40.864 0.3000000119
59918  -31.728  -17.502  -37.839 0.3000000119
60812  -33.106  -16.790  -37.667 0.3000000119
60813  -34.146  -17.056  -37.608 0.3000000119
59074  -35.481  -18.234  -41.478 0.3000000119
61832  -35.822  -16.196  -42.035 0.3000000119
59973  -35.168  -17.604  -42.085 0.3000000119
135884  -31.951  -15.429  -38.457 0.3000000119
129473  -35.093  -15.975  -42.679 0.3000000119
62803  -32.014  -14.516  -38.607 0.3000000119
60884  -34.389  -15.756  -43.146 0.3000000119
63833  -31.739  -13.727  -38.838 0.3000000119
61850  -33.936  -15.119  -43.533 0.3000000119
62875  -33.167  -14.726  -44.043 0.3000000119
62899  -33.290  -13.878  -44.275 0.3000000119
141037  -33.089  -12.464  -45.059 0.3000000119
59056  -36.344  -18.245  -39.980 0.3000000119
60819  -34.592  -16.366  -37.840 0.3000000119
60820  -35.522  -16.510  -38.263 0.3000000119
59942  -36.425  -17.476  -39.569 0.3000000119
59066  -36.086  -18.276  -40.717 0.3000000119
60831  -36.488  -16.476  -39.557 0.3000000119
130755  -36.553  -16.999  -40.185 0.3000000119
60865  -35.826  -17.138  -41.616 0.3000000119
60817  -32.673  -15.988  -38.051 0.3000000119
139540  -34.187  -15.774  -37.907 0.3000000119
61782  -34.959  -15.755  -38.056 0.3000000119
61780  -32.729  -15.116  -38.250 0.3000000119
63834  -32.502  -13.705  -38.570 0.3000000119
128228  -34.037  -12.986  -38.378 0.3000000119
62861  -35.591  -14.600  -42.624 0.3000000119
61843  -34.919  -15.076  -43.032 0.3000000119
128655  -33.010  -12.970  -38.501 0.3000000119
62878  -35.090  -14.188  -43.048 0.3000000119
62876  -33.894  -14.225  -43.818 0.3000000119
63915  -33.994  -13.387  -44.020 0.3000000119
128056  -33.371  -13.009  -44.574 0.3000000119
64976  -33.218  -11.786  -45.308 0.3000000119
132774  -36.202  -16.995  -38.852 0.3000000119
60849  -36.567  -16.328  -40.450 0.3000000119
124826  -36.385  -17.031  -40.876 0.3000000119
131848  -33.453  -14.884  -38.152 0.3000000119
132937  -35.249  -15.171  -38.310 0.3000000119
61784  -36.378  -15.671  -39.095 0.3000000119
128196  -33.922  -14.345  -38.225 0.3000000119
63836  -34.448  -13.677  -38.363 0.3000000119
61833  -36.334  -15.470  -41.662 0.3000000119
140188  -31.928  -12.121  -38.942 0.3000000119
63835  -33.456  -13.679  -38.381 0.3000000119
134578  -34.869  -13.081  -38.440 0.3000000119
126108  -32.004  -12.928  -38.799 0.3000000119
126839  -34.799  -12.270  -38.433 0.3000000119
63887  -35.781  -13.873  -42.556 0.3000000119
63907  -34.544  -13.755  -43.504 0.3000000119
122366  -34.101  -12.506  -44.166 0.3000000119
139479  -33.614  -12.113  -44.714 0.3000000119
65993  -33.755  -11.319  -44.944 0.3000000119
61793  -36.649  -15.565  -39.927 0.3000000119
61813  -36.631  -15.587  -40.843 0.3000000119
134302  -36.496  -15.055  -39.342 0.3000000119
139153  -36.701  -14.832  -39.845 0.3000000119
139172  -36.748  -15.002  -40.418 0.3000000119
62822  -35.865  -14.142  -38.683 0.3000000119
62823  -36.474  -14.301  -39.251 0.3000000119
62844  -36.847  -14.244  -40.302 0.3000000119
62852  -36.778  -13.950  -41.297 0.3000000119
64902  -32.641  -12.226  -38.656 0.3000000119
64903  -35.596  -12.877  -38.634 0.3000000119
63888  -36.433  -13.543  -41.996 0.3000000119
133101  -33.642  -12.243  -38.434 0.3000000119
63850  -36.129  -13.510  -38.849 0.3000000119
63908  -35.198  -13.351  -43.029 0.3000000119
121707  -34.644  -12.895  -43.572 0.3000000119
135172  -34.707  -11.990  -43.699 0.3000000119
65994  -34.198  -11.625  -44.334 0.3000000119
67804  -33.720  -9.649  -45.730 0.3000000119
66908  -33.816  -10.532  -45.273 0.3000000119
65916  -33.209  -11.532  -38.521 0.3000000119
63851  -36.635  -13.458  -39.574 0.3000000119
63862  -36.892  -13.326  -40.548 0.3000000119
63872  -36.760  -13.187  -41.348 0.3000000119
143441  -33.672  -10.920  -38.422 0.3000000119
65937  -35.207  -11.184  -38.553 0.3000000119
64910  -35.778  -12.066  -38.741 0.3000000119
64912  -36.735  -12.646  -39.828 0.3000000119
64916  -36.835  -12.461  -40.830 0.3000000119
64943  -35.872  -13.016  -42.492 0.3000000119
144957  -35.950  -12.311  -42.432 0.3000000119
64957  -35.324  -12.390  -43.009 0.3000000119
65982  -35.251  -11.453  -43.254 0.3000000119
65972  -35.732  -11.699  -42.626 0.3000000119
66910  -34.823  -10.201  -44.161 0.3000000119
66896  -34.748  -11.094  -43.912 0.3000000119
67792  -34.364  -9.831  -44.938 0.3000000119
66909  -34.290  -10.766  -44.598 0.3000000119
66820  -32.898  -10.835  -38.618 0.3000000119
136441  -33.593  -10.275  -38.477 0.3000000119
66821  -34.365  -10.630  -38.421 0.3000000119
65938  -36.020  -11.345  -38.955 0.3000000119
65939  -36.501  -11.077  -39.749 0.3000000119
65947  -36.718  -11.590  -40.694 0.3000000119
134377  -36.590  -11.948  -41.410 0.3000000119
66846  -36.258  -10.063  -39.602 0.3000000119
65957  -36.461  -11.224  -41.516 0.3000000119
66886  -35.793  -10.105  -42.754 0.3000000119
66887  -36.180  -10.608  -42.094 0.3000000119
65973  -36.077  -11.258  -42.244 0.3000000119
67782  -35.376  -9.553  -43.602 0.3000000119
66897  -35.278  -10.566  -43.422 0.3000000119
68750  -32.728  -7.918  -47.318 0.3000000119
66843  -34.283  -9.929  -38.463 0.3000000119
66844  -35.053  -10.156  -38.585 0.3000000119
67724  -35.602  -9.519  -39.012 0.3000000119
142916  -36.470  -9.691  -40.153 0.3000000119
66861  -36.552  -10.321  -40.348 0.3000000119
67773  -36.313  -9.714  -41.850 0.3000000119
66871  -36.509  -10.419  -41.233 0.3000000119
142750  -34.564  -9.217  -44.878 0.3000000119
68740  -33.735  -8.650  -46.078 0.3000000119
68751  -33.335  -7.933  -46.706 0.3000000119
67723  -34.657  -9.290  -38.579 0.3000000119
31682  -26.286  -45.995  -43.113 0.4000000060
31566  -23.472  -46.688  -31.184 0.3000000119
34398  -23.669  -43.104  -35.251 0.4000000060
36206  -22.628  -41.703  -36.007 0.4000000060
32535  -24.564  -45.506  -33.336 0.4000000060
34332  -25.607  -43.864  -31.115 0.4000000060
32505  -25.061  -45.315  -31.231 0.4000000060
46643  -31.066  -31.218  -31.967 0.3000000119
57130  -32.645  -20.999  -36.647 0.3000000119
56135  -35.477  -22.026  -38.576 0.3000000119
59983  -32.117  -17.327  -43.498 0.4000000060
59039  -30.287  -17.766  -38.402 0.3000000119
59927  -30.269  -16.952  -38.726 0.3000000119
141348  -28.708  -16.061  -39.618 0.3000000119
61791  -29.123  -15.348  -39.688 0.3000000119
60811  -32.212  -16.762  -37.933 0.3000000119
62821  -29.520  -14.572  -39.727 0.3000000119
57160  -35.859  -20.381  -39.756 0.3000000119
31575  -24.532  -46.498  -32.208 0.4000000060
140021  -24.135  -45.971  -33.658 0.4000000060
123575  -23.671  -43.978  -34.836 0.4000000060
32502  -22.300  -45.102  -30.689 0.3000000119
133270  -24.588  -45.700  -30.996 0.4000000060
131657  -33.514  -21.048  -36.813 0.3000000119
60873  -35.157  -16.842  -42.356 0.3000000119
127364  -32.915  -18.841  -37.171 0.3000000119
144014  -34.468  -18.578  -37.486 0.3000000119
59919  -32.656  -17.444  -37.588 0.3000000119
134454  -34.181  -18.012  -37.460 0.3000000119
63847  -29.815  -13.773  -39.809 0.3000000119
59931  -36.180  -17.698  -38.870 0.3000000119
59930  -35.625  -17.465  -38.281 0.3000000119
60818  -33.678  -16.217  -37.777 0.3000000119
61844  -35.735  -15.321  -42.373 0.3000000119
62804  -32.980  -14.373  -38.338 0.3000000119
60821  -36.195  -16.282  -38.809 0.3000000119
61781  -34.308  -15.107  -38.104 0.3000000119
62862  -36.318  -14.526  -42.033 0.3000000119
64909  -31.377  -12.428  -39.315 0.3000000119
126190  -35.048  -14.412  -38.365 0.3000000119
62805  -36.005  -14.915  -38.680 0.3000000119
127038  -36.704  -14.807  -41.145 0.3000000119
64927  -36.481  -12.615  -41.846 0.3000000119
64911  -36.287  -12.746  -39.033 0.3000000119
127082  -36.384  -11.966  -39.307 0.3000000119
131847  -36.769  -11.939  -40.018 0.3000000119
66845  -35.853  -10.534  -38.979 0.3000000119
129648  -36.619  -10.925  -40.696 0.3000000119
67805  -34.277  -9.028  -45.345 0.3000000119
133860  -36.538  -9.726  -40.862 0.3000000119
67747  -36.445  -9.076  -40.462 0.3000000119
30677  -23.735  -47.127  -31.643 0.4000000060
44005  -26.350  -33.483  -44.336 0.4000000060
33551  -18.523  -44.791  -39.301 0.3000000119
32606  -19.623  -45.575  -39.849 0.3000000119
33550  -17.717  -44.875  -39.035 0.3000000119
33554  -19.817  -44.962  -39.613 0.3000000119
33452  -22.133  -44.302  -30.600 0.3000000119
34330  -23.247  -43.765  -30.432 0.3000000119
33491  -22.265  -44.467  -35.138 0.3000000119
32534  -23.612  -45.987  -34.142 0.3000000119
34397  -22.731  -43.778  -35.254 0.3000000119
32539  -24.009  -45.369  -34.008 0.3000000119
35261  -21.544  -42.689  -35.986 0.3000000119
34410  -22.052  -43.242  -35.605 0.3000000119
31585  -23.392  -46.606  -34.293 0.3000000119
33485  -22.967  -44.568  -34.813 0.3000000119
128335  -26.499  -34.414  -44.541 0.3000000119
29056  -29.856  -49.724  -39.208 0.5000000000
29074  -30.383  -48.848  -40.114 0.5000000000
29899  -28.931  -48.826  -36.915 0.4000000060
30690  -23.556  -47.710  -32.054 0.4000000060
30691  -24.104  -47.180  -32.077 0.4000000060
30725  -27.451  -47.239  -36.718 0.4000000060
30740  -30.090  -47.021  -37.856 0.5000000000
30750  -30.377  -46.888  -38.551 0.5000000000
30759  -30.585  -47.456  -39.827 0.5000000000
31580  -23.935  -46.699  -33.650 0.4000000060
31604  -26.939  -46.647  -36.881 0.5000000000
31619  -29.905  -46.414  -37.409 0.5000000000
31666  -30.385  -45.948  -41.337 0.6000000238
32518  -24.811  -45.877  -31.611 0.3000000119
32527  -25.295  -45.213  -31.861 0.4000000060
32540  -24.559  -44.790  -33.779 0.4000000060
32556  -26.735  -45.370  -36.878 0.5000000000
32576  -30.167  -45.690  -37.455 0.5000000000
32583  -20.898  -45.036  -39.194 0.4000000060
32595  -20.972  -45.837  -40.007 0.4000000060
32625  -27.068  -44.973  -42.972 0.6999999881
33453  -23.694  -44.510  -30.477 0.4000000060
33454  -24.495  -44.427  -30.536 0.4000000060
33455  -25.182  -44.172  -30.733 0.4000000060
33465  -25.431  -44.576  -31.296 0.4000000060
33500  -27.090  -44.609  -36.733 0.5000000000
33502  -28.627  -44.478  -36.444 0.5000000000
33519  -30.959  -43.845  -37.712 0.5000000000
33528  -21.460  -44.419  -38.466 0.5000000000
33529  -22.292  -44.681  -38.022 0.6000000238
33540  -18.060  -43.947  -38.853 0.4000000060
33542  -20.144  -44.318  -39.139 0.3000000119
33552  -19.003  -44.860  -39.479 0.3000000119
33553  -19.558  -44.906  -39.544 0.3000000119
34329  -22.425  -43.704  -30.493 0.3000000119
34345  -25.857  -43.825  -31.680 0.5000000000
34383  -25.812  -43.586  -33.285 0.6000000238
34399  -24.499  -44.105  -34.277 0.4000000060
34415  -27.060  -43.761  -36.750 0.6000000238
34417  -28.591  -43.740  -36.344 0.5000000000
34449  -18.827  -43.021  -38.875 0.5000000000
34450  -19.171  -43.142  -38.941 0.5000000000
34452  -30.901  -43.736  -39.706 0.6000000238
34459  -19.157  -43.976  -39.147 0.4000000060
34468  -30.085  -43.365  -41.377 0.6999999881
34497  -24.499  -43.449  -44.561 0.5000000000
35238  -26.499  -42.430  -33.236 0.4000000060
35285  -30.959  -42.460  -36.987 0.6999999881
35292  -24.567  -42.803  -37.684 0.6000000238
35305  -22.361  -42.509  -38.252 0.6000000238
35330  -23.159  -42.165  -42.678 0.6999999881
35333  -28.919  -42.596  -42.197 0.6999999881
35361  -22.913  -41.993  -43.176 0.6999999881
36151  -24.175  -42.274  -30.703 0.4000000060
36163  -25.150  -41.248  -31.237 0.3000000119
36178  -26.840  -41.533  -32.420 0.4000000060
36227  -22.010  -40.999  -36.309 0.5000000000
36233  -31.183  -41.538  -37.096 0.8000000119
36239  -26.431  -41.436  -37.421 0.6000000238
36250  -18.161  -40.669  -38.890 0.4000000060
36252  -20.826  -41.506  -38.900 0.6000000238
36255  -24.281  -41.511  -37.873 0.6000000238
36282  -23.264  -41.665  -42.352 0.6999999881
36287  -29.764  -41.601  -41.676 0.6999999881
37094  -17.114  -40.339  -37.182 0.4000000060
37103  -29.997  -40.425  -36.410 0.8000000119
37132  -24.967  -39.758  -38.095 0.6999999881
37178  -22.831  -40.876  -42.802 0.6999999881
37183  -30.145  -40.028  -41.927 0.6999999881
37203  -23.724  -40.799  -44.020 0.6000000238
38014  -17.937  -38.633  -37.021 0.4000000060
38019  -22.861  -38.883  -36.033 0.6000000238
38033  -26.687  -39.363  -37.795 0.6000000238
38038  -31.480  -39.507  -37.530 0.8000000119
38042  -18.202  -38.690  -38.267 0.4000000060
38084  -26.073  -39.309  -42.076 0.6999999881
38086  -31.277  -39.473  -41.212 0.6999999881
38095  -27.437  -39.722  -42.339 0.6999999881
38117  -23.811  -39.791  -43.965 0.6000000238
38922  -25.497  -39.165  -30.771 0.4000000060
38923  -26.806  -38.532  -31.219 0.4000000060
38924  -27.345  -38.715  -31.968 0.5000000000
38935  -27.457  -38.842  -32.715 0.5000000000
38982  -18.981  -37.728  -37.750 0.5000000000
38988  -31.076  -38.718  -37.434 0.6999999881
38996  -19.723  -37.123  -38.014 0.5000000000
39023  -23.268  -38.174  -41.735 0.6999999881
39039  -24.653  -38.746  -41.802 0.6999999881
39041  -30.443  -38.718  -42.169 0.8000000119
39927  -26.295  -37.311  -30.506 0.3000000119
40005  -20.153  -36.580  -37.619 0.5000000000
40006  -20.573  -36.022  -37.246 0.5000000000
40050  -22.099  -37.523  -42.064 0.8000000119
40054  -26.206  -37.903  -42.174 0.6999999881
40056  -31.599  -37.092  -41.720 0.8000000119
40070  -29.431  -37.784  -42.607 0.8999999762
40997  -22.108  -35.353  -36.965 0.5000000000
41002  -27.761  -36.147  -37.489 0.6000000238
41066  -21.955  -36.896  -42.718 0.8000000119
41936  -27.343  -35.871  -31.562 0.5000000000
41938  -29.267  -35.025  -31.717 0.5000000000
41944  -27.039  -35.680  -32.399 0.6000000238
41957  -28.561  -35.244  -34.670 0.6999999881
41979  -23.875  -34.736  -35.071 0.8000000119
41980  -24.638  -34.536  -34.781 0.8000000119
41996  -22.776  -34.945  -36.130 0.6000000238
42009  -22.423  -35.160  -36.468 0.5000000000
42010  -24.059  -34.958  -36.765 0.6000000238
42020  -19.805  -35.197  -40.178 0.8000000119
42038  -19.571  -35.535  -40.830 0.8000000119
42042  -26.160  -34.978  -41.928 0.8999999762
42051  -19.640  -35.585  -41.452 0.8000000119
42055  -27.615  -35.462  -42.506 0.8999999762
42058  -30.318  -35.545  -42.544 0.8000000119
42071  -23.893  -35.826  -43.654 0.5000000000
42902  -28.175  -34.389  -30.358 0.4000000060
42930  -30.701  -34.949  -34.022 0.6999999881
42975  -19.561  -34.626  -39.937 0.8000000119
42994  -19.075  -34.995  -40.891 0.8000000119
43000  -32.189  -34.748  -41.414 0.8000000119
43008  -20.215  -35.312  -42.092 0.8000000119
43012  -27.773  -34.653  -42.367 0.8000000119
43890  -30.540  -33.194  -31.695 0.5000000000
43891  -30.825  -33.563  -32.216 0.5000000000
43943  -33.393  -33.075  -37.593 0.6999999881
43957  -19.586  -33.198  -40.318 0.8000000119
43969  -19.579  -32.948  -40.930 0.8999999762
43972  -27.695  -33.280  -41.690 0.8000000119
43988  -29.269  -33.617  -42.288 0.8000000119
44807  -31.508  -31.948  -39.524 0.6999999881
44827  -26.526  -32.569  -40.702 0.8000000119
45713  -29.062  -30.822  -38.633 0.6999999881
45722  -28.064  -31.316  -39.575 0.6999999881
46729  -20.717  -30.805  -40.299 0.8000000119
46737  -25.620  -31.221  -40.304 0.8000000119
46748  -20.926  -29.706  -42.095 0.8000000119
47688  -30.997  -29.681  -32.342 0.3000000119
47763  -29.072  -30.089  -38.118 0.6999999881
47764  -29.635  -30.034  -37.860 0.6999999881
47765  -30.446  -29.915  -37.762 0.6999999881
47771  -28.394  -29.982  -38.489 0.6999999881
47819  -23.330  -29.006  -43.560 0.6999999881
48762  -21.316  -28.740  -41.257 0.8000000119
48764  -30.602  -29.150  -40.614 0.6999999881
48771  -20.992  -28.247  -41.889 0.8000000119
48788  -20.773  -28.778  -42.092 0.8999999762
50791  -32.098  -26.396  -34.606 0.3000000119
50875  -29.907  -26.556  -43.322 0.8000000119
50876  -30.352  -26.122  -43.235 0.8000000119
50891  -22.755  -26.323  -43.579 0.8000000119
51922  -21.556  -25.792  -42.126 0.8000000119
51939  -21.677  -25.550  -42.312 0.8000000119
51950  -22.622  -24.797  -43.410 0.6999999881
51952  -24.634  -25.264  -44.544 0.6000000238
52934  -27.206  -24.247  -36.737 0.3000000119
52959  -23.139  -23.938  -41.819 0.8000000119
52972  -33.058  -24.230  -42.107 0.6999999881
53941  -34.950  -23.672  -41.076 0.5000000000
55064  -23.330  -22.328  -42.088 0.8000000119
55076  -25.175  -22.715  -42.408 0.8000000119
55108  -23.964  -22.273  -44.710 0.5000000000
56175  -26.713  -21.749  -43.216 0.6999999881
56177  -28.467  -21.255  -43.255 0.6000000238
57117  -30.811  -21.171  -36.809 0.4000000060
57151  -35.869  -20.440  -38.942 0.3000000119
58116  -36.065  -18.904  -38.877 0.3000000119
58152  -23.457  -19.463  -43.452 0.6999999881
58155  -30.740  -19.372  -43.191 0.6000000238
58163  -26.272  -20.144  -43.477 0.6999999881
58169  -22.252  -18.872  -44.216 0.6999999881
58177  -22.830  -19.339  -45.007 0.6999999881
59027  -33.949  -18.836  -37.279 0.3000000119
59028  -34.786  -19.042  -37.569 0.3000000119
59073  -34.797  -18.827  -41.788 0.3000000119
59089  -28.269  -18.133  -43.998 0.6000000238
59090  -29.538  -18.662  -43.595 0.6000000238
59094  -23.628  -18.056  -44.896 0.6999999881
59100  -23.943  -18.089  -45.489 0.6000000238
59920  -34.922  -17.667  -37.725 0.3000000119
59929  -34.999  -17.001  -37.859 0.3000000119
59953  -36.374  -17.628  -40.416 0.3000000119
59963  -36.104  -17.680  -41.062 0.3000000119
59969  -31.644  -17.946  -43.434 0.4000000060
59970  -32.850  -17.445  -43.281 0.4000000060
59971  -33.577  -17.555  -42.957 0.3000000119
59988  -24.263  -17.096  -44.710 0.5000000000
59996  -23.758  -17.475  -45.120 0.6000000238
60816  -31.520  -16.805  -38.228 0.3000000119
60866  -36.336  -16.306  -41.290 0.3000000119
60880  -29.540  -16.689  -44.249 0.5000000000
60883  -33.690  -16.006  -43.378 0.3000000119
60889  -25.628  -16.185  -44.879 0.5000000000
60944  -25.526  -15.642  -46.344 0.4000000060
61783  -35.778  -15.717  -38.493 0.3000000119
61862  -25.092  -15.895  -45.522 0.5000000000
61885  -25.164  -15.784  -45.937 0.5000000000
62877  -34.470  -14.475  -43.416 0.3000000119
62909  -30.489  -14.110  -45.345 0.5000000000
63837  -35.364  -13.610  -38.536 0.3000000119
64944  -36.268  -11.840  -42.061 0.3000000119
64971  -27.534  -13.042  -46.763 0.6000000238
65917  -34.180  -11.440  -38.376 0.3000000119
66008  -27.759  -11.859  -47.662 0.4000000060
66932  -30.044  -10.962  -47.527 0.4000000060
67793  -34.850  -9.380  -44.428 0.3000000119
69656  -31.447  -6.567  -49.486 0.4000000060
120737  -25.273  -34.497  -34.267 0.8000000119
120813  -23.327  -39.431  -42.406 0.6999999881
122499  -22.510  -30.239  -40.368 0.8000000119
122664  -26.289  -39.072  -30.942 0.4000000060
122776  -26.444  -24.813  -45.174 0.5000000000
123122  -23.241  -45.297  -34.459 0.3000000119
123376  -23.071  -38.484  -42.917 0.6999999881
123450  -24.125  -41.279  -42.127 0.6999999881
123784  -20.564  -39.066  -36.556 0.5000000000
123887  -31.544  -23.863  -42.498 0.6999999881
124754  -18.594  -41.852  -38.733 0.4000000060
124777  -25.890  -30.133  -44.372 0.6000000238
124915  -35.678  -10.947  -42.732 0.3000000119
125602  -23.206  -20.716  -42.904 0.6999999881
126231  -31.773  -12.468  -45.869 0.4000000060
126238  -29.958  -31.932  -31.039 0.3000000119
126955  -21.962  -43.113  -38.227 0.6000000238
127243  -24.497  -20.923  -45.591 0.6000000238
128204  -28.546  -41.623  -42.271 0.6999999881
128315  -29.062  -36.183  -42.795 0.8999999762
129322  -21.935  -21.491  -42.945 0.6999999881
129359  -22.274  -21.425  -43.546 0.6999999881
129561  -31.263  -13.585  -45.416 0.4000000060
129616  -23.181  -40.996  -43.477 0.6999999881
130247  -27.972  -47.805  -36.606 0.4000000060
130504  -21.119  -27.000  -42.163 0.8000000119
130809  -23.772  -35.563  -37.312 0.6000000238
130930  -32.858  -19.910  -42.490 0.4000000060
131723  -28.548  -27.839  -42.975 0.8000000119
132472  -23.545  -18.656  -45.264 0.5000000000
133132  -30.990  -32.042  -40.265 0.6999999881
133731  -23.162  -36.094  -41.058 0.8000000119
133953  -25.204  -37.619  -44.448 0.5000000000
133972  -30.303  -14.381  -39.494 0.3000000119
134047  -29.867  -13.687  -45.714 0.5000000000
134518  -29.921  -36.116  -42.681 0.8999999762
135116  -27.103  -36.494  -37.535 0.6000000238
135439  -26.110  -40.967  -31.375 0.4000000060
135655  -26.470  -46.073  -37.036 0.5000000000
136079  -32.343  -23.990  -42.356 0.6999999881
136117  -33.478  -15.499  -37.992 0.3000000119
136246  -25.902  -17.721  -46.372 0.5000000000
136527  -22.838  -44.440  -30.522 0.3000000119
137104  -32.880  -20.878  -42.302 0.5000000000
137144  -33.301  -34.475  -39.639 0.6999999881
137157  -33.110  -21.596  -36.635 0.3000000119
137513  -25.469  -25.901  -42.264 0.8000000119
137562  -25.600  -40.300  -37.805 0.6999999881
137642  -20.352  -29.414  -40.968 0.8000000119
138202  -26.271  -40.155  -34.683 0.4000000060
138230  -22.582  -19.284  -43.711 0.6999999881
138386  -28.693  -22.547  -42.860 0.6999999881
138424  -23.549  -30.436  -40.467 0.8000000119
139255  -30.222  -24.414  -42.773 0.6999999881
139262  -26.546  -24.151  -42.593 0.8000000119
139374  -21.205  -26.672  -42.053 0.8000000119
139455  -24.333  -28.277  -44.073 0.6999999881
139459  -32.551  -24.632  -42.329 0.6999999881
140265  -29.433  -24.124  -42.851 0.8000000119
140896  -30.297  -36.681  -42.539 0.8000000119
141004  -25.509  -20.745  -45.756 0.5000000000
141175  -24.234  -20.880  -42.827 0.6999999881
141328  -22.753  -44.088  -37.803 0.4000000060
141510  -28.446  -16.753  -39.477 0.3000000119
141570  -25.589  -37.785  -30.226 0.3000000119
141659  -26.042  -35.727  -42.025 0.8000000119
141746  -28.036  -32.709  -41.332 0.8000000119
142008  -24.292  -27.094  -44.273 0.6000000238
142208  -27.909  -22.388  -37.203 0.3000000119
142371  -20.052  -30.817  -40.600 0.8999999762
142382  -28.839  -18.602  -43.776 0.6000000238
142894  -31.275  -42.605  -37.614 0.6000000238
143032  -24.182  -33.861  -40.683 0.8999999762
143088  -33.405  -34.225  -38.618 0.6999999881
143589  -32.309  -19.903  -42.639 0.5000000000
143811  -28.676  -40.619  -36.630 0.6999999881
143824  -26.799  -40.814  -37.406 0.6999999881
144247  -29.129  -34.687  -31.139 0.5000000000
144453  -33.916  -17.093  -42.940 0.3000000119
144647  -24.365  -36.355  -37.650 0.6000000238
145026  -30.703  -17.154  -43.838 0.5000000000
145245  -27.435  -11.843  -47.951 0.5000000000
145294  -27.338  -39.806  -37.523 0.6999999881
145689  -35.154  -23.221  -40.741 0.4000000060
