#!ascii label  , from subject sub-v1s14x0051565_ses-1 vox2ras=TkReg
961
61807  -22.600  -15.821  -40.607 0.4285714328
62851  -23.259  -14.274  -41.251 0.2857142985
62837  -23.169  -15.075  -40.806 0.4285714328
62838  -23.988  -14.596  -40.876 0.4285714328
63857  -25.674  -13.995  -40.898 0.4285714328
63868  -23.382  -13.494  -41.646 0.2857142985
63869  -24.309  -13.426  -41.417 0.4285714328
126679  -25.970  -13.223  -41.199 0.4285714328
64940  -23.512  -12.293  -42.334 0.4285714328
64941  -24.330  -12.129  -42.090 0.4285714328
144759  -23.315  -11.272  -43.078 0.4285714328
66882  -24.868  -10.436  -42.698 0.4285714328
138330  -23.247  -10.047  -43.890 0.5714285970
66895  -23.899  -10.098  -43.204 0.5714285970
67768  -26.262  -9.516  -42.800 0.2857142985
67778  -23.727  -9.273  -43.823 0.7142857313
67780  -25.486  -9.050  -43.091 0.7142857313
68721  -25.539  -8.267  -43.434 0.7142857313
122916  -26.282  -7.978  -43.416 0.4285714328
68720  -24.648  -8.687  -43.488 0.7142857313
67781  -26.278  -8.671  -43.167 0.5714285970
70543  -26.287  -6.592  -43.601 0.5714285970
69600  -24.718  -7.849  -43.773 0.5714285970
69601  -25.689  -7.374  -43.621 0.5714285970
139517  -25.437  -6.598  -43.687 0.5714285970
70542  -24.662  -7.008  -43.867 0.5714285970
70544  -27.151  -6.547  -43.516 0.4285714328
71476  -25.143  -5.360  -43.661 0.5714285970
72390  -27.810  -4.688  -43.622 0.5714285970
71493  -23.749  -5.831  -44.664 0.7142857313
71477  -26.276  -5.129  -43.578 0.7142857313
72388  -26.042  -4.306  -43.472 0.7142857313
72389  -27.092  -4.372  -43.552 0.5714285970
70565  -23.230  -6.539  -46.630 0.5714285970
72387  -24.552  -4.769  -43.833 0.8571428657
135875  -26.522  -3.601  -43.442 0.7142857313
124460  -27.494  -3.509  -43.523 0.5714285970
72405  -23.766  -4.891  -44.874 0.7142857313
72417  -23.518  -5.120  -46.199 0.5714285970
74259  -26.879  -2.760  -43.419 0.7142857313
122888  -28.313  -3.468  -43.578 0.5714285970
138510  -25.110  -4.157  -43.608 0.7142857313
73297  -25.667  -3.658  -43.487 0.7142857313
74260  -27.986  -2.643  -43.490 0.5714285970
141064  -24.234  -3.388  -44.612 0.5714285970
127840  -24.862  -3.302  -43.785 0.7142857313
75262  -26.096  -1.924  -43.521 0.7142857313
75263  -26.714  -1.267  -43.470 0.7142857313
129786  -27.246  -1.882  -43.420 0.7142857313
132253  -24.640  -1.890  -44.690 0.7142857313
76224  -26.725  -0.538  -43.443 0.7142857313
75264  -27.490  -1.042  -43.379 0.5714285970
75279  -25.140  -1.436  -43.940 0.7142857313
136944  -24.323  -2.315  -45.389 0.5714285970
76225  -27.604  -0.125  -43.299 0.5714285970
77204  -28.197  0.691  -43.309 0.5714285970
76243  -25.107  -0.586  -44.089 0.8571428657
75278  -24.711  -1.073  -44.848 0.8571428657
77203  -27.168  0.735  -43.266 0.7142857313
77202  -26.290  0.747  -43.557 0.7142857313
76223  -25.845  -0.004  -43.702 0.7142857313
79212  -26.830  2.180  -43.528 0.8571428657
78202  -27.501  1.518  -43.280 0.5714285970
78201  -26.637  1.405  -43.485 0.8571428657
78200  -25.974  1.311  -43.797 0.8571428657
77219  -24.967  0.219  -44.367 0.8571428657
79231  -26.890  3.093  -43.722 0.8571428657
80136  -27.893  3.217  -43.462 0.8571428657
144096  -27.513  4.403  -43.941 0.8571428657
80159  -27.280  3.881  -43.867 0.8571428657
81004  -26.244  4.372  -44.741 1.0000000000
134801  -26.314  2.553  -43.971 0.8571428657
129063  -26.944  4.409  -44.362 1.0000000000
80158  -26.544  3.803  -44.329 1.0000000000
81891  -27.131  5.407  -44.529 1.0000000000
82840  -26.119  6.152  -45.185 0.7142857313
81006  -27.347  4.865  -44.259 1.0000000000
81005  -26.710  4.913  -44.708 1.0000000000
142646  -27.629  5.883  -44.298 1.0000000000
124311  -27.933  9.049  -44.877 1.0000000000
129929  -27.143  8.958  -45.067 0.8571428657
86429  -27.900  10.351  -45.460 0.8571428657
85527  -27.475  9.625  -45.177 1.0000000000
88304  -28.702  12.989  -47.139 0.8571428657
87339  -28.044  11.681  -46.034 0.8571428657
136580  -28.731  11.260  -45.915 1.0000000000
89146  -28.532  13.972  -48.379 0.8571428657
89135  -29.117  13.516  -47.764 0.8571428657
89972  -27.883  14.434  -48.966 0.7142857313
125412  -27.198  13.527  -47.441 0.5714285970
89989  -27.222  14.898  -49.473 0.7142857313
89990  -28.303  14.929  -49.761 0.5714285970
89970  -26.064  14.503  -48.505 0.5714285970
89144  -26.576  14.030  -47.976 0.5714285970
89969  -25.771  14.628  -48.210 0.4285714328
90783  -25.610  16.188  -50.130 0.4285714328
91541  -25.691  16.727  -50.844 0.4285714328
91513  -26.099  15.580  -47.561 0.2857142985
91509  -26.268  15.485  -46.640 0.2857142985
143366  -25.707  15.030  -47.504 0.2857142985
91514  -26.667  16.274  -46.978 0.2857142985
131050  -25.793  -5.934  -43.632 0.5714285970
132523  -26.731  0.163  -43.402 0.7142857313
79213  -27.692  2.394  -43.353 0.8571428657
80160  -28.085  3.934  -43.594 0.8571428657
137793  -27.156  6.955  -44.790 0.8571428657
91511  -27.647  16.447  -45.732 0.1428571492
63867  -22.524  -13.974  -41.746 0.2857142985
135469  -22.589  -13.263  -42.253 0.2857142985
63886  -23.230  -12.872  -42.108 0.2857142985
64922  -24.738  -12.742  -41.643 0.4285714328
65952  -26.084  -11.619  -41.951 0.4285714328
64939  -22.765  -12.556  -42.661 0.2857142985
66881  -23.933  -10.881  -42.819 0.4285714328
64921  -23.912  -12.813  -41.836 0.4285714328
65969  -25.579  -11.139  -42.317 0.4285714328
66894  -23.246  -10.697  -43.506 0.5714285970
68728  -23.246  -8.835  -44.904 0.2857142985
69611  -23.893  -7.510  -44.334 0.5714285970
71478  -28.255  -5.709  -43.472 0.4285714328
70557  -23.802  -6.675  -44.487 0.7142857313
129181  -26.748  -5.844  -43.608 0.7142857313
125852  -27.250  -5.173  -43.609 0.5714285970
139048  -27.855  -5.251  -43.591 0.4285714328
143579  -25.448  -4.777  -43.580 0.7142857313
71502  -23.391  -5.817  -46.455 0.5714285970
71492  -23.571  -5.627  -45.616 0.5714285970
138239  -28.166  -1.652  -43.425 0.5714285970
142093  -23.637  -4.483  -45.923 0.5714285970
74274  -25.073  -2.338  -43.822 0.7142857313
74258  -25.817  -2.925  -43.475 0.7142857313
73320  -23.981  -3.054  -45.538 0.8571428657
124851  -25.921  -0.952  -43.647 0.7142857313
78203  -28.430  1.657  -43.364 0.5714285970
78216  -25.460  1.620  -44.262 1.0000000000
81007  -28.143  4.664  -43.717 1.0000000000
80157  -25.756  3.707  -44.742 1.0000000000
81890  -26.451  5.488  -44.936 0.8571428657
133071  -25.689  6.885  -45.414 0.7142857313
83741  -28.649  7.546  -44.391 1.0000000000
129414  -27.372  8.321  -44.900 0.7142857313
83740  -27.697  7.570  -44.664 1.0000000000
83759  -26.056  7.594  -45.330 0.7142857313
85528  -28.433  9.765  -45.161 0.8571428657
88295  -28.362  12.389  -46.622 0.8571428657
86430  -28.868  10.560  -45.594 1.0000000000
89134  -28.169  13.517  -47.591 0.7142857313
129098  -25.756  14.943  -48.910 0.7142857313
89133  -26.407  13.611  -47.228 0.5714285970
89971  -26.865  14.453  -48.706 0.7142857313
127654  -26.606  15.365  -49.967 0.7142857313
89961  -26.029  14.179  -47.742 0.4285714328
91517  -25.939  16.064  -48.579 0.2857142985
90801  -27.159  15.875  -50.604 0.4285714328
137440  -26.338  16.609  -47.832 0.2857142985
91519  -25.530  16.725  -49.556 0.4285714328
135111  -23.473  -8.066  -45.191 0.4285714328
69622  -23.203  -7.732  -46.123 0.4285714328
90777  -25.791  15.626  -49.276 0.4285714328
92263  -25.832  17.005  -48.611 0.2857142985
123101  -23.531  -15.934  -40.346 0.4285714328
61808  -24.163  -15.364  -40.535 0.4285714328
124272  -22.563  -14.601  -41.324 0.2857142985
61831  -22.159  -15.188  -41.137 0.2857142985
134349  -25.378  -14.770  -40.652 0.4285714328
62839  -24.742  -14.136  -40.960 0.4285714328
128995  -25.162  -13.384  -41.265 0.4285714328
65981  -23.044  -11.867  -42.946 0.2857142985
65967  -23.793  -11.617  -42.564 0.4285714328
65968  -24.653  -11.376  -42.403 0.4285714328
65980  -22.663  -11.409  -43.793 0.4285714328
66893  -22.605  -10.597  -44.495 0.4285714328
67791  -22.906  -9.669  -44.681 0.2857142985
67779  -24.656  -9.512  -43.089 0.4285714328
68729  -23.872  -8.331  -44.142 0.5714285970
127510  -24.596  -6.106  -43.839 0.5714285970
134127  -27.550  -5.819  -43.569 0.4285714328
71475  -24.202  -5.375  -44.013 0.7142857313
70556  -23.518  -6.431  -45.734 0.7142857313
73310  -24.292  -4.069  -44.208 0.5714285970
72418  -23.854  -3.950  -45.218 0.7142857313
74273  -24.460  -2.692  -44.557 0.8571428657
79211  -26.142  1.913  -43.890 0.8571428657
77201  -25.477  0.850  -44.001 0.8571428657
133703  -26.081  3.114  -44.336 1.0000000000
131793  -26.453  6.869  -45.077 0.8571428657
89145  -27.527  13.985  -48.152 0.7142857313
89988  -26.229  14.885  -49.232 0.5714285970
89960  -25.774  14.564  -47.397 0.4285714328
124583  -25.738  15.121  -48.244 0.4285714328
90784  -25.887  15.422  -49.692 0.4285714328
92256  -27.220  16.843  -46.461 0.1428571492
83760  -26.847  7.604  -45.019 1.0000000000
94625  -26.210  20.825  -51.447 0.2857142985
94624  -25.541  21.069  -51.294 0.1428571492
93020  -25.532  18.262  -51.050 0.2857142985
135432  -26.851  20.101  -50.848 0.2857142985
131601  -25.511  20.448  -50.857 0.1428571492
95442  -25.493  21.728  -50.700 0.1428571492
92265  -25.383  17.591  -49.312 0.1428571492
92282  -24.909  17.773  -50.459 0.2857142985
131378  -24.869  18.231  -50.025 0.1428571492
93795  -27.618  19.402  -50.451 0.2857142985
93794  -26.642  19.196  -50.961 0.2857142985
92277  -31.059  16.866  -48.882 0.2857142985
92275  -29.085  17.308  -50.013 0.2857142985
94605  -25.706  20.829  -49.472 0.1428571492
92283  -26.175  17.435  -51.248 0.2857142985
91544  -28.883  15.891  -50.596 0.2857142985
92284  -28.003  17.976  -50.723 0.2857142985
93021  -26.399  18.368  -51.192 0.2857142985
90006  -30.984  14.161  -51.401 0.1428571492
91527  -29.430  16.403  -50.319 0.2857142985
134488  -28.436  17.433  -50.574 0.2857142985
93779  -25.527  19.997  -50.151 0.1428571492
123787  -27.537  17.110  -51.101 0.2857142985
138982  -27.125  17.876  -51.151 0.2857142985
88337  -33.933  12.751  -50.481 0.1428571492
89174  -32.130  13.649  -51.257 0.1428571492
90803  -30.454  14.641  -51.139 0.4285714328
90802  -28.077  15.834  -50.661 0.2857142985
88307  -31.423  12.678  -47.575 0.2857142985
89148  -30.445  13.802  -49.052 0.4285714328
89991  -29.357  14.845  -50.196 0.2857142985
90800  -26.104  15.936  -50.461 0.2857142985
87351  -33.169  11.229  -47.531 0.1428571492
89150  -32.099  13.313  -49.531 0.2857142985
89136  -30.055  13.487  -47.935 0.5714285970
89147  -29.528  13.974  -48.686 0.7142857313
86447  -32.754  10.200  -46.625 0.1428571492
87343  -31.955  11.316  -46.594 0.1428571492
88298  -31.037  12.254  -46.994 0.4285714328
85532  -32.591  9.056  -45.880 0.2857142985
85531  -31.821  9.504  -45.495 0.7142857313
88305  -29.546  12.923  -47.271 0.7142857313
143255  -30.853  10.561  -45.765 0.8571428657
88297  -30.472  12.129  -46.761 0.5714285970
83761  -32.306  7.467  -45.511 0.2857142985
84648  -32.466  8.230  -45.716 0.2857142985
87341  -30.041  11.686  -46.364 0.7142857313
87338  -27.033  11.723  -45.859 0.5714285970
135224  -32.535  6.836  -45.935 0.1428571492
84646  -30.694  8.728  -44.877 0.7142857313
82842  -32.314  6.092  -45.723 0.1428571492
79271  -23.257  2.620  -47.310 0.5714285970
81014  -25.407  4.261  -45.157 0.8571428657
130343  -25.261  4.949  -45.460 0.8571428657
138475  -24.728  4.321  -45.639 0.4285714328
84631  -28.304  8.335  -44.628 0.8571428657
82824  -29.067  6.803  -44.119 0.8571428657
84644  -28.915  9.094  -44.758 0.8571428657
145041  -31.645  5.351  -44.832 0.2857142985
84633  -30.245  8.205  -44.606 0.8571428657
84645  -29.913  8.969  -44.813 0.8571428657
86443  -29.479  11.162  -45.956 0.8571428657
81017  -32.044  4.660  -45.803 0.4285714328
83744  -31.572  7.303  -44.871 0.7142857313
84634  -31.123  8.119  -44.785 0.7142857313
79270  -22.790  2.376  -47.555 0.2857142985
80166  -24.995  3.506  -45.202 0.5714285970
80165  -24.340  3.431  -45.922 0.5714285970
82823  -27.935  6.690  -44.387 0.8571428657
83742  -29.682  7.537  -44.336 0.8571428657
84632  -29.297  8.309  -44.537 0.8571428657
81877  -30.647  5.211  -43.878 0.4285714328
133886  -30.395  6.047  -43.941 0.8571428657
83743  -30.654  7.455  -44.468 0.8571428657
81008  -31.305  3.975  -44.531 0.4285714328
75303  -23.714  -1.318  -47.657 0.7142857313
76276  -23.613  -0.999  -47.859 0.4285714328
74289  -23.829  -2.045  -46.969 0.7142857313
136304  -24.271  0.054  -46.223 0.8571428657
77262  -23.834  -0.231  -47.432 0.5714285970
127080  -23.477  0.862  -47.328 0.5714285970
134598  -22.660  0.927  -47.517 0.4285714328
77230  -24.198  0.769  -45.889 0.8571428657
123358  -23.857  1.229  -46.473 0.5714285970
139457  -23.548  1.698  -46.978 0.5714285970
79230  -25.699  2.379  -44.362 0.8571428657
79244  -24.611  2.673  -45.438 0.7142857313
78249  -24.013  2.281  -46.192 0.5714285970
131772  -28.927  3.982  -43.513 0.7142857313
81875  -28.608  5.211  -43.740 0.7142857313
82809  -28.557  5.956  -43.937 0.8571428657
79232  -31.003  2.965  -44.508 0.2857142985
135297  -30.571  3.634  -43.843 0.4285714328
135938  -30.878  4.446  -43.952 0.5714285970
73319  -23.644  -3.793  -46.245 0.4285714328
73340  -23.401  -2.926  -47.141 0.4285714328
75302  -23.159  -1.638  -47.730 0.4285714328
144876  -24.730  -0.365  -44.854 0.7142857313
76253  -24.479  -0.603  -45.842 0.7142857313
76242  -24.537  0.196  -45.340 0.7142857313
79214  -28.637  2.489  -43.426 0.7142857313
79216  -30.367  2.541  -43.922 0.2857142985
79215  -29.535  2.530  -43.598 0.5714285970
80137  -28.820  3.253  -43.480 0.5714285970
130931  -23.395  -4.504  -46.609 0.4285714328
72424  -22.891  -4.448  -46.974 0.5714285970
73330  -23.687  -2.960  -46.597 0.5714285970
74303  -23.609  -2.009  -47.303 0.5714285970
77205  -29.037  0.982  -43.616 0.4285714328
78204  -29.281  1.785  -43.583 0.4285714328
78218  -30.169  1.775  -44.203 0.4285714328
78205  -29.923  1.934  -43.811 0.4285714328
74261  -28.747  -2.946  -43.525 0.4285714328
135314  -28.839  -2.202  -43.505 0.4285714328
76226  -28.916  -0.639  -43.591 0.4285714328
75265  -28.281  -0.809  -43.410 0.4285714328
76245  -29.543  -0.418  -44.001 0.4285714328
76244  -28.914  0.140  -43.649 0.4285714328
65970  -26.519  -10.949  -42.241 0.1428571492
136301  -28.910  -1.392  -43.562 0.4285714328
67769  -27.104  -9.651  -42.652 0.1428571492
68710  -27.690  -8.961  -42.788 0.1428571492
70545  -27.971  -6.476  -43.418 0.2857142985
73300  -30.195  -3.369  -42.782 0.2857142985
75252  -30.910  -2.124  -42.758 0.2857142985
74263  -30.175  -2.567  -43.095 0.2857142985
72392  -28.907  -4.424  -43.454 0.4285714328
75267  -30.531  -1.743  -43.278 0.2857142985
73299  -29.046  -3.562  -43.482 0.2857142985
75266  -29.681  -1.904  -43.535 0.4285714328
66869  -28.139  -10.208  -42.166 0.1428571492
139509  -27.736  -9.747  -42.477 0.1428571492
66883  -25.903  -10.341  -42.557 0.1428571492
68711  -28.531  -8.611  -42.592 0.2857142985
69590  -28.778  -7.795  -42.732 0.2857142985
71462  -29.917  -5.617  -42.535 0.2857142985
131884  -30.345  -4.087  -42.477 0.2857142985
72377  -29.992  -4.740  -42.678 0.2857142985
71479  -28.868  -5.459  -43.318 0.2857142985
67770  -28.346  -9.436  -42.392 0.1428571492
69575  -30.255  -7.005  -41.886 0.2857142985
68694  -29.640  -8.714  -41.801 0.2857142985
140401  -29.698  -7.058  -42.377 0.2857142985
69591  -29.350  -7.608  -42.462 0.2857142985
68722  -27.085  -8.196  -43.216 0.2857142985
70528  -29.477  -6.372  -42.708 0.2857142985
65953  -26.773  -11.672  -41.810 0.1428571492
64942  -25.306  -12.016  -41.921 0.2857142985
66868  -27.857  -10.943  -41.873 0.1428571492
60845  -24.503  -16.240  -40.189 0.2857142985
60844  -23.723  -16.698  -40.001 0.2857142985
129353  -22.931  -16.492  -40.184 0.2857142985
64923  -26.210  -12.371  -41.566 0.2857142985
60846  -25.481  -16.217  -40.196 0.1428571492
59952  -23.156  -17.070  -39.893 0.2857142985
59934  -22.827  -17.623  -39.717 0.1428571492
69574  -29.847  -7.813  -41.986 0.2857142985
70510  -30.576  -6.072  -41.792 0.2857142985
121472  -30.688  -3.476  -42.340 0.2857142985
134429  -29.378  -5.005  -43.105 0.2857142985
74251  -30.743  -2.835  -42.518 0.2857142985
74262  -29.378  -2.737  -43.406 0.4285714328
76228  -30.180  -1.336  -43.796 0.2857142985
76278  -23.907  -0.863  -47.693 0.7142857313
76227  -29.522  -1.161  -43.711 0.4285714328
78230  -24.347  1.708  -45.621 0.5714285970
133976  -28.402  -0.133  -43.434 0.4285714328
78217  -29.714  1.174  -44.071 0.2857142985
123446  -30.597  2.046  -44.721 0.2857142985
86442  -28.203  10.979  -45.722 0.7142857313
80991  -30.119  4.565  -43.652 0.7142857313
85529  -29.568  9.820  -45.256 0.8571428657
88302  -26.896  13.012  -46.797 0.4285714328
88303  -27.810  13.014  -46.945 0.5714285970
134599  -29.090  12.462  -46.854 0.7142857313
87340  -29.066  11.831  -46.383 0.8571428657
84647  -31.912  8.107  -45.184 0.5714285970
91543  -27.813  16.329  -50.877 0.2857142985
87349  -31.756  12.046  -47.037 0.4285714328
93772  -26.087  20.061  -48.921 0.1428571492
89163  -31.578  13.516  -50.657 0.1428571492
93009  -28.234  18.730  -50.119 0.2857142985
61809  -25.025  -15.496  -40.443 0.1428571492
64924  -27.070  -12.307  -41.427 0.1428571492
139338  -25.480  -12.744  -41.505 0.2857142985
66885  -27.331  -10.423  -42.311 0.1428571492
67758  -29.454  -9.543  -41.629 0.1428571492
67759  -30.050  -9.209  -41.244 0.1428571492
69603  -27.568  -7.295  -43.324 0.2857142985
70527  -29.095  -7.056  -42.789 0.2857142985
132514  -29.300  -5.752  -43.010 0.2857142985
72367  -30.993  -3.965  -41.934 0.2857142985
137859  -31.227  -3.145  -41.974 0.2857142985
72437  -23.195  -3.770  -47.102 0.5714285970
125810  -28.427  -4.981  -43.514 0.2857142985
74287  -21.997  -2.456  -47.167 0.2857142985
76229  -30.998  -1.090  -43.773 0.2857142985
124855  -30.446  -0.919  -44.352 0.2857142985
75292  -24.109  -1.209  -47.085 0.7142857313
142657  -24.337  -0.970  -46.515 0.5714285970
77259  -22.253  0.173  -47.341 0.4285714328
132165  -23.570  -0.521  -47.788 0.5714285970
79269  -22.337  2.781  -47.389 0.2857142985
78266  -23.123  1.608  -47.558 0.5714285970
76246  -29.963  -0.875  -44.271 0.2857142985
141174  -23.672  0.594  -47.167 0.7142857313
80174  -23.452  3.448  -47.021 0.2857142985
124442  -29.801  -0.456  -44.980 0.1428571492
77220  -29.461  0.342  -44.064 0.4285714328
78231  -29.437  0.445  -45.793 0.1428571492
78232  -29.932  1.127  -45.008 0.1428571492
80138  -29.716  3.304  -43.585 0.5714285970
82826  -30.953  6.670  -44.359 0.7142857313
86432  -30.414  10.266  -45.570 0.8571428657
81028  -32.301  4.661  -46.609 0.2857142985
81906  -32.391  5.401  -46.151 0.1428571492
82841  -32.078  6.706  -45.319 0.4285714328
81905  -32.014  5.362  -45.448 0.4285714328
132063  -32.677  6.907  -46.596 0.1428571492
86445  -31.368  10.797  -46.035 0.5714285970
83774  -32.678  7.638  -46.265 0.1428571492
85546  -32.776  9.570  -46.421 0.1428571492
133116  -33.198  10.448  -47.292 0.1428571492
121775  -25.563  19.018  -49.692 0.1428571492
87342  -31.019  11.633  -46.484 0.5714285970
85547  -33.100  9.665  -47.057 0.1428571492
139796  -33.025  11.894  -47.826 0.1428571492
89992  -30.037  14.543  -50.831 0.2857142985
89162  -30.760  13.789  -50.500 0.2857142985
88319  -32.526  12.938  -48.723 0.2857142985
88309  -33.178  12.378  -48.655 0.1428571492
88328  -33.581  12.544  -49.774 0.1428571492
89164  -33.087  13.189  -50.679 0.1428571492
90787  -30.824  15.318  -50.695 0.2857142985
91529  -31.424  16.000  -49.532 0.2857142985
90788  -31.798  15.228  -50.463 0.1428571492
90805  -32.124  14.446  -51.238 0.1428571492
62841  -27.174  -14.458  -40.498 0.1428571492
135307  -28.599  -10.682  -41.674 0.1428571492
74252  -31.389  -2.408  -42.221 0.2857142985
79247  -31.069  2.537  -45.354 0.2857142985
90009  -33.909  13.814  -51.044 0.1428571492
91520  -32.096  16.723  -48.704 0.2857142985
61806  -21.719  -15.880  -40.918 0.2857142985
144971  -24.672  -14.869  -40.675 0.1428571492
62840  -26.232  -14.653  -40.613 0.1428571492
63858  -26.509  -13.806  -40.843 0.1428571492
63870  -26.727  -12.991  -41.117 0.1428571492
66884  -26.637  -10.188  -42.519 0.1428571492
69602  -26.697  -7.331  -43.465 0.4285714328
68723  -28.031  -8.023  -43.032 0.2857142985
68709  -26.900  -9.007  -42.958 0.1428571492
122780  -27.905  -4.037  -43.637 0.4285714328
74280  -24.082  -2.406  -46.156 0.5714285970
75285  -24.368  -1.572  -45.981 0.7142857313
77218  -24.748  1.089  -44.853 0.7142857313
80990  -29.152  4.647  -43.587 0.7142857313
79245  -25.317  2.940  -44.815 0.8571428657
81892  -27.829  5.334  -44.034 0.8571428657
82822  -26.949  6.165  -44.727 0.8571428657
88294  -27.450  12.381  -46.403 0.5714285970
89973  -28.954  14.470  -49.312 0.5714285970
90785  -27.683  15.418  -50.174 0.2857142985
90786  -28.730  15.455  -50.338 0.2857142985
91542  -26.689  16.510  -51.019 0.2857142985
141285  -23.332  -7.119  -46.303 0.5714285970
70546  -28.787  -6.293  -43.180 0.2857142985
86431  -29.748  10.561  -45.662 0.8571428657
91526  -25.293  17.129  -50.389 0.2857142985
91540  -25.240  17.595  -50.908 0.2857142985
92273  -25.041  17.527  -50.016 0.2857142985
93793  -25.970  19.958  -51.202 0.2857142985
94634  -25.768  20.773  -51.490 0.1428571492
93792  -25.694  20.303  -51.104 0.2857142985
123130  -25.645  19.190  -50.717 0.2857142985
128149  -25.279  18.968  -50.347 0.1428571492
93022  -27.400  18.600  -50.834 0.2857142985
91528  -30.417  16.206  -49.915 0.2857142985
92274  -28.666  18.040  -49.891 0.2857142985
91545  -29.947  15.477  -50.635 0.2857142985
90004  -29.725  15.132  -50.629 0.2857142985
90005  -30.510  14.132  -51.154 0.2857142985
90804  -31.244  14.533  -51.301 0.1428571492
90007  -31.645  14.041  -51.504 0.1428571492
92285  -28.534  16.714  -50.732 0.2857142985
132451  -33.031  13.654  -51.113 0.1428571492
131327  -32.327  13.328  -50.571 0.1428571492
90008  -32.692  13.973  -51.382 0.1428571492
88308  -32.388  12.459  -47.820 0.1428571492
89161  -29.949  14.239  -50.086 0.5714285970
87362  -33.515  11.548  -48.287 0.1428571492
86454  -32.673  10.926  -46.889 0.1428571492
89149  -31.295  13.542  -49.357 0.2857142985
88327  -32.858  13.003  -49.642 0.2857142985
89137  -30.953  13.313  -48.189 0.4285714328
88306  -30.469  12.723  -47.332 0.5714285970
88296  -29.782  12.297  -46.798 0.7142857313
86433  -31.855  10.222  -45.797 0.4285714328
126948  -32.130  8.729  -45.421 0.5714285970
85530  -30.723  9.475  -45.229 0.7142857313
129983  -31.189  10.157  -45.612 0.7142857313
86444  -30.417  10.967  -45.956 0.7142857313
142098  -31.561  6.513  -44.779 0.4285714328
139564  -23.725  2.849  -46.677 0.5714285970
142559  -24.830  3.891  -45.436 0.5714285970
81026  -24.542  5.009  -45.892 0.4285714328
80175  -23.857  3.640  -46.569 0.4285714328
82810  -29.547  6.223  -43.879 0.8571428657
82825  -30.099  6.812  -44.094 0.8571428657
127642  -31.237  5.823  -44.366 0.4285714328
81893  -31.310  4.910  -44.350 0.5714285970
81876  -29.575  5.428  -43.700 0.7142857313
74302  -23.319  -2.294  -47.477 0.5714285970
76263  -24.157  -0.480  -46.922 0.7142857313
77241  -23.952  0.318  -46.797 0.7142857313
77260  -23.194  0.111  -47.658 0.4285714328
133293  -23.336  0.695  -47.516 0.4285714328
77240  -21.429  0.205  -46.492 0.2857142985
79229  -24.945  2.092  -44.862 0.8571428657
134391  -29.710  4.020  -43.567 0.5714285970
73329  -23.371  -3.630  -46.877 0.5714285970
69604  -28.383  -7.163  -43.113 0.2857142985
144873  -29.674  -3.252  -43.187 0.2857142985
72376  -29.643  -4.058  -43.060 0.2857142985
73298  -28.505  -3.978  -43.598 0.2857142985
67757  -28.824  -9.893  -41.939 0.1428571492
68712  -29.227  -8.287  -42.332 0.2857142985
71451  -30.620  -4.920  -42.020 0.2857142985
67771  -29.027  -9.095  -42.154 0.1428571492
69592  -30.009  -6.436  -42.285 0.2857142985
60826  -25.094  -16.943  -39.945 0.1428571492
60825  -24.361  -16.994  -39.884 0.1428571492
60847  -26.369  -16.169  -40.173 0.1428571492
141769  -29.601  0.533  -44.808 0.2857142985
93769  -26.328  19.092  -48.587 0.1428571492
93001  -25.576  18.307  -49.059 0.1428571492
86440  -26.519  10.917  -45.515 0.5714285970
85544  -25.179  9.262  -45.671 0.4285714328
85545  -25.909  9.910  -45.450 0.4285714328
86441  -27.451  11.006  -45.613 0.5714285970
84643  -25.774  8.922  -45.496 0.4285714328
86428  -26.965  10.208  -45.362 0.5714285970
134172  -24.935  6.948  -45.766 0.4285714328
144996  -26.472  8.414  -45.241 0.4285714328
130426  -25.695  8.206  -45.537 0.4285714328
85526  -26.595  9.342  -45.271 0.5714285970
81904  -25.746  5.538  -45.343 0.5714285970
75253  -31.973  -1.298  -42.551 0.1428571492
75268  -31.249  -1.460  -42.993 0.1428571492
76214  -31.783  -0.808  -43.160 0.1428571492
127467  -33.571  -0.201  -42.249 0.1428571492
75254  -32.661  -1.277  -41.958 0.1428571492
77193  -33.978  0.459  -42.640 0.1428571492
76215  -32.645  -0.589  -42.555 0.1428571492
78206  -34.488  0.945  -43.225 0.1428571492
66907  -21.999  -10.757  -45.034 0.2857142985
74243  -32.058  -2.678  -41.565 0.1428571492
75240  -32.792  -1.953  -41.464 0.1428571492
136707  -33.478  -1.323  -41.488 0.1428571492
76217  -35.236  -0.300  -42.271 0.1428571492
75255  -34.012  -0.665  -41.662 0.1428571492
77235  -37.230  0.248  -45.462 0.1428571492
77209  -36.007  0.353  -43.564 0.1428571492
137759  -36.832  1.009  -45.362 0.1428571492
65992  -22.180  -11.276  -44.627 0.2857142985
65991  -21.678  -11.377  -44.728 0.2857142985
71452  -31.176  -5.400  -41.370 0.1428571492
133383  -31.973  -4.819  -40.751 0.1428571492
72368  -31.437  -4.548  -41.336 0.1428571492
73285  -31.701  -3.597  -41.410 0.1428571492
74244  -33.722  -2.069  -40.882 0.1428571492
73287  -33.405  -2.998  -40.612 0.1428571492
75242  -35.214  -1.477  -41.351 0.1428571492
76218  -35.925  -0.673  -42.687 0.1428571492
138902  -36.564  -0.235  -44.031 0.1428571492
76258  -37.446  -0.581  -45.720 0.1428571492
65979  -21.980  -11.867  -44.299 0.2857142985
64967  -21.276  -12.028  -44.372 0.2857142985
64954  -20.918  -12.716  -43.882 0.2857142985
70485  -30.880  -6.967  -41.198 0.1428571492
71425  -31.721  -5.609  -40.738 0.1428571492
72344  -32.603  -4.463  -40.468 0.1428571492
74245  -34.795  -2.035  -40.800 0.1428571492
73266  -32.992  -3.798  -40.482 0.1428571492
75243  -35.885  -1.803  -41.786 0.1428571492
75269  -36.480  -1.130  -43.375 0.1428571492
75258  -36.161  -1.477  -42.514 0.1428571492
76267  -37.895  -0.697  -46.436 0.1428571492
135292  -30.414  -7.628  -41.501 0.1428571492
70486  -31.576  -6.533  -40.642 0.1428571492
69557  -31.507  -7.487  -40.441 0.1428571492
71427  -33.426  -5.218  -39.728 0.1428571492
70488  -33.087  -5.909  -39.657 0.1428571492
73269  -35.802  -3.795  -40.715 0.1428571492
73290  -35.967  -2.994  -41.270 0.1428571492
73267  -33.995  -3.670  -40.093 0.1428571492
74246  -35.596  -2.231  -41.183 0.1428571492
75280  -36.838  -1.225  -44.402 0.1428571492
74264  -36.471  -1.940  -43.049 0.1428571492
75287  -37.556  -1.371  -46.048 0.1428571492
75286  -37.173  -1.298  -45.289 0.1428571492
71393  -34.790  -6.291  -39.368 0.1428571492
70456  -33.647  -6.489  -39.281 0.1428571492
69558  -32.037  -6.888  -40.100 0.1428571492
71428  -34.171  -4.890  -39.553 0.1428571492
71404  -33.888  -5.726  -39.383 0.1428571492
70487  -32.282  -6.153  -40.163 0.1428571492
122658  -36.381  -3.756  -41.699 0.1428571492
72369  -36.291  -4.567  -41.127 0.1428571492
139383  -36.298  -2.966  -41.913 0.1428571492
124162  -36.538  -2.568  -43.126 0.1428571492
74247  -36.069  -2.460  -41.677 0.1428571492
132652  -35.258  -6.915  -39.439 0.1428571492
69524  -34.118  -7.015  -39.027 0.1428571492
69523  -33.523  -7.160  -39.118 0.1428571492
134451  -36.433  -5.893  -40.973 0.1428571492
70458  -35.586  -6.312  -39.795 0.1428571492
72378  -36.582  -4.665  -41.976 0.1428571492
74275  -36.695  -2.132  -43.899 0.1428571492
123178  -36.578  -3.934  -43.314 0.1428571492
71406  -35.142  -5.805  -39.549 0.1428571492
71426  -32.604  -5.216  -40.207 0.1428571492
72347  -35.356  -4.389  -40.051 0.1428571492
73288  -34.391  -2.795  -40.420 0.1428571492
76268  -38.499  -0.747  -47.149 0.1428571492
76257  -37.025  -0.449  -44.928 0.1428571492
75256  -34.832  -0.756  -41.672 0.1428571492
76233  -36.160  -0.305  -43.283 0.1428571492
140903  -31.487  -1.821  -42.504 0.1428571492
76230  -32.352  -0.230  -43.275 0.1428571492
64955  -21.631  -12.506  -43.808 0.2857142985
75293  -38.115  -1.487  -46.654 0.1428571492
129949  -39.103  -1.187  -47.681 0.1428571492
77246  -38.150  -0.050  -46.775 0.1428571492
77234  -36.726  0.410  -44.754 0.1428571492
77245  -37.670  0.098  -46.202 0.1428571492
77223  -35.741  1.000  -43.993 0.1428571492
78238  -37.301  0.866  -46.039 0.1428571492
91521  -33.132  16.682  -48.691 0.1428571492
64956  -22.352  -12.213  -43.464 0.2857142985
68695  -30.249  -8.365  -41.406 0.1428571492
70511  -31.183  -6.122  -41.159 0.1428571492
74253  -32.010  -1.871  -41.997 0.1428571492
138538  -33.271  -0.763  -41.917 0.1428571492
76216  -34.429  -0.102  -42.097 0.1428571492
77194  -34.852  0.381  -42.668 0.1428571492
76231  -33.072  0.194  -42.919 0.1428571492
77208  -35.309  0.727  -43.327 0.1428571492
73286  -32.515  -3.270  -40.977 0.1428571492
132227  -32.887  -2.574  -41.069 0.1428571492
76232  -35.611  0.065  -42.926 0.1428571492
75241  -34.374  -1.347  -41.248 0.1428571492
77224  -36.282  0.576  -44.180 0.1428571492
142320  -31.563  -5.093  -41.054 0.1428571492
73265  -32.152  -4.057  -40.852 0.1428571492
75257  -35.569  -1.051  -42.000 0.1428571492
72345  -33.394  -4.470  -40.029 0.1428571492
73289  -35.339  -2.830  -40.617 0.1428571492
74254  -36.323  -2.352  -42.369 0.1428571492
69556  -30.806  -7.948  -40.947 0.1428571492
69522  -32.236  -7.536  -39.730 0.1428571492
71405  -34.571  -5.662  -39.417 0.1428571492
70455  -32.804  -6.814  -39.558 0.1428571492
73268  -34.994  -3.531  -40.097 0.1428571492
145185  -34.059  -4.263  -39.801 0.1428571492
71394  -35.141  -6.401  -39.473 0.1428571492
72328  -34.977  -4.997  -39.585 0.1428571492
144727  -36.593  -4.090  -42.508 0.1428571492
73295  -36.532  -3.265  -42.650 0.1428571492
73301  -36.580  -3.085  -43.680 0.1428571492
72348  -35.893  -4.651  -40.493 0.1428571492
71407  -35.640  -5.321  -40.025 0.1428571492
59063  -20.628  -18.211  -39.929 0.1428571492
129882  -21.565  -17.090  -40.245 0.1428571492
59950  -20.152  -17.569  -40.524 0.1428571492
60842  -20.690  -16.846  -40.745 0.1428571492
60843  -22.093  -16.460  -40.438 0.1428571492
134834  -21.388  -16.467  -40.693 0.1428571492
62859  -21.162  -14.667  -42.401 0.1428571492
61842  -20.545  -15.258  -42.222 0.1428571492
63885  -20.968  -14.055  -43.060 0.1428571492
62860  -21.762  -13.829  -42.513 0.1428571492
61841  -19.834  -15.026  -42.526 0.1428571492
62858  -19.764  -14.286  -42.938 0.1428571492
63904  -20.603  -13.424  -43.483 0.1428571492
63905  -21.323  -13.294  -43.364 0.1428571492
64953  -19.615  -12.633  -43.609 0.1428571492
64965  -19.523  -11.863  -43.788 0.1428571492
65990  -20.988  -11.404  -44.605 0.1428571492
64966  -20.412  -12.078  -44.028 0.1428571492
66905  -20.825  -10.700  -44.702 0.2857142985
66906  -21.459  -10.748  -44.920 0.1428571492
67790  -22.291  -9.992  -45.192 0.1428571492
68749  -22.455  -8.438  -45.807 0.2857142985
71507  -22.788  -5.854  -46.777 0.4285714328
121992  -23.240  -5.199  -46.714 0.4285714328
72425  -23.180  -4.498  -46.851 0.4285714328
82851  -24.652  6.291  -45.997 0.2857142985
82839  -25.385  6.214  -45.591 0.2857142985
85543  -24.397  9.145  -45.771 0.2857142985
128893  -24.848  10.027  -45.573 0.2857142985
86439  -25.606  10.809  -45.537 0.4285714328
66904  -20.138  -10.558  -44.421 0.1428571492
66916  -21.299  -10.096  -45.079 0.2857142985
67803  -22.622  -9.141  -45.433 0.1428571492
61829  -20.579  -15.815  -41.731 0.1428571492
132059  -18.926  -13.186  -43.238 0.1428571492
65989  -20.219  -11.281  -44.267 0.1428571492
67800  -20.467  -9.318  -44.897 0.2857142985
67802  -22.092  -9.374  -45.475 0.2857142985
67801  -21.245  -9.317  -45.209 0.2857142985
133417  -20.930  -8.736  -45.226 0.2857142985
120656  -21.864  -8.894  -45.574 0.2857142985
68739  -23.000  -8.392  -45.793 0.2857142985
69634  -22.981  -7.275  -46.601 0.4285714328
139266  -22.521  -7.094  -46.579 0.4285714328
71501  -21.407  -5.558  -45.979 0.2857142985
81024  -23.584  4.224  -46.812 0.2857142985
81912  -23.812  5.192  -46.521 0.2857142985
138004  -24.399  5.680  -46.139 0.2857142985
81913  -23.858  6.321  -46.463 0.2857142985
83758  -25.294  7.631  -45.658 0.2857142985
84660  -24.062  8.390  -45.943 0.2857142985
84659  -23.345  8.400  -45.984 0.2857142985
139136  -22.066  -8.132  -45.900 0.2857142985
81911  -23.001  4.830  -47.131 0.2857142985
145347  -23.705  7.024  -46.449 0.2857142985
83772  -23.658  7.661  -46.228 0.2857142985
82850  -24.247  7.000  -46.249 0.2857142985
83773  -24.514  7.687  -45.972 0.2857142985
84658  -22.747  8.019  -46.044 0.2857142985
84661  -24.986  8.462  -45.804 0.2857142985
82848  -22.376  6.629  -46.625 0.2857142985
70576  -22.915  -6.545  -46.780 0.4285714328
71508  -23.134  -5.881  -46.788 0.4285714328
63906  -22.049  -12.943  -43.018 0.1428571492
69621  -22.847  -7.873  -46.221 0.4285714328
61830  -21.278  -15.366  -41.635 0.1428571492
60864  -20.964  -16.115  -41.182 0.1428571492
66917  -21.802  -10.117  -45.243 0.1428571492
131463  -20.256  -12.843  -43.698 0.1428571492
131488  -20.884  -17.502  -40.251 0.1428571492
60863  -20.238  -16.373  -41.442 0.1428571492
132767  -20.447  -14.603  -42.786 0.1428571492
63903  -19.770  -13.474  -43.339 0.1428571492
66914  -20.086  -9.915  -44.565 0.2857142985
70575  -22.402  -6.450  -46.622 0.4285714328
69620  -22.052  -7.498  -46.257 0.4285714328
83771  -22.273  7.394  -46.300 0.2857142985
72423  -22.092  -4.184  -46.732 0.2857142985
127754  -22.525  -5.094  -46.736 0.2857142985
73338  -22.636  -2.863  -47.360 0.2857142985
95416  -31.257  21.435  -48.665 0.1428571492
94609  -31.827  20.721  -48.462 0.1428571492
93773  -30.097  19.603  -48.645 0.1428571492
93002  -30.660  18.803  -48.456 0.1428571492
92266  -30.827  17.823  -48.588 0.1428571492
96107  -31.549  22.255  -48.853 0.1428571492
93011  -29.664  18.798  -48.748 0.1428571492
94627  -27.869  20.270  -50.125 0.1428571492
132212  -28.095  22.403  -50.520 0.1428571492
73328  -22.701  -3.650  -47.141 0.2857142985
73327  -21.964  -3.239  -46.943 0.2857142985
92267  -31.728  17.593  -48.393 0.1428571492
128376  -32.333  19.906  -48.135 0.1428571492
134525  -30.890  19.755  -48.409 0.1428571492
93003  -31.414  18.345  -48.302 0.1428571492
92276  -30.027  17.245  -49.306 0.1428571492
93780  -28.443  19.531  -49.625 0.1428571492
137119  -30.110  18.142  -48.785 0.1428571492
95430  -29.409  21.186  -49.304 0.1428571492
95429  -28.241  21.098  -50.033 0.1428571492
94626  -27.180  20.984  -50.676 0.1428571492
95444  -26.501  21.674  -51.262 0.1428571492
128741  -29.340  18.030  -49.178 0.1428571492
93010  -28.836  18.755  -49.207 0.1428571492
139290  -23.053  -5.206  -46.860 0.2857142985
95415  -30.332  21.168  -48.841 0.1428571492
96106  -30.725  22.096  -49.037 0.1428571492
93781  -29.200  19.581  -48.940 0.1428571492
94617  -29.710  20.398  -48.899 0.1428571492
96126  -31.097  22.863  -49.234 0.1428571492
94616  -28.820  20.471  -49.424 0.1428571492
93774  -31.645  19.172  -48.196 0.1428571492
81909  -21.475  5.543  -46.492 0.1428571492
81910  -22.236  5.598  -46.905 0.1428571492
83757  -20.965  7.852  -45.499 0.1428571492
84641  -21.408  8.338  -45.425 0.1428571492
81033  -22.735  4.037  -47.278 0.1428571492
84642  -21.876  8.810  -45.324 0.1428571492
85524  -22.300  9.532  -45.498 0.1428571492
134594  -22.895  -0.536  -47.749 0.2857142985
76262  -21.784  -0.611  -47.024 0.1428571492
79257  -21.162  2.453  -46.255 0.1428571492
80184  -22.527  3.428  -47.381 0.1428571492
81022  -21.791  4.130  -46.949 0.1428571492
81016  -31.678  3.960  -45.406 0.1428571492
85541  -22.841  8.911  -45.826 0.1428571492
135218  -23.820  9.842  -45.686 0.1428571492
85525  -22.970  9.754  -45.806 0.1428571492
86427  -22.492  10.499  -45.510 0.2857142985
87335  -24.527  11.392  -45.511 0.2857142985
89122  -24.622  13.386  -45.468 0.2857142985
89121  -23.795  13.482  -44.944 0.2857142985
89950  -25.170  13.868  -45.740 0.2857142985
90758  -25.859  14.791  -44.716 0.1428571492
133796  -23.239  10.577  -45.645 0.2857142985
87336  -25.294  11.522  -45.656 0.2857142985
135291  -24.902  12.022  -45.684 0.2857142985
135350  -23.951  12.830  -45.176 0.2857142985
88291  -24.870  12.748  -45.769 0.2857142985
89129  -25.884  13.731  -46.822 0.2857142985
89938  -23.773  13.904  -44.665 0.2857142985
142631  -26.279  17.381  -48.016 0.1428571492
88287  -23.172  12.966  -44.888 0.1428571492
88282  -22.792  12.831  -44.715 0.1428571492
89940  -25.415  14.378  -45.741 0.1428571492
89939  -24.631  13.953  -45.095 0.2857142985
90763  -25.218  14.453  -44.975 0.1428571492
89930  -24.329  14.299  -44.505 0.1428571492
143793  -20.963  9.887  -44.440 0.2857142985
89104  -23.482  14.117  -44.159 0.1428571492
120907  -19.970  8.884  -43.281 0.1428571492
81027  -31.849  3.928  -46.269 0.1428571492
79246  -30.272  1.596  -45.843 0.1428571492
78248  -21.438  1.765  -46.527 0.1428571492
139522  -20.743  3.693  -45.940 0.1428571492
81021  -21.195  4.480  -46.348 0.1428571492
121784  -20.408  6.066  -45.452 0.1428571492
82847  -21.309  7.035  -46.052 0.1428571492
84657  -21.934  8.091  -45.774 0.1428571492
85523  -21.490  8.760  -45.217 0.1428571492
85542  -23.540  9.060  -45.843 0.1428571492
85519  -21.883  9.434  -45.239 0.2857142985
87332  -23.651  11.370  -45.414 0.1428571492
88288  -24.205  12.083  -45.324 0.2857142985
133970  -23.192  12.215  -45.158 0.1428571492
142592  -23.098  13.713  -44.208 0.2857142985
128885  -25.795  14.869  -46.711 0.1428571492
90757  -25.043  14.638  -44.171 0.1428571492
90764  -25.974  14.944  -45.740 0.1428571492
80167  -31.388  3.309  -45.097 0.1428571492
80176  -31.461  3.197  -45.872 0.1428571492
89130  -26.111  13.035  -46.600 0.2857142985
89128  -25.321  13.455  -46.131 0.2857142985
89951  -25.572  14.146  -46.409 0.2857142985
92259  -26.768  17.361  -47.243 0.1428571492
87337  -26.109  11.654  -45.783 0.2857142985
78265  -22.246  1.881  -47.351 0.1428571492
135182  -21.128  0.965  -46.035 0.1428571492
88293  -26.525  12.372  -46.257 0.2857142985
81034  -23.180  3.986  -47.165 0.1428571492
132229  -29.471  0.830  -46.092 0.1428571492
144801  -21.782  4.896  -46.904 0.1428571492
142363  -21.745  6.550  -46.447 0.1428571492
83770  -21.704  7.415  -46.107 0.1428571492
81903  -20.796  5.307  -45.853 0.1428571492
81013  -20.444  4.346  -45.607 0.1428571492
83769  -21.242  7.534  -45.811 0.1428571492
138081  -22.327  8.663  -45.621 0.1428571492
81032  -22.247  3.930  -47.231 0.1428571492
80173  -21.322  3.375  -46.483 0.1428571492
86438  -24.158  10.648  -45.534 0.2857142985
139156  -24.897  10.852  -45.545 0.2857142985
89113  -23.178  13.520  -44.561 0.1428571492
90765  -26.541  15.155  -45.255 0.1428571492
88292  -25.608  12.351  -46.040 0.2857142985
140873  -22.786  12.572  -44.930 0.1428571492
134878  -25.558  13.063  -46.307 0.2857142985
92998  -26.406  18.198  -48.002 0.1428571492
87331  -22.759  11.353  -45.391 0.1428571492
140577  -18.356  -8.983  -44.363 0.1428571492
68737  -20.070  -8.425  -44.997 0.1428571492
68735  -17.846  -8.373  -44.297 0.1428571492
70560  -17.660  -6.973  -44.241 0.1428571492
126673  -18.629  -6.854  -44.499 0.1428571492
69617  -19.321  -7.586  -44.729 0.1428571492
70561  -18.998  -5.960  -44.588 0.1428571492
69618  -20.355  -7.448  -45.211 0.1428571492
144006  -21.686  -7.867  -45.802 0.1428571492
71498  -18.820  -5.181  -44.579 0.1428571492
70563  -21.027  -6.182  -45.602 0.1428571492
143682  -22.020  -6.940  -46.427 0.1428571492
71500  -20.625  -5.380  -45.366 0.1428571492
70564  -21.746  -6.351  -46.243 0.1428571492
71491  -18.046  -5.419  -44.434 0.1428571492
71499  -19.715  -5.273  -44.795 0.1428571492
72415  -21.035  -4.738  -45.701 0.1428571492
72422  -21.395  -4.219  -46.125 0.1428571492
74286  -21.355  -2.631  -46.421 0.1428571492
75290  -21.498  -1.889  -46.682 0.1428571492
86426  -22.064  10.426  -45.291 0.1428571492
132151  -21.045  -8.033  -45.454 0.1428571492
69633  -22.534  -7.694  -46.291 0.1428571492
67788  -18.223  -9.769  -44.222 0.1428571492
67798  -17.441  -9.076  -44.276 0.1428571492
69616  -18.255  -7.650  -44.397 0.1428571492
135174  -21.773  -1.344  -47.042 0.1428571492
72416  -21.756  -4.939  -46.385 0.1428571492
68736  -18.883  -8.389  -44.534 0.1428571492
67799  -19.377  -9.307  -44.548 0.1428571492
68738  -21.528  -8.507  -45.535 0.1428571492
69619  -21.369  -7.127  -45.773 0.1428571492
69609  -17.116  -7.012  -43.860 0.1428571492
130421  -19.667  -6.764  -44.872 0.1428571492
131286  -20.144  -6.032  -45.037 0.1428571492
70562  -20.536  -6.707  -45.301 0.1428571492
72404  -18.213  -4.696  -44.487 0.1428571492
72414  -20.196  -4.577  -45.065 0.1428571492
71490  -17.193  -5.514  -44.185 0.1428571492
67787  -17.012  -9.783  -44.261 0.1428571492
59951  -22.452  -17.045  -40.022 0.2857142985
62850  -21.871  -14.584  -41.768 0.2857142985
63884  -20.301  -13.985  -43.171 0.1428571492
65971  -27.206  -11.139  -42.006 0.1428571492
66915  -20.719  -10.011  -44.812 0.2857142985
67767  -25.451  -9.760  -42.811 0.2857142985
69610  -23.523  -7.293  -45.417 0.5714285970
70457  -34.292  -6.339  -39.261 0.1428571492
71386  -34.934  -6.705  -39.327 0.1428571492
71429  -36.212  -5.274  -40.686 0.1428571492
71506  -22.127  -5.736  -46.538 0.4285714328
72346  -34.638  -4.252  -39.798 0.1428571492
72391  -28.304  -4.402  -43.598 0.4285714328
73339  -23.117  -3.148  -47.329 0.2857142985
74288  -23.518  -2.720  -47.079 0.4285714328
74301  -22.683  -2.213  -47.527 0.4285714328
74304  -23.766  -1.352  -47.603 0.7142857313
75291  -22.246  -1.813  -47.422 0.4285714328
76275  -22.588  -1.175  -47.662 0.4285714328
76277  -23.733  -0.733  -47.783 0.5714285970
77261  -23.592  0.004  -47.528 0.4285714328
79258  -21.726  2.618  -46.925 0.1428571492
80183  -21.950  3.393  -47.154 0.1428571492
80185  -23.057  3.412  -47.369 0.2857142985
81015  -26.014  4.922  -45.096 1.0000000000
81023  -22.292  4.594  -47.173 0.2857142985
81025  -24.176  4.295  -46.263 0.2857142985
81914  -25.006  5.609  -45.705 0.2857142985
82849  -23.070  7.043  -46.548 0.2857142985
84656  -21.443  7.905  -45.711 0.1428571492
84662  -32.740  8.419  -46.262 0.2857142985
86446  -32.199  10.584  -46.273 0.1428571492
87350  -32.524  11.657  -47.242 0.1428571492
88318  -31.833  13.152  -48.426 0.4285714328
89173  -31.203  13.876  -51.329 0.1428571492
93019  -25.058  18.283  -50.598 0.2857142985
94607  -30.416  20.312  -48.626 0.1428571492
94608  -31.033  20.586  -48.514 0.1428571492
94615  -25.401  20.934  -50.470 0.1428571492
122113  -31.832  5.975  -45.091 0.2857142985
123117  -25.936  18.969  -51.025 0.2857142985
124318  -32.418  9.887  -45.974 0.1428571492
124381  -23.040  5.969  -46.820 0.1428571492
125933  -23.936  -13.975  -41.210 0.4285714328
128548  -21.655  -9.565  -45.342 0.2857142985
130189  -31.536  20.031  -48.323 0.1428571492
132113  -31.701  4.703  -45.028 0.4285714328
134243  -21.073  6.291  -46.040 0.1428571492
134324  -31.423  8.783  -45.136 0.7142857313
135176  -21.798  0.974  -46.975 0.4285714328
135178  -21.127  -0.368  -46.098 0.1428571492
139833  -25.607  19.769  -50.661 0.1428571492
140219  -23.915  -1.126  -47.746 0.7142857313
141036  -28.840  21.170  -49.614 0.1428571492
142700  -22.012  7.040  -46.419 0.2857142985
144604  -28.941  -4.999  -43.360 0.2857142985
144878  -22.842  2.935  -47.518 0.2857142985
