#!ascii label  , from subject sub-v1s14x0051582_ses-1 vox2ras=TkReg
830
22476  -35.616  -55.994  -46.427 0.5000000000
23472  -34.102  -55.565  -46.594 0.8000000119
24463  -32.093  -54.618  -46.914 0.8000000119
24464  -32.750  -54.656  -46.475 0.8000000119
23454  -33.942  -55.190  -46.158 0.8000000119
22492  -37.135  -56.156  -47.465 0.5000000000
22475  -34.856  -55.905  -46.930 0.5000000000
23455  -34.639  -55.383  -45.964 0.6000000238
26304  -31.410  -52.889  -48.655 0.6999999881
25412  -32.209  -53.514  -47.310 0.6999999881
24450  -33.528  -54.672  -46.105 0.8000000119
24451  -34.320  -54.772  -45.801 0.6999999881
146360  -37.818  -55.942  -47.446 0.6000000238
22477  -36.561  -56.211  -46.694 0.5000000000
149310  -36.232  -55.361  -45.504 0.6000000238
27215  -30.562  -51.410  -49.219 0.6999999881
23456  -35.480  -55.626  -45.869 0.6000000238
143735  -36.216  -54.702  -45.265 0.6000000238
26316  -30.882  -52.280  -49.255 0.6999999881
25423  -30.838  -53.293  -48.792 0.6999999881
25413  -32.944  -53.409  -46.888 0.6999999881
24452  -35.305  -54.906  -45.545 0.6000000238
25386  -35.767  -53.924  -45.356 0.6000000238
133580  -33.799  -53.426  -46.495 0.8000000119
25402  -34.445  -53.523  -46.050 0.8000000119
25385  -34.790  -54.092  -45.654 0.6999999881
129929  -38.517  -55.084  -46.557 0.4000000060
23457  -37.109  -55.694  -45.579 0.6000000238
28152  -31.123  -50.782  -48.960 0.6999999881
24453  -36.716  -54.203  -44.959 0.6000000238
28153  -32.207  -50.795  -49.164 0.6999999881
26317  -31.815  -52.243  -49.019 0.6999999881
133539  -32.752  -52.939  -47.782 0.6999999881
26295  -33.723  -52.786  -47.509 0.6000000238
26297  -35.120  -53.276  -45.903 0.6999999881
27198  -36.020  -51.271  -46.955 0.5000000000
151613  -33.232  -52.411  -48.381 0.6000000238
26306  -34.740  -52.288  -47.813 0.6000000238
26307  -35.232  -52.248  -47.281 0.6000000238
27197  -35.670  -51.869  -47.213 0.6000000238
27206  -35.500  -51.889  -47.990 0.6000000238
28136  -36.008  -51.373  -47.967 0.5000000000
147551  -38.921  -54.223  -46.356 0.4000000060
23459  -38.234  -54.870  -45.676 0.5000000000
29099  -30.856  -49.149  -47.966 0.6999999881
24454  -37.617  -54.380  -45.023 0.6000000238
25372  -37.185  -53.632  -44.701 0.6000000238
25387  -36.457  -53.291  -44.952 0.6000000238
138006  -32.905  -51.201  -49.307 0.6999999881
26287  -36.218  -52.324  -45.094 0.5000000000
28130  -36.103  -51.300  -45.609 0.6000000238
132190  -33.644  -51.239  -49.223 0.6999999881
148378  -34.871  -51.726  -48.448 0.6000000238
28137  -36.426  -50.529  -47.798 0.5000000000
134097  -36.386  -50.543  -46.480 0.5000000000
27219  -35.350  -51.112  -48.620 0.5000000000
30037  -28.458  -47.647  -47.247 0.6000000238
30990  -29.210  -47.583  -47.338 0.6000000238
25403  -39.406  -53.511  -46.498 0.5000000000
134515  -39.130  -53.279  -45.678 0.5000000000
30048  -29.978  -48.309  -47.457 0.6999999881
29098  -29.694  -49.116  -47.844 0.6999999881
25388  -38.483  -53.881  -45.371 0.5000000000
25373  -37.872  -53.415  -44.661 0.5000000000
26274  -38.087  -52.528  -44.308 0.4000000060
29109  -30.512  -50.009  -48.358 0.6999999881
26273  -37.109  -52.688  -44.464 0.5000000000
29110  -31.588  -50.054  -48.528 0.6999999881
29111  -32.638  -50.029  -48.749 0.6999999881
28154  -33.189  -50.601  -49.197 0.6999999881
28155  -34.102  -50.533  -49.213 0.6000000238
139194  -34.858  -50.567  -49.117 0.6000000238
150860  -36.363  -50.491  -45.448 0.5000000000
29114  -35.719  -49.364  -49.074 0.5000000000
28156  -35.492  -50.230  -48.992 0.5000000000
28157  -36.248  -49.935  -48.691 0.5000000000
29089  -36.921  -49.870  -47.124 0.5000000000
150961  -37.861  -48.864  -46.752 0.3000000119
26276  -39.348  -51.927  -44.586 0.3000000119
135183  -28.679  -46.832  -46.932 0.6000000238
30973  -29.235  -46.820  -47.175 0.6000000238
26288  -39.476  -52.510  -45.331 0.4000000060
26275  -38.823  -52.380  -44.544 0.4000000060
30049  -31.173  -48.228  -47.541 0.6000000238
147948  -37.449  -51.655  -43.961 0.5000000000
29100  -31.979  -49.190  -48.120 0.6999999881
27180  -36.570  -51.640  -44.562 0.5000000000
29112  -33.685  -49.933  -49.018 0.5000000000
135578  -36.511  -50.061  -44.709 0.5000000000
29113  -34.763  -49.814  -49.153 0.5000000000
29079  -36.632  -49.856  -45.782 0.4000000060
29080  -37.202  -49.276  -46.276 0.3000000119
30029  -37.537  -48.669  -45.711 0.4000000060
29116  -37.300  -48.812  -48.634 0.5000000000
29090  -37.632  -49.123  -47.671 0.4000000060
31891  -29.090  -46.305  -46.558 0.6000000238
31892  -29.790  -46.189  -46.681 0.6000000238
31893  -30.769  -46.201  -46.617 0.6000000238
30975  -31.322  -46.902  -46.879 0.6000000238
30976  -32.316  -47.052  -46.703 0.6000000238
27173  -38.034  -51.124  -43.626 0.3000000119
28122  -36.746  -50.830  -44.171 0.4000000060
30050  -32.442  -48.438  -47.725 0.6000000238
28113  -37.386  -50.652  -43.693 0.3000000119
29101  -33.088  -49.273  -48.282 0.6999999881
29069  -37.193  -48.905  -44.108 0.3000000119
28112  -36.863  -50.140  -43.977 0.3000000119
30051  -33.539  -48.523  -47.912 0.6000000238
30020  -37.431  -48.446  -44.708 0.3000000119
30019  -36.919  -49.183  -45.014 0.3000000119
30995  -34.656  -47.704  -47.758 0.5000000000
30052  -34.461  -48.381  -48.322 0.5000000000
30061  -35.131  -48.866  -49.003 0.5000000000
137311  -38.654  -47.833  -46.169 0.3000000119
30967  -37.957  -48.030  -45.368 0.3000000119
30062  -36.083  -48.467  -49.065 0.5000000000
30063  -36.847  -48.443  -49.046 0.5000000000
30980  -38.263  -48.351  -46.483 0.3000000119
30996  -36.020  -47.700  -48.630 0.5000000000
30039  -38.502  -47.946  -48.172 0.4000000060
30981  -38.895  -47.880  -47.378 0.3000000119
31883  -29.466  -45.717  -46.035 0.5000000000
32865  -30.343  -45.407  -46.258 0.6000000238
32879  -31.262  -45.696  -46.364 0.5000000000
30993  -31.858  -47.692  -47.144 0.6000000238
30956  -37.847  -47.776  -44.399 0.3000000119
144767  -33.048  -47.741  -47.163 0.6000000238
32869  -39.249  -45.990  -44.812 0.3000000119
30968  -38.479  -47.272  -45.103 0.3000000119
30994  -33.943  -47.941  -47.568 0.6000000238
30053  -35.287  -48.067  -48.643 0.5000000000
153502  -36.570  -47.306  -48.504 0.5000000000
30998  -38.124  -47.547  -48.610 0.4000000060
31910  -38.605  -46.693  -48.519 0.4000000060
33838  -30.968  -43.918  -46.169 0.5000000000
32866  -31.311  -44.875  -46.230 0.5000000000
32867  -32.464  -44.947  -46.114 0.5000000000
32880  -32.114  -45.690  -46.227 0.5000000000
32868  -33.433  -44.943  -46.073 0.5000000000
31868  -38.581  -46.365  -43.653 0.3000000119
31877  -38.682  -46.456  -44.448 0.3000000119
144935  -33.137  -47.012  -46.640 0.6000000238
30977  -33.998  -47.265  -46.900 0.6000000238
30978  -34.924  -47.043  -47.265 0.5000000000
31908  -36.747  -46.570  -48.137 0.5000000000
30982  -39.342  -47.222  -47.711 0.4000000060
32897  -39.065  -45.771  -48.600 0.4000000060
144286  -32.383  -43.624  -45.917 0.5000000000
33840  -32.866  -44.283  -45.933 0.5000000000
32850  -38.938  -45.614  -43.234 0.4000000060
33814  -39.149  -44.859  -43.183 0.4000000060
32881  -33.057  -45.700  -46.169 0.5000000000
32882  -33.970  -45.682  -46.274 0.5000000000
33825  -39.122  -45.113  -43.681 0.4000000060
33826  -39.703  -45.184  -44.683 0.3000000119
33852  -34.418  -44.928  -46.266 0.4000000060
32870  -40.021  -46.038  -45.688 0.3000000119
138127  -34.792  -45.641  -46.581 0.5000000000
31897  -35.269  -46.300  -47.024 0.4000000060
31898  -35.969  -46.168  -47.467 0.4000000060
143898  -32.845  -43.087  -45.607 0.5000000000
34741  -33.856  -43.374  -45.450 0.5000000000
32835  -39.300  -45.046  -42.772 0.4000000060
150114  -34.346  -43.847  -45.617 0.4000000060
33815  -39.373  -44.359  -43.721 0.4000000060
34730  -39.885  -43.623  -44.131 0.4000000060
33842  -34.749  -44.265  -45.931 0.4000000060
33853  -35.254  -44.799  -46.547 0.4000000060
152315  -40.028  -44.307  -44.542 0.4000000060
32883  -35.558  -45.409  -47.031 0.4000000060
33854  -36.260  -44.765  -47.158 0.4000000060
32884  -36.471  -45.582  -47.712 0.4000000060
32895  -37.255  -45.943  -48.191 0.4000000060
32885  -37.262  -45.039  -48.231 0.4000000060
33860  -38.989  -44.916  -48.797 0.4000000060
138996  -40.611  -44.619  -48.395 0.4000000060
33861  -39.852  -45.167  -48.596 0.4000000060
35572  -32.305  -42.303  -45.566 0.5000000000
35573  -33.397  -42.478  -45.307 0.4000000060
34702  -39.560  -43.363  -42.574 0.4000000060
33801  -39.351  -44.226  -42.814 0.4000000060
35574  -34.415  -42.635  -45.116 0.5000000000
34743  -35.715  -44.072  -46.154 0.4000000060
35567  -40.649  -43.017  -44.498 0.4000000060
34747  -36.280  -43.648  -46.067 0.4000000060
142419  -36.625  -43.982  -46.577 0.4000000060
33862  -41.163  -44.849  -48.090 0.3000000119
142444  -38.248  -45.120  -48.715 0.4000000060
36446  -33.946  -41.806  -44.955 0.4000000060
36447  -34.937  -41.924  -44.783 0.4000000060
35556  -39.578  -42.794  -43.063 0.4000000060
36448  -35.879  -41.947  -44.812 0.4000000060
34742  -34.928  -43.474  -45.507 0.4000000060
36449  -36.736  -41.804  -45.135 0.4000000060
34744  -35.932  -43.292  -45.655 0.4000000060
35580  -36.822  -43.222  -46.080 0.4000000060
33855  -37.133  -44.375  -47.426 0.4000000060
34748  -38.534  -43.500  -47.512 0.4000000060
35587  -41.408  -43.631  -48.053 0.4000000060
34752  -39.555  -44.275  -48.377 0.4000000060
34753  -40.661  -43.886  -48.271 0.4000000060
36439  -34.487  -41.135  -44.629 0.4000000060
36440  -35.442  -41.243  -44.521 0.4000000060
36441  -36.306  -41.256  -44.633 0.4000000060
37392  -37.069  -41.103  -44.915 0.4000000060
35576  -36.345  -42.553  -45.387 0.4000000060
35577  -37.196  -42.326  -45.847 0.4000000060
34750  -41.811  -43.997  -47.816 0.4000000060
36455  -38.038  -42.007  -46.456 0.4000000060
35582  -38.779  -42.650  -47.173 0.4000000060
36456  -39.077  -41.794  -47.009 0.4000000060
34749  -39.703  -43.339  -47.806 0.4000000060
38367  -35.694  -39.873  -44.011 0.4000000060
38368  -36.586  -40.070  -44.257 0.4000000060
144591  -36.649  -40.696  -44.526 0.4000000060
38372  -38.027  -40.061  -45.029 0.4000000060
37393  -37.791  -40.786  -45.349 0.4000000060
36450  -37.508  -41.522  -45.631 0.4000000060
36451  -38.362  -41.209  -46.186 0.4000000060
36452  -39.489  -40.957  -46.730 0.4000000060
35584  -41.276  -42.814  -47.693 0.3000000119
36457  -40.365  -41.860  -47.377 0.4000000060
35586  -40.664  -43.234  -47.926 0.4000000060
39353  -36.514  -39.147  -43.869 0.4000000060
40260  -36.964  -38.167  -43.630 0.4000000060
144090  -37.389  -39.636  -44.399 0.4000000060
38369  -38.263  -39.280  -44.722 0.4000000060
37394  -38.589  -40.454  -45.839 0.4000000060
143240  -39.342  -40.196  -46.170 0.4000000060
35585  -41.993  -43.542  -47.615 0.4000000060
134830  -42.281  -42.752  -47.314 0.3000000119
36458  -41.634  -41.993  -47.495 0.5000000000
147187  -40.745  -41.236  -47.262 0.5000000000
40257  -37.351  -37.289  -43.490 0.4000000060
40261  -37.896  -37.902  -43.886 0.4000000060
39354  -37.593  -38.775  -44.113 0.4000000060
40262  -38.711  -37.600  -44.206 0.4000000060
39355  -38.486  -38.435  -44.440 0.4000000060
146744  -40.557  -39.645  -46.479 0.4000000060
41126  -37.716  -36.443  -43.437 0.4000000060
41127  -38.424  -36.336  -43.719 0.4000000060
41130  -39.024  -36.711  -44.128 0.4000000060
37395  -40.399  -40.381  -46.785 0.4000000060
38378  -41.513  -40.162  -47.081 0.5000000000
149684  -38.164  -35.664  -43.517 0.4000000060
42073  -38.916  -35.768  -43.936 0.4000000060
38375  -42.687  -38.980  -46.992 0.5000000000
44813  -39.048  -32.473  -43.345 0.4000000060
149987  -37.898  -34.905  -43.325 0.4000000060
135710  -38.605  -34.002  -43.519 0.4000000060
43005  -38.680  -34.861  -43.693 0.4000000060
43939  -39.183  -33.306  -43.625 0.4000000060
43946  -39.915  -33.421  -44.103 0.5000000000
131189  -37.809  -34.073  -43.205 0.4000000060
31006  -36.759  -47.894  -49.015 0.5000000000
31909  -37.771  -46.719  -48.557 0.5000000000
30999  -38.880  -47.361  -48.257 0.4000000060
22491  -35.665  -56.054  -47.235 0.5000000000
23470  -32.436  -55.126  -46.915 0.8000000119
24474  -31.565  -54.416  -47.504 0.8000000119
24473  -30.867  -54.084  -48.232 0.6999999881
22493  -37.563  -55.839  -48.268 0.5000000000
26315  -30.017  -52.868  -49.347 0.6999999881
143726  -38.381  -55.410  -48.095 0.5000000000
27214  -29.615  -51.323  -49.034 0.6999999881
148560  -39.099  -54.459  -47.396 0.4000000060
151723  -38.680  -55.074  -47.452 0.4000000060
28151  -30.125  -50.727  -48.753 0.6999999881
30047  -28.866  -48.284  -47.458 0.6999999881
24465  -39.526  -53.736  -47.406 0.4000000060
139217  -39.770  -52.835  -46.416 0.4000000060
30028  -27.852  -47.897  -46.908 0.6000000238
27191  -40.070  -51.717  -45.239 0.4000000060
31882  -28.921  -46.025  -45.616 0.6000000238
32864  -29.585  -45.024  -45.656 0.5000000000
151679  -30.176  -44.405  -45.980 0.5000000000
34740  -31.557  -43.515  -46.087 0.5000000000
36438  -33.476  -40.980  -44.906 0.4000000060
37386  -34.060  -40.358  -44.437 0.4000000060
38366  -34.693  -39.718  -44.062 0.4000000060
39352  -35.357  -39.038  -43.797 0.4000000060
40256  -36.402  -37.454  -43.355 0.4000000060
41125  -36.815  -36.608  -43.182 0.4000000060
42067  -37.234  -35.648  -43.143 0.4000000060
44812  -38.365  -32.213  -42.868 0.4000000060
23486  -33.139  -55.495  -47.229 0.8000000119
25401  -33.160  -54.017  -46.277 0.8000000119
23458  -37.950  -55.800  -45.956 0.5000000000
25411  -31.519  -53.625  -47.853 0.6999999881
147902  -32.552  -52.352  -48.679 0.6999999881
128808  -36.953  -55.006  -45.151 0.6000000238
26286  -35.761  -52.877  -45.569 0.6999999881
26296  -34.672  -52.868  -46.795 0.6999999881
27190  -35.759  -51.989  -46.146 0.6000000238
30992  -30.910  -47.407  -47.204 0.6000000238
25374  -38.631  -53.033  -44.874 0.5000000000
27181  -38.522  -51.736  -44.024 0.3000000119
29115  -36.588  -49.103  -48.948 0.5000000000
31895  -32.677  -46.402  -46.355 0.6000000238
30979  -35.832  -46.925  -47.804 0.5000000000
30064  -37.416  -48.074  -48.905 0.5000000000
32896  -38.054  -45.886  -48.534 0.4000000060
32898  -39.973  -46.021  -48.279 0.4000000060
34751  -38.147  -44.388  -48.148 0.4000000060
35581  -37.761  -42.900  -46.625 0.4000000060
37387  -35.051  -40.501  -44.287 0.4000000060
43006  -39.363  -34.160  -43.932 0.4000000060
15902  -28.034  -61.656  -51.997 0.4000000060
16830  -28.817  -61.604  -51.486 0.4000000060
16831  -29.588  -61.641  -51.506 0.4000000060
15905  -29.844  -62.926  -51.495 0.4000000060
17781  -29.914  -60.969  -50.935 0.4000000060
134799  -30.653  -61.930  -51.459 0.4000000060
16833  -31.135  -61.969  -52.314 0.4000000060
16834  -32.177  -61.962  -51.990 0.4000000060
17800  -31.744  -60.892  -53.649 0.5000000000
16812  -30.755  -61.653  -50.826 0.4000000060
16813  -31.674  -62.082  -51.309 0.4000000060
16835  -33.083  -61.914  -51.587 0.5000000000
17801  -32.742  -61.155  -52.396 0.5000000000
19766  -31.994  -59.751  -52.665 0.6000000238
136239  -32.141  -62.285  -50.297 0.4000000060
16815  -33.724  -61.920  -50.741 0.4000000060
18794  -31.956  -60.249  -53.209 0.5000000000
24475  -39.125  -54.622  -48.269 0.3000000119
24476  -39.636  -53.881  -48.281 0.4000000060
26298  -40.350  -52.390  -47.377 0.3000000119
19776  -31.827  -59.440  -53.693 0.5000000000
148113  -37.072  -55.567  -50.214 0.5000000000
23524  -38.504  -55.437  -49.716 0.4000000060
17731  -34.447  -61.479  -48.626 0.4000000060
17782  -33.533  -61.333  -51.404 0.5000000000
18783  -33.070  -60.628  -51.933 0.5000000000
150638  -33.725  -62.360  -49.036 0.4000000060
141348  -33.644  -62.302  -49.883 0.4000000060
130190  -31.616  -58.852  -53.297 0.6000000238
20706  -32.110  -58.017  -53.523 0.6000000238
21578  -32.718  -57.162  -53.159 0.6999999881
23505  -37.119  -55.612  -49.142 0.5000000000
20707  -33.237  -57.777  -53.544 0.6999999881
22542  -34.420  -56.464  -52.433 0.6999999881
23522  -36.486  -55.100  -49.936 0.6999999881
22541  -33.341  -56.446  -52.633 0.6999999881
23544  -34.491  -55.102  -51.490 0.6999999881
18768  -33.555  -60.449  -51.112 0.5000000000
19767  -32.834  -59.971  -51.578 0.6000000238
19752  -31.737  -59.088  -52.105 0.6000000238
20700  -31.058  -57.312  -52.410 0.6000000238
18752  -34.241  -60.440  -49.523 0.4000000060
19754  -33.923  -60.026  -49.786 0.5000000000
148935  -32.524  -59.444  -51.055 0.6000000238
20701  -31.261  -58.072  -52.980 0.6000000238
21577  -31.746  -57.217  -52.950 0.6000000238
134756  -32.684  -55.736  -52.231 0.6000000238
27199  -40.224  -52.127  -46.311 0.3000000119
22531  -33.921  -55.675  -52.091 0.6999999881
23504  -36.140  -55.385  -49.079 0.6000000238
22504  -36.681  -55.900  -48.283 0.5000000000
136468  -32.669  -59.207  -48.431 0.6000000238
19719  -32.742  -59.193  -49.190 0.6000000238
20679  -31.893  -58.861  -49.825 0.6999999881
20690  -31.675  -58.758  -50.965 0.6000000238
20689  -30.904  -57.790  -51.422 0.6000000238
22530  -31.573  -56.345  -52.314 0.6000000238
19720  -33.504  -59.522  -48.497 0.5000000000
19753  -33.417  -59.863  -50.518 0.6000000238
23542  -32.345  -55.096  -51.576 0.6000000238
23543  -33.459  -54.987  -51.621 0.6999999881
23520  -34.528  -54.729  -49.563 0.6999999881
23533  -34.144  -54.562  -51.004 0.6999999881
22503  -35.800  -55.834  -48.126 0.6000000238
23521  -35.507  -54.772  -49.791 0.6999999881
20666  -31.939  -58.996  -48.899 0.6000000238
21556  -30.347  -58.164  -49.884 0.6999999881
21565  -30.147  -56.974  -50.285 0.6999999881
20678  -31.077  -58.260  -50.413 0.6999999881
22529  -30.807  -56.700  -51.700 0.6000000238
23488  -34.923  -55.799  -47.847 0.5000000000
23531  -31.897  -54.823  -50.784 0.6999999881
23532  -33.035  -54.501  -50.935 0.6999999881
23503  -35.163  -55.318  -48.826 0.6000000238
135534  -29.930  -56.067  -49.307 0.6999999881
132797  -31.109  -55.297  -48.432 0.6999999881
21555  -30.016  -57.548  -49.836 0.6999999881
23518  -30.895  -55.624  -49.348 0.6000000238
23500  -31.903  -55.337  -48.533 0.5000000000
21566  -30.496  -57.343  -50.707 0.6999999881
22524  -30.498  -56.346  -50.902 0.6000000238
23501  -32.883  -55.200  -48.746 0.6999999881
23487  -34.077  -55.684  -47.483 0.5000000000
22525  -31.278  -55.631  -51.503 0.6000000238
131461  -32.769  -54.610  -50.009 0.6999999881
23502  -34.076  -55.347  -48.511 0.6000000238
23499  -31.046  -54.742  -48.163 0.6999999881
23484  -31.743  -54.976  -47.463 0.6999999881
146394  -33.385  -55.503  -47.948 0.6000000238
23485  -32.150  -55.302  -47.635 0.6999999881
23506  -38.097  -55.568  -49.059 0.5000000000
130164  -32.717  -55.432  -47.945 0.6000000238
16854  -31.432  -61.617  -53.029 0.4000000060
16793  -33.131  -62.553  -49.223 0.4000000060
16814  -32.687  -62.265  -51.056 0.4000000060
17766  -34.018  -61.323  -50.586 0.4000000060
17747  -34.353  -61.235  -49.624 0.4000000060
148588  -35.187  -55.336  -51.308 0.6999999881
133546  -35.029  -54.807  -50.994 0.6999999881
134095  -31.223  -58.228  -51.976 0.6000000238
19737  -33.457  -59.584  -49.511 0.6999999881
19736  -32.679  -59.257  -50.150 0.6000000238
22516  -30.286  -56.367  -49.988 0.6999999881
23519  -31.764  -55.176  -49.583 0.6000000238
21546  -29.832  -58.195  -49.181 0.5000000000
19696  -33.015  -59.373  -47.726 0.4000000060
20647  -31.929  -59.230  -47.929 0.5000000000
21545  -29.528  -57.422  -49.207 0.6000000238
129880  -33.343  -59.577  -47.025 0.4000000060
19695  -32.450  -59.471  -47.023 0.5000000000
20664  -30.118  -58.945  -48.510 0.5000000000
146899  -29.377  -57.742  -48.782 0.5000000000
22513  -28.350  -56.279  -49.046 0.5000000000
22515  -29.788  -57.022  -49.656 0.6000000238
23516  -28.902  -55.813  -49.312 0.5000000000
24494  -29.270  -54.854  -49.226 0.6999999881
24493  -28.370  -55.044  -49.388 0.6000000238
25421  -29.252  -53.488  -49.411 0.6000000238
19679  -31.860  -59.586  -46.169 0.5000000000
20631  -30.711  -59.313  -46.690 0.5000000000
20629  -29.418  -58.168  -47.391 0.5000000000
22501  -28.109  -56.408  -48.487 0.5000000000
21534  -29.089  -57.657  -48.148 0.5000000000
24495  -30.192  -54.489  -48.801 0.6000000238
23498  -27.703  -55.693  -49.017 0.6000000238
24485  -27.917  -54.420  -49.415 0.5000000000
26314  -29.070  -52.633  -49.475 0.6000000238
138244  -30.342  -58.895  -45.918 0.5000000000
20630  -29.872  -58.621  -46.581 0.5000000000
22474  -28.547  -57.033  -46.823 0.5000000000
22489  -27.984  -56.476  -47.419 0.5000000000
23497  -27.388  -55.232  -48.508 0.5000000000
25422  -30.127  -53.745  -49.032 0.6000000238
25420  -27.328  -53.796  -48.917 0.5000000000
26313  -28.101  -52.349  -49.190 0.6000000238
20621  -31.027  -59.299  -45.619 0.5000000000
21503  -29.232  -57.684  -46.359 0.5000000000
22452  -28.666  -56.913  -45.747 0.5000000000
23453  -27.594  -55.690  -45.736 0.5000000000
25382  -26.702  -53.062  -46.069 0.6000000238
23452  -27.108  -55.032  -46.440 0.4000000060
26284  -26.778  -51.983  -45.863 0.4000000060
24448  -26.804  -54.089  -46.183 0.5000000000
24462  -26.797  -54.385  -47.269 0.5000000000
23482  -27.214  -55.164  -47.562 0.4000000060
28129  -26.829  -50.956  -46.019 0.4000000060
27196  -26.563  -51.266  -46.993 0.5000000000
25399  -26.561  -53.442  -47.172 0.5000000000
29065  -27.603  -49.953  -45.353 0.4000000060
26303  -26.756  -52.814  -48.237 0.6000000238
26312  -27.450  -52.844  -48.986 0.6000000238
147470  -28.752  -51.234  -48.763 0.6000000238
28150  -29.077  -50.663  -48.460 0.6000000238
26294  -26.513  -52.351  -47.087 0.5000000000
29077  -27.162  -49.476  -46.448 0.5000000000
29087  -27.219  -49.272  -47.391 0.5000000000
150625  -26.766  -50.707  -47.713 0.5000000000
141266  -27.701  -49.061  -45.589 0.4000000060
29078  -27.498  -48.621  -46.730 0.5000000000
28143  -27.091  -49.958  -47.762 0.6000000238
27203  -27.185  -50.866  -48.197 0.6000000238
28145  -28.263  -49.892  -48.089 0.6000000238
29088  -27.836  -48.547  -47.370 0.5000000000
144448  -29.136  -45.441  -45.358 0.3000000119
30954  -28.432  -47.343  -45.410 0.4000000060
30965  -28.249  -47.311  -46.545 0.5000000000
30046  -28.137  -48.503  -47.491 0.5000000000
29097  -28.558  -49.099  -47.732 0.6000000238
36445  -32.891  -41.652  -45.238 0.3000000119
35571  -31.108  -42.239  -45.659 0.3000000119
142068  -30.700  -43.067  -45.891 0.4000000060
34738  -29.727  -43.841  -45.574 0.4000000060
37385  -32.977  -40.182  -44.740 0.3000000119
38365  -33.660  -39.534  -44.263 0.3000000119
39338  -34.947  -38.238  -43.666 0.3000000119
39339  -35.942  -38.278  -43.563 0.3000000119
41124  -35.853  -36.763  -43.100 0.3000000119
42066  -36.543  -35.206  -42.843 0.3000000119
42999  -37.141  -34.709  -43.032 0.3000000119
30966  -28.669  -46.704  -46.065 0.5000000000
36437  -32.312  -40.857  -45.145 0.3000000119
23517  -30.121  -55.206  -48.917 0.5000000000
20645  -29.975  -58.985  -47.574 0.5000000000
24472  -27.118  -54.535  -48.283 0.5000000000
27213  -27.987  -51.484  -48.764 0.6000000238
138894  -37.933  -55.752  -50.182 0.3000000119
22543  -35.388  -56.676  -52.164 0.6000000238
22533  -35.808  -56.070  -51.445 0.6000000238
25431  -41.106  -52.994  -49.807 0.3000000119
24499  -40.314  -53.908  -49.810 0.3000000119
24498  -39.770  -54.320  -49.517 0.3000000119
24488  -39.742  -54.086  -48.956 0.3000000119
24502  -39.869  -54.615  -50.231 0.3000000119
24497  -39.199  -54.995  -49.906 0.3000000119
23546  -36.531  -55.913  -50.947 0.5000000000
26322  -41.381  -52.484  -49.538 0.3000000119
26321  -40.906  -52.641  -49.299 0.3000000119
25430  -40.248  -53.597  -49.280 0.3000000119
25414  -40.084  -53.237  -48.301 0.3000000119
150362  -38.683  -55.487  -50.228 0.3000000119
23547  -37.673  -56.211  -51.027 0.4000000060
19721  -34.254  -60.005  -48.148 0.4000000060
26323  -42.681  -52.112  -49.855 0.3000000119
128488  -41.222  -52.192  -49.144 0.3000000119
27220  -41.338  -51.698  -48.768 0.3000000119
26319  -40.830  -52.396  -48.889 0.3000000119
14992  -30.485  -63.744  -53.053 0.5000000000
15937  -30.192  -63.469  -54.089 0.5000000000
15904  -29.124  -62.854  -51.170 0.4000000060
15886  -29.534  -63.743  -50.901 0.4000000060
14977  -30.466  -63.557  -51.957 0.4000000060
14963  -31.197  -64.528  -52.176 0.5000000000
17810  -32.400  -61.087  -54.375 0.5000000000
17813  -31.098  -62.154  -54.840 0.5000000000
15920  -30.192  -62.968  -53.129 0.5000000000
16878  -30.390  -62.488  -54.640 0.5000000000
152271  -30.325  -62.896  -52.127 0.4000000060
144768  -34.973  -58.500  -53.625 0.6000000238
19781  -34.104  -59.073  -54.139 0.6000000238
19780  -32.873  -59.193  -54.129 0.5000000000
17809  -31.351  -61.485  -54.339 0.5000000000
16853  -30.559  -61.944  -53.347 0.3000000119
17799  -30.932  -61.476  -54.027 0.4000000060
17808  -30.682  -61.855  -54.445 0.5000000000
21581  -35.992  -57.628  -52.608 0.6000000238
20714  -33.794  -58.359  -53.818 0.6000000238
20713  -32.849  -58.471  -53.886 0.6000000238
149750  -31.357  -61.213  -54.084 0.4000000060
18799  -32.529  -60.058  -54.219 0.5000000000
22544  -36.441  -57.009  -51.971 0.6000000238
23538  -39.306  -55.392  -50.680 0.3000000119
21580  -34.898  -57.218  -52.813 0.6000000238
19779  -32.154  -59.427  -54.037 0.4000000060
23539  -40.288  -55.080  -51.110 0.3000000119
24503  -40.657  -54.365  -50.626 0.3000000119
23537  -38.313  -55.862  -50.635 0.3000000119
22534  -37.020  -56.558  -51.451 0.5000000000
21579  -33.835  -57.097  -53.065 0.6000000238
144937  -35.235  -57.905  -53.088 0.6000000238
23548  -38.818  -56.041  -51.252 0.3000000119
20715  -35.928  -58.898  -53.689 0.5000000000
20716  -36.832  -58.929  -53.657 0.5000000000
20709  -36.007  -58.409  -53.209 0.5000000000
20717  -37.941  -58.944  -53.796 0.4000000060
20710  -37.111  -58.327  -53.072 0.5000000000
19783  -36.458  -59.420  -54.071 0.5000000000
19787  -35.981  -60.008  -54.436 0.5000000000
19784  -37.573  -59.559  -54.182 0.4000000060
21588  -38.297  -58.391  -53.427 0.4000000060
21583  -38.656  -57.851  -52.987 0.4000000060
144194  -36.981  -57.653  -52.471 0.5000000000
18800  -33.606  -59.934  -54.332 0.5000000000
18801  -34.838  -59.956  -54.328 0.5000000000
22545  -37.712  -57.275  -52.202 0.4000000060
11608  -29.210  -68.384  -57.535 0.3000000119
9974  -28.727  -69.966  -57.642 0.3000000119
11609  -29.947  -68.728  -57.651 0.3000000119
11590  -31.309  -68.953  -56.600 0.3000000119
10741  -32.010  -69.371  -56.005 0.4000000060
11589  -30.587  -68.505  -56.743 0.3000000119
11588  -30.300  -68.076  -55.892 0.3000000119
10742  -32.928  -69.508  -55.576 0.4000000060
10730  -32.179  -69.329  -54.937 0.4000000060
137771  -31.214  -68.820  -55.585 0.3000000119
11573  -29.936  -67.658  -55.098 0.3000000119
10743  -33.473  -69.233  -55.100 0.4000000060
148442  -33.419  -69.076  -54.533 0.4000000060
10719  -32.417  -69.116  -54.039 0.4000000060
11574  -30.633  -68.322  -54.765 0.4000000060
11564  -30.127  -67.807  -54.086 0.4000000060
11565  -30.859  -68.389  -53.745 0.4000000060
13320  -35.011  -66.281  -55.621 0.3000000119
11576  -34.012  -68.532  -55.337 0.4000000060
12446  -33.907  -67.890  -55.038 0.4000000060
12434  -33.550  -67.721  -53.985 0.4000000060
11560  -33.188  -67.777  -53.196 0.4000000060
11558  -32.227  -68.227  -52.791 0.4000000060
11557  -31.215  -68.187  -52.857 0.4000000060
15009  -35.645  -64.739  -54.985 0.3000000119
13319  -34.273  -66.154  -55.742 0.4000000060
14179  -33.588  -65.617  -55.489 0.4000000060
13318  -33.800  -66.489  -55.359 0.4000000060
14158  -33.319  -66.048  -54.820 0.4000000060
14157  -32.581  -65.198  -54.852 0.4000000060
13294  -33.007  -66.139  -53.600 0.4000000060
144975  -32.375  -65.370  -53.596 0.4000000060
13282  -32.726  -66.612  -52.502 0.4000000060
12418  -30.686  -67.677  -52.213 0.4000000060
15020  -35.341  -64.502  -55.288 0.4000000060
15019  -34.329  -64.951  -55.628 0.4000000060
148164  -32.437  -64.710  -55.246 0.4000000060
13268  -31.664  -66.195  -51.205 0.4000000060
13269  -32.330  -66.191  -51.852 0.4000000060
12404  -30.083  -67.202  -51.615 0.4000000060
15957  -33.730  -63.962  -55.551 0.4000000060
15007  -31.686  -64.314  -54.985 0.4000000060
15006  -30.856  -64.057  -54.460 0.4000000060
14129  -31.291  -65.297  -51.223 0.4000000060
14993  -30.878  -64.273  -53.604 0.4000000060
16884  -34.308  -63.110  -55.341 0.4000000060
16880  -33.714  -62.263  -54.901 0.4000000060
146821  -32.873  -61.787  -54.633 0.4000000060
19788  -37.087  -60.131  -54.519 0.4000000060
17815  -35.405  -61.627  -54.963 0.4000000060
17814  -34.369  -61.704  -54.793 0.4000000060
137010  -38.881  -58.892  -53.981 0.3000000119
21589  -39.319  -58.422  -53.709 0.3000000119
15950  -30.731  -63.384  -54.751 0.4000000060
18806  -35.570  -60.724  -54.725 0.4000000060
22546  -38.979  -57.191  -52.475 0.3000000119
135759  -33.476  -61.356  -54.612 0.4000000060
10720  -33.166  -68.960  -53.990 0.4000000060
11568  -33.235  -68.333  -53.582 0.4000000060
11566  -31.770  -68.693  -53.472 0.4000000060
14181  -34.632  -65.728  -55.617 0.4000000060
143222  -34.646  -66.586  -55.784 0.4000000060
150205  -35.398  -65.538  -55.082 0.3000000119
13295  -33.501  -66.833  -54.257 0.4000000060
15010  -36.162  -64.059  -55.008 0.3000000119
148238  -35.059  -65.116  -55.386 0.4000000060
14180  -34.134  -65.747  -55.741 0.4000000060
15008  -32.935  -65.013  -55.431 0.4000000060
140226  -36.150  -63.127  -55.328 0.4000000060
16883  -33.177  -63.083  -55.260 0.4000000060
14143  -31.854  -65.007  -52.925 0.4000000060
16879  -31.974  -62.836  -55.169 0.4000000060
148365  -36.246  -61.292  -55.031 0.4000000060
11592  -35.394  -68.151  -56.748 0.3000000119
10764  -34.801  -69.719  -57.420 0.3000000119
9977  -33.205  -70.251  -58.080 0.3000000119
10754  -34.320  -69.397  -56.855 0.3000000119
11602  -34.889  -68.750  -56.895 0.3000000119
128626  -32.918  -69.871  -57.538 0.3000000119
141098  -33.609  -69.340  -55.895 0.3000000119
12458  -34.914  -67.488  -56.184 0.3000000119
11591  -34.555  -68.334  -56.216 0.3000000119
15960  -36.597  -63.362  -55.047 0.3000000119
16886  -36.710  -62.714  -55.166 0.3000000119
17816  -37.132  -61.488  -55.127 0.3000000119
19789  -38.181  -60.348  -54.660 0.3000000119
134499  -35.255  -67.029  -55.913 0.3000000119
16885  -35.866  -62.509  -55.235 0.3000000119
10721  -33.581  -68.579  -54.415 0.4000000060
10731  -32.992  -69.297  -54.600 0.4000000060
10732  -33.742  -68.978  -54.937 0.4000000060
10744  -34.055  -69.008  -55.814 0.3000000119
10752  -32.557  -69.608  -56.720 0.4000000060
10753  -33.424  -69.641  -56.640 0.3000000119
10759  -29.011  -69.058  -57.888 0.3000000119
10763  -33.871  -69.896  -57.565 0.3000000119
11559  -32.931  -68.122  -53.019 0.4000000060
11567  -32.699  -68.638  -53.406 0.4000000060
11575  -31.479  -68.887  -54.375 0.4000000060
12405  -31.219  -67.127  -51.442 0.4000000060
12406  -32.201  -66.911  -51.776 0.4000000060
12417  -29.766  -67.440  -52.476 0.4000000060
12419  -31.756  -67.676  -52.152 0.4000000060
12420  -32.722  -67.489  -52.572 0.4000000060
12447  -34.338  -67.881  -55.777 0.4000000060
12457  -34.315  -67.029  -55.729 0.4000000060
13283  -33.260  -67.108  -53.226 0.4000000060
14130  -31.954  -65.472  -51.868 0.4000000060
14144  -32.486  -65.789  -52.605 0.4000000060
14156  -31.621  -64.679  -54.204 0.4000000060
14994  -35.803  -65.069  -54.280 0.3000000119
15017  -32.403  -64.434  -55.340 0.4000000060
15018  -33.209  -64.664  -55.571 0.4000000060
15949  -30.129  -62.976  -54.492 0.5000000000
15951  -31.660  -63.652  -55.206 0.4000000060
15956  -32.621  -63.833  -55.454 0.4000000060
15958  -34.863  -63.929  -55.507 0.4000000060
15959  -35.829  -63.737  -55.313 0.4000000060
16794  -34.161  -62.017  -49.273 0.4000000060
16816  -34.096  -61.853  -50.040 0.4000000060
16832  -30.456  -62.418  -52.289 0.4000000060
16852  -30.171  -62.340  -53.524 0.4000000060
16855  -32.315  -61.492  -52.489 0.5000000000
16871  -29.980  -62.659  -54.123 0.5000000000
16872  -30.255  -62.026  -54.113 0.5000000000
16881  -34.853  -62.401  -55.073 0.4000000060
16887  -37.292  -62.875  -54.891 0.3000000119
17783  -33.780  -60.877  -51.124 0.5000000000
17819  -36.504  -61.997  -55.185 0.3000000119
17820  -37.409  -62.258  -55.125 0.3000000119
18725  -34.572  -60.797  -47.798 0.4000000060
18736  -34.461  -60.591  -48.791 0.4000000060
18769  -34.013  -60.591  -50.359 0.4000000060
18798  -32.052  -59.986  -53.944 0.4000000060
18804  -33.206  -60.609  -54.426 0.5000000000
18805  -34.352  -60.832  -54.597 0.4000000060
18807  -36.615  -60.731  -54.859 0.4000000060
18808  -37.664  -60.903  -54.992 0.3000000119
19681  -33.951  -59.950  -46.643 0.4000000060
19697  -33.824  -59.727  -47.541 0.4000000060
19738  -34.087  -59.919  -49.039 0.5000000000
19782  -35.385  -59.246  -54.050 0.5000000000
19785  -38.793  -59.687  -54.310 0.3000000119
20646  -30.781  -59.294  -47.751 0.5000000000
20665  -31.013  -59.021  -48.650 0.5000000000
20708  -34.335  -57.778  -53.357 0.6000000238
20712  -32.126  -58.862  -53.882 0.4000000060
21535  -29.582  -58.336  -48.318 0.5000000000
21582  -37.739  -57.915  -52.800 0.5000000000
22453  -36.371  -55.958  -45.921 0.6000000238
22454  -37.199  -56.137  -46.042 0.5000000000
22473  -27.971  -56.443  -46.238 0.5000000000
22478  -37.568  -56.150  -46.672 0.5000000000
22479  -38.214  -55.713  -46.925 0.4000000060
22490  -28.523  -57.060  -47.890 0.5000000000
22502  -28.811  -57.060  -48.766 0.5000000000
22514  -29.078  -56.753  -49.218 0.6000000238
22532  -34.877  -55.828  -51.802 0.6999999881
22535  -38.264  -56.632  -51.680 0.4000000060
22540  -32.381  -56.580  -52.692 0.6000000238
23469  -27.499  -55.832  -46.888 0.4000000060
23471  -33.264  -55.190  -46.514 0.8000000119
23473  -34.922  -55.717  -46.283 0.5000000000
23483  -27.559  -55.857  -48.093 0.5000000000
23515  -28.136  -55.630  -49.255 0.6000000238
23523  -37.557  -55.546  -49.770 0.5000000000
23530  -30.940  -55.497  -50.462 0.6000000238
23534  -35.622  -54.883  -50.490 0.6999999881
23535  -36.348  -55.404  -50.547 0.5000000000
23536  -37.259  -55.885  -50.573 0.5000000000
23545  -35.706  -55.296  -50.970 0.6000000238
24484  -27.534  -54.835  -49.071 0.6000000238
24486  -29.502  -54.172  -49.205 0.6000000238
24487  -39.038  -54.936  -49.088 0.3000000119
24496  -33.818  -54.403  -50.256 0.6999999881
24501  -34.826  -54.507  -50.406 0.6999999881
25384  -33.963  -54.072  -45.931 0.8000000119
25400  -32.407  -54.034  -46.673 0.8000000119
25410  -26.732  -53.809  -48.057 0.5000000000
25424  -40.189  -53.394  -48.885 0.3000000119
25425  -40.567  -52.972  -49.131 0.3000000119
25429  -28.696  -54.227  -49.431 0.6000000238
26305  -32.007  -52.933  -48.152 0.6999999881
26318  -40.465  -52.888  -48.817 0.3000000119
26325  -41.647  -52.904  -50.059 0.3000000119
27187  -27.258  -51.427  -45.246 0.4000000060
27189  -35.387  -52.486  -46.480 0.6999999881
27204  -28.065  -50.685  -48.381 0.6000000238
27205  -34.007  -52.002  -48.611 0.6000000238
27212  -27.253  -51.970  -48.613 0.6000000238
27216  -32.364  -51.634  -49.219 0.6999999881
27217  -33.130  -51.847  -49.028 0.6999999881
27218  -34.520  -51.224  -49.043 0.6000000238
28135  -26.757  -50.186  -47.016 0.5000000000
28144  -27.467  -50.046  -48.033 0.6000000238
29056  -37.421  -49.678  -43.632 0.3000000119
29068  -36.857  -49.537  -44.217 0.3000000119
29096  -27.617  -49.255  -47.660 0.5000000000
29102  -36.993  -49.637  -48.261 0.5000000000
29108  -29.390  -49.912  -48.182 0.6000000238
30017  -27.900  -48.035  -45.860 0.4000000060
30038  -38.262  -48.455  -47.558 0.3000000119
30054  -37.940  -48.348  -48.374 0.4000000060
30060  -34.149  -49.171  -48.680 0.5000000000
30974  -30.280  -46.742  -47.097 0.6000000238
30991  -30.089  -47.461  -47.290 0.6000000238
30997  -37.322  -47.390  -48.716 0.5000000000
31894  -31.768  -46.354  -46.448 0.5000000000
31896  -34.441  -46.426  -46.641 0.5000000000
31911  -39.355  -46.669  -48.265 0.4000000060
32857  -38.871  -45.726  -44.021 0.4000000060
32899  -40.615  -45.381  -48.159 0.3000000119
33839  -31.936  -44.175  -46.166 0.5000000000
33841  -33.831  -44.220  -45.785 0.4000000060
33856  -41.375  -44.160  -48.142 0.4000000060
34716  -39.467  -43.526  -43.315 0.4000000060
35575  -35.412  -42.656  -45.139 0.4000000060
35583  -39.959  -42.575  -47.545 0.4000000060
35588  -41.743  -43.847  -47.993 0.4000000060
36427  -39.825  -42.098  -42.815 0.4000000060
37388  -35.960  -40.617  -44.320 0.4000000060
37389  -37.269  -40.404  -44.694 0.4000000060
38374  -39.689  -39.624  -45.985 0.4000000060
40258  -38.215  -37.064  -43.739 0.4000000060
43938  -38.303  -33.146  -43.187 0.4000000060
129062  -32.002  -61.908  -54.691 0.4000000060
129545  -28.194  -53.381  -49.440 0.5000000000
131407  -33.600  -54.794  -49.398 0.6999999881
131580  -29.877  -52.025  -49.350 0.6999999881
131897  -28.916  -51.826  -49.190 0.6999999881
131921  -37.626  -55.218  -45.438 0.6000000238
132280  -31.044  -62.855  -55.068 0.4000000060
132363  -42.077  -52.553  -49.955 0.3000000119
132719  -26.680  -51.609  -47.928 0.6000000238
133809  -32.769  -62.353  -54.906 0.4000000060
135639  -31.481  -59.475  -47.107 0.5000000000
135698  -33.759  -67.248  -54.935 0.4000000060
136118  -36.249  -35.948  -42.840 0.3000000119
136321  -35.346  -47.488  -47.993 0.5000000000
136645  -37.475  -43.702  -46.999 0.4000000060
136993  -31.511  -51.474  -49.237 0.6999999881
138076  -35.362  -63.145  -55.401 0.3000000119
138207  -32.914  -62.504  -50.119 0.4000000060
138374  -31.821  -42.935  -45.881 0.4000000060
139176  -33.590  -65.303  -55.634 0.4000000060
139227  -30.163  -63.814  -51.142 0.4000000060
140265  -31.115  -58.663  -49.507 0.6999999881
143348  -30.217  -43.659  -45.887 0.4000000060
143437  -36.374  -50.842  -44.835 0.5000000000
143624  -31.900  -60.880  -54.018 0.5000000000
144652  -39.694  -51.581  -44.588 0.3000000119
144747  -33.568  -46.440  -46.408 0.5000000000
145770  -40.632  -53.226  -49.513 0.3000000119
146483  -27.010  -50.238  -45.983 0.4000000060
146578  -35.004  -45.140  -46.626 0.4000000060
148028  -27.868  -55.157  -49.327 0.6000000238
148190  -28.940  -57.535  -47.329 0.5000000000
149369  -36.350  -56.090  -47.531 0.5000000000
149999  -35.981  -50.681  -48.488 0.5000000000
150773  -33.277  -62.289  -50.698 0.4000000060
151185  -31.883  -54.059  -47.091 0.8000000119
152527  -31.059  -65.843  -50.894 0.4000000060
152593  -33.366  -58.743  -54.047 0.6000000238
153132  -38.257  -34.462  -43.436 0.4000000060
153537  -34.467  -66.127  -55.739 0.4000000060
153685  -30.362  -58.657  -49.203 0.6000000238
153738  -39.003  -53.751  -45.924 0.5000000000
153825  -31.907  -55.632  -51.977 0.6000000238
154296  -33.166  -43.731  -45.697 0.5000000000
