#!ascii label  , from subject sub-v1s14x0051582_ses-1 vox2ras=TkReg
1137
92246  50.225  15.536  5.628 0.0000000000
94787  46.901  18.858  -11.144 0.0000000000
98662  51.317  23.616  -18.356 0.0000000000
86629  47.546  9.449  -20.689 0.0000000000
92275  43.849  15.667  1.617 0.0000000000
97885  58.819  22.056  -13.921 0.0000000000
147897  46.533  14.366  -18.868 0.0000000000
94806  43.715  19.816  -13.894 0.0000000000
95629  53.424  19.740  -8.413 0.0000000000
149915  48.747  18.123  -3.543 0.0000000000
91311  44.546  14.451  -7.209 0.0000000000
98605  47.095  24.108  -13.946 0.0000000000
95722  44.324  19.041  -19.723 0.0000000000
96455  51.086  20.684  -16.046 0.0000000000
94010  46.575  17.662  -23.451 0.0000000000
129972  42.354  23.113  -15.473 0.0000000000
94712  51.360  18.699  -1.559 0.0000000000
93838  49.426  17.443  0.855 0.0000000000
92283  43.953  15.682  -3.097 0.0000000000
98615  53.285  23.528  -14.171 0.0000000000
100060  50.570  25.347  -12.333 0.0000000000
129713  48.925  23.488  -16.093 0.0000000000
97918  46.465  22.739  -17.927 0.0000000000
147886  47.788  22.090  -19.722 0.0000000000
96381  49.659  20.378  -9.841 0.0000000000
130993  52.387  20.638  -12.751 0.0000000000
147937  49.250  20.000  -13.360 0.0000000000
89366  48.259  12.818  -21.674 0.0000000000
93191  46.828  16.385  -21.897 0.0000000000
90415  46.774  13.325  -23.021 0.0000000000
91486  44.877  14.873  -21.784 0.0000000000
87507  45.979  9.946  -19.514 0.0000000000
141563  44.387  7.077  -17.050 0.0000000000
91190  48.312  13.999  7.013 0.0000000000
93068  46.974  15.926  3.181 0.0000000000
98644  55.780  23.128  -17.122 0.0000000000
92339  45.885  15.729  -12.485 0.0000000000
93950  46.636  16.764  -15.196 0.0000000000
90348  47.130  13.263  -15.904 0.0000000000
89358  49.201  13.340  -19.930 0.0000000000
96364  57.236  20.444  -7.464 0.0000000000
95591  53.943  19.463  -4.329 0.0000000000
154250  51.026  18.627  -5.614 0.0000000000
94760  48.255  18.604  -7.276 0.0000000000
93848  46.073  17.532  -0.372 0.0000000000
93110  46.369  17.042  -5.194 0.0000000000
93908  44.840  17.044  -9.363 0.0000000000
148490  46.091  14.181  -9.909 0.0000000000
88096  48.271  11.891  11.545 0.0000000000
101444  47.990  27.105  -13.336 0.0000000000
151853  44.829  24.618  -13.392 0.0000000000
98653  44.148  23.488  -17.160 0.0000000000
145068  44.880  19.550  -16.637 0.0000000000
93176  41.043  17.680  -18.375 0.0000000000
96402  56.755  20.766  -11.660 0.0000000000
96451  55.260  21.055  -15.548 0.0000000000
97203  53.003  22.161  -19.074 0.0000000000
94840  48.054  18.384  -17.648 0.0000000000
95720  49.277  19.664  -20.668 0.0000000000
97225  49.414  21.273  -21.689 0.0000000000
95737  45.952  19.500  -22.159 0.0000000000
92400  43.728  16.027  -19.239 0.0000000000
98625  41.549  23.289  -14.266 0.0000000000
99367  42.177  23.762  -14.602 0.0000000000
142029  50.833  17.457  1.645 0.0000000000
93066  49.342  16.450  3.261 0.0000000000
98632  52.535  23.461  -16.294 0.0000000000
98634  50.818  23.494  -15.396 0.0000000000
130378  50.628  23.595  -17.363 0.0000000000
98664  48.286  23.341  -18.020 0.0000000000
98675  49.954  23.361  -18.949 0.0000000000
135150  48.224  19.963  -10.274 0.0000000000
96409  49.759  20.424  -11.907 0.0000000000
95667  47.856  19.260  -12.565 0.0000000000
88389  47.740  11.850  -22.015 0.0000000000
90414  47.423  13.525  -22.823 0.0000000000
88390  47.271  11.738  -22.123 0.0000000000
89368  45.946  12.189  -21.139 0.0000000000
87515  46.882  10.245  -21.113 0.0000000000
85727  46.235  7.632  -19.329 0.0000000000
85726  46.951  7.513  -19.763 0.0000000000
91200  46.977  14.176  5.873 0.0000000000
141578  56.419  23.266  -14.413 0.0000000000
98628  57.673  22.318  -15.539 0.0000000000
91383  46.621  14.562  -12.810 0.0000000000
92351  46.375  14.938  -14.232 0.0000000000
150360  47.402  13.464  -14.565 0.0000000000
90370  50.090  13.674  -18.590 0.0000000000
90397  50.440  13.235  -19.871 0.0000000000
89357  50.037  12.909  -20.346 0.0000000000
94719  50.641  18.515  -2.963 0.0000000000
94724  51.265  18.609  -4.155 0.0000000000
154069  49.963  18.256  -4.651 0.0000000000
94758  50.030  18.608  -6.491 0.0000000000
93876  48.557  17.683  -5.330 0.0000000000
92272  45.074  15.674  2.703 0.0000000000
93085  46.239  16.605  1.711 0.0000000000
93090  44.920  16.805  0.775 0.0000000000
149927  44.294  14.903  -4.819 0.0000000000
93105  44.999  16.363  -4.203 0.0000000000
93112  44.898  16.097  -5.744 0.0000000000
93890  45.715  17.059  -6.766 0.0000000000
147127  44.506  15.929  -8.214 0.0000000000
92319  44.926  15.781  -9.961 0.0000000000
91322  45.259  14.106  -8.810 0.0000000000
89271  49.056  12.905  -9.204 0.0000000000
98587  48.470  24.373  -12.963 0.0000000000
100766  49.173  26.376  -12.769 0.0000000000
130715  48.089  24.955  -12.677 0.0000000000
100064  46.367  25.568  -12.698 0.0000000000
98606  45.924  24.229  -14.345 0.0000000000
98622  43.633  24.102  -15.852 0.0000000000
136617  45.431  24.109  -15.873 0.0000000000
96472  46.086  20.187  -18.503 0.0000000000
150858  46.054  21.478  -17.454 0.0000000000
95706  44.804  19.297  -17.474 0.0000000000
94841  42.710  18.744  -17.818 0.0000000000
94848  42.495  18.547  -18.865 0.0000000000
95617  55.880  19.829  -7.746 0.0000000000
129872  56.775  20.301  -9.053 0.0000000000
96389  55.300  20.532  -10.240 0.0000000000
152013  51.823  20.724  -14.993 0.0000000000
96430  53.774  20.730  -13.777 0.0000000000
148304  52.688  20.832  -15.509 0.0000000000
97185  54.702  21.612  -17.639 0.0000000000
96470  51.828  21.123  -18.098 0.0000000000
93174  46.572  16.205  -17.032 0.0000000000
93949  47.405  17.617  -16.186 0.0000000000
93968  46.955  17.102  -18.537 0.0000000000
93993  47.021  17.231  -22.785 0.0000000000
94863  48.096  18.576  -21.539 0.0000000000
94868  48.541  19.264  -22.029 0.0000000000
96492  49.892  20.758  -21.353 0.0000000000
96505  48.166  20.047  -22.816 0.0000000000
149204  47.653  20.409  -22.699 0.0000000000
94877  46.163  18.503  -23.397 0.0000000000
90401  44.715  13.612  -19.855 0.0000000000
92399  44.264  15.276  -20.026 0.0000000000
91472  44.259  14.215  -18.711 0.0000000000
91464  43.644  14.394  -17.304 0.0000000000
97870  58.945  22.254  -11.366 0.0000000000
97886  42.077  22.394  -13.965 0.0000000000
97166  43.508  21.761  -14.797 0.0000000000
94704  52.958  18.990  -0.275 0.0000000000
94695  51.756  18.116  0.720 0.0000000000
147352  50.573  17.873  0.189 0.0000000000
94708  49.124  17.999  -0.675 0.0000000000
93095  43.303  15.854  -0.503 0.0000000000
98584  51.585  23.992  -12.774 0.0000000000
98603  49.766  23.809  -13.426 0.0000000000
146591  48.076  23.563  -15.594 0.0000000000
98651  45.747  23.719  -17.355 0.0000000000
98650  46.864  23.462  -17.377 0.0000000000
97927  47.370  22.165  -18.870 0.0000000000
96479  46.087  20.064  -19.646 0.0000000000
95641  52.212  20.066  -9.449 0.0000000000
129494  53.533  20.577  -10.726 0.0000000000
96408  51.263  20.604  -11.609 0.0000000000
96433  50.811  20.551  -13.319 0.0000000000
96444  50.129  20.236  -14.692 0.0000000000
91478  46.760  14.016  -19.886 0.0000000000
93185  46.496  16.018  -19.949 0.0000000000
91484  47.504  13.955  -22.178 0.0000000000
92413  47.248  15.054  -23.367 0.0000000000
92434  46.798  15.510  -24.024 0.0000000000
92423  45.796  15.829  -23.542 0.0000000000
90416  45.929  13.630  -22.537 0.0000000000
154871  45.381  12.708  -20.572 0.0000000000
88360  45.244  11.269  -18.363 0.0000000000
84862  45.318  6.671  -18.254 0.0000000000
91197  49.454  14.717  6.656 0.0000000000
92251  48.801  15.626  4.688 0.0000000000
91215  48.143  14.804  5.687 0.0000000000
92254  46.700  14.960  4.463 0.0000000000
91231  44.942  14.624  3.755 0.0000000000
98580  55.135  23.973  -12.855 0.0000000000
129721  53.946  23.423  -15.339 0.0000000000
129716  53.314  23.531  -17.559 0.0000000000
93926  46.123  17.844  -12.056 0.0000000000
94805  46.719  18.122  -13.415 0.0000000000
93155  46.354  16.559  -14.307 0.0000000000
92369  46.424  15.267  -15.602 0.0000000000
91463  46.536  14.176  -17.130 0.0000000000
89324  48.574  12.897  -16.841 0.0000000000
89338  47.932  12.886  -18.043 0.0000000000
140550  47.649  13.129  -18.734 0.0000000000
89359  48.804  13.035  -20.832 0.0000000000
88383  48.858  11.976  -21.175 0.0000000000
141216  48.752  10.902  -20.902 0.0000000000
85724  48.310  7.782  -19.615 0.0000000000
153682  55.547  20.347  -5.916 0.0000000000
95609  54.437  19.510  -6.650 0.0000000000
95582  52.490  19.234  -3.027 0.0000000000
94728  52.750  18.952  -5.136 0.0000000000
149045  52.511  19.427  -7.509 0.0000000000
149946  50.529  19.315  -7.588 0.0000000000
146277  48.857  19.513  -8.318 0.0000000000
94772  47.193  19.013  -8.979 0.0000000000
147419  48.284  16.562  2.441 0.0000000000
93840  47.458  17.416  0.375 0.0000000000
93853  47.469  17.985  -1.428 0.0000000000
93856  44.267  16.743  -1.750 0.0000000000
93867  45.821  17.149  -2.985 0.0000000000
129019  47.395  17.356  -4.413 0.0000000000
93888  47.467  17.614  -6.166 0.0000000000
94762  46.714  18.131  -7.728 0.0000000000
94774  45.770  17.991  -9.838 0.0000000000
93920  45.230  17.050  -10.777 0.0000000000
91365  46.166  14.889  -11.177 0.0000000000
91364  47.676  14.031  -11.520 0.0000000000
90248  46.518  13.278  -9.042 0.0000000000
90290  48.828  13.629  -10.427 0.0000000000
90060  49.477  13.781  8.121 0.0000000000
89030  48.346  12.655  9.205 0.0000000000
150346  46.865  11.720  11.929 0.0000000000
101477  49.894  27.650  -14.603 0.0000000000
155203  46.658  27.610  -13.798 0.0000000000
145318  43.247  24.164  -14.950 0.0000000000
98640  42.808  23.310  -16.069 0.0000000000
151471  44.308  21.242  -15.195 0.0000000000
97910  44.769  23.349  -17.578 0.0000000000
96458  44.974  21.150  -16.034 0.0000000000
95690  44.147  19.582  -15.010 0.0000000000
96414  58.282  21.193  -13.284 0.0000000000
96404  54.709  20.779  -12.205 0.0000000000
96428  55.833  20.872  -13.945 0.0000000000
96449  57.199  21.311  -15.413 0.0000000000
97183  56.051  22.641  -17.378 0.0000000000
97924  54.829  23.083  -18.340 0.0000000000
98685  52.912  23.084  -19.071 0.0000000000
138140  47.843  18.493  -14.777 0.0000000000
95688  48.954  19.316  -15.657 0.0000000000
95694  49.558  19.645  -17.098 0.0000000000
93967  47.597  17.810  -19.260 0.0000000000
145381  48.562  18.825  -18.689 0.0000000000
95702  50.508  20.356  -18.705 0.0000000000
96476  51.149  20.904  -19.397 0.0000000000
97213  50.801  21.599  -20.569 0.0000000000
145425  50.428  22.577  -20.259 0.0000000000
97945  48.914  21.898  -21.189 0.0000000000
96493  46.804  20.544  -21.470 0.0000000000
95730  44.803  19.051  -20.694 0.0000000000
93198  44.696  16.783  -22.030 0.0000000000
93984  44.060  17.702  -20.595 0.0000000000
144436  43.502  18.250  -19.933 0.0000000000
93187  41.761  17.735  -18.942 0.0000000000
85697  44.334  7.989  -16.476 0.0000000000
99361  41.856  24.251  -13.603 0.0000000000
99349  42.727  24.598  -13.063 0.0000000000
93051  50.743  15.934  5.005 0.0000000000
93065  50.580  16.503  3.734 0.0000000000
129893  49.778  16.300  3.798 0.0000000000
98647  52.140  23.602  -17.245 0.0000000000
129715  51.118  23.534  -16.652 0.0000000000
129712  51.473  23.649  -17.603 0.0000000000
98663  50.255  23.607  -18.151 0.0000000000
98674  50.896  23.427  -19.004 0.0000000000
95654  47.615  19.543  -10.626 0.0000000000
95653  48.258  19.939  -11.132 0.0000000000
95661  47.678  19.401  -11.635 0.0000000000
87513  47.862  10.434  -21.288 0.0000000000
87521  47.513  11.127  -21.734 0.0000000000
87514  47.288  10.269  -21.278 0.0000000000
87522  47.153  10.870  -21.689 0.0000000000
86630  47.080  9.370  -20.660 0.0000000000
85731  47.281  8.438  -20.173 0.0000000000
133968  58.650  23.157  -13.348 0.0000000000
149854  58.567  22.612  -14.199 0.0000000000
98611  58.179  22.645  -14.746 0.0000000000
97898  58.157  22.035  -15.416 0.0000000000
90314  47.881  13.732  -12.965 0.0000000000
91402  47.054  14.040  -13.353 0.0000000000
90325  47.577  13.617  -13.844 0.0000000000
90384  50.754  13.622  -19.262 0.0000000000
90396  51.157  13.326  -19.561 0.0000000000
89356  50.656  12.736  -20.005 0.0000000000
94815  43.344  19.073  -14.623 0.0000000000
94720  49.859  18.382  -2.536 0.0000000000
134913  50.102  18.365  -3.441 0.0000000000
94732  49.895  18.250  -4.162 0.0000000000
93870  49.467  18.099  -4.695 0.0000000000
93863  49.062  18.066  -4.161 0.0000000000
93081  44.677  16.066  2.022 0.0000000000
93086  45.271  16.540  1.533 0.0000000000
93087  44.374  16.322  1.273 0.0000000000
91300  44.424  14.432  -6.187 0.0000000000
92289  44.592  15.556  -5.262 0.0000000000
92291  44.535  15.354  -6.014 0.0000000000
93116  44.689  15.953  -6.561 0.0000000000
92292  44.486  15.205  -6.863 0.0000000000
91323  44.737  14.497  -8.147 0.0000000000
90235  44.761  13.904  -7.526 0.0000000000
98604  48.059  24.019  -13.621 0.0000000000
99357  47.571  24.505  -13.144 0.0000000000
99358  46.623  24.558  -13.373 0.0000000000
95712  45.376  19.535  -19.075 0.0000000000
95705  45.470  19.681  -17.950 0.0000000000
95713  44.590  19.160  -18.559 0.0000000000
95714  43.715  18.924  -18.156 0.0000000000
95723  43.581  18.831  -19.069 0.0000000000
95628  55.095  19.836  -8.279 0.0000000000
96378  55.305  20.069  -8.924 0.0000000000
146418  54.197  19.953  -8.996 0.0000000000
96454  51.808  20.797  -15.866 0.0000000000
96462  52.701  21.018  -16.717 0.0000000000
96463  51.690  20.923  -16.956 0.0000000000
92388  46.435  15.420  -17.556 0.0000000000
93180  46.579  16.293  -18.016 0.0000000000
92392  46.424  15.425  -18.684 0.0000000000
93203  46.729  17.059  -23.388 0.0000000000
93992  47.224  18.143  -22.898 0.0000000000
94876  47.591  18.846  -22.876 0.0000000000
94875  48.220  19.350  -22.522 0.0000000000
94882  47.325  18.865  -23.136 0.0000000000
95745  47.261  19.183  -23.204 0.0000000000
94884  46.543  18.192  -23.427 0.0000000000
89360  44.735  13.123  -19.116 0.0000000000
155456  44.508  13.753  -19.146 0.0000000000
90388  44.433  13.505  -18.478 0.0000000000
90374  44.324  13.221  -17.705 0.0000000000
97902  41.922  23.087  -14.796 0.0000000000
97887  41.443  22.938  -14.264 0.0000000000
97895  42.098  22.790  -14.862 0.0000000000
97167  42.783  22.092  -14.435 0.0000000000
97894  42.668  22.615  -15.417 0.0000000000
94694  52.369  18.064  1.373 0.0000000000
93827  52.084  17.679  2.127 0.0000000000
93829  50.192  17.398  1.339 0.0000000000
93836  50.902  17.747  0.855 0.0000000000
93837  50.207  17.635  0.620 0.0000000000
94701  49.878  17.849  -0.077 0.0000000000
93845  49.057  17.682  0.127 0.0000000000
98582  53.197  24.047  -12.664 0.0000000000
99341  52.592  24.510  -12.417 0.0000000000
143678  52.042  23.742  -13.158 0.0000000000
129714  50.116  23.500  -16.267 0.0000000000
98618  50.231  23.572  -14.289 0.0000000000
98635  49.696  23.506  -15.166 0.0000000000
98619  49.328  23.609  -14.197 0.0000000000
129718  48.737  23.540  -14.943 0.0000000000
130379  47.704  23.552  -16.598 0.0000000000
135194  47.715  23.407  -17.445 0.0000000000
97205  47.918  22.542  -19.231 0.0000000000
98677  48.063  22.975  -18.657 0.0000000000
96478  46.658  20.797  -19.090 0.0000000000
97206  47.297  21.458  -19.708 0.0000000000
95642  51.216  19.991  -9.183 0.0000000000
96392  51.835  20.390  -10.274 0.0000000000
149931  51.112  20.508  -10.624 0.0000000000
96420  49.126  20.104  -12.460 0.0000000000
96419  49.899  20.364  -12.844 0.0000000000
149812  49.995  20.286  -13.767 0.0000000000
137429  50.646  20.461  -14.198 0.0000000000
95673  49.378  19.901  -14.258 0.0000000000
90408  47.437  13.845  -21.007 0.0000000000
91485  46.890  14.429  -21.070 0.0000000000
90407  47.867  13.299  -22.107 0.0000000000
89386  47.158  13.391  -23.030 0.0000000000
91490  47.363  14.251  -23.060 0.0000000000
90424  47.207  14.037  -23.379 0.0000000000
92421  47.105  14.928  -23.851 0.0000000000
91501  46.864  14.407  -23.765 0.0000000000
91502  46.407  14.679  -23.672 0.0000000000
90426  46.524  14.012  -23.322 0.0000000000
87516  46.242  10.600  -20.349 0.0000000000
88385  45.826  11.505  -20.348 0.0000000000
153284  45.448  11.738  -19.721 0.0000000000
88377  45.584  11.084  -19.420 0.0000000000
86613  45.613  9.203  -18.939 0.0000000000
84867  46.646  6.848  -19.212 0.0000000000
84861  45.907  6.726  -18.800 0.0000000000
129486  48.753  14.429  6.685 0.0000000000
91198  48.790  14.798  6.120 0.0000000000
138543  48.182  14.414  6.362 0.0000000000
91217  46.522  14.380  5.163 0.0000000000
147664  46.034  14.516  4.639 0.0000000000
92255  45.809  14.875  4.073 0.0000000000
91223  45.323  14.279  4.428 0.0000000000
132590  56.365  22.980  -15.673 0.0000000000
130382  55.139  23.295  -15.515 0.0000000000
98630  54.687  23.324  -16.689 0.0000000000
129717  54.286  23.398  -17.467 0.0000000000
98645  55.194  23.236  -17.863 0.0000000000
93933  45.716  17.094  -12.276 0.0000000000
155523  45.983  16.973  -13.031 0.0000000000
152537  45.968  15.825  -13.159 0.0000000000
90338  46.636  14.206  -14.789 0.0000000000
138471  46.431  14.881  -15.008 0.0000000000
91431  46.482  14.521  -15.634 0.0000000000
91447  46.541  14.174  -16.281 0.0000000000
90360  46.804  13.591  -16.507 0.0000000000
90346  49.330  13.213  -15.266 0.0000000000
90358  49.569  13.294  -16.426 0.0000000000
90371  49.201  13.373  -18.749 0.0000000000
89337  48.487  12.971  -17.854 0.0000000000
89347  48.368  13.118  -18.843 0.0000000000
89348  48.189  13.219  -19.909 0.0000000000
88382  49.529  11.762  -20.683 0.0000000000
89364  49.497  12.502  -20.711 0.0000000000
87505  49.582  10.935  -20.413 0.0000000000
86627  49.192  9.987  -20.244 0.0000000000
132988  54.943  19.817  -3.824 0.0000000000
138120  55.668  20.164  -4.245 0.0000000000
95590  54.843  19.827  -4.720 0.0000000000
147866  55.115  19.787  -6.260 0.0000000000
95599  54.066  19.381  -5.155 0.0000000000
94705  52.041  18.856  -0.975 0.0000000000
94710  52.782  19.221  -1.237 0.0000000000
94711  52.036  19.110  -2.025 0.0000000000
94730  51.363  18.630  -4.796 0.0000000000
94723  51.938  18.776  -4.398 0.0000000000
94737  51.570  18.691  -5.351 0.0000000000
94747  52.481  19.005  -6.321 0.0000000000
94748  51.680  18.810  -6.057 0.0000000000
130830  51.844  19.502  -7.812 0.0000000000
95611  51.275  18.992  -6.625 0.0000000000
94759  49.198  18.594  -6.860 0.0000000000
131351  49.811  19.068  -7.383 0.0000000000
95621  48.937  19.099  -7.670 0.0000000000
140229  48.550  19.732  -8.874 0.0000000000
95634  48.119  19.268  -8.324 0.0000000000
92252  48.057  15.640  4.244 0.0000000000
93078  48.607  16.431  2.924 0.0000000000
150284  47.669  16.372  2.620 0.0000000000
93841  46.411  17.300  0.377 0.0000000000
93833  46.827  16.983  1.115 0.0000000000
151449  46.847  17.589  -0.206 0.0000000000
93847  47.525  17.793  -0.544 0.0000000000
133189  46.743  17.761  -0.902 0.0000000000
93098  43.345  15.688  -1.290 0.0000000000
93097  43.685  16.410  -1.072 0.0000000000
93101  43.996  16.259  -2.417 0.0000000000
93107  45.731  16.684  -4.702 0.0000000000
93104  45.825  16.815  -3.884 0.0000000000
93866  46.854  17.316  -3.666 0.0000000000
93103  46.596  17.075  -4.486 0.0000000000
93873  47.232  17.287  -5.012 0.0000000000
93878  46.946  17.334  -5.684 0.0000000000
93902  45.312  17.146  -7.667 0.0000000000
93901  46.175  17.578  -7.299 0.0000000000
134869  45.823  17.753  -8.322 0.0000000000
151309  45.952  18.075  -9.118 0.0000000000
141767  45.353  17.614  -9.215 0.0000000000
94782  45.662  17.760  -10.649 0.0000000000
93913  44.899  16.876  -10.036 0.0000000000
91345  45.783  14.724  -10.282 0.0000000000
92318  45.412  15.547  -10.638 0.0000000000
148244  46.748  14.506  -11.865 0.0000000000
136538  46.929  14.324  -11.182 0.0000000000
89255  47.170  12.815  -8.691 0.0000000000
90270  48.403  13.298  -9.724 0.0000000000
91342  49.309  13.789  -10.993 0.0000000000
90059  50.319  13.518  8.897 0.0000000000
89009  48.967  11.974  11.154 0.0000000000
90051  49.141  12.744  9.472 0.0000000000
89021  48.704  12.248  10.183 0.0000000000
89022  47.915  12.079  9.984 0.0000000000
89010  48.308  11.896  10.821 0.0000000000
101443  48.763  26.794  -13.119 0.0000000000
136370  49.837  27.241  -13.784 0.0000000000
101478  49.084  27.599  -14.271 0.0000000000
102191  49.250  27.917  -15.112 0.0000000000
101479  48.227  27.578  -14.002 0.0000000000
102193  47.581  27.877  -14.557 0.0000000000
101480  47.376  27.569  -13.843 0.0000000000
100065  45.518  25.266  -12.801 0.0000000000
99347  44.657  24.894  -12.940 0.0000000000
142991  44.092  24.404  -13.706 0.0000000000
98639  43.434  23.616  -16.499 0.0000000000
97900  43.346  23.071  -16.724 0.0000000000
97178  43.358  22.431  -15.901 0.0000000000
97177  44.271  22.160  -16.375 0.0000000000
98667  45.412  23.423  -17.624 0.0000000000
98652  44.827  23.766  -17.414 0.0000000000
97919  45.486  23.003  -17.824 0.0000000000
95696  45.458  19.979  -16.976 0.0000000000
96466  45.604  21.116  -16.764 0.0000000000
95697  45.110  20.242  -16.195 0.0000000000
95689  44.658  20.324  -15.398 0.0000000000
95698  44.370  19.435  -15.966 0.0000000000
94823  43.380  18.952  -15.619 0.0000000000
94832  43.125  18.833  -16.668 0.0000000000
94842  40.861  18.151  -18.382 0.0000000000
96363  57.977  20.735  -7.591 0.0000000000
96388  57.025  20.579  -10.640 0.0000000000
132790  57.294  20.460  -9.629 0.0000000000
96401  57.580  20.795  -11.516 0.0000000000
96400  58.234  21.098  -12.193 0.0000000000
153845  57.134  20.771  -12.121 0.0000000000
96406  52.723  20.580  -11.289 0.0000000000
96405  53.388  20.634  -11.575 0.0000000000
129724  53.754  20.676  -12.230 0.0000000000
96440  54.362  20.845  -14.801 0.0000000000
96429  54.814  20.782  -13.903 0.0000000000
96439  55.507  20.943  -14.795 0.0000000000
96438  56.547  21.028  -14.793 0.0000000000
96450  56.349  21.245  -15.786 0.0000000000
97174  56.500  21.842  -16.845 0.0000000000
97175  55.597  21.355  -16.472 0.0000000000
97194  53.479  21.764  -18.583 0.0000000000
97193  54.446  21.986  -18.360 0.0000000000
97202  54.084  22.574  -18.835 0.0000000000
98672  53.914  23.086  -18.768 0.0000000000
97211  52.390  22.491  -19.458 0.0000000000
94814  46.811  17.948  -14.143 0.0000000000
94813  47.444  18.494  -14.010 0.0000000000
146768  47.265  18.048  -14.778 0.0000000000
94831  47.943  18.263  -16.573 0.0000000000
94830  48.455  18.743  -16.062 0.0000000000
94839  48.503  18.822  -16.982 0.0000000000
95695  48.995  19.283  -16.560 0.0000000000
154978  48.648  18.933  -17.787 0.0000000000
152393  46.621  16.149  -20.898 0.0000000000
93974  46.922  17.018  -19.644 0.0000000000
137598  46.809  16.782  -20.772 0.0000000000
94862  48.681  19.152  -21.092 0.0000000000
94854  48.134  18.465  -20.315 0.0000000000
95711  49.276  19.503  -19.521 0.0000000000
142391  49.181  19.361  -18.383 0.0000000000
95710  49.914  19.916  -19.127 0.0000000000
150624  50.526  20.544  -19.813 0.0000000000
96499  49.340  20.757  -21.927 0.0000000000
96491  50.450  21.115  -20.883 0.0000000000
97219  50.051  21.325  -21.214 0.0000000000
97218  51.135  22.132  -20.277 0.0000000000
97943  49.850  21.726  -21.165 0.0000000000
97935  49.948  22.284  -20.671 0.0000000000
97944  49.413  21.599  -21.458 0.0000000000
95736  46.608  19.718  -22.806 0.0000000000
97222  47.541  20.822  -22.043 0.0000000000
96494  46.304  19.969  -21.922 0.0000000000
96488  46.121  20.023  -20.842 0.0000000000
153684  45.296  18.978  -21.744 0.0000000000
92414  45.268  15.423  -22.650 0.0000000000
92424  45.126  16.336  -22.792 0.0000000000
92415  44.634  15.893  -21.710 0.0000000000
155284  44.016  16.306  -19.866 0.0000000000
93192  44.386  16.842  -21.123 0.0000000000
93193  43.975  16.999  -20.219 0.0000000000
93186  43.183  17.175  -19.421 0.0000000000
93975  42.411  17.977  -19.391 0.0000000000
93181  42.851  16.738  -18.729 0.0000000000
92389  43.328  15.356  -17.682 0.0000000000
151566  44.797  7.992  -17.382 0.0000000000
99369  40.998  23.703  -13.756 0.0000000000
99368  41.604  23.670  -14.115 0.0000000000
93818  51.250  17.346  2.257 0.0000000000
93805  50.904  16.893  3.008 0.0000000000
93819  50.291  17.068  2.268 0.0000000000
93077  49.416  16.732  2.608 0.0000000000
129720  52.852  23.446  -15.222 0.0000000000
98616  52.176  23.550  -14.062 0.0000000000
129719  51.842  23.466  -15.198 0.0000000000
98649  48.555  23.496  -17.201 0.0000000000
139925  49.243  23.515  -18.041 0.0000000000
98676  48.962  23.232  -18.848 0.0000000000
97926  48.702  22.756  -19.558 0.0000000000
96393  49.652  20.439  -10.946 0.0000000000
96410  48.988  20.217  -11.531 0.0000000000
95666  48.556  19.641  -12.975 0.0000000000
89373  48.230  12.270  -21.722 0.0000000000
89374  47.569  12.697  -22.369 0.0000000000
89375  47.047  12.607  -22.630 0.0000000000
89367  46.696  12.043  -22.078 0.0000000000
88384  46.604  11.269  -21.370 0.0000000000
86622  46.171  8.820  -19.523 0.0000000000
87506  46.586  9.554  -20.250 0.0000000000
84866  47.226  6.984  -19.476 0.0000000000
90071  47.764  13.486  7.475 0.0000000000
91199  47.496  13.924  6.618 0.0000000000
90072  46.943  13.274  7.189 0.0000000000
98596  56.886  23.634  -13.933 0.0000000000
98612  57.320  22.846  -14.922 0.0000000000
151416  56.401  22.762  -16.869 0.0000000000
92327  46.226  15.141  -12.190 0.0000000000
92338  46.237  15.158  -13.215 0.0000000000
91403  46.646  14.445  -13.782 0.0000000000
90326  46.961  13.848  -14.248 0.0000000000
90337  46.995  13.544  -15.062 0.0000000000
90357  50.322  13.729  -17.537 0.0000000000
90385  49.981  13.492  -19.537 0.0000000000
90398  49.901  13.239  -20.155 0.0000000000
88381  50.089  12.372  -20.389 0.0000000000
95586  54.221  19.639  -3.325 0.0000000000
133009  50.667  18.554  -1.992 0.0000000000
150109  51.280  18.743  -2.474 0.0000000000
94731  50.558  18.434  -4.570 0.0000000000
129997  50.789  18.517  -5.159 0.0000000000
94749  50.831  18.707  -6.183 0.0000000000
144621  50.226  18.401  -5.687 0.0000000000
94750  49.450  18.231  -6.077 0.0000000000
94751  48.691  18.153  -6.382 0.0000000000
92271  46.037  15.801  2.933 0.0000000000
93079  46.629  16.270  2.435 0.0000000000
93080  45.643  16.206  2.250 0.0000000000
93834  45.855  16.927  0.972 0.0000000000
93842  45.479  17.227  0.218 0.0000000000
92287  44.004  15.036  -3.897 0.0000000000
147945  44.411  15.872  -3.808 0.0000000000
135998  44.524  15.696  -4.516 0.0000000000
93108  45.001  16.245  -4.986 0.0000000000
93111  45.559  16.630  -5.458 0.0000000000
93114  46.074  17.056  -5.930 0.0000000000
93115  45.309  16.548  -6.253 0.0000000000
93123  44.988  16.529  -7.104 0.0000000000
93129  44.643  16.520  -8.745 0.0000000000
93135  44.729  16.315  -9.535 0.0000000000
138728  44.564  15.935  -8.874 0.0000000000
91332  44.907  14.825  -9.047 0.0000000000
90272  45.918  13.805  -9.329 0.0000000000
89254  48.529  12.481  -8.482 0.0000000000
144946  49.903  13.131  -9.657 0.0000000000
99344  49.624  24.691  -12.566 0.0000000000
128854  49.742  25.825  -12.484 0.0000000000
132428  49.047  25.261  -12.485 0.0000000000
100061  48.896  25.941  -12.527 0.0000000000
100767  48.299  26.434  -12.790 0.0000000000
101445  47.384  26.714  -12.937 0.0000000000
100063  47.372  25.542  -12.657 0.0000000000
99346  46.138  24.939  -13.006 0.0000000000
99359  45.845  24.575  -13.507 0.0000000000
151851  44.139  24.266  -14.696 0.0000000000
98621  44.720  24.223  -15.252 0.0000000000
98638  44.339  24.041  -16.736 0.0000000000
145130  46.448  21.094  -18.085 0.0000000000
130208  45.963  20.531  -17.526 0.0000000000
95707  44.028  19.074  -17.057 0.0000000000
152289  41.635  18.424  -18.447 0.0000000000
93969  41.006  18.065  -18.731 0.0000000000
96365  56.448  20.137  -7.281 0.0000000000
96371  56.996  20.293  -8.442 0.0000000000
95627  56.180  20.100  -8.518 0.0000000000
129495  55.862  20.330  -9.330 0.0000000000
96403  56.059  20.817  -10.953 0.0000000000
96432  51.847  20.643  -13.465 0.0000000000
96431  52.795  20.675  -13.615 0.0000000000
96441  52.365  20.705  -14.425 0.0000000000
96453  53.571  20.849  -15.324 0.0000000000
96452  54.557  21.046  -15.914 0.0000000000
97176  54.895  21.361  -16.863 0.0000000000
96461  53.799  21.122  -16.518 0.0000000000
97187  52.669  21.243  -17.832 0.0000000000
97195  52.534  21.534  -18.756 0.0000000000
93166  46.560  16.178  -15.972 0.0000000000
93942  47.101  17.543  -15.400 0.0000000000
93955  46.919  17.023  -16.618 0.0000000000
93961  46.937  17.070  -17.541 0.0000000000
93960  47.489  17.735  -18.072 0.0000000000
93983  47.117  17.262  -21.719 0.0000000000
93982  47.500  17.998  -22.115 0.0000000000
95728  49.106  19.767  -21.616 0.0000000000
95719  49.677  20.273  -21.166 0.0000000000
95735  48.807  19.781  -22.169 0.0000000000
95734  49.127  20.034  -22.057 0.0000000000
96500  48.689  20.375  -22.398 0.0000000000
97227  48.048  20.869  -22.394 0.0000000000
149553  47.916  20.234  -22.846 0.0000000000
95743  47.066  19.498  -23.212 0.0000000000
94870  45.969  19.160  -22.787 0.0000000000
152335  44.718  14.258  -20.791 0.0000000000
92406  44.494  15.225  -20.992 0.0000000000
91479  44.396  14.334  -19.598 0.0000000000
91473  44.079  15.038  -19.020 0.0000000000
92393  43.505  15.685  -18.463 0.0000000000
137421  43.837  14.742  -18.178 0.0000000000
90375  43.972  13.649  -17.278 0.0000000000
97155  58.847  21.788  -13.049 0.0000000000
131610  43.435  21.456  -13.940 0.0000000000
96445  43.847  20.875  -14.058 0.0000000000
94700  52.653  18.495  0.599 0.0000000000
130037  51.963  18.504  -0.091 0.0000000000
93828  51.523  17.744  1.500 0.0000000000
130290  51.195  18.127  0.067 0.0000000000
94706  51.329  18.446  -0.697 0.0000000000
94714  50.024  18.245  -1.232 0.0000000000
94715  49.076  18.298  -1.714 0.0000000000
93092  43.427  15.922  0.308 0.0000000000
92277  43.100  15.230  0.058 0.0000000000
92281  43.254  15.040  -1.480 0.0000000000
91279  43.526  14.609  -2.004 0.0000000000
91285  44.011  14.136  -3.486 0.0000000000
91291  44.121  14.179  -4.395 0.0000000000
90213  44.468  13.533  -5.700 0.0000000000
90222  44.673  13.557  -6.719 0.0000000000
90234  45.098  13.307  -7.459 0.0000000000
99330  52.037  24.898  -12.246 0.0000000000
139145  51.034  24.379  -12.562 0.0000000000
98601  51.414  23.699  -13.381 0.0000000000
98602  50.618  23.727  -13.446 0.0000000000
98585  50.237  24.181  -12.782 0.0000000000
147416  48.914  23.902  -13.448 0.0000000000
147433  48.568  23.702  -14.134 0.0000000000
98620  47.770  23.729  -14.685 0.0000000000
98637  46.097  23.909  -16.426 0.0000000000
98636  47.167  23.687  -15.835 0.0000000000
155651  46.691  23.685  -16.770 0.0000000000
98666  46.378  23.251  -17.727 0.0000000000
98678  47.295  22.751  -18.312 0.0000000000
97196  46.856  21.703  -18.580 0.0000000000
95640  53.137  19.910  -9.002 0.0000000000
129084  53.308  20.262  -9.746 0.0000000000
96391  52.573  20.434  -10.411 0.0000000000
96407  51.924  20.548  -11.014 0.0000000000
129722  52.104  20.604  -11.888 0.0000000000
135442  50.434  20.547  -11.317 0.0000000000
96418  50.587  20.568  -12.260 0.0000000000
131989  51.484  20.624  -12.544 0.0000000000
96442  51.392  20.614  -14.225 0.0000000000
96443  50.999  20.578  -15.088 0.0000000000
96456  50.313  20.340  -15.763 0.0000000000
92398  46.514  14.892  -19.902 0.0000000000
92405  46.663  15.455  -21.178 0.0000000000
91491  47.209  14.749  -22.313 0.0000000000
130594  47.038  15.545  -22.485 0.0000000000
93197  47.030  16.093  -23.229 0.0000000000
92422  46.899  15.611  -23.876 0.0000000000
93213  46.517  16.503  -23.725 0.0000000000
92435  46.443  15.974  -23.923 0.0000000000
151372  45.839  15.113  -23.429 0.0000000000
90417  45.245  14.130  -21.868 0.0000000000
89376  46.203  12.818  -22.140 0.0000000000
136406  45.393  13.489  -21.535 0.0000000000
90409  45.103  13.324  -20.621 0.0000000000
90400  45.083  12.887  -19.865 0.0000000000
89349  45.117  12.153  -19.100 0.0000000000
87489  45.238  10.461  -17.756 0.0000000000
85714  45.096  7.345  -18.155 0.0000000000
151312  45.670  8.238  -19.070 0.0000000000
84858  44.781  6.645  -17.653 0.0000000000
92228  49.452  15.172  5.883 0.0000000000
92247  49.476  15.562  5.167 0.0000000000
92248  48.791  15.205  5.421 0.0000000000
129273  48.102  15.221  4.977 0.0000000000
92253  47.490  15.234  4.569 0.0000000000
91216  47.635  14.421  5.967 0.0000000000
92249  47.369  14.746  5.245 0.0000000000
92261  46.376  15.418  3.667 0.0000000000
92262  45.469  15.264  3.381 0.0000000000
92273  44.164  15.360  2.369 0.0000000000
98581  54.176  24.017  -12.689 0.0000000000
98599  53.772  23.688  -13.229 0.0000000000
98597  55.786  23.592  -13.526 0.0000000000
98614  54.386  23.481  -14.202 0.0000000000
98631  53.575  23.400  -16.444 0.0000000000
152470  52.765  23.665  -18.027 0.0000000000
141547  46.617  18.372  -11.828 0.0000000000
94795  47.199  18.797  -12.122 0.0000000000
93932  46.225  17.616  -12.853 0.0000000000
93937  46.370  17.314  -13.708 0.0000000000
142258  46.173  15.717  -13.877 0.0000000000
93161  46.383  15.736  -14.883 0.0000000000
92379  46.423  15.084  -16.550 0.0000000000
153479  46.436  14.826  -17.269 0.0000000000
138470  46.448  14.654  -17.906 0.0000000000
131643  48.538  13.095  -14.981 0.0000000000
132217  47.701  13.102  -15.260 0.0000000000
89316  47.770  12.878  -16.275 0.0000000000
89323  49.338  13.273  -17.640 0.0000000000
90359  47.288  13.165  -16.806 0.0000000000
90372  47.425  13.120  -17.735 0.0000000000
90387  47.042  13.411  -18.405 0.0000000000
141397  46.788  13.747  -18.953 0.0000000000
90386  47.314  13.510  -19.667 0.0000000000
90399  48.073  13.332  -21.053 0.0000000000
138796  49.470  12.968  -20.556 0.0000000000
89365  48.844  12.602  -21.053 0.0000000000
88388  48.136  11.441  -21.582 0.0000000000
86628  48.292  9.651  -20.607 0.0000000000
85730  47.917  8.542  -20.164 0.0000000000
86620  48.736  8.859  -19.902 0.0000000000
96355  55.996  20.225  -6.557 0.0000000000
95608  55.509  19.746  -6.992 0.0000000000
95618  54.801  19.660  -7.461 0.0000000000
132426  53.776  19.434  -7.130 0.0000000000
144578  53.610  19.323  -0.874 0.0000000000
95581  53.540  19.510  -2.697 0.0000000000
95587  53.188  19.324  -3.790 0.0000000000
94717  51.854  18.832  -3.667 0.0000000000
95592  52.680  19.021  -4.542 0.0000000000
138068  53.305  19.159  -4.875 0.0000000000
95600  53.329  19.098  -5.498 0.0000000000
95610  53.354  19.164  -6.267 0.0000000000
95619  53.201  19.527  -7.698 0.0000000000
95630  52.584  19.689  -8.356 0.0000000000
95631  50.984  19.612  -8.259 0.0000000000
95643  50.303  20.063  -8.975 0.0000000000
95612  50.613  18.991  -6.903 0.0000000000
95632  50.049  19.567  -8.172 0.0000000000
95644  49.332  19.932  -8.780 0.0000000000
95645  48.700  20.101  -9.601 0.0000000000
95646  47.881  19.595  -9.506 0.0000000000
94780  46.997  19.087  -10.028 0.0000000000
93059  48.865  16.054  3.825 0.0000000000
93831  48.664  17.060  1.487 0.0000000000
93084  47.209  16.649  1.866 0.0000000000
93832  47.787  17.027  1.270 0.0000000000
93839  48.468  17.393  0.659 0.0000000000
93846  48.326  17.751  -0.164 0.0000000000
93852  48.283  18.073  -1.064 0.0000000000
93864  48.141  18.094  -3.025 0.0000000000
93094  43.803  16.555  -0.248 0.0000000000
93850  44.357  17.011  -0.849 0.0000000000
93849  45.196  17.369  -0.597 0.0000000000
93100  44.729  16.558  -3.191 0.0000000000
93861  44.990  17.054  -2.316 0.0000000000
132884  45.837  17.448  -2.062 0.0000000000
93860  46.672  17.566  -2.674 0.0000000000
129998  47.451  17.740  -3.178 0.0000000000
93865  48.091  17.692  -3.981 0.0000000000
93872  48.037  17.484  -4.836 0.0000000000
93887  48.278  17.750  -5.950 0.0000000000
94752  47.889  18.053  -6.622 0.0000000000
93889  46.578  17.437  -6.427 0.0000000000
93900  47.058  17.869  -6.888 0.0000000000
94761  47.470  18.300  -7.276 0.0000000000
94768  46.555  18.383  -8.620 0.0000000000
94773  46.432  18.512  -9.511 0.0000000000
94781  46.290  18.414  -10.420 0.0000000000
94788  46.164  18.134  -11.273 0.0000000000
144904  45.446  16.882  -11.556 0.0000000000
93144  45.593  16.340  -11.989 0.0000000000
93134  45.024  16.351  -10.375 0.0000000000
93139  45.373  16.326  -11.165 0.0000000000
92328  45.718  15.653  -11.609 0.0000000000
91382  47.305  14.115  -12.415 0.0000000000
91381  48.285  13.822  -12.111 0.0000000000
89257  45.574  13.203  -7.988 0.0000000000
90249  45.738  13.453  -8.611 0.0000000000
90271  46.720  13.732  -9.775 0.0000000000
89272  48.056  12.839  -9.013 0.0000000000
90247  47.426  13.251  -9.444 0.0000000000
90291  47.707  13.686  -10.275 0.0000000000
91343  48.330  13.843  -10.916 0.0000000000
91363  48.791  13.810  -11.454 0.0000000000
151004  50.022  15.130  6.291 0.0000000000
136688  49.864  14.380  7.432 0.0000000000
91189  49.061  14.169  7.270 0.0000000000
90070  48.574  13.638  7.778 0.0000000000
153671  49.540  13.204  8.903 0.0000000000
90061  48.847  13.183  8.579 0.0000000000
90062  48.049  13.049  8.290 0.0000000000
88097  47.568  11.781  11.804 0.0000000000
88108  47.586  11.620  11.013 0.0000000000
88109  46.828  11.213  10.986 0.0000000000
102182  46.031  27.829  -14.187 0.0000000000
101446  46.499  26.914  -12.974 0.0000000000
101464  46.067  27.452  -13.476 0.0000000000
101447  45.639  27.041  -13.001 0.0000000000
99348  43.610  24.689  -12.998 0.0000000000
99360  42.852  24.211  -13.927 0.0000000000
98623  42.476  23.507  -15.420 0.0000000000
135389  42.871  23.844  -15.828 0.0000000000
97901  42.717  22.986  -16.091 0.0000000000
95682  44.194  20.300  -14.598 0.0000000000
140975  45.144  24.042  -16.992 0.0000000000
97188  44.269  22.903  -17.307 0.0000000000
144966  45.284  22.502  -17.461 0.0000000000
96457  44.944  22.011  -16.807 0.0000000000
155133  43.947  19.668  -14.470 0.0000000000
137308  41.561  18.488  -17.476 0.0000000000
132791  57.588  20.477  -8.755 0.0000000000
97140  58.527  21.365  -11.629 0.0000000000
97148  58.519  21.397  -12.751 0.0000000000
97156  58.558  21.458  -13.707 0.0000000000
96390  54.282  20.385  -9.976 0.0000000000
129726  55.068  20.778  -11.278 0.0000000000
96417  55.827  20.908  -12.107 0.0000000000
130995  54.245  20.717  -13.028 0.0000000000
130996  55.268  20.777  -13.072 0.0000000000
130997  56.222  20.851  -13.144 0.0000000000
135896  56.950  20.867  -13.189 0.0000000000
96437  57.583  21.124  -14.718 0.0000000000
97164  58.183  21.371  -15.003 0.0000000000
97172  57.896  21.664  -15.509 0.0000000000
97182  56.729  22.221  -16.700 0.0000000000
97909  55.864  22.934  -17.522 0.0000000000
97184  55.698  21.931  -17.528 0.0000000000
97192  55.596  22.866  -17.888 0.0000000000
98658  55.369  23.227  -18.070 0.0000000000
98659  54.505  23.208  -18.327 0.0000000000
98660  53.363  23.422  -18.526 0.0000000000
98673  52.380  23.360  -18.882 0.0000000000
94804  47.302  18.685  -13.032 0.0000000000
95675  48.032  19.083  -13.466 0.0000000000
95674  48.711  19.493  -13.849 0.0000000000
94822  47.785  18.224  -15.566 0.0000000000
94821  48.371  18.824  -15.179 0.0000000000
95681  48.841  19.388  -14.738 0.0000000000
95680  49.526  19.843  -15.212 0.0000000000
95687  49.678  19.854  -16.288 0.0000000000
151845  50.251  20.285  -16.510 0.0000000000
134499  46.588  16.392  -18.917 0.0000000000
94847  47.959  18.244  -18.549 0.0000000000
93973  47.460  17.729  -20.761 0.0000000000
149509  48.190  18.446  -19.297 0.0000000000
95703  49.762  19.800  -18.002 0.0000000000
96465  50.341  20.294  -17.387 0.0000000000
96471  51.134  20.798  -18.380 0.0000000000
96475  51.769  21.266  -19.025 0.0000000000
96485  51.538  21.438  -19.668 0.0000000000
96477  50.291  20.721  -20.711 0.0000000000
96486  50.954  21.195  -20.227 0.0000000000
97212  51.575  21.865  -20.007 0.0000000000
97933  51.588  22.547  -19.792 0.0000000000
98687  51.376  23.055  -19.567 0.0000000000
143265  51.697  23.364  -19.009 0.0000000000
98688  50.611  23.056  -19.693 0.0000000000
97936  49.256  22.398  -20.504 0.0000000000
97937  48.427  22.281  -20.150 0.0000000000
97221  48.203  21.368  -21.642 0.0000000000
97215  47.411  21.144  -20.981 0.0000000000
96487  46.713  20.675  -20.284 0.0000000000
95721  45.357  19.511  -20.248 0.0000000000
93204  45.837  16.800  -23.691 0.0000000000
94002  45.565  17.811  -23.355 0.0000000000
152673  44.993  17.950  -22.552 0.0000000000
93994  44.576  17.615  -21.691 0.0000000000
138037  44.815  18.357  -21.744 0.0000000000
94864  44.491  18.609  -20.801 0.0000000000
94855  44.042  18.689  -20.111 0.0000000000
94856  43.293  18.515  -19.479 0.0000000000
94857  42.277  18.154  -19.222 0.0000000000
93976  41.566  18.079  -19.041 0.0000000000
92394  42.765  16.324  -18.052 0.0000000000
85725  47.562  7.583  -19.792 0.0000000000
84860  47.853  7.002  -19.379 0.0000000000
83943  45.667  6.228  -18.112 0.0000000000
83944  45.186  6.169  -17.757 0.0000000000
85721  45.518  7.417  -18.741 0.0000000000
86621  46.783  8.491  -19.973 0.0000000000
89325  47.876  12.867  -17.226 0.0000000000
89350  44.656  12.751  -18.319 0.0000000000
90250  45.121  13.741  -8.091 0.0000000000
90336  48.109  13.285  -14.395 0.0000000000
90347  48.551  12.924  -15.811 0.0000000000
90349  46.728  13.799  -15.673 0.0000000000
90361  43.685  13.733  -16.634 0.0000000000
90373  46.902  13.471  -17.423 0.0000000000
90389  44.096  13.950  -17.931 0.0000000000
90425  46.995  13.935  -23.503 0.0000000000
90434  47.058  14.568  -23.808 0.0000000000
91218  45.766  14.019  5.052 0.0000000000
91286  43.724  14.802  -2.886 0.0000000000
91295  44.272  14.215  -5.253 0.0000000000
91331  45.493  14.459  -9.534 0.0000000000
91344  46.689  14.225  -10.514 0.0000000000
91471  46.631  13.875  -18.091 0.0000000000
91492  45.666  14.506  -22.779 0.0000000000
91500  47.191  14.559  -23.560 0.0000000000
91510  46.861  14.920  -24.032 0.0000000000
91511  46.442  15.329  -23.934 0.0000000000
92260  47.246  15.547  3.929 0.0000000000
92263  44.571  14.989  3.052 0.0000000000
92279  43.142  15.118  -0.742 0.0000000000
92284  43.509  15.460  -2.156 0.0000000000
92299  44.527  15.221  -7.738 0.0000000000
92304  44.606  15.328  -8.558 0.0000000000
92309  45.187  15.159  -9.791 0.0000000000
92310  44.747  15.553  -9.306 0.0000000000
92407  44.327  16.063  -20.627 0.0000000000
92433  46.969  15.075  -24.026 0.0000000000
93057  50.296  16.141  4.380 0.0000000000
93058  49.548  15.923  4.459 0.0000000000
93067  47.902  16.000  3.451 0.0000000000
93088  43.697  15.968  0.966 0.0000000000
93091  44.060  16.522  0.542 0.0000000000
93124  44.548  15.901  -7.416 0.0000000000
93128  44.688  16.580  -7.944 0.0000000000
93143  45.802  16.382  -12.752 0.0000000000
93149  46.071  16.437  -13.479 0.0000000000
93205  45.046  17.259  -22.820 0.0000000000
93806  50.045  16.663  3.122 0.0000000000
93820  48.755  16.755  2.219 0.0000000000
93821  48.069  16.725  1.993 0.0000000000
93830  49.455  17.070  1.813 0.0000000000
93843  44.572  17.034  0.003 0.0000000000
93854  45.896  17.609  -1.181 0.0000000000
93855  45.045  17.298  -1.458 0.0000000000
93858  48.218  18.215  -2.070 0.0000000000
93859  47.427  17.962  -2.373 0.0000000000
93869  49.957  18.246  -5.078 0.0000000000
93871  48.769  17.770  -4.727 0.0000000000
93875  49.218  17.947  -5.197 0.0000000000
93877  47.800  17.500  -5.493 0.0000000000
93886  48.970  17.924  -5.737 0.0000000000
93907  44.981  17.185  -8.539 0.0000000000
93912  45.200  17.418  -10.008 0.0000000000
93927  45.657  17.469  -11.454 0.0000000000
93943  46.713  17.402  -14.615 0.0000000000
93954  47.477  17.694  -17.085 0.0000000000
93985  43.404  17.739  -19.855 0.0000000000
94001  47.005  18.240  -23.159 0.0000000000
94011  46.263  17.579  -23.678 0.0000000000
94707  50.646  18.151  -0.487 0.0000000000
94713  50.809  18.419  -1.173 0.0000000000
94718  51.248  18.658  -3.363 0.0000000000
94721  48.924  18.279  -2.759 0.0000000000
94725  50.628  18.461  -3.822 0.0000000000
94726  49.443  18.265  -3.486 0.0000000000
94729  52.112  18.782  -5.001 0.0000000000
94736  52.460  18.883  -5.644 0.0000000000
94738  49.541  18.147  -5.531 0.0000000000
94767  47.380  18.678  -8.009 0.0000000000
94796  46.669  18.262  -12.558 0.0000000000
94812  48.240  18.928  -14.328 0.0000000000
94849  41.410  18.213  -18.912 0.0000000000
94853  48.700  19.017  -19.938 0.0000000000
94869  47.901  18.770  -22.443 0.0000000000
94871  45.413  18.501  -22.679 0.0000000000
94883  46.916  18.510  -23.294 0.0000000000
95576  53.936  19.474  -1.622 0.0000000000
95577  52.976  19.356  -1.998 0.0000000000
95588  52.417  19.010  -3.927 0.0000000000
95598  54.909  19.812  -5.529 0.0000000000
95620  51.209  19.287  -7.318 0.0000000000
95633  49.393  19.432  -8.053 0.0000000000
95660  48.404  19.784  -12.070 0.0000000000
95704  49.069  19.301  -17.431 0.0000000000
95727  49.324  20.267  -21.796 0.0000000000
95729  45.615  19.489  -21.303 0.0000000000
95741  48.478  19.867  -22.547 0.0000000000
95742  47.804  19.448  -22.901 0.0000000000
95746  46.795  18.862  -23.340 0.0000000000
96345  55.574  20.394  -5.224 0.0000000000
96379  51.403  20.306  -9.864 0.0000000000
96380  50.657  20.357  -9.818 0.0000000000
96387  57.814  20.691  -10.347 0.0000000000
96394  48.873  20.280  -10.544 0.0000000000
96415  57.534  20.904  -12.663 0.0000000000
96416  56.742  20.818  -12.513 0.0000000000
96426  57.619  20.991  -13.698 0.0000000000
96427  56.773  20.938  -13.922 0.0000000000
96464  50.767  20.623  -16.671 0.0000000000
96501  47.333  20.031  -23.006 0.0000000000
96506  47.580  19.773  -23.020 0.0000000000
97147  58.764  21.723  -12.065 0.0000000000
97157  58.284  21.251  -14.238 0.0000000000
97163  58.471  21.552  -14.534 0.0000000000
97165  57.747  21.423  -15.397 0.0000000000
97171  58.321  21.671  -15.104 0.0000000000
97173  57.241  21.692  -16.022 0.0000000000
97186  53.658  21.402  -17.662 0.0000000000
97197  46.293  22.199  -17.788 0.0000000000
97201  55.025  22.725  -18.301 0.0000000000
97204  52.164  21.777  -19.392 0.0000000000
97214  47.989  21.790  -20.613 0.0000000000
97220  48.943  21.328  -21.913 0.0000000000
97226  48.879  20.839  -22.236 0.0000000000
97232  48.381  20.431  -22.564 0.0000000000
97877  58.876  22.385  -12.273 0.0000000000
97878  58.894  22.470  -13.070 0.0000000000
97893  58.563  22.039  -14.784 0.0000000000
97899  57.318  22.104  -16.056 0.0000000000
97908  56.519  22.505  -16.887 0.0000000000
97916  55.618  23.137  -17.888 0.0000000000
97917  55.413  23.144  -17.995 0.0000000000
97925  53.290  22.743  -19.127 0.0000000000
97934  51.005  22.584  -20.101 0.0000000000
97942  50.514  22.044  -20.675 0.0000000000
98583  52.324  24.043  -12.707 0.0000000000
98586  49.303  24.251  -12.877 0.0000000000
98598  54.803  23.625  -13.269 0.0000000000
98600  52.785  23.720  -13.248 0.0000000000
98607  45.026  24.396  -13.922 0.0000000000
98613  55.499  23.342  -14.300 0.0000000000
98617  51.170  23.551  -14.273 0.0000000000
98624  42.068  23.339  -14.829 0.0000000000
98629  56.982  22.491  -16.125 0.0000000000
98633  51.659  23.471  -16.122 0.0000000000
98646  54.461  23.351  -18.178 0.0000000000
98648  49.597  23.548  -17.156 0.0000000000
98657  55.789  23.188  -18.229 0.0000000000
98661  52.212  23.644  -18.308 0.0000000000
98665  47.379  23.183  -17.939 0.0000000000
98686  52.062  23.038  -19.323 0.0000000000
98689  49.718  22.875  -19.846 0.0000000000
99329  52.736  24.878  -12.252 0.0000000000
99339  54.498  24.548  -12.557 0.0000000000
99342  51.798  24.466  -12.476 0.0000000000
99343  50.419  24.759  -12.419 0.0000000000
99345  47.037  24.983  -12.846 0.0000000000
100062  48.217  25.685  -12.558 0.0000000000
100768  47.634  26.146  -12.638 0.0000000000
100769  46.882  26.242  -12.674 0.0000000000
101462  49.473  26.788  -13.181 0.0000000000
101463  46.993  27.251  -13.352 0.0000000000
102192  48.417  27.909  -14.801 0.0000000000
128946  52.003  19.160  -6.902 0.0000000000
129302  56.768  20.201  -7.934 0.0000000000
129497  52.890  19.255  -6.929 0.0000000000
129723  52.922  20.609  -12.115 0.0000000000
129725  54.134  20.724  -11.454 0.0000000000
129727  56.396  20.511  -9.934 0.0000000000
129986  49.881  25.157  -12.401 0.0000000000
130994  53.287  20.674  -12.918 0.0000000000
131074  54.073  19.668  -7.998 0.0000000000
131132  48.892  27.205  -13.579 0.0000000000
131332  46.666  17.765  -1.763 0.0000000000
132147  46.589  23.910  -15.124 0.0000000000
132748  43.670  16.153  -1.748 0.0000000000
132749  47.000  20.332  -22.480 0.0000000000
132822  54.190  19.371  -5.893 0.0000000000
133149  57.466  20.476  -8.064 0.0000000000
133669  49.159  13.759  -11.902 0.0000000000
138503  53.271  20.738  -14.452 0.0000000000
139131  44.314  18.176  -20.907 0.0000000000
139944  49.876  20.154  -20.241 0.0000000000
140155  47.778  12.541  -8.372 0.0000000000
141226  50.297  20.484  -10.506 0.0000000000
141616  45.419  12.192  -20.109 0.0000000000
142048  41.923  17.152  -18.426 0.0000000000
143766  48.902  24.692  -12.664 0.0000000000
143930  51.125  20.815  -17.498 0.0000000000
144094  50.965  23.932  -12.888 0.0000000000
147807  46.887  17.047  -15.890 0.0000000000
148517  52.433  25.456  -12.336 0.0000000000
148716  54.999  20.228  -9.486 0.0000000000
148967  45.363  24.764  -13.204 0.0000000000
149881  51.219  24.850  -12.293 0.0000000000
149949  49.557  21.969  -21.082 0.0000000000
150606  50.059  15.821  4.920 0.0000000000
150734  51.759  19.741  -8.639 0.0000000000
151941  43.102  14.810  0.430 0.0000000000
151960  44.476  16.662  -2.405 0.0000000000
152176  51.928  23.517  -18.690 0.0000000000
152241  53.302  19.360  -1.410 0.0000000000
152384  51.762  18.917  -2.931 0.0000000000
152439  52.946  20.767  -14.895 0.0000000000
152896  53.247  19.237  -4.421 0.0000000000
153006  45.552  12.894  -21.213 0.0000000000
153024  47.479  14.035  -10.874 0.0000000000
153396  42.626  23.911  -15.092 0.0000000000
153606  54.445  20.638  -10.726 0.0000000000
154296  46.576  19.178  -23.208 0.0000000000
154490  58.816  21.705  -11.199 0.0000000000
155056  55.204  22.207  -18.081 0.0000000000
155567  44.384  14.882  -5.513 0.0000000000
