#Insight Transform File V1.0
#Transform 0
Transform: AffineTransform_float_3_3
Parameters: 1 0.000796031 -0.000765795 -0.000797595 0.999999 -0.00163686 0.00076424 0.0016371 0.999999 0.0325958 -0.263095 -0.0822367
FixedParameters: 0 0 0

#Transform 1
Transform: AffineTransform_float_3_3
Parameters: 1 0.000452567 -0.000458513 -0.000453537 0.999999 -0.00094032 0.000458611 0.00094049 1 0.0225496 -0.227154 -0.0223098
FixedParameters: 0 0 0

#Transform 2
Transform: AffineTransform_float_3_3
Parameters: 1 0.000961799 -0.000659538 -0.00096262 0.999998 -0.00128987 0.000658161 0.00129114 0.999999 0.0314719 -0.295542 -0.114789
FixedParameters: 0 0 0

#Transform 3
Transform: AffineTransform_float_3_3
Parameters: 1 0.00053775 -0.000200147 -0.000537084 0.999999 -0.000817701 0.000199382 0.000817933 0.999999 0.0175694 0.0185524 -0.0510895
FixedParameters: 0 0 0

#Transform 4
Transform: AffineTransform_float_3_3
Parameters: 0.999999 0.000792652 7.76193e-05 -0.000792566 0.999999 -0.00103504 -7.83055e-05 0.0010349 1 0.00203145 -0.0405984 -0.0696142
FixedParameters: 0 0 0

#Transform 5
Transform: AffineTransform_float_3_3
Parameters: 0.999999 0.000622728 -0.000699731 -0.000623632 0.999999 -0.00139986 0.000698048 0.00139978 0.999998 0.0165932 -0.0121867 -0.0663553
FixedParameters: 0 0 0

#Transform 6
Transform: AffineTransform_float_3_3
Parameters: 1 0.000179744 -0.000436869 -0.000179796 1 -0.00110857 0.000437539 0.00110872 1 0.0178817 0.0226182 -0.0414609
FixedParameters: 0 0 0

#Transform 7
Transform: AffineTransform_float_3_3
Parameters: 1 0.000357271 -4.80552e-05 -0.000357444 1 -0.000970151 4.83581e-05 0.00097039 0.999999 -0.00635977 -0.0131717 -0.0562891
FixedParameters: 0 0 0

#Transform 8
Transform: AffineTransform_float_3_3
Parameters: 1 0.000128708 -0.00026763 -0.000129332 0.999999 -0.00123687 0.000267273 0.00123693 0.999999 -0.00808989 0.100728 -0.0160537
FixedParameters: 0 0 0

#Transform 9
Transform: AffineTransform_float_3_3
Parameters: 1 -4.33992e-06 -0.000278309 4.79573e-06 0.999999 -0.000973155 0.000278389 0.000972944 1 0.00172172 0.143643 0.0289564
FixedParameters: 0 0 0

#Transform 10
Transform: AffineTransform_float_3_3
Parameters: 1 -1.38719e-05 -0.000274793 1.34895e-05 1 -0.000695846 0.000274812 0.000695839 0.999999 0.00513784 0.119098 0.0355094
FixedParameters: 0 0 0

#Transform 11
Transform: AffineTransform_float_3_3
Parameters: 1 0.000254515 -0.00023997 -0.000253732 1 -0.000436449 0.000239861 0.000436588 1 -0.0119342 -0.233269 -0.0933424
FixedParameters: 0 0 0

#Transform 12
Transform: AffineTransform_float_3_3
Parameters: 1 -0.000340016 -0.000304518 0.000339867 1 -0.000243995 0.000304684 0.000243788 1 0.0015689 -0.130858 -0.0440538
FixedParameters: 0 0 0

#Transform 13
Transform: AffineTransform_float_3_3
Parameters: 1 -0.000347025 -0.00019556 0.000347028 1 7.22439e-06 0.000195555 -7.36011e-06 1 0.00159507 0.0345894 -0.00580298
FixedParameters: 0 0 0

#Transform 14
Transform: AffineTransform_float_3_3
Parameters: 1 -0.000329443 -0.000294497 0.00032962 1 0.000300817 0.000294298 -0.000301011 1 0.00213647 -0.0160976 -0.0266969
FixedParameters: 0 0 0

#Transform 15
Transform: AffineTransform_float_3_3
Parameters: 1 -7.83369e-05 9.6129e-05 7.83089e-05 1 0.000145756 -9.61518e-05 -0.000145741 1 -0.00764708 0.139252 -0.0281129
FixedParameters: 0 0 0

#Transform 16
Transform: AffineTransform_float_3_3
Parameters: 1 -0.000349988 -0.000234717 0.000349829 1 -0.000339123 0.000234955 0.000338959 1 -0.0210682 0.119202 -0.0341879
FixedParameters: 0 0 0

#Transform 17
Transform: AffineTransform_float_3_3
Parameters: 1 -0.000197119 -4.9556e-05 0.000197107 1 -0.000114357 4.96011e-05 0.000114338 1 -0.0136454 0.00599382 -0.00584109
FixedParameters: 0 0 0

#Transform 18
Transform: AffineTransform_float_3_3
Parameters: 1 -0.000253551 0.000317867 0.000253334 1 0.000342091 -0.000318041 -0.00034193 1 -0.024023 -0.0749365 -0.0481441
FixedParameters: 0 0 0

#Transform 19
Transform: AffineTransform_float_3_3
Parameters: 1 6.40314e-06 0.000117116 -6.45462e-06 1 0.000219762 -0.000117113 -0.000219764 1 -0.0252372 -0.115875 -0.0701295
FixedParameters: 0 0 0

#Transform 20
Transform: AffineTransform_float_3_3
Parameters: 1 -6.5594e-05 -1.9645e-05 6.55914e-05 1 -6.5404e-05 1.96536e-05 6.54014e-05 1 -0.00490574 -0.00544617 0.00920212
FixedParameters: 0 0 0

#Transform 21
Transform: AffineTransform_float_3_3
Parameters: 1 -9.74231e-05 0.000135731 9.74415e-05 1 -6.7691e-05 -0.000135718 6.77175e-05 1 -0.0102969 -0.0163145 0.0632602
FixedParameters: 0 0 0

#Transform 22
Transform: AffineTransform_float_3_3
Parameters: 1 0.000280232 0.000306062 -0.000280496 1 0.000431986 -0.00030582 -0.000432157 1 -0.0163458 -0.0302436 -0.00233264
FixedParameters: 0 0 0

#Transform 23
Transform: AffineTransform_float_3_3
Parameters: 1 7.3916e-05 0.000112952 -7.40365e-05 1 0.000533655 -0.000112873 -0.000533672 1 -0.0363801 -0.10298 -0.0581603
FixedParameters: 0 0 0

#Transform 24
Transform: AffineTransform_float_3_3
Parameters: 1 -0.000150377 0.000147365 0.00015026 1 0.000396275 -0.000147484 -0.000396231 1 -0.0258421 0.0948024 6.80164e-05
FixedParameters: 0 0 0

#Transform 25
Transform: AffineTransform_float_3_3
Parameters: 1 -0.000153067 0.000144727 0.000152994 1 0.000254326 -0.000144805 -0.000254281 1 -0.0188338 0.134403 0.0141701
FixedParameters: 0 0 0

#Transform 26
Transform: AffineTransform_float_3_3
Parameters: 1 -0.000301843 0.000459537 0.000301345 1 0.000541486 -0.000459864 -0.000541209 0.999999 -0.035394 0.00813892 -0.0264977
FixedParameters: 0 0 0

#Transform 27
Transform: AffineTransform_float_3_3
Parameters: 1 4.65725e-05 0.000167501 -4.56632e-05 1 0.000249074 -0.000167365 -0.000249073 1 -0.0381035 -0.0733992 -0.0612408
FixedParameters: 0 0 0

#Transform 28
Transform: AffineTransform_float_3_3
Parameters: 1 -0.00016141 0.000136559 0.00016146 1 -0.000185517 -0.000136499 0.000185561 1 -0.0339556 -0.0146077 -0.0401461
FixedParameters: 0 0 0

#Transform 29
Transform: AffineTransform_float_3_3
Parameters: 1 -0.000370113 0.000120369 0.000370044 1 0.00028496 -0.00012058 -0.00028487 1 -0.0256174 -0.00875091 0.0310507
FixedParameters: 0 0 0

#Transform 30
Transform: AffineTransform_float_3_3
Parameters: 1 -0.000538395 0.000271333 0.000538031 0.999999 0.000668578 -0.000272053 -0.000668286 0.999999 -0.0237198 0.0466412 0.0334898
FixedParameters: 0 0 0

#Transform 31
Transform: AffineTransform_float_3_3
Parameters: 1 -0.000165384 0.000368122 0.000165724 0.999999 0.000886654 -0.000368302 -0.000886516 0.999999 -0.034977 -0.131118 -0.0421987
FixedParameters: 0 0 0

#Transform 32
Transform: AffineTransform_float_3_3
Parameters: 1 -0.000147554 0.000150134 0.00014739 1 0.000545221 -0.000150295 -0.000545177 1 -0.0420197 0.0168152 -0.0304092
FixedParameters: 0 0 0

#Transform 33
Transform: AffineTransform_float_3_3
Parameters: 1 -0.000219505 -0.000250428 0.000219942 0.999999 0.000873138 0.000250045 -0.000873248 0.999999 -0.0117628 0.083724 -0.00124541
FixedParameters: 0 0 0

#Transform 34
Transform: AffineTransform_float_3_3
Parameters: 1 -0.000216105 -3.69485e-05 0.000216125 0.999999 0.00128527 3.73474e-05 -0.0012853 0.999999 -0.0206557 0.104698 -0.0175725
FixedParameters: 0 0 0

#Transform 35
Transform: AffineTransform_float_3_3
Parameters: 1 -0.000357302 0.000222589 0.000356627 0.999998 0.00159529 -0.000223766 -0.00159513 0.999998 -0.0303464 -0.195314 -0.0571032
FixedParameters: 0 0 0

#Transform 36
Transform: AffineTransform_float_3_3
Parameters: 1 -0.000249661 0.000404616 0.000248336 0.999998 0.00168187 -0.000405491 -0.00168167 0.999998 -0.040908 -0.195219 -0.0678875
FixedParameters: 0 0 0

#Transform 37
Transform: AffineTransform_float_3_3
Parameters: 1 9.11612e-05 0.000202794 -9.07219e-05 0.999999 0.00145798 -0.000202453 -0.001458 0.999999 -0.0482598 -0.174439 -0.11263
FixedParameters: 0 0 0

#Transform 38
Transform: AffineTransform_float_3_3
Parameters: 1 -0.000119946 -1.60515e-06 0.000119876 0.999998 0.00159589 2.17683e-06 -0.00159591 0.999998 -0.0207947 -0.169356 -0.047706
FixedParameters: 0 0 0

#Transform 39
Transform: AffineTransform_float_3_3
Parameters: 1 -0.00024069 9.67309e-05 0.000240424 0.999999 0.00175543 -9.76518e-05 -0.00175538 0.999999 -0.00872756 -0.0900431 -0.0131992
FixedParameters: 0 0 0

#Transform 40
Transform: AffineTransform_float_3_3
Parameters: 1 -0.000332715 0.000234388 0.000332948 0.999999 0.00177568 -0.000235532 -0.00177551 0.999999 -0.020887 0.00228722 -0.00870401
FixedParameters: 0 0 0

#Transform 41
Transform: AffineTransform_float_3_3
Parameters: 1 -2.84682e-05 0.000120177 2.8101e-05 0.999998 0.00168289 -0.000120311 -0.00168289 0.999998 -0.0404724 -0.222887 -0.106268
FixedParameters: 0 0 0

#Transform 42
Transform: AffineTransform_float_3_3
Parameters: 1 -5.70637e-05 0.000299983 5.71964e-05 0.999999 0.00130997 -0.000299064 -0.00130994 0.999999 -0.0562661 -0.350961 -0.112743
FixedParameters: 0 0 0

#Transform 43
Transform: AffineTransform_float_3_3
Parameters: 1 -0.000558486 -0.000282318 0.000559402 0.999999 0.00170051 0.000281375 -0.00170062 0.999998 -0.0352002 -0.165281 0.0104823
FixedParameters: 0 0 0

#Transform 44
Transform: AffineTransform_float_3_3
Parameters: 1 -4.51208e-05 0.000297757 4.48848e-05 0.999998 0.00225111 -0.00029796 -0.00225107 0.999998 -0.0546722 0.00064831 0.024041
FixedParameters: 0 0 0

#Transform 45
Transform: AffineTransform_float_3_3
Parameters: 1 -0.00018598 0.000354629 0.000185117 0.999997 0.00266893 -0.000354666 -0.0026688 0.999997 -0.0541332 -0.116297 -0.00670491
FixedParameters: 0 0 0

#Transform 46
Transform: AffineTransform_float_3_3
Parameters: 1 3.01349e-05 0.000410387 -3.1179e-05 0.999996 0.00262456 -0.000410269 -0.00262479 0.999997 -0.0559398 -0.0626137 -0.0162088
FixedParameters: 0 0 0

#Transform 47
Transform: AffineTransform_float_3_3
Parameters: 1 4.97059e-05 0.000204818 -5.0583e-05 0.999997 0.00241606 -0.00020469 -0.00241608 0.999997 -0.0595299 -0.141309 0.0199863
FixedParameters: 0 0 0

#Transform 48
Transform: AffineTransform_float_3_3
Parameters: 1 -0.000386489 -0.00023803 0.000387718 0.999996 0.00258766 0.000236905 -0.00258786 0.999996 -0.0320471 -0.0274429 0.0341103
FixedParameters: 0 0 0

#Transform 49
Transform: AffineTransform_float_3_3
Parameters: 1 -0.000306867 3.7146e-05 0.000306681 0.999995 0.00296322 -3.81242e-05 -0.00296321 0.999995 -0.0249527 0.243994 -0.00381433
FixedParameters: 0 0 0

#Transform 50
Transform: AffineTransform_float_3_3
Parameters: 1 -0.00032014 0.000421602 0.000318357 0.999994 0.00341955 -0.000422908 -0.00341928 0.999994 -0.0497935 -0.235372 -0.0820077
FixedParameters: 0 0 0

#Transform 51
Transform: AffineTransform_float_3_3
Parameters: 1 -0.000190493 0.000124769 0.000189829 0.999996 0.00280731 -0.000124997 -0.00280728 0.999996 -0.0551216 -0.249981 -0.077036
FixedParameters: 0 0 0

#Transform 52
Transform: AffineTransform_float_3_3
Parameters: 1 -0.000459795 0.000137588 0.000459054 0.999996 0.00281024 -0.00013933 -0.00281013 0.999996 -0.0443607 -0.0715469 0.0116498
FixedParameters: 0 0 0

#Transform 53
Transform: AffineTransform_float_3_3
Parameters: 1 -0.00057963 0.000125546 0.000579806 0.999995 0.00293482 -0.000127003 -0.00293469 0.999995 -0.0516166 -0.00847025 0.0255026
FixedParameters: 0 0 0

#Transform 54
Transform: AffineTransform_float_3_3
Parameters: 1 -0.000226594 0.000344488 0.000225277 0.999994 0.00351119 -0.000345197 -0.00351104 0.999994 -0.0535457 -0.0581256 -0.0434496
FixedParameters: 0 0 0

#Transform 55
Transform: AffineTransform_float_3_3
Parameters: 1 -0.000579459 0.00012571 0.000579632 0.999995 0.00294382 -0.000127176 -0.00294369 0.999995 -0.0693729 -0.174699 -0.0866697
FixedParameters: 0 0 0

#Transform 56
Transform: AffineTransform_float_3_3
Parameters: 1 -0.000411485 -0.000370235 0.000412499 0.999996 0.00281462 0.000369635 -0.00281498 0.999996 -0.0283576 0.0116856 -0.000436768
FixedParameters: 0 0 0

#Transform 57
Transform: AffineTransform_float_3_3
Parameters: 1 -0.000215499 -2.00376e-05 0.000214702 0.999996 0.00306155 1.94084e-05 -0.0030616 0.999996 -0.0304429 0.217437 0.0141467
FixedParameters: 0 0 0

#Transform 58
Transform: AffineTransform_float_3_3
Parameters: 1 -0.000209513 0.000394544 0.000207972 0.999994 0.00330875 -0.000395052 -0.00330881 0.999995 -0.049004 0.036237 -0.0209721
FixedParameters: 0 0 0

#Transform 59
Transform: AffineTransform_float_3_3
Parameters: 1 -1.16571e-05 0.000186875 1.06373e-05 0.999995 0.00322687 -0.000187138 -0.00322686 0.999995 -0.0694961 -0.189493 -0.086696
FixedParameters: 0 0 0

#Transform 60
Transform: AffineTransform_float_3_3
Parameters: 0.999999 0.000707763 0.00109584 -0.000711524 0.999992 0.00373045 -0.00109233 -0.00373114 0.999993 -0.145548 -0.240343 -0.210956
FixedParameters: 0 0 0

#Transform 61
Transform: AffineTransform_float_3_3
Parameters: 1 0.000289703 0.000652746 -0.000292837 0.999991 0.00427059 -0.000651367 -0.00427091 0.99999 -0.0950961 -0.116518 -0.124538
FixedParameters: 0 0 0

#Transform 62
Transform: AffineTransform_float_3_3
Parameters: 1 -0.000245904 0.000128304 0.000244885 0.999989 0.00453991 -0.000128929 -0.00453989 0.999989 -0.05542 0.233269 0.101494
FixedParameters: 0 0 0

#Transform 63
Transform: AffineTransform_float_3_3
Parameters: 1 -0.000414649 0.000248583 0.000412672 0.999991 0.00418581 -0.000250404 -0.00418564 0.999991 -0.0446584 0.123733 0.0823902
FixedParameters: 0 0 0

#Transform 64
Transform: AffineTransform_float_3_3
Parameters: 0.999999 -0.000455272 0.00053899 0.000453142 0.999993 0.0038812 -0.000540609 -0.00388072 0.999993 -0.0568429 0.126976 0.120113
FixedParameters: 0 0 0

#Transform 65
Transform: AffineTransform_float_3_3
Parameters: 1 -0.000241691 0.000530334 0.000239364 0.999991 0.00427232 -0.000531513 -0.00427204 0.99999 -0.0674971 0.00163588 0.114538
FixedParameters: 0 0 0

#Transform 66
Transform: AffineTransform_float_3_3
Parameters: 1 -6.08101e-05 -0.000125741 6.11963e-05 0.999989 0.0045351 0.000125698 -0.00453417 0.99999 -0.0587503 -0.27344 -0.0159965
FixedParameters: 0 0 0

#Transform 67
Transform: AffineTransform_float_3_3
Parameters: 1 -0.000354001 -0.000156623 0.000354716 0.999989 0.00478143 0.000154689 -0.00478136 0.999988 -0.0347269 0.0462168 0.0206949
FixedParameters: 0 0 0

#Transform 68
Transform: AffineTransform_float_3_3
Parameters: 1 -0.000355838 -0.000158378 0.000356507 0.999989 0.00468635 0.000156491 -0.00468651 0.999989 -0.020842 0.0154792 0.0326981
FixedParameters: 0 0 0

#Transform 69
Transform: AffineTransform_float_3_3
Parameters: 1 -0.000189525 -0.000133193 0.000190128 0.999988 0.00501886 0.000132663 -0.00501896 0.999988 -0.0190061 -0.164569 0.00989119
FixedParameters: 0 0 0

#Transform 70
Transform: AffineTransform_float_3_3
Parameters: 1 -9.37392e-05 8.51982e-05 9.42335e-05 0.999987 0.00510903 -8.55486e-05 -0.00510901 0.999987 -0.0219584 -0.104862 0.0248772
FixedParameters: 0 0 0

#Transform 71
Transform: AffineTransform_float_3_3
Parameters: 1 -9.97889e-05 -0.000128079 0.000100291 0.999989 0.00467595 0.000127602 -0.00467601 0.999989 -0.0410557 -0.0808001 -0.028328
FixedParameters: 0 0 0

#Transform 72
Transform: AffineTransform_float_3_3
Parameters: 1 -0.000352599 -0.000155296 0.000353328 0.999988 0.00485429 0.000153283 -0.00485445 0.999988 -0.0436666 -0.2925 -0.0234461
FixedParameters: 0 0 0

#Transform 73
Transform: AffineTransform_float_3_3
Parameters: 1 -0.00035212 -0.000154835 0.000352852 0.999988 0.00487928 0.000152808 -0.00487944 0.999988 -0.0319245 0.0518678 0.00807482
FixedParameters: 0 0 0

#Transform 74
Transform: AffineTransform_float_3_3
Parameters: 1 -0.000371083 7.26209e-05 0.000370497 0.999986 0.00525959 -7.40781e-05 -0.00525959 0.999986 -0.0367721 -0.0732838 -0.0279249
FixedParameters: 0 0 0

#Transform 75
Transform: AffineTransform_float_3_3
Parameters: 1 -0.000251807 -0.000147061 0.000252356 0.99999 0.00462115 0.000146182 -0.00462128 0.99999 -0.0274083 -0.00518895 0.00444718
FixedParameters: 0 0 0

#Transform 76
Transform: AffineTransform_float_3_3
Parameters: 1 -0.000355685 -0.000158231 0.000356355 0.999989 0.00469434 0.000156339 -0.00469451 0.999989 -0.0256008 0.0731482 0.0350283
FixedParameters: 0 0 0

#Transform 77
Transform: AffineTransform_float_3_3
Parameters: 1 -0.000349862 -0.000152672 0.000350641 0.999988 0.00499635 0.000150589 -0.00499628 0.999987 -0.0296976 -0.112023 0.00241758
FixedParameters: 0 0 0

#Transform 78
Transform: AffineTransform_float_3_3
Parameters: 1 -0.000175614 -0.000134037 0.000176148 0.999988 0.00486456 0.000133739 -0.00486466 0.999988 -0.0377299 -0.0572063 -0.0230185
FixedParameters: 0 0 0

#Transform 79
Transform: AffineTransform_float_3_3
Parameters: 1 -0.000372544 2.36219e-05 0.000371532 0.999988 0.00491638 -2.58669e-05 -0.00491642 0.999988 -0.0377785 -0.19204 0.0181588
FixedParameters: 0 0 0

#Transform 80
Transform: AffineTransform_float_3_3
Parameters: 1 -0.000474678 0.000432586 0.00047256 0.999988 0.00486187 -0.000434444 -0.00486147 0.999988 -0.0460302 -0.00967846 0.0625702
FixedParameters: 0 0 0

#Transform 81
Transform: AffineTransform_float_3_3
Parameters: 1 -0.000350329 0.000226661 0.000348365 0.999989 0.00472616 -0.000228398 -0.00472604 0.999989 -0.0531616 -0.0425848 0.038635
FixedParameters: 0 0 0

#Transform 82
Transform: AffineTransform_float_3_3
Parameters: 1 -7.53481e-05 0.000106295 7.4657e-05 0.99999 0.00448005 -0.000106356 -0.00448004 0.99999 -0.0398686 -0.109862 0.0387813
FixedParameters: 0 0 0

#Transform 83
Transform: AffineTransform_float_3_3
Parameters: 1 0.000785817 0.00101799 -0.000790574 0.999988 0.00468886 -0.00101448 -0.00468933 0.999988 -0.100961 -0.422625 -0.125461
FixedParameters: 0 0 0

#Transform 84
Transform: AffineTransform_float_3_3
Parameters: 1 0.000562048 0.000336304 -0.000563664 0.999988 0.00490458 -0.000333113 -0.00490489 0.999988 -0.0756434 -0.199551 -0.177296
FixedParameters: 0 0 0

#Transform 85
Transform: AffineTransform_float_3_3
Parameters: 1 6.25551e-05 -0.000303831 -6.15328e-05 0.99999 0.00451212 0.000304774 -0.00451213 0.99999 -0.0271643 0.345265 0.069309
FixedParameters: 0 0 0

#Transform 86
Transform: AffineTransform_float_3_3
Parameters: 1 -0.000139523 8.85019e-06 0.000139802 0.999987 0.00508631 -9.77478e-06 -0.00508632 0.999987 -0.0427605 0.152346 -0.00583304
FixedParameters: 0 0 0

#Transform 87
Transform: AffineTransform_float_3_3
Parameters: 1 -0.000330121 4.39894e-05 0.000329917 0.999986 0.00517831 -4.59186e-05 -0.00517831 0.999986 -0.0584291 -0.0405308 0.025495
FixedParameters: 0 0 0

#Transform 88
Transform: AffineTransform_float_3_3
Parameters: 1 7.68191e-06 -8.56215e-05 -6.31859e-06 0.999987 0.0051323 8.51969e-05 -0.00513229 0.999987 -0.0516574 0.0343028 0.0442378
FixedParameters: 0 0 0

#Transform 89
Transform: AffineTransform_float_3_3
Parameters: 1 -0.000320758 -4.66396e-05 0.000321487 0.999987 0.00511079 4.4846e-05 -0.00511085 0.999987 -0.048791 -0.216608 -0.00888234
FixedParameters: 0 0 0

#Transform 90
Transform: AffineTransform_float_3_3
Parameters: 1 -0.000269645 -0.000347442 0.000272101 0.999983 0.00581662 0.000345399 -0.00581687 0.999983 -0.0293127 -0.0609774 -0.0338772
FixedParameters: 0 0 0

#Transform 91
Transform: AffineTransform_float_3_3
Parameters: 1 -0.000264443 -0.00037456 0.000267175 0.999982 0.00590705 0.000373521 -0.00590733 0.999982 -0.045125 -0.16022 -0.0944043
FixedParameters: 0 0 0

#Transform 92
Transform: AffineTransform_float_3_3
Parameters: 1 2.6411e-06 -0.0004344 -5.02502e-07 0.999986 0.005399 0.00043451 -0.00539808 0.999986 -0.0239755 -0.0438687 -0.063161
FixedParameters: 0 0 0

#Transform 93
Transform: AffineTransform_float_3_3
Parameters: 1 -0.000291867 -0.00016837 0.000293112 0.999984 0.00578072 0.000167203 -0.00578088 0.999984 -0.040828 -0.125942 -0.0520705
FixedParameters: 0 0 0

#Transform 94
Transform: AffineTransform_float_3_3
Parameters: 1 -0.000311561 -3.78128e-05 0.000312346 0.999985 0.00559062 3.56989e-05 -0.00559068 0.999985 -0.0569846 -0.0982434 -0.0476966
FixedParameters: 0 0 0

#Transform 95
Transform: AffineTransform_float_3_3
Parameters: 1 -0.000114224 -0.00018037 0.000115728 0.999985 0.00558953 0.000179353 -0.0055896 0.999985 -0.0493943 -0.0584874 -0.0125035
FixedParameters: 0 0 0

#Transform 96
Transform: AffineTransform_float_3_3
Parameters: 1 -0.000306652 -3.30716e-05 0.000307437 0.999983 0.00584753 3.08167e-05 -0.00584758 0.999983 -0.0529999 -0.123469 -0.0399556
FixedParameters: 0 0 0

#Transform 97
Transform: AffineTransform_float_3_3
Parameters: 1 -2.22235e-05 -4.74409e-05 2.31862e-05 0.999986 0.00540626 4.76152e-05 -0.00540627 0.999986 -0.0521204 -0.0563735 -0.0390386
FixedParameters: 0 0 0

#Transform 98
Transform: AffineTransform_float_3_3
Parameters: 1 -0.000289928 -0.000122227 0.000290798 0.999981 0.00612895 0.000120806 -0.00612908 0.999981 -0.0444238 0.0562462 -0.0260011
FixedParameters: 0 0 0

#Transform 99
Transform: AffineTransform_float_3_3
Parameters: 1 -0.000247844 0.000260631 0.000246146 0.999982 0.00600603 -0.000262186 -0.00600591 0.999982 -0.0663587 -0.106954 -0.036872
FixedParameters: 0 0 0

#Transform 100
Transform: AffineTransform_float_3_3
Parameters: 1 -0.00033152 0.000110189 0.000331522 0.999985 0.00548424 -0.000111306 -0.0054842 0.999985 -0.0635099 -0.0732554 0.0389246
FixedParameters: 0 0 0

#Transform 101
Transform: AffineTransform_float_3_3
Parameters: 1 -0.000559381 0.000206461 0.000558194 0.999984 0.00558998 -0.000209193 -0.00558958 0.999984 -0.0684093 0.0193472 0.0532421
FixedParameters: 0 0 0

#Transform 102
Transform: AffineTransform_float_3_3
Parameters: 1 -0.000375752 0.000465982 0.000373428 0.999982 0.00607777 -0.000467942 -0.00607742 0.999982 -0.0719633 -0.043798 0.0328126
FixedParameters: 0 0 0

#Transform 103
Transform: AffineTransform_float_3_3
Parameters: 1 -2.883e-05 0.000654764 2.47016e-05 0.999983 0.00582838 -0.000654392 -0.0058283 0.999983 -0.0798602 -0.244843 -0.00125693
FixedParameters: 0 0 0

#Transform 104
Transform: AffineTransform_float_3_3
Parameters: 1 -6.83554e-05 0.00103167 6.3379e-05 0.999987 0.00496571 -0.00103123 -0.00496573 0.999987 -0.101198 -0.314316 -0.0837673
FixedParameters: 0 0 0

#Transform 105
Transform: AffineTransform_float_3_3
Parameters: 1 0.000161774 0.000697678 -0.00016479 0.999989 0.00467342 -0.000697223 -0.00467357 0.999989 -0.0823911 -0.181398 -0.0692975
FixedParameters: 0 0 0

#Transform 106
Transform: AffineTransform_float_3_3
Parameters: 1 -0.000335253 8.27726e-05 0.000334564 0.999986 0.00524872 -8.38451e-05 -0.00524872 0.999986 -0.0415119 0.244324 0.13714
FixedParameters: 0 0 0

#Transform 107
Transform: AffineTransform_float_3_3
Parameters: 1 -0.000468372 0.000370911 0.000466282 0.999983 0.00568015 -0.000372633 -0.00567984 0.999984 -0.0497248 0.179813 0.103538
FixedParameters: 0 0 0

#Transform 108
Transform: AffineTransform_float_3_3
Parameters: 1 -0.000558422 0.000204914 0.000557178 0.999982 0.00586597 -0.000208023 -0.0058658 0.999983 -0.0524442 0.0363558 0.0997812
FixedParameters: 0 0 0

#Transform 109
Transform: AffineTransform_float_3_3
Parameters: 1 -0.000555656 0.000165456 0.00055493 0.999983 0.00577163 -0.000168445 -0.00577247 0.999984 -0.0535745 -0.105412 0.0546338
FixedParameters: 0 0 0

#Transform 110
Transform: AffineTransform_float_3_3
Parameters: 1 -0.000350284 0.00017669 0.000349627 0.999984 0.00568744 -0.000179183 -0.00568733 0.999984 -0.0572295 -0.0612748 0.0242101
FixedParameters: 0 0 0

#Transform 111
Transform: AffineTransform_float_3_3
Parameters: 0.999999 -0.000715376 -0.000163659 0.000716231 0.999984 0.00559954 0.00015988 -0.00559988 0.999985 -0.0388164 -0.0905203 0.0347107
FixedParameters: 0 0 0

#Transform 112
Transform: AffineTransform_float_3_3
Parameters: 1 -0.000861001 0.000244596 0.000859032 0.999982 0.00602625 -0.000249552 -0.00602667 0.999982 -0.0503454 0.10042 0.0421017
FixedParameters: 0 0 0

#Transform 113
Transform: AffineTransform_float_3_3
Parameters: 0.999999 -0.00076568 0.000358986 0.000763364 0.999981 0.00623044 -0.000364059 -0.00623069 0.99998 -0.0470814 0.0177207 0.0345691
FixedParameters: 0 0 0

#Transform 114
Transform: AffineTransform_float_3_3
Parameters: 1 -0.000566171 0.000324849 0.000564379 0.99998 0.00618206 -0.000328366 -0.00618172 0.999981 -0.0529653 -0.00949315 0.00387147
FixedParameters: 0 0 0

#Transform 115
Transform: AffineTransform_float_3_3
Parameters: 1 -0.000576628 0.00030586 0.000574449 0.999985 0.00557439 -0.000309796 -0.00557407 0.999985 -0.0510668 -0.0916472 0.0397054
FixedParameters: 0 0 0

#Transform 116
Transform: AffineTransform_float_3_3
Parameters: 0.999999 -0.000853658 -0.000134189 0.000855277 0.999982 0.00603389 0.000129149 -0.006034 0.999982 -0.02983 -0.00686046 0.0416183
FixedParameters: 0 0 0

#Transform 117
Transform: AffineTransform_float_3_3
Parameters: 0.999999 -0.000859961 6.17666e-05 0.000859199 0.99998 0.00618142 -6.71636e-05 -0.00618142 0.999981 -0.0282586 -6.62172e-05 0.0255487
FixedParameters: 0 0 0

#Transform 118
Transform: AffineTransform_float_3_3
Parameters: 1 -0.000429964 0.000295722 0.00042855 0.999981 0.00616896 -0.000297546 -0.00616874 0.999981 -0.0488487 0.0526236 -0.000259146
FixedParameters: 0 0 0

#Transform 119
Transform: AffineTransform_float_3_3
Parameters: 0.999999 -0.000853491 0.000123734 0.000852099 0.999983 0.005648 -0.000129015 -0.00564788 0.999984 -0.0491281 -0.137521 0.0417173
FixedParameters: 0 0 0

#Transform 120
Transform: AffineTransform_float_3_3
Parameters: 1 -0.000930245 4.02857e-06 0.000930047 0.999981 0.00605586 -8.99153e-06 -0.00605576 0.999981 -0.0365245 0.0577095 0.0798042
FixedParameters: 0 0 0

#Transform 121
Transform: AffineTransform_float_3_3
Parameters: 0.999999 -0.000847356 0.000175948 0.00084619 0.99998 0.00623528 -0.00018116 -0.00623484 0.99998 -0.0453832 -0.00992948 0.0548137
FixedParameters: 0 0 0

#Transform 122
Transform: AffineTransform_float_3_3
Parameters: 1 -0.000515037 0.000359095 0.000512831 0.999981 0.00617444 -0.000361969 -0.00617411 0.999981 -0.0569665 -0.0137636 0.0241726
FixedParameters: 0 0 0

#Transform 123
Transform: AffineTransform_float_3_3
Parameters: 1 -0.000555698 0.000130574 0.000555356 0.999985 0.00547815 -0.000133149 -0.00547806 0.999985 -0.0436947 -0.183493 0.0590983
FixedParameters: 0 0 0

#Transform 124
Transform: AffineTransform_float_3_3
Parameters: 0.999999 -0.000791201 4.65033e-05 0.000790619 0.999982 0.00596431 -5.06697e-05 -0.00596435 0.999983 -0.0366247 0.0325931 0.0685325
FixedParameters: 0 0 0

#Transform 125
Transform: AffineTransform_float_3_3
Parameters: 1 -0.000593761 0.000177761 0.000591815 0.999981 0.00613723 -0.000181793 -0.00613708 0.999981 -0.0307584 0.22462 0.0832111
FixedParameters: 0 0 0

#Transform 126
Transform: AffineTransform_float_3_3
Parameters: 0.999999 -0.000680462 0.00037987 0.000678126 0.999982 0.00594619 -0.000384437 -0.00594571 0.999983 -0.0447012 0.100609 0.0487821
FixedParameters: 0 0 0

#Transform 127
Transform: AffineTransform_float_3_3
Parameters: 0.999999 -0.000713494 0.00049636 0.000710589 0.999982 0.00604688 -0.00050035 -0.00604599 0.999981 -0.0515206 -0.0659148 0.0657333
FixedParameters: 0 0 0

#Transform 128
Transform: AffineTransform_float_3_3
Parameters: 1 -0.000520773 0.000424437 0.000517941 0.999982 0.00608244 -0.000428233 -0.00608179 0.999981 -0.0508191 0.0847605 0.0832498
FixedParameters: 0 0 0

#Transform 129
Transform: AffineTransform_float_3_3
Parameters: 0.999999 -0.000726096 0.000305256 0.000724432 0.999981 0.00622563 -0.000309817 -0.00622501 0.99998 -0.0581746 0.0769082 0.114696
FixedParameters: 0 0 0

#Transform 130
Transform: AffineTransform_float_3_3
Parameters: 0.999999 -0.000669069 0.00052182 0.000665469 0.999978 0.00649059 -0.000525979 -0.00648993 0.999979 -0.0567272 0.137741 0.103687
FixedParameters: 0 0 0

#Transform 131
Transform: AffineTransform_float_3_3
Parameters: 1 -0.000465694 0.0003566 0.000463439 0.999978 0.00659168 -0.00036036 -0.00659136 0.999978 -0.0493679 -0.0183512 0.0778863
FixedParameters: 0 0 0

#Transform 132
Transform: AffineTransform_float_3_3
Parameters: 0.999999 -0.000638607 0.000402423 0.000636151 0.999984 0.005716 -0.000406119 -0.0057153 0.999983 -0.0553889 -0.15668 0.0892606
FixedParameters: 0 0 0

#Transform 133
Transform: AffineTransform_float_3_3
Parameters: 0.999999 -0.000630299 0.000415995 0.000628382 0.99998 0.00619167 -0.000420216 -0.00619214 0.99998 -0.0454131 -0.0429982 0.107739
FixedParameters: 0 0 0

#Transform 134
Transform: AffineTransform_float_3_3
Parameters: 0.999999 -0.000774927 0.000307764 0.000772772 0.999974 0.0070827 -0.000313498 -0.00708229 0.999975 -0.043209 -0.183935 0.094575
FixedParameters: 0 0 0

#Transform 135
Transform: AffineTransform_float_3_3
Parameters: 1 -0.000127932 0.000495925 0.000124561 0.999982 0.00596033 -0.000496898 -0.00596018 0.999982 -0.0507105 -0.16351 0.0536087
FixedParameters: 0 0 0

#Transform 136
Transform: AffineTransform_float_3_3
Parameters: 1 -0.000538189 0.000233647 0.000536769 0.999984 0.00574613 -0.00023734 -0.00574569 0.999983 -0.0450552 -0.0589011 0.0903016
FixedParameters: 0 0 0

#Transform 137
Transform: AffineTransform_float_3_3
Parameters: 1 -0.000565393 0.000248407 0.000564459 0.999978 0.00650055 -0.000252355 -0.0065003 0.999979 -0.0288207 0.304673 0.153155
FixedParameters: 0 0 0

#Transform 138
Transform: AffineTransform_float_3_3
Parameters: 1 -0.00052301 0.000385339 0.000520267 0.999978 0.00661728 -0.000388899 -0.00661789 0.999978 -0.0402703 0.0812795 0.123789
FixedParameters: 0 0 0

#Transform 139
Transform: AffineTransform_float_3_3
Parameters: 1 -0.000266052 0.000264041 0.000264157 0.999981 0.00616537 -0.000264944 -0.00616526 0.999981 -0.0406051 -0.016709 0.0679383
FixedParameters: 0 0 0

#Transform 140
Transform: AffineTransform_float_3_3
Parameters: 0.999999 -0.000694318 0.00010116 0.000693116 0.999979 0.00651978 -0.000105048 -0.00651953 0.999979 -0.0234665 -0.023183 0.124073
FixedParameters: 0 0 0

#Transform 141
Transform: AffineTransform_float_3_3
Parameters: 1 -0.000521589 0.0002558 0.000519446 0.999975 0.00694871 -0.000259866 -0.00694849 0.999976 -0.0278941 0.143463 0.134123
FixedParameters: 0 0 0

#Transform 142
Transform: AffineTransform_float_3_3
Parameters: 0.999999 -0.000656392 0.000140735 0.000654753 0.999975 0.0070144 -0.000145923 -0.0070143 0.999976 -0.0266241 -0.187945 0.0902284
FixedParameters: 0 0 0

#Transform 143
Transform: AffineTransform_float_3_3
Parameters: 0.999999 -0.000591946 0.000319084 0.000589874 0.999977 0.00684089 -0.000322895 -0.00684057 0.999977 -0.0429812 -0.152884 0.0665691
FixedParameters: 0 0 0

#Transform 144
Transform: AffineTransform_float_3_3
Parameters: 1 -0.000458849 0.000461218 0.000456043 0.999977 0.00665566 -0.000463835 -0.00665525 0.999978 -0.0367735 0.0362802 0.125513
FixedParameters: 0 0 0

#Transform 145
Transform: AffineTransform_float_3_3
Parameters: 0.999999 -0.000489453 0.000543077 0.00048583 0.99998 0.00633664 -0.000545709 -0.00633613 0.99998 -0.0504987 -0.192771 0.0884109
FixedParameters: 0 0 0

#Transform 146
Transform: AffineTransform_float_3_3
Parameters: 0.999999 -0.000819312 0.000164858 0.000818295 0.999981 0.00621193 -0.000169683 -0.00621153 0.999981 -0.0250743 -0.0771706 0.107099
FixedParameters: 0 0 0

#Transform 147
Transform: AffineTransform_float_3_3
Parameters: 0.999999 -0.000821439 0.000284554 0.000819702 0.999976 0.00679692 -0.000290404 -0.00679652 0.999977 -0.0435241 -0.0205861 0.108832
FixedParameters: 0 0 0

#Transform 148
Transform: AffineTransform_float_3_3
Parameters: 0.999999 -0.000485682 0.000537642 0.000482089 0.999979 0.00653485 -0.000541445 -0.0065341 0.999978 -0.04759 -0.0793186 0.060901
FixedParameters: 0 0 0

#Transform 149
Transform: AffineTransform_float_3_3
Parameters: 0.999999 -0.000679468 0.000200657 0.000678021 0.999977 0.00664664 -0.000205443 -0.00664644 0.999978 -0.0261861 0.0532027 0.107079
FixedParameters: 0 0 0

#Transform 150
Transform: AffineTransform_float_3_3
Parameters: 1 -0.000503977 0.00036489 0.000501363 0.999976 0.00683234 -0.000368439 -0.00683201 0.999976 -0.0304799 0.19865 0.132728
FixedParameters: 0 0 0

#Transform 151
Transform: AffineTransform_float_3_3
Parameters: 0.999999 -0.000796119 3.96645e-05 0.000795708 0.999978 0.00659575 -4.50485e-05 -0.00659579 0.999979 -0.0258644 0.0475091 0.115129
FixedParameters: 0 0 0

#Transform 152
Transform: AffineTransform_float_3_3
Parameters: 0.999999 -0.000663285 0.000211137 0.000661508 0.999974 0.00718733 -0.000215583 -0.00718713 0.999974 -0.0198398 0.181514 0.1654
FixedParameters: 0 0 0

#Transform 153
Transform: AffineTransform_float_3_3
Parameters: 1 -0.000562842 0.000122383 0.000562578 0.999982 0.00609376 -0.000125841 -0.00609345 0.999981 -0.0238198 -0.10434 0.0776533
FixedParameters: 0 0 0

#Transform 154
Transform: AffineTransform_float_3_3
Parameters: 0.999999 -0.000769406 -0.000281098 0.000770927 0.999982 0.00603992 0.000275846 -0.00604025 0.999982 -0.0138356 -0.0689034 0.106801
FixedParameters: 0 0 0

#Transform 155
Transform: AffineTransform_float_3_3
Parameters: 1 -0.000555531 -5.98623e-05 0.000555785 0.999973 0.0072512 5.56601e-05 -0.00725137 0.999973 -0.0126816 0.0937351 0.175722
FixedParameters: 0 0 0

#Transform 156
Transform: AffineTransform_float_3_3
Parameters: 1 -0.000261246 0.000235158 0.000260645 0.999976 0.0068971 -0.000237461 -0.00689696 0.999976 -0.0156838 0.110559 0.129644
FixedParameters: 0 0 0

#Transform 157
Transform: AffineTransform_float_3_3
Parameters: 1 -7.8946e-05 0.000514763 7.51481e-05 0.999981 0.0061961 -0.000515223 -0.00619599 0.99998 -0.0283519 -0.23043 0.0149992
FixedParameters: 0 0 0

#Transform 158
Transform: AffineTransform_float_3_3
Parameters: 1 -0.000618521 8.48945e-05 0.000617722 0.999982 0.00605848 -8.90975e-05 -0.00605821 0.999981 -0.00792639 -0.0366339 0.125485
FixedParameters: 0 0 0

#Transform 159
Transform: AffineTransform_float_3_3
Parameters: 1 -0.000495126 -5.93724e-05 0.000495527 0.999971 0.00758117 5.56036e-05 -0.00758133 0.999972 0.00650907 0.0999051 0.233277
FixedParameters: 0 0 0

#Transform 160
Transform: AffineTransform_float_3_3
Parameters: 1 -0.000361272 -6.37267e-05 0.000362164 0.999966 0.00830209 6.02826e-05 -0.00830199 0.999965 0.00793648 0.071061 0.207414
FixedParameters: 0 0 0

#Transform 161
Transform: AffineTransform_float_3_3
Parameters: 1 -0.000500038 -0.000268434 0.000502731 0.999968 0.00790418 0.000265067 -0.00790361 0.999969 0.0116498 0.00284635 0.202671
FixedParameters: 0 0 0

#Transform 162
Transform: AffineTransform_float_3_3
Parameters: 1 2.63328e-05 9.94624e-05 -2.67821e-05 0.999962 0.00865572 -9.9423e-05 -0.00865572 0.999962 -0.00272861 0.0471221 0.200667
FixedParameters: 0 0 0

#Transform 163
Transform: AffineTransform_float_3_3
Parameters: 1 7.57077e-05 -7.27031e-05 -7.533e-05 0.999966 0.00823486 7.34136e-05 -0.00823488 0.999966 9.2379e-05 -0.0611495 0.149282
FixedParameters: 0 0 0

#Transform 164
Transform: AffineTransform_float_3_3
Parameters: 1 -0.000346305 -0.000456765 0.000349776 0.999971 0.00761666 0.000454877 -0.00761615 0.999971 0.0178372 -0.146256 0.110855
FixedParameters: 0 0 0

#Transform 165
Transform: AffineTransform_float_3_3
Parameters: 1 -0.000359931 -0.000200462 0.00036159 0.999959 0.00913075 0.000196891 -0.00913102 0.999959 0.00695101 -0.0649286 0.163742
FixedParameters: 0 0 0

#Transform 166
Transform: AffineTransform_float_3_3
Parameters: 1 -0.000387466 0.000120978 0.000386223 0.999971 0.0075158 -0.000123891 -0.00751577 0.999972 -0.00234981 0.0584275 0.126137
FixedParameters: 0 0 0

#Transform 167
Transform: AffineTransform_float_3_3
Parameters: 1 -0.000293483 0.000103528 0.00029263 0.999974 0.00728626 -0.000105852 -0.00728624 0.999974 0.00048783 0.121574 0.159712
FixedParameters: 0 0 0

#Transform 168
Transform: AffineTransform_float_3_3
Parameters: 1 -0.000158533 0.000147876 0.000157121 0.999968 0.00801211 -0.000149642 -0.00801208 0.999968 -0.00118792 0.108339 0.19192
FixedParameters: 0 0 0

#Transform 169
Transform: AffineTransform_float_3_3
Parameters: 1 -0.000329196 6.57891e-05 0.000328952 0.999968 0.00790285 -6.91965e-05 -0.00790284 0.999969 -0.0182917 0.0245142 0.178337
FixedParameters: 0 0 0

#Transform 170
Transform: AffineTransform_float_3_3
Parameters: 1 -0.000369505 7.50548e-05 0.000369048 0.999967 0.00809752 -7.83252e-05 -0.00809752 0.999967 -0.0109304 -0.221505 0.153812
FixedParameters: 0 0 0

#Transform 171
Transform: AffineTransform_float_3_3
Parameters: 1 -0.000200602 8.13748e-05 0.000200113 0.999976 0.00683773 -8.30079e-05 -0.00683773 0.999976 -0.0151358 -0.178005 0.0939989
FixedParameters: 0 0 0

#Transform 172
Transform: AffineTransform_float_3_3
Parameters: 0.999999 -1.413e-05 0.00130041 5.33794e-06 0.999977 0.00675223 -0.00130051 -0.00675228 0.999977 -0.0856288 -0.26659 0.0599728
FixedParameters: 0 0 0

#Transform 173
Transform: AffineTransform_float_3_3
Parameters: 0.999999 -0.000531479 0.000730914 0.000525727 0.99997 0.00769352 -0.000734661 -0.00769274 0.99997 -0.0478766 -0.104521 0.19632
FixedParameters: 0 0 0

#Transform 174
Transform: AffineTransform_float_3_3
Parameters: 1 -0.000342069 0.000201321 0.000340213 0.99995 0.00997933 -0.00020397 -0.00997926 0.99995 -0.029687 0.109317 0.365509
FixedParameters: 0 0 0

#Transform 175
Transform: AffineTransform_float_3_3
Parameters: 1 -0.000515774 0.000345042 0.000511831 0.999948 0.0102352 -0.000350366 -0.0102347 0.999947 -0.036365 -0.0403875 0.322592
FixedParameters: 0 0 0

#Transform 176
Transform: AffineTransform_float_3_3
Parameters: 0.999999 -0.000581003 0.000561776 0.000576055 0.999953 0.00960623 -0.00056713 -0.0096056 0.999954 -0.0538148 -0.0298131 0.286538
FixedParameters: 0 0 0

#Transform 177
Transform: AffineTransform_float_3_3
Parameters: 1 -0.000483859 0.000180475 0.000481296 0.999952 0.00977733 -0.000184796 -0.00977727 0.999952 -0.0363226 0.0213351 0.286032
FixedParameters: 0 0 0

#Transform 178
Transform: AffineTransform_float_3_3
Parameters: 1 -0.000345283 -6.11942e-05 0.000345493 0.999957 0.00934499 5.77939e-05 -0.00934513 0.999957 -0.0216988 -0.153689 0.202671
FixedParameters: 0 0 0

#Transform 179
Transform: AffineTransform_float_3_3
Parameters: 1 -0.000712329 -0.000734036 0.000720516 0.999938 0.0110546 0.000725813 -0.011055 0.999939 0.0107904 -0.119673 0.232581
FixedParameters: 0 0 0

#Transform 180
Transform: AffineTransform_float_3_3
Parameters: 1 -0.000847066 0.000102986 0.000846083 0.999887 0.0150446 -0.00011586 -0.0150444 0.999887 0.0499382 -0.34901 0.393989
FixedParameters: 0 0 0

#Transform 181
Transform: AffineTransform_float_3_3
Parameters: 0.999999 -0.000701282 -0.000173355 0.000702044 0.999958 0.00911273 0.000166619 -0.00911196 0.999958 0.044426 -0.0607408 0.181058
FixedParameters: 0 0 0

#Transform 182
Transform: AffineTransform_float_3_3
Parameters: 1 -0.000724767 -0.000172741 0.000726641 0.999956 0.00933627 0.000165303 -0.00933646 0.999956 0.0498303 -0.156192 0.191515
FixedParameters: 0 0 0

#Transform 183
Transform: AffineTransform_float_3_3
Parameters: 1 -0.000568487 -0.000151461 0.000570186 0.999955 0.00946187 0.000145703 -0.00946122 0.999956 0.0528884 0.00707238 0.249164
FixedParameters: 0 0 0

#Transform 184
Transform: AffineTransform_float_3_3
Parameters: 0.999999 -0.000589019 -0.000163491 0.000590555 0.99996 0.00885927 0.000158272 -0.00885961 0.999961 0.032641 -0.162972 0.203669
FixedParameters: 0 0 0

#Transform 185
Transform: AffineTransform_float_3_3
Parameters: 0.999999 -0.000628825 -0.000154722 0.000630679 0.999953 0.00972928 0.00014839 -0.00972942 0.999952 0.0221341 0.0505806 0.294601
FixedParameters: 0 0 0

#Transform 186
Transform: AffineTransform_float_3_3
Parameters: 0.999999 -0.000736431 4.49265e-05 0.000736317 0.999947 0.0103329 -5.22389e-05 -0.0103328 0.999946 0.0246292 0.118568 0.324801
FixedParameters: 0 0 0

#Transform 187
Transform: AffineTransform_float_3_3
Parameters: 0.999999 -0.000508856 0.000451269 0.000504543 0.999944 0.0105231 -0.00045663 -0.0105227 0.999944 0.0041912 -0.147785 0.298613
FixedParameters: 0 0 0

#Transform 188
Transform: AffineTransform_float_3_3
Parameters: 1 -0.000536315 -0.000136551 0.000538192 0.999949 0.0101524 0.000130419 -0.0101524 0.999948 0.0278891 -0.0630415 0.319736
FixedParameters: 0 0 0

#Transform 189
Transform: AffineTransform_float_3_3
Parameters: 1 -0.000454556 0.000360718 0.000451416 0.999948 0.0101716 -0.000365623 -0.0101713 0.999949 0.0142189 0.0798048 0.352903
FixedParameters: 0 0 0

#Transform 190
Transform: AffineTransform_float_3_3
Parameters: 0.999999 -0.000606987 0.000508036 0.000602394 0.999958 0.00915255 -0.000513305 -0.00915198 0.999958 0.00640198 -0.031617 0.273433
FixedParameters: 0 0 0

#Transform 191
Transform: AffineTransform_float_3_3
Parameters: 0.999999 -0.000354828 0.000692324 0.00034981 0.999969 0.00777379 -0.000695415 -0.00777423 0.999969 -0.0217988 -0.111851 0.186132
FixedParameters: 0 0 0

#Transform 192
Transform: AffineTransform_float_3_3
Parameters: 0.999999 -0.000652432 -4.05931e-05 0.000652792 0.999959 0.00909744 3.49837e-05 -0.00909742 0.999958 0.0302635 0.102932 0.289338
FixedParameters: 0 0 0

#Transform 193
Transform: AffineTransform_float_3_3
Parameters: 0.999999 -0.000667148 9.42607e-05 0.000666065 0.999958 0.0091382 -0.000100122 -0.00913918 0.999958 0.0341406 0.195929 0.349103
FixedParameters: 0 0 0

#Transform 194
Transform: AffineTransform_float_3_3
Parameters: 1 -0.000440239 0.000301379 0.000436434 0.999953 0.00968825 -0.000305598 -0.00968806 0.999953 0.0261724 0.0996383 0.356235
FixedParameters: 0 0 0

#Transform 195
Transform: AffineTransform_float_3_3
Parameters: 0.999999 -0.000541066 0.000728227 0.000534094 0.999954 0.0095594 -0.000733623 -0.00955861 0.999954 0.00843857 -0.0948344 0.326488
FixedParameters: 0 0 0

#Transform 196
Transform: AffineTransform_float_3_3
Parameters: 1 -0.000465651 0.000478701 0.000461578 0.999956 0.00937742 -0.000482666 -0.009377 0.999956 0.0138597 -0.123016 0.306977
FixedParameters: 0 0 0

#Transform 197
Transform: AffineTransform_float_3_3
Parameters: 1 -0.000169645 -5.16175e-05 0.000169383 0.999967 0.00809705 5.03624e-05 -0.00809714 0.999967 0.0368327 0.0218148 0.21778
FixedParameters: 0 0 0

#Transform 198
Transform: AffineTransform_float_3_3
Parameters: 1 -0.00056123 0.000217599 0.000558954 0.999956 0.00929097 -0.000222587 -0.00929082 0.999957 0.0206071 -0.0884288 0.228459
FixedParameters: 0 0 0

#Transform 199
Transform: AffineTransform_float_3_3
Parameters: 1 -0.000312673 0.00011934 0.000311513 0.999954 0.00960414 -0.000122128 -0.00960413 0.999954 0.0273624 0.164573 0.267417
FixedParameters: 0 0 0
