#!ascii label  , from subject sub-v1s14x0051572_ses-1 vox2ras=TkReg
1101
57075  28.820  -25.306  14.445 0.0000000000
153369  40.379  -6.572  1.497 0.0000000000
65259  32.676  -17.612  8.294 0.0000000000
45557  11.573  -37.456  27.675 0.0000000000
55971  22.713  -26.125  22.150 0.0000000000
69527  33.633  -13.865  6.808 0.0000000000
46677  18.209  -36.496  21.523 0.0000000000
44552  15.984  -39.166  25.766 0.0000000000
47690  22.169  -35.273  19.356 0.0000000000
138993  43.941  -5.107  0.459 0.0000000000
61292  31.580  -21.773  15.582 0.0000000000
63259  31.371  -19.865  12.082 0.0000000000
59304  34.367  -23.325  15.181 0.0000000000
83113  41.271  -0.616  2.223 0.0000000000
83153  43.323  -0.524  -2.544 0.0000000000
75916  37.769  -7.391  4.815 0.0000000000
152562  42.163  -11.895  2.531 0.0000000000
147506  37.925  -13.313  4.277 0.0000000000
65271  38.484  -17.719  7.531 0.0000000000
55009  27.530  -27.858  19.584 0.0000000000
42596  10.378  -40.537  31.305 0.0000000000
42558  7.261  -40.241  34.535 0.0000000000
43479  7.074  -39.019  39.239 0.0000000000
59262  24.302  -23.646  18.381 0.0000000000
52248  24.964  -30.657  18.927 0.0000000000
67222  28.783  -15.108  12.018 0.0000000000
141898  33.228  -16.413  13.403 0.0000000000
87776  46.594  4.357  -4.335 0.0000000000
76990  42.257  -6.150  0.631 0.0000000000
74927  43.577  -8.315  1.419 0.0000000000
59306  30.519  -23.853  14.644 0.0000000000
60335  32.415  -23.021  13.591 0.0000000000
57071  31.511  -25.256  14.359 0.0000000000
78002  39.970  -5.270  2.238 0.0000000000
149214  41.602  -2.941  3.240 0.0000000000
80137  40.999  -3.842  0.903 0.0000000000
150455  42.094  -2.935  0.369 0.0000000000
131023  5.755  -41.505  39.652 0.0000000000
72867  37.715  -10.750  4.483 0.0000000000
71760  35.817  -10.647  6.150 0.0000000000
149922  33.382  -15.958  6.701 0.0000000000
66268  35.435  -15.978  5.526 0.0000000000
65274  35.782  -17.880  7.207 0.0000000000
147987  35.634  -18.626  10.341 0.0000000000
44555  13.444  -38.153  26.421 0.0000000000
42648  15.817  -40.236  27.803 0.0000000000
43577  13.401  -39.640  28.297 0.0000000000
42607  12.721  -40.550  30.608 0.0000000000
44507  10.491  -38.997  29.709 0.0000000000
44473  8.242  -38.588  33.661 0.0000000000
43492  7.217  -39.461  36.530 0.0000000000
58146  22.951  -24.560  20.490 0.0000000000
55029  23.402  -27.119  18.245 0.0000000000
54064  22.521  -28.466  18.748 0.0000000000
45626  22.184  -37.704  22.408 0.0000000000
47651  23.893  -36.205  21.817 0.0000000000
63238  34.045  -19.282  13.673 0.0000000000
64234  31.451  -17.848  13.175 0.0000000000
70653  34.939  -11.870  6.891 0.0000000000
69505  33.382  -13.141  8.363 0.0000000000
69507  31.691  -13.854  8.590 0.0000000000
44608  19.757  -38.344  22.495 0.0000000000
43626  18.757  -39.967  24.988 0.0000000000
44599  17.468  -38.380  23.363 0.0000000000
140413  14.493  -36.704  24.755 0.0000000000
47611  12.849  -35.376  26.722 0.0000000000
136661  22.029  -30.804  19.700 0.0000000000
50414  21.105  -32.318  20.547 0.0000000000
46687  20.312  -36.227  20.147 0.0000000000
64209  30.082  -18.794  17.112 0.0000000000
64220  28.152  -18.789  14.756 0.0000000000
62277  30.104  -20.979  13.982 0.0000000000
61312  33.729  -21.248  12.668 0.0000000000
86089  43.657  2.342  -1.374 0.0000000000
83136  41.406  -0.117  -0.309 0.0000000000
81165  43.202  -2.025  -0.295 0.0000000000
75941  39.454  -7.355  2.491 0.0000000000
154777  41.498  -9.207  2.603 0.0000000000
73887  39.287  -9.393  3.648 0.0000000000
70698  39.544  -12.143  3.466 0.0000000000
139864  40.010  -14.494  5.247 0.0000000000
69560  35.796  -13.733  5.000 0.0000000000
155548  37.657  -15.212  5.228 0.0000000000
131875  28.291  -26.840  16.479 0.0000000000
56053  31.275  -26.571  16.517 0.0000000000
77980  39.337  -6.096  4.180 0.0000000000
46541  10.395  -36.290  30.424 0.0000000000
44500  9.186  -38.533  31.571 0.0000000000
42583  8.442  -40.143  32.594 0.0000000000
41537  7.945  -42.208  35.051 0.0000000000
41519  7.050  -41.376  35.982 0.0000000000
42540  6.136  -40.511  38.309 0.0000000000
43476  5.443  -39.760  40.566 0.0000000000
43458  4.939  -38.500  42.378 0.0000000000
58195  26.118  -23.960  15.850 0.0000000000
56039  25.460  -26.443  17.425 0.0000000000
54055  25.605  -28.374  18.873 0.0000000000
49527  23.830  -32.939  18.970 0.0000000000
146192  30.217  -15.408  9.321 0.0000000000
65197  28.388  -17.427  12.497 0.0000000000
66193  29.981  -16.787  11.205 0.0000000000
65223  32.353  -17.692  10.151 0.0000000000
57030  34.226  -25.476  17.679 0.0000000000
86987  48.101  3.261  -6.110 0.0000000000
86096  44.553  2.394  -3.050 0.0000000000
85132  46.844  0.966  -5.011 0.0000000000
76991  41.449  -6.094  0.794 0.0000000000
75966  42.654  -6.798  0.871 0.0000000000
75952  42.080  -7.332  1.300 0.0000000000
59326  30.051  -24.383  14.348 0.0000000000
58224  31.133  -24.951  13.949 0.0000000000
57073  30.305  -25.570  14.287 0.0000000000
78008  39.831  -6.062  1.736 0.0000000000
79095  40.404  -4.590  1.767 0.0000000000
78022  41.062  -5.416  0.815 0.0000000000
137989  41.464  -4.897  0.585 0.0000000000
41473  4.722  -41.198  40.757 0.0000000000
72860  36.126  -9.683  6.315 0.0000000000
73846  36.051  -9.750  6.994 0.0000000000
65276  32.717  -17.021  7.643 0.0000000000
154366  33.740  -17.087  6.816 0.0000000000
65257  33.955  -18.086  7.752 0.0000000000
150080  35.844  -18.718  8.810 0.0000000000
64273  34.498  -18.683  9.101 0.0000000000
44542  12.353  -38.181  27.279 0.0000000000
43594  13.671  -39.302  27.558 0.0000000000
44530  11.908  -38.591  27.938 0.0000000000
44518  11.599  -39.041  28.669 0.0000000000
44519  10.804  -38.499  29.054 0.0000000000
57005  22.823  -25.413  21.334 0.0000000000
56000  22.551  -26.105  19.645 0.0000000000
54992  22.193  -27.261  20.696 0.0000000000
45601  21.992  -38.417  23.717 0.0000000000
67160  28.274  -16.062  16.312 0.0000000000
64216  34.236  -18.477  15.052 0.0000000000
69506  32.535  -13.567  8.426 0.0000000000
69467  31.702  -12.379  9.720 0.0000000000
137106  18.646  -37.636  22.047 0.0000000000
44598  18.329  -38.458  23.050 0.0000000000
45631  17.425  -37.162  22.376 0.0000000000
46642  15.387  -36.145  23.745 0.0000000000
46630  14.222  -35.946  24.979 0.0000000000
45590  13.980  -36.648  25.280 0.0000000000
52227  21.445  -30.404  21.320 0.0000000000
47663  18.920  -35.264  20.854 0.0000000000
48608  19.494  -34.951  20.464 0.0000000000
137689  18.982  -36.387  20.966 0.0000000000
45643  19.761  -37.270  21.172 0.0000000000
63224  30.299  -19.953  15.751 0.0000000000
61302  30.888  -21.600  14.154 0.0000000000
59322  33.480  -23.590  14.559 0.0000000000
60345  32.691  -22.389  13.057 0.0000000000
60333  34.520  -22.303  13.824 0.0000000000
61300  35.253  -21.426  13.809 0.0000000000
60321  35.900  -22.285  15.060 0.0000000000
82150  41.152  -1.589  2.520 0.0000000000
84083  41.923  0.760  0.808 0.0000000000
83123  41.077  -0.236  0.515 0.0000000000
144238  43.050  -4.083  0.318 0.0000000000
150329  42.499  -2.314  0.042 0.0000000000
80134  43.891  -3.377  0.284 0.0000000000
74909  38.503  -7.816  3.572 0.0000000000
74918  39.568  -8.709  3.238 0.0000000000
152208  38.360  -8.387  3.977 0.0000000000
71770  37.536  -11.646  4.368 0.0000000000
71785  38.784  -11.601  3.756 0.0000000000
70699  38.745  -12.441  3.823 0.0000000000
139349  39.915  -13.268  4.014 0.0000000000
68358  38.550  -13.893  4.577 0.0000000000
70654  34.495  -12.693  6.616 0.0000000000
147948  34.942  -12.366  6.154 0.0000000000
69542  34.692  -13.883  5.631 0.0000000000
135361  36.741  -16.699  6.089 0.0000000000
66267  36.336  -16.137  5.570 0.0000000000
66258  37.658  -16.546  6.156 0.0000000000
67305  39.047  -15.854  6.049 0.0000000000
56017  27.381  -27.026  17.923 0.0000000000
56015  29.389  -27.224  17.992 0.0000000000
152263  37.944  -6.894  5.199 0.0000000000
76935  38.341  -6.749  4.483 0.0000000000
76965  39.006  -6.497  2.961 0.0000000000
43627  17.754  -39.705  25.071 0.0000000000
43609  17.416  -39.987  26.043 0.0000000000
42608  11.734  -40.493  30.756 0.0000000000
144073  12.801  -40.981  31.763 0.0000000000
42580  11.027  -40.952  31.863 0.0000000000
42567  10.766  -41.426  32.525 0.0000000000
46526  10.185  -36.414  31.300 0.0000000000
45518  9.542  -37.606  31.170 0.0000000000
45519  9.257  -37.656  32.005 0.0000000000
43508  7.752  -39.285  34.108 0.0000000000
43515  8.006  -39.637  33.315 0.0000000000
154353  7.599  -40.235  33.726 0.0000000000
41572  8.481  -41.583  33.547 0.0000000000
41556  7.379  -41.477  34.648 0.0000000000
41538  7.329  -41.744  35.348 0.0000000000
42550  7.078  -40.843  35.307 0.0000000000
43484  7.073  -39.196  38.415 0.0000000000
43489  6.531  -39.797  38.064 0.0000000000
43485  6.458  -39.611  38.716 0.0000000000
42538  5.967  -40.186  39.006 0.0000000000
43480  6.373  -39.460  39.480 0.0000000000
59260  26.079  -23.258  18.137 0.0000000000
59277  26.311  -23.347  17.245 0.0000000000
58186  25.053  -23.941  16.847 0.0000000000
57045  25.548  -25.070  16.182 0.0000000000
57033  24.371  -25.006  17.190 0.0000000000
149748  23.861  -28.673  18.260 0.0000000000
55027  25.053  -27.609  18.311 0.0000000000
53112  25.490  -29.311  19.041 0.0000000000
153758  22.474  -33.374  18.939 0.0000000000
141658  22.978  -31.869  18.835 0.0000000000
48619  23.393  -34.498  19.355 0.0000000000
48593  24.880  -34.698  21.294 0.0000000000
72900  41.555  -10.662  2.787 0.0000000000
72912  42.926  -9.752  2.189 0.0000000000
71801  42.817  -11.688  2.356 0.0000000000
69432  29.268  -13.636  11.881 0.0000000000
69469  29.837  -13.728  10.035 0.0000000000
68291  29.444  -14.732  10.479 0.0000000000
63254  28.395  -19.201  13.446 0.0000000000
64230  27.723  -17.986  13.731 0.0000000000
64243  29.014  -18.655  12.361 0.0000000000
66165  31.785  -16.897  13.247 0.0000000000
66180  30.302  -17.168  11.801 0.0000000000
65194  31.333  -16.965  12.349 0.0000000000
66208  31.427  -17.114  10.663 0.0000000000
142736  32.582  -16.754  12.057 0.0000000000
140761  34.147  -17.733  11.089 0.0000000000
57031  32.755  -25.857  16.749 0.0000000000
86978  47.064  3.891  -5.014 0.0000000000
84108  42.823  0.703  -2.007 0.0000000000
86091  44.007  2.484  -2.238 0.0000000000
85110  43.788  0.785  -3.060 0.0000000000
83171  46.369  -0.855  -4.518 0.0000000000
83170  47.033  -1.259  -4.851 0.0000000000
48598  17.803  -34.895  21.822 0.0000000000
46663  17.167  -36.173  22.244 0.0000000000
145763  43.534  -5.654  0.484 0.0000000000
76987  44.923  -6.342  0.568 0.0000000000
75965  43.531  -6.942  0.776 0.0000000000
147489  31.427  -22.819  15.157 0.0000000000
158081  31.643  -22.595  13.552 0.0000000000
60336  31.832  -23.180  13.807 0.0000000000
59323  32.142  -23.832  13.821 0.0000000000
156686  33.203  -24.216  15.027 0.0000000000
80116  42.256  -3.504  3.352 0.0000000000
149390  40.911  -3.668  2.993 0.0000000000
80119  40.689  -3.312  2.392 0.0000000000
82151  40.727  -2.098  1.800 0.0000000000
139356  40.804  -1.854  1.134 0.0000000000
80136  41.374  -3.266  0.683 0.0000000000
79105  42.244  -4.725  0.392 0.0000000000
41481  6.381  -41.892  39.048 0.0000000000
74884  37.281  -7.889  5.464 0.0000000000
73889  37.947  -8.702  4.411 0.0000000000
73865  36.643  -9.179  5.575 0.0000000000
72868  36.972  -10.979  4.935 0.0000000000
71771  36.779  -11.933  4.775 0.0000000000
68336  33.512  -14.870  6.591 0.0000000000
68351  34.754  -14.751  5.532 0.0000000000
66261  34.082  -16.457  6.283 0.0000000000
65284  35.394  -17.273  6.502 0.0000000000
65273  36.759  -17.805  7.181 0.0000000000
64286  37.391  -18.545  8.571 0.0000000000
64257  37.336  -18.601  10.079 0.0000000000
54990  27.134  -28.229  19.996 0.0000000000
44553  15.160  -38.830  25.993 0.0000000000
43611  15.641  -39.527  26.490 0.0000000000
44539  14.806  -39.237  26.669 0.0000000000
43576  14.272  -39.806  28.155 0.0000000000
43562  14.056  -40.056  28.979 0.0000000000
43547  12.048  -40.002  30.018 0.0000000000
43534  10.708  -40.215  30.709 0.0000000000
44472  8.768  -37.952  33.238 0.0000000000
44459  8.251  -38.360  34.490 0.0000000000
43498  7.749  -38.952  35.082 0.0000000000
43499  7.197  -39.750  35.538 0.0000000000
43491  7.678  -38.980  35.942 0.0000000000
43487  7.685  -38.987  37.325 0.0000000000
43478  7.791  -38.445  38.992 0.0000000000
59249  23.929  -23.666  19.200 0.0000000000
57024  23.784  -25.341  17.891 0.0000000000
57025  23.145  -25.224  18.602 0.0000000000
55030  22.716  -27.463  18.625 0.0000000000
53124  24.091  -29.438  18.367 0.0000000000
46674  22.154  -36.465  20.449 0.0000000000
47673  23.085  -35.287  19.788 0.0000000000
46659  23.450  -36.850  22.222 0.0000000000
70696  42.388  -12.906  3.067 0.0000000000
67184  28.586  -14.936  13.819 0.0000000000
63252  32.660  -19.174  12.724 0.0000000000
64241  31.544  -18.953  12.419 0.0000000000
64233  32.191  -18.253  13.376 0.0000000000
65175  32.311  -17.233  14.129 0.0000000000
87768  45.644  4.356  -3.181 0.0000000000
145199  4.200  -39.759  41.199 0.0000000000
69503  35.279  -12.653  8.750 0.0000000000
140907  34.307  -12.638  8.249 0.0000000000
69517  33.514  -13.340  7.719 0.0000000000
68312  32.743  -14.181  7.758 0.0000000000
143110  32.130  -15.380  7.869 0.0000000000
66239  32.094  -16.692  8.189 0.0000000000
44582  20.619  -39.163  23.911 0.0000000000
43639  20.148  -39.726  24.370 0.0000000000
44583  19.731  -39.265  23.709 0.0000000000
133617  18.018  -38.901  23.808 0.0000000000
44586  16.530  -38.560  24.247 0.0000000000
46652  16.623  -36.598  22.748 0.0000000000
45602  16.243  -37.827  23.807 0.0000000000
44569  15.462  -38.495  25.209 0.0000000000
45576  13.831  -37.531  25.751 0.0000000000
45577  12.985  -37.126  26.350 0.0000000000
45568  11.876  -36.357  27.417 0.0000000000
151984  21.926  -28.881  20.264 0.0000000000
53102  21.747  -29.325  20.981 0.0000000000
51334  21.607  -31.442  20.033 0.0000000000
49515  21.422  -33.674  19.303 0.0000000000
49492  20.780  -32.577  20.973 0.0000000000
144804  20.562  -34.385  19.785 0.0000000000
47675  21.568  -35.783  19.706 0.0000000000
46675  21.472  -36.979  20.883 0.0000000000
45627  21.272  -37.850  22.143 0.0000000000
65149  29.157  -17.837  17.146 0.0000000000
65172  28.426  -17.909  16.203 0.0000000000
156267  29.251  -19.019  15.954 0.0000000000
63240  29.039  -19.871  14.424 0.0000000000
61324  30.387  -20.933  12.642 0.0000000000
147001  31.333  -21.880  13.126 0.0000000000
61314  32.085  -21.885  12.699 0.0000000000
62297  32.740  -20.496  12.178 0.0000000000
62287  34.268  -20.611  12.957 0.0000000000
62275  35.662  -20.561  14.086 0.0000000000
85078  43.252  1.703  0.020 0.0000000000
85082  42.574  1.217  -0.395 0.0000000000
83144  42.215  -0.349  -1.492 0.0000000000
82164  41.659  -1.632  -0.076 0.0000000000
82179  41.835  -1.181  -0.647 0.0000000000
75954  39.906  -6.873  1.929 0.0000000000
74930  41.012  -7.841  1.992 0.0000000000
74917  40.623  -8.330  2.492 0.0000000000
73903  40.944  -9.194  2.823 0.0000000000
71803  40.906  -11.083  3.023 0.0000000000
72882  38.906  -10.039  4.011 0.0000000000
71784  39.572  -11.193  3.509 0.0000000000
71782  40.901  -11.969  2.925 0.0000000000
69556  40.740  -13.368  3.836 0.0000000000
69538  41.738  -13.903  4.884 0.0000000000
71748  35.508  -10.971  6.762 0.0000000000
70668  36.006  -12.229  5.226 0.0000000000
69559  36.355  -13.593  4.754 0.0000000000
67317  35.495  -15.085  5.220 0.0000000000
68349  36.297  -14.831  5.009 0.0000000000
68359  37.592  -14.020  4.606 0.0000000000
142644  38.911  -14.598  5.099 0.0000000000
56077  28.465  -26.262  15.073 0.0000000000
56075  30.159  -26.500  15.338 0.0000000000
56055  29.576  -26.755  15.963 0.0000000000
135460  30.690  -26.881  17.347 0.0000000000
145861  39.668  -5.508  3.042 0.0000000000
78003  39.430  -5.983  2.593 0.0000000000
46583  11.276  -36.326  28.143 0.0000000000
46561  10.686  -36.056  29.616 0.0000000000
45544  10.588  -37.241  29.019 0.0000000000
44520  10.269  -37.861  29.681 0.0000000000
43549  10.219  -39.436  30.350 0.0000000000
43535  9.944  -39.821  30.950 0.0000000000
44486  8.894  -38.239  32.395 0.0000000000
43523  8.935  -39.456  31.988 0.0000000000
42582  9.234  -40.637  32.154 0.0000000000
41571  9.432  -41.705  33.383 0.0000000000
41554  9.104  -41.987  34.122 0.0000000000
41504  6.716  -41.614  37.391 0.0000000000
42542  6.668  -40.627  36.719 0.0000000000
42543  6.385  -40.506  37.566 0.0000000000
41505  6.348  -41.327  37.956 0.0000000000
41490  5.868  -40.887  38.769 0.0000000000
42535  5.212  -40.744  40.111 0.0000000000
42531  4.788  -40.215  40.956 0.0000000000
43469  6.028  -39.047  41.184 0.0000000000
43470  5.212  -39.376  41.440 0.0000000000
43465  4.433  -39.028  41.785 0.0000000000
59308  28.686  -23.999  15.177 0.0000000000
59293  27.480  -23.564  16.123 0.0000000000
58210  27.385  -24.460  15.060 0.0000000000
56079  27.161  -25.805  15.441 0.0000000000
56038  26.492  -26.616  17.080 0.0000000000
56018  26.396  -26.954  18.082 0.0000000000
135210  24.745  -26.758  17.933 0.0000000000
56019  25.665  -27.153  18.289 0.0000000000
55010  26.761  -27.913  19.233 0.0000000000
53114  22.165  -29.151  19.323 0.0000000000
52262  23.454  -30.536  18.591 0.0000000000
51359  24.365  -31.342  18.778 0.0000000000
48606  23.947  -34.811  20.062 0.0000000000
49503  24.740  -33.676  19.931 0.0000000000
50411  25.674  -32.639  20.306 0.0000000000
149979  42.612  -8.920  2.074 0.0000000000
69468  30.552  -12.906  9.765 0.0000000000
68303  30.544  -14.725  8.966 0.0000000000
66225  31.153  -16.326  8.871 0.0000000000
65177  27.713  -17.559  14.644 0.0000000000
66166  27.828  -16.511  13.636 0.0000000000
67223  28.533  -15.797  12.442 0.0000000000
64242  29.796  -18.342  12.207 0.0000000000
65209  29.081  -17.093  11.980 0.0000000000
66194  29.339  -16.356  11.386 0.0000000000
145820  29.885  -16.345  10.680 0.0000000000
66209  31.013  -16.698  9.662 0.0000000000
65239  32.386  -17.748  9.179 0.0000000000
64260  34.062  -18.352  10.305 0.0000000000
57043  31.776  -25.954  15.701 0.0000000000
57055  32.809  -25.168  15.632 0.0000000000
58194  34.155  -24.491  16.421 0.0000000000
58179  35.392  -24.539  17.564 0.0000000000
59288  35.518  -23.441  16.381 0.0000000000
87792  48.741  4.148  -6.535 0.0000000000
86965  44.508  3.302  -2.320 0.0000000000
86969  45.400  3.576  -3.489 0.0000000000
144908  45.131  -0.060  -3.909 0.0000000000
85119  45.653  1.025  -4.170 0.0000000000
86102  46.416  2.469  -4.633 0.0000000000
148185  47.470  2.097  -5.559 0.0000000000
85140  48.430  0.984  -6.069 0.0000000000
76980  41.194  -6.755  1.263 0.0000000000
136188  41.333  -7.423  1.590 0.0000000000
58226  29.620  -24.841  14.198 0.0000000000
57091  30.124  -25.126  14.034 0.0000000000
57074  29.565  -25.428  14.309 0.0000000000
78007  40.371  -5.314  1.355 0.0000000000
76981  40.596  -6.035  1.092 0.0000000000
42532  4.290  -40.601  41.141 0.0000000000
65275  33.335  -17.550  7.523 0.0000000000
65258  33.428  -18.130  8.284 0.0000000000
64289  34.217  -18.456  8.367 0.0000000000
44531  11.133  -38.040  28.361 0.0000000000
57000  22.935  -25.319  22.373 0.0000000000
55983  22.569  -26.334  20.863 0.0000000000
44581  21.475  -38.920  24.197 0.0000000000
44580  22.307  -38.636  24.499 0.0000000000
66135  28.683  -16.168  17.230 0.0000000000
45644  18.796  -37.179  21.546 0.0000000000
45615  18.170  -37.796  22.393 0.0000000000
45630  18.159  -37.163  21.963 0.0000000000
47664  18.281  -35.569  21.327 0.0000000000
62255  31.148  -20.451  16.288 0.0000000000
62266  31.255  -21.273  15.449 0.0000000000
59321  34.122  -22.952  14.443 0.0000000000
60322  34.908  -22.668  14.759 0.0000000000
59303  35.181  -22.993  15.624 0.0000000000
82149  41.946  -0.994  2.769 0.0000000000
84081  41.525  0.105  1.891 0.0000000000
84084  41.313  0.323  1.137 0.0000000000
83115  40.961  -0.352  1.438 0.0000000000
79104  43.887  -4.399  0.385 0.0000000000
146505  44.545  -3.928  0.421 0.0000000000
41503  7.652  -42.424  37.564 0.0000000000
75933  38.000  -7.910  4.233 0.0000000000
70687  37.465  -12.587  4.307 0.0000000000
134118  38.134  -12.108  3.969 0.0000000000
156838  38.198  -12.702  4.062 0.0000000000
130827  38.666  -13.111  4.111 0.0000000000
69526  34.200  -13.468  6.304 0.0000000000
65282  37.204  -17.252  6.666 0.0000000000
66249  38.083  -17.166  6.865 0.0000000000
55999  27.868  -27.537  18.774 0.0000000000
56016  28.391  -27.272  18.025 0.0000000000
75932  38.303  -7.253  3.923 0.0000000000
43628  16.796  -39.505  25.455 0.0000000000
42595  11.149  -40.675  31.230 0.0000000000
42594  11.940  -40.909  31.662 0.0000000000
42581  10.129  -40.892  31.974 0.0000000000
45502  9.757  -36.784  32.194 0.0000000000
42557  7.632  -41.166  33.863 0.0000000000
59248  24.842  -23.303  19.255 0.0000000000
59247  25.859  -23.270  19.055 0.0000000000
59261  25.145  -23.321  18.288 0.0000000000
59278  25.449  -23.456  17.408 0.0000000000
59279  24.676  -23.714  17.563 0.0000000000
58187  24.556  -24.316  17.127 0.0000000000
132848  24.103  -24.337  17.703 0.0000000000
53113  24.843  -29.800  18.665 0.0000000000
53123  24.730  -28.806  18.460 0.0000000000
136653  25.407  -30.097  19.115 0.0000000000
53107  25.949  -29.903  19.598 0.0000000000
52247  25.653  -30.745  19.474 0.0000000000
49529  22.009  -33.730  18.955 0.0000000000
47689  22.633  -34.736  19.209 0.0000000000
71802  41.557  -11.551  2.706 0.0000000000
140512  42.196  -11.162  2.525 0.0000000000
68264  28.950  -14.114  12.546 0.0000000000
68276  29.090  -14.458  11.484 0.0000000000
153248  30.002  -19.970  12.239 0.0000000000
63262  28.765  -19.207  12.766 0.0000000000
135633  29.504  -19.303  12.335 0.0000000000
66164  32.602  -16.666  13.628 0.0000000000
66179  32.364  -16.654  12.806 0.0000000000
66191  31.723  -16.878  11.870 0.0000000000
66178  33.455  -16.644  12.533 0.0000000000
87766  46.977  5.066  -3.894 0.0000000000
87775  47.266  4.766  -4.700 0.0000000000
84119  43.250  0.284  -2.622 0.0000000000
85101  43.389  1.151  -2.441 0.0000000000
48584  18.252  -34.101  22.504 0.0000000000
149702  17.538  -34.564  22.385 0.0000000000
48597  18.518  -34.554  21.519 0.0000000000
78020  42.680  -5.552  0.470 0.0000000000
76988  43.977  -6.330  0.559 0.0000000000
76989  43.092  -6.245  0.597 0.0000000000
75951  43.063  -7.531  1.158 0.0000000000
75950  43.978  -7.665  1.075 0.0000000000
59305  31.225  -23.583  14.157 0.0000000000
59324  31.347  -24.261  14.018 0.0000000000
58223  31.929  -24.665  14.163 0.0000000000
58222  32.668  -24.102  14.302 0.0000000000
58207  32.683  -24.712  14.932 0.0000000000
77996  40.370  -5.001  3.194 0.0000000000
79085  40.800  -4.341  3.061 0.0000000000
151202  40.367  -4.619  2.506 0.0000000000
80124  40.679  -3.809  1.534 0.0000000000
79090  40.586  -4.045  2.387 0.0000000000
81139  40.696  -2.937  1.714 0.0000000000
81155  40.859  -3.299  1.094 0.0000000000
78021  41.836  -5.491  0.534 0.0000000000
75894  37.157  -7.856  6.121 0.0000000000
152244  37.071  -8.483  5.353 0.0000000000
73873  36.796  -8.377  5.890 0.0000000000
138926  36.398  -10.256  5.548 0.0000000000
151190  36.201  -11.289  5.437 0.0000000000
145097  34.169  -15.428  5.974 0.0000000000
133857  34.911  -17.696  6.973 0.0000000000
65285  34.505  -17.185  6.562 0.0000000000
65283  36.311  -17.307  6.561 0.0000000000
64300  36.412  -18.227  7.693 0.0000000000
65256  37.134  -18.224  7.832 0.0000000000
64287  36.555  -18.550  8.338 0.0000000000
64272  35.787  -18.749  9.639 0.0000000000
64271  36.721  -18.746  9.283 0.0000000000
64258  36.422  -18.658  10.224 0.0000000000
75902  37.604  -7.341  5.630 0.0000000000
44554  14.282  -38.512  26.156 0.0000000000
44540  13.969  -38.922  26.865 0.0000000000
44529  12.810  -38.996  27.729 0.0000000000
43563  13.183  -39.883  29.117 0.0000000000
43565  11.292  -39.478  29.360 0.0000000000
43548  11.026  -39.845  30.073 0.0000000000
158129  8.369  -38.147  35.193 0.0000000000
44446  8.244  -38.296  35.865 0.0000000000
43483  7.710  -38.840  38.062 0.0000000000
142208  23.389  -23.804  21.102 0.0000000000
131056  24.192  -23.349  21.143 0.0000000000
59238  23.695  -23.586  20.178 0.0000000000
58159  23.199  -24.358  19.338 0.0000000000
57017  22.794  -25.261  19.471 0.0000000000
56001  22.502  -26.777  19.034 0.0000000000
142613  23.220  -28.110  18.336 0.0000000000
54063  23.245  -29.004  18.387 0.0000000000
153181  22.235  -36.964  21.208 0.0000000000
46673  23.036  -36.588  21.276 0.0000000000
46660  22.635  -37.179  21.902 0.0000000000
68231  29.015  -14.155  14.349 0.0000000000
63251  33.666  -19.628  12.921 0.0000000000
64227  33.244  -18.702  13.693 0.0000000000
64217  33.648  -17.759  15.272 0.0000000000
64218  33.129  -17.660  14.838 0.0000000000
65171  32.853  -17.267  14.638 0.0000000000
42528  3.814  -39.902  41.053 0.0000000000
69515  34.526  -12.584  7.951 0.0000000000
68323  33.182  -14.323  7.202 0.0000000000
68313  32.060  -14.382  8.161 0.0000000000
68314  31.330  -14.860  8.451 0.0000000000
44597  20.203  -38.798  23.174 0.0000000000
142631  19.290  -38.713  23.069 0.0000000000
44585  17.245  -38.774  24.023 0.0000000000
157394  16.848  -38.260  23.697 0.0000000000
47653  16.535  -35.509  22.722 0.0000000000
46653  16.038  -36.083  23.166 0.0000000000
45603  15.004  -36.715  24.311 0.0000000000
133036  15.542  -37.275  24.034 0.0000000000
45588  15.827  -38.135  24.492 0.0000000000
45589  15.032  -37.587  24.746 0.0000000000
44570  14.675  -38.078  25.484 0.0000000000
151266  14.371  -37.355  25.166 0.0000000000
45591  13.400  -36.445  25.797 0.0000000000
46618  12.950  -36.132  26.297 0.0000000000
154225  12.465  -36.280  26.768 0.0000000000
54034  21.981  -28.176  22.308 0.0000000000
53101  21.767  -28.980  21.957 0.0000000000
51324  21.249  -30.999  21.021 0.0000000000
146890  21.580  -30.774  20.481 0.0000000000
147524  21.419  -32.104  20.086 0.0000000000
50426  21.422  -32.800  19.694 0.0000000000
47676  20.170  -35.255  19.964 0.0000000000
143711  20.802  -35.863  19.792 0.0000000000
47692  20.892  -35.193  19.493 0.0000000000
46686  21.147  -36.463  20.183 0.0000000000
46676  20.556  -36.893  20.649 0.0000000000
45628  20.264  -37.876  21.938 0.0000000000
45614  20.718  -38.346  22.654 0.0000000000
64210  29.173  -18.612  16.431 0.0000000000
63213  29.847  -19.242  16.257 0.0000000000
63239  29.797  -20.293  14.762 0.0000000000
62278  29.439  -20.446  13.875 0.0000000000
62289  29.708  -20.739  13.104 0.0000000000
61315  30.513  -21.390  13.157 0.0000000000
61301  31.393  -22.184  13.676 0.0000000000
60346  31.940  -22.405  13.265 0.0000000000
60344  33.635  -22.054  13.098 0.0000000000
61313  32.951  -21.714  12.571 0.0000000000
61322  32.348  -21.215  12.286 0.0000000000
61321  33.123  -21.062  12.304 0.0000000000
62288  33.601  -20.426  12.482 0.0000000000
61299  35.983  -21.389  14.446 0.0000000000
81133  42.166  -2.549  3.330 0.0000000000
86083  43.872  2.276  0.409 0.0000000000
135054  43.447  1.539  0.789 0.0000000000
84087  41.449  0.378  0.298 0.0000000000
84086  41.927  0.849  -0.010 0.0000000000
84098  41.647  0.387  -0.371 0.0000000000
84109  42.268  0.346  -1.490 0.0000000000
83145  41.748  0.076  -0.978 0.0000000000
134405  41.379  -2.257  0.497 0.0000000000
82165  40.933  -1.161  0.702 0.0000000000
81153  43.516  -2.526  0.057 0.0000000000
81166  42.492  -1.671  -0.520 0.0000000000
82188  42.410  -1.130  -1.237 0.0000000000
75940  40.229  -7.602  2.188 0.0000000000
73886  40.153  -9.585  3.299 0.0000000000
72901  40.919  -10.148  3.083 0.0000000000
72880  40.247  -10.640  3.305 0.0000000000
73871  38.001  -9.774  4.403 0.0000000000
153049  39.081  -10.792  3.803 0.0000000000
71783  40.228  -11.567  3.216 0.0000000000
157684  40.284  -12.252  3.235 0.0000000000
145838  40.872  -12.702  3.249 0.0000000000
70697  40.089  -12.791  3.577 0.0000000000
69540  40.182  -13.833  4.580 0.0000000000
68345  41.002  -14.321  5.289 0.0000000000
69541  35.297  -13.427  5.371 0.0000000000
70669  35.350  -12.627  5.593 0.0000000000
70689  35.875  -13.065  5.062 0.0000000000
70688  36.574  -12.806  4.690 0.0000000000
67318  34.879  -15.473  5.539 0.0000000000
67316  36.886  -15.523  5.266 0.0000000000
68348  37.192  -14.717  4.931 0.0000000000
68347  38.062  -14.621  4.967 0.0000000000
67314  38.461  -15.333  5.458 0.0000000000
134116  27.756  -26.435  15.687 0.0000000000
56056  28.720  -26.676  15.761 0.0000000000
157350  29.028  -26.867  16.465 0.0000000000
158371  30.030  -27.058  17.643 0.0000000000
77979  39.980  -5.663  3.863 0.0000000000
75942  38.793  -7.140  3.044 0.0000000000
76974  39.355  -6.639  2.414 0.0000000000
43625  19.658  -40.102  24.959 0.0000000000
43624  20.524  -40.009  25.111 0.0000000000
43591  16.178  -39.972  27.106 0.0000000000
42593  13.366  -40.897  31.313 0.0000000000
46582  11.796  -35.437  28.074 0.0000000000
46540  10.805  -35.685  30.398 0.0000000000
45545  10.308  -36.875  29.822 0.0000000000
44508  9.988  -38.356  30.322 0.0000000000
44499  9.586  -38.898  30.839 0.0000000000
43536  9.363  -39.408  31.300 0.0000000000
42568  9.812  -41.381  32.649 0.0000000000
42569  8.874  -41.134  32.860 0.0000000000
41555  8.146  -41.921  34.286 0.0000000000
41536  8.849  -42.398  34.842 0.0000000000
41518  7.795  -42.348  35.941 0.0000000000
134281  7.215  -41.999  36.712 0.0000000000
42545  6.998  -40.366  36.012 0.0000000000
41489  6.193  -41.431  38.515 0.0000000000
43481  5.724  -40.047  39.725 0.0000000000
43468  6.871  -38.603  40.912 0.0000000000
43462  6.572  -38.385  41.715 0.0000000000
43463  5.761  -38.749  42.056 0.0000000000
43464  5.129  -38.949  41.979 0.0000000000
43459  4.642  -38.585  42.085 0.0000000000
59307  29.646  -24.005  14.989 0.0000000000
59294  26.576  -23.541  16.330 0.0000000000
58185  27.376  -23.403  17.228 0.0000000000
59310  26.893  -23.898  15.528 0.0000000000
59309  27.761  -23.906  15.300 0.0000000000
58211  26.594  -24.552  15.414 0.0000000000
57059  27.147  -25.156  15.070 0.0000000000
57032  25.071  -25.514  16.858 0.0000000000
56058  25.922  -25.895  16.517 0.0000000000
135867  23.300  -26.128  18.321 0.0000000000
56020  23.922  -26.388  17.946 0.0000000000
55011  25.998  -27.759  18.882 0.0000000000
149649  26.527  -28.350  19.456 0.0000000000
153910  21.914  -29.520  20.039 0.0000000000
52249  22.229  -30.032  19.323 0.0000000000
50435  23.345  -32.410  18.852 0.0000000000
51361  23.025  -31.089  18.750 0.0000000000
51360  23.566  -31.653  18.747 0.0000000000
147670  23.719  -31.013  18.602 0.0000000000
50434  24.073  -32.176  18.857 0.0000000000
153564  23.616  -35.965  21.116 0.0000000000
47661  23.770  -35.474  20.569 0.0000000000
47660  24.341  -35.493  21.392 0.0000000000
48592  25.485  -34.398  21.855 0.0000000000
49491  24.720  -34.281  20.460 0.0000000000
49502  25.322  -33.479  20.538 0.0000000000
50412  25.002  -33.015  19.809 0.0000000000
74929  41.449  -8.595  2.344 0.0000000000
141849  41.777  -7.974  1.828 0.0000000000
73915  42.050  -9.283  2.407 0.0000000000
70592  30.767  -12.128  10.514 0.0000000000
68290  29.962  -14.626  9.599 0.0000000000
69488  30.450  -13.876  9.314 0.0000000000
67272  30.819  -15.558  8.794 0.0000000000
66226  30.585  -16.063  9.223 0.0000000000
146678  27.944  -18.080  15.310 0.0000000000
65163  27.925  -17.047  15.654 0.0000000000
148302  27.806  -18.246  14.492 0.0000000000
145178  27.948  -17.972  12.958 0.0000000000
66150  27.639  -17.210  13.949 0.0000000000
65184  27.823  -17.303  13.192 0.0000000000
66181  28.150  -16.543  12.786 0.0000000000
131596  30.746  -18.310  12.491 0.0000000000
65195  29.679  -17.476  12.029 0.0000000000
65208  29.586  -16.930  11.703 0.0000000000
65224  31.756  -17.341  9.729 0.0000000000
64261  33.229  -18.228  9.664 0.0000000000
65222  33.219  -17.792  10.614 0.0000000000
147439  34.868  -17.776  11.512 0.0000000000
56074  31.059  -26.343  15.619 0.0000000000
154778  31.546  -26.291  16.089 0.0000000000
139073  33.393  -25.798  17.351 0.0000000000
58181  33.894  -25.141  16.930 0.0000000000
156295  33.683  -24.918  16.408 0.0000000000
58180  34.607  -24.834  17.243 0.0000000000
59270  35.861  -23.827  17.147 0.0000000000
59269  36.400  -23.132  16.689 0.0000000000
153228  48.488  4.444  -6.227 0.0000000000
86995  48.634  3.423  -6.503 0.0000000000
86117  48.446  2.627  -6.348 0.0000000000
86086  43.692  2.390  -0.401 0.0000000000
86970  44.897  3.226  -3.099 0.0000000000
86095  45.283  2.674  -3.587 0.0000000000
84146  46.619  0.137  -4.820 0.0000000000
84134  45.974  0.047  -4.369 0.0000000000
141497  46.303  0.754  -4.603 0.0000000000
85118  46.336  1.547  -4.609 0.0000000000
86112  46.949  1.867  -5.114 0.0000000000
85131  47.556  1.194  -5.558 0.0000000000
75967  41.924  -6.626  0.926 0.0000000000
74928  42.637  -8.220  1.639 0.0000000000
59325  30.746  -24.240  14.088 0.0000000000
58225  30.529  -24.756  14.000 0.0000000000
57090  30.625  -25.161  14.018 0.0000000000
79107  40.858  -4.590  0.983 0.0000000000
41472  5.321  -41.479  40.333 0.0000000000
155513  36.455  -8.899  6.214 0.0000000000
73856  36.418  -9.117  6.779 0.0000000000
66250  33.185  -16.757  7.116 0.0000000000
156676  33.563  -16.577  6.712 0.0000000000
139573  34.166  -17.691  7.168 0.0000000000
64302  34.809  -18.230  7.660 0.0000000000
64301  35.743  -18.458  8.002 0.0000000000
64288  35.041  -18.633  8.503 0.0000000000
157709  35.200  -18.755  9.187 0.0000000000
64259  34.877  -18.689  9.895 0.0000000000
45566  12.820  -37.883  26.788 0.0000000000
44541  13.153  -38.593  27.075 0.0000000000
43578  12.492  -39.412  28.438 0.0000000000
44436  8.106  -38.524  36.772 0.0000000000
57010  22.681  -25.517  20.336 0.0000000000
55984  22.319  -26.813  19.829 0.0000000000
55012  22.242  -27.618  19.434 0.0000000000
45612  22.502  -37.903  23.232 0.0000000000
67172  28.028  -15.870  15.283 0.0000000000
63237  34.705  -19.310  14.250 0.0000000000
64226  33.945  -18.799  14.265 0.0000000000
69485  33.141  -12.819  8.932 0.0000000000
69486  32.165  -13.059  9.010 0.0000000000
45629  19.323  -37.763  21.941 0.0000000000
44609  18.902  -38.156  22.458 0.0000000000
132425  17.653  -37.903  22.833 0.0000000000
47638  15.243  -34.931  24.045 0.0000000000
46643  14.695  -35.736  24.444 0.0000000000
50413  21.146  -31.593  20.770 0.0000000000
48596  19.232  -34.308  21.167 0.0000000000
48607  19.992  -34.085  20.651 0.0000000000
47677  19.560  -35.824  20.385 0.0000000000
46688  19.796  -36.584  20.558 0.0000000000
62267  30.642  -20.762  15.106 0.0000000000
60334  33.381  -22.882  13.737 0.0000000000
61311  34.470  -21.417  13.205 0.0000000000
60332  35.372  -22.084  14.333 0.0000000000
81135  41.355  -2.342  3.011 0.0000000000
152181  42.761  -1.279  3.102 0.0000000000
149242  42.802  0.881  1.307 0.0000000000
157393  41.929  0.522  1.474 0.0000000000
135643  42.186  -3.735  0.386 0.0000000000
80135  42.917  -3.127  0.298 0.0000000000
81152  44.375  -2.528  0.134 0.0000000000
148368  44.824  -3.164  0.376 0.0000000000
74919  39.032  -7.912  2.990 0.0000000000
74908  38.865  -8.539  3.562 0.0000000000
72866  38.477  -10.737  4.095 0.0000000000
71769  38.143  -11.400  4.102 0.0000000000
70686  39.363  -12.880  3.855 0.0000000000
69557  39.333  -13.522  4.292 0.0000000000
68346  39.398  -14.121  4.856 0.0000000000
70645  34.519  -12.468  7.323 0.0000000000
70670  34.754  -13.056  5.876 0.0000000000
66259  35.871  -16.691  6.005 0.0000000000
66266  37.057  -16.178  5.685 0.0000000000
67306  38.278  -16.001  5.958 0.0000000000
66257  38.596  -16.546  6.425 0.0000000000
132156  27.421  -26.749  16.700 0.0000000000
56036  28.832  -26.991  17.242 0.0000000000
55998  28.758  -27.489  18.797 0.0000000000
146694  38.706  -6.976  5.664 0.0000000000
76934  38.510  -6.701  5.211 0.0000000000
76949  38.968  -6.357  4.689 0.0000000000
77981  38.814  -6.308  4.078 0.0000000000
77997  39.178  -6.039  3.451 0.0000000000
76966  38.675  -6.668  3.600 0.0000000000
42674  19.181  -40.475  25.549 0.0000000000
43608  18.311  -40.269  25.724 0.0000000000
150632  12.518  -40.788  31.212 0.0000000000
147534  11.680  -41.348  32.401 0.0000000000
41570  10.493  -41.758  33.392 0.0000000000
45530  10.045  -37.184  30.458 0.0000000000
42570  8.087  -40.727  33.234 0.0000000000
43488  6.948  -39.536  37.489 0.0000000000
43475  6.230  -39.286  40.299 0.0000000000
59295  25.745  -23.644  16.556 0.0000000000
57060  25.991  -24.635  15.790 0.0000000000
58196  25.515  -24.304  16.239 0.0000000000
57046  24.949  -24.692  16.661 0.0000000000
54062  24.144  -27.936  18.175 0.0000000000
55028  24.189  -27.137  18.060 0.0000000000
155037  24.892  -28.156  18.421 0.0000000000
53111  26.244  -29.007  19.598 0.0000000000
51347  22.379  -31.564  19.199 0.0000000000
138409  22.530  -30.753  19.058 0.0000000000
50436  22.551  -32.555  18.984 0.0000000000
49528  23.084  -33.198  18.865 0.0000000000
49513  23.587  -33.712  19.114 0.0000000000
47650  24.606  -35.772  22.262 0.0000000000
73902  41.542  -9.797  2.769 0.0000000000
147422  42.206  -10.245  2.548 0.0000000000
72899  42.880  -10.802  2.254 0.0000000000
69431  29.598  -13.120  12.698 0.0000000000
69449  29.684  -12.902  11.642 0.0000000000
145575  29.942  -12.792  10.624 0.0000000000
69450  29.421  -13.682  10.992 0.0000000000
147028  29.793  -15.342  9.915 0.0000000000
63241  28.450  -19.356  14.145 0.0000000000
64229  27.994  -18.753  13.938 0.0000000000
64235  28.131  -18.618  13.183 0.0000000000
64244  28.474  -18.339  12.617 0.0000000000
65176  31.779  -17.239  13.491 0.0000000000
65183  30.922  -17.465  12.561 0.0000000000
66192  30.781  -16.973  11.382 0.0000000000
65207  32.373  -17.238  11.176 0.0000000000
65206  33.336  -17.139  11.542 0.0000000000
56034  31.734  -26.686  17.364 0.0000000000
156973  32.049  -26.241  16.534 0.0000000000
56033  32.588  -26.340  17.363 0.0000000000
87786  47.652  4.417  -5.436 0.0000000000
86988  47.612  3.509  -5.632 0.0000000000
85089  43.195  1.496  -1.674 0.0000000000
86092  43.595  1.877  -2.126 0.0000000000
85100  43.915  1.703  -2.770 0.0000000000
85109  44.449  1.336  -3.312 0.0000000000
83179  46.954  -0.445  -4.987 0.0000000000
84145  47.236  0.257  -5.257 0.0000000000
83178  47.495  -0.588  -5.325 0.0000000000
46662  17.718  -36.575  21.959 0.0000000000
47665  17.675  -35.836  21.788 0.0000000000
47652  17.237  -35.255  22.220 0.0000000000
48595  19.718  -33.409  21.848 0.0000000000
78019  44.407  -5.646  0.502 0.0000000000
150281  31.284  -21.879  14.573 0.0000000000
60324  31.380  -22.578  14.176 0.0000000000
151627  32.800  -23.528  13.917 0.0000000000
58205  33.858  -23.993  15.541 0.0000000000
156410  41.426  -3.419  3.220 0.0000000000
80117  41.020  -2.995  2.954 0.0000000000
81136  40.871  -2.518  2.449 0.0000000000
82153  40.858  -1.220  1.688 0.0000000000
81154  40.867  -2.616  1.083 0.0000000000
79106  41.481  -4.192  0.606 0.0000000000
148952  43.206  -4.946  0.390 0.0000000000
74894  37.465  -8.162  4.831 0.0000000000
73872  37.336  -9.029  4.909 0.0000000000
72859  37.123  -9.982  4.938 0.0000000000
68335  34.095  -14.373  6.029 0.0000000000
66269  34.672  -16.027  5.762 0.0000000000
66260  34.966  -16.633  6.048 0.0000000000
65272  37.615  -17.778  7.322 0.0000000000
64270  37.633  -18.631  9.316 0.0000000000
54989  27.756  -28.162  20.404 0.0000000000
43610  16.488  -39.787  26.284 0.0000000000
43592  15.335  -39.772  27.236 0.0000000000
43593  14.506  -39.557  27.388 0.0000000000
43575  15.078  -39.957  27.998 0.0000000000
43546  12.970  -40.151  29.919 0.0000000000
43564  12.251  -39.746  29.218 0.0000000000
44458  8.756  -37.756  34.062 0.0000000000
157751  24.340  -23.407  19.739 0.0000000000
58174  23.609  -24.344  18.447 0.0000000000
56021  22.789  -26.018  18.826 0.0000000000
149047  22.905  -26.699  18.578 0.0000000000
47674  22.403  -35.801  19.920 0.0000000000
47662  23.018  -35.961  20.509 0.0000000000
46651  23.010  -37.428  22.717 0.0000000000
46658  24.207  -36.417  22.644 0.0000000000
70713  41.703  -12.404  2.836 0.0000000000
70712  42.592  -12.343  2.630 0.0000000000
68249  28.925  -14.179  13.512 0.0000000000
67204  28.632  -14.990  12.899 0.0000000000
63258  32.216  -19.825  12.146 0.0000000000
63260  30.479  -19.361  12.174 0.0000000000
134736  33.444  -18.192  14.613 0.0000000000
135394  32.672  -17.820  14.230 0.0000000000
64228  32.016  -17.583  13.808 0.0000000000
66148  32.142  -16.884  13.873 0.0000000000
87767  46.285  4.723  -3.555 0.0000000000
82196  43.572  -1.130  -2.223 0.0000000000
42527  4.245  -40.331  41.136 0.0000000000
70644  35.205  -12.247  7.918 0.0000000000
69516  33.986  -12.975  7.256 0.0000000000
68324  32.939  -15.209  7.255 0.0000000000
67282  32.701  -16.208  7.435 0.0000000000
43640  19.258  -39.687  24.295 0.0000000000
44584  18.839  -39.127  23.685 0.0000000000
43641  18.379  -39.505  24.336 0.0000000000
43642  17.680  -39.246  24.373 0.0000000000
44567  17.036  -39.136  24.691 0.0000000000
44568  16.269  -38.848  24.987 0.0000000000
45616  16.872  -37.611  23.120 0.0000000000
45617  16.062  -36.942  23.396 0.0000000000
45567  12.316  -37.249  27.003 0.0000000000
54991  22.410  -26.896  21.901 0.0000000000
54046  22.061  -27.734  21.625 0.0000000000
54035  21.859  -28.566  21.319 0.0000000000
52236  21.738  -30.111  20.471 0.0000000000
145293  21.611  -29.721  21.604 0.0000000000
50425  21.899  -32.291  19.478 0.0000000000
49514  21.910  -33.116  19.125 0.0000000000
48620  21.878  -34.434  19.061 0.0000000000
49505  20.582  -33.474  20.343 0.0000000000
49504  21.013  -33.147  20.055 0.0000000000
48621  21.155  -34.450  19.370 0.0000000000
47691  21.538  -35.111  19.304 0.0000000000
46661  21.810  -37.418  21.613 0.0000000000
45642  20.873  -37.479  21.324 0.0000000000
45613  21.651  -38.160  22.927 0.0000000000
44596  21.133  -38.695  23.399 0.0000000000
65162  28.475  -17.002  16.724 0.0000000000
64219  28.642  -18.749  15.606 0.0000000000
63225  29.340  -19.528  15.414 0.0000000000
63226  28.686  -19.284  14.889 0.0000000000
63253  28.970  -19.887  13.413 0.0000000000
62300  30.006  -20.475  12.466 0.0000000000
62299  30.734  -20.378  12.207 0.0000000000
61323  31.270  -21.281  12.483 0.0000000000
62298  31.799  -20.527  12.114 0.0000000000
63257  33.059  -19.888  12.323 0.0000000000
158247  34.067  -20.125  12.868 0.0000000000
63250  34.503  -19.908  13.350 0.0000000000
62276  34.940  -20.631  13.499 0.0000000000
145418  35.139  -20.003  13.903 0.0000000000
85079  42.637  1.172  0.432 0.0000000000
85081  43.192  1.701  -0.819 0.0000000000
85090  42.610  1.064  -1.227 0.0000000000
83154  42.694  -0.087  -2.104 0.0000000000
82180  41.341  -0.806  -0.158 0.0000000000
83135  41.740  -0.559  -0.869 0.0000000000
83143  42.847  -0.784  -1.923 0.0000000000
75953  40.651  -7.192  1.682 0.0000000000
144633  39.804  -8.099  2.669 0.0000000000
149469  40.259  -8.749  2.959 0.0000000000
73888  38.580  -9.160  4.039 0.0000000000
72881  39.575  -10.271  3.621 0.0000000000
69568  41.593  -13.128  3.382 0.0000000000
69555  41.596  -13.604  4.065 0.0000000000
69539  41.040  -13.804  4.522 0.0000000000
138054  35.411  -11.657  6.011 0.0000000000
69558  37.115  -13.432  4.499 0.0000000000
68350  35.405  -14.254  5.192 0.0000000000
154579  36.070  -15.544  5.251 0.0000000000
68361  36.052  -14.217  4.876 0.0000000000
68360  36.751  -14.150  4.709 0.0000000000
156465  39.457  -14.581  5.190 0.0000000000
67313  39.498  -15.086  5.584 0.0000000000
67312  40.465  -14.979  5.856 0.0000000000
56100  28.385  -25.681  14.693 0.0000000000
56099  29.057  -25.950  14.635 0.0000000000
56076  29.300  -26.454  15.171 0.0000000000
56054  30.440  -26.723  16.264 0.0000000000
56035  29.733  -26.937  16.987 0.0000000000
47593  12.348  -35.428  27.360 0.0000000000
47561  11.296  -35.451  28.981 0.0000000000
133158  10.921  -36.405  28.801 0.0000000000
45558  11.050  -37.116  28.360 0.0000000000
45503  9.261  -37.358  32.789 0.0000000000
43524  8.384  -38.929  32.795 0.0000000000
42597  9.565  -40.212  31.496 0.0000000000
41553  9.928  -41.911  34.027 0.0000000000
131970  6.856  -42.074  38.265 0.0000000000
149098  5.930  -41.339  39.018 0.0000000000
41482  5.635  -40.810  39.298 0.0000000000
43474  7.021  -38.832  40.080 0.0000000000
43471  4.494  -39.644  41.501 0.0000000000
58208  29.158  -24.428  14.646 0.0000000000
58227  28.824  -24.812  14.482 0.0000000000
58209  28.246  -24.426  14.836 0.0000000000
58228  28.006  -25.042  14.660 0.0000000000
56078  27.754  -25.772  14.987 0.0000000000
57044  26.395  -25.345  15.672 0.0000000000
56057  26.815  -26.226  16.084 0.0000000000
55025  27.046  -27.527  18.746 0.0000000000
56040  24.481  -25.942  17.468 0.0000000000
55026  26.384  -27.536  18.656 0.0000000000
54047  22.010  -28.111  20.463 0.0000000000
54056  22.110  -28.460  19.563 0.0000000000
53126  22.673  -29.457  18.735 0.0000000000
52263  22.831  -30.279  18.742 0.0000000000
53125  23.406  -29.838  18.498 0.0000000000
52261  24.178  -30.394  18.526 0.0000000000
48618  24.155  -34.097  19.661 0.0000000000
48594  24.343  -34.964  20.764 0.0000000000
140678  24.337  -33.375  19.363 0.0000000000
50424  24.550  -32.631  19.225 0.0000000000
50423  25.226  -32.234  19.591 0.0000000000
51346  25.194  -31.441  19.267 0.0000000000
51333  25.890  -31.626  20.050 0.0000000000
73914  43.287  -8.985  1.824 0.0000000000
70711  43.485  -12.240  2.395 0.0000000000
70603  31.774  -11.744  10.674 0.0000000000
69487  31.236  -13.316  9.141 0.0000000000
68302  31.001  -14.114  8.825 0.0000000000
67283  31.480  -15.909  8.394 0.0000000000
155380  31.619  -16.511  8.578 0.0000000000
155647  32.190  -17.342  8.640 0.0000000000
66149  27.741  -16.642  14.601 0.0000000000
67185  28.061  -15.714  14.231 0.0000000000
67205  28.230  -15.714  13.257 0.0000000000
65196  28.988  -17.914  12.236 0.0000000000
66195  28.723  -16.539  12.116 0.0000000000
67243  28.875  -15.860  11.810 0.0000000000
67242  29.144  -15.406  11.244 0.0000000000
66211  29.575  -15.749  10.549 0.0000000000
66210  30.147  -16.090  9.913 0.0000000000
140472  30.507  -16.700  10.532 0.0000000000
65240  31.717  -17.030  8.947 0.0000000000
132054  33.036  -18.141  8.881 0.0000000000
64274  33.701  -18.484  9.004 0.0000000000
157463  34.051  -18.573  9.604 0.0000000000
65221  35.040  -18.278  10.826 0.0000000000
65220  36.064  -18.352  10.934 0.0000000000
57058  30.635  -26.041  14.771 0.0000000000
57057  31.361  -25.772  14.910 0.0000000000
57056  32.124  -25.361  15.022 0.0000000000
57042  32.482  -25.645  16.019 0.0000000000
58206  33.380  -24.688  15.791 0.0000000000
132872  34.652  -23.713  16.035 0.0000000000
58167  34.915  -25.140  18.022 0.0000000000
59271  34.993  -24.118  16.839 0.0000000000
60307  36.054  -22.698  15.971 0.0000000000
147100  44.121  2.989  -1.610 0.0000000000
86959  44.961  4.099  -1.876 0.0000000000
86964  45.091  3.904  -2.757 0.0000000000
86968  45.935  3.983  -3.969 0.0000000000
83163  43.773  -0.170  -3.117 0.0000000000
84129  44.387  0.361  -3.486 0.0000000000
84128  44.990  0.899  -3.682 0.0000000000
85108  45.163  1.738  -3.616 0.0000000000
86103  45.774  2.089  -4.143 0.0000000000
86980  45.848  3.047  -4.107 0.0000000000
86979  46.465  3.428  -4.572 0.0000000000
86111  47.081  2.841  -5.222 0.0000000000
85130  48.069  1.887  -6.045 0.0000000000
42661  19.516  -40.856  26.166 0.0000000000
48634  22.707  -33.984  18.945 0.0000000000
49516  20.908  -33.851  19.679 0.0000000000
56037  28.064  -26.980  17.296 0.0000000000
56098  29.845  -26.101  14.640 0.0000000000
57041  33.232  -25.334  16.412 0.0000000000
57072  30.944  -25.479  14.285 0.0000000000
63261  29.434  -20.012  12.627 0.0000000000
67315  37.669  -15.824  5.589 0.0000000000
72852  35.817  -10.252  6.750 0.0000000000
84097  42.000  0.702  -0.797 0.0000000000
86110  47.767  2.691  -5.836 0.0000000000
87763  46.106  4.956  -2.674 0.0000000000
133245  25.343  -34.007  21.156 0.0000000000
141166  28.259  -27.667  19.414 0.0000000000
144814  48.285  4.855  -5.853 0.0000000000
146420  48.175  4.014  -6.084 0.0000000000
153711  24.696  -31.971  19.102 0.0000000000
155683  42.111  -8.559  2.077 0.0000000000
157405  35.814  -14.599  5.039 0.0000000000
158243  29.191  -25.060  14.286 0.0000000000
