#!ascii label  , from subject sub-v1s14x0051572_ses-1 vox2ras=TkReg
511
76497  19.088  -6.895  -47.411 0.0000000000
85607  25.067  0.747  -48.857 0.0000000000
148188  22.494  10.516  -46.724 0.0000000000
90834  17.102  7.691  -49.180 0.0000000000
72367  22.004  -11.495  -46.667 0.0000000000
76479  25.690  -7.627  -47.671 0.0000000000
80647  22.377  -3.179  -49.033 0.0000000000
155756  19.605  1.647  -49.572 0.0000000000
88957  23.472  5.591  -47.438 0.0000000000
92723  26.386  9.231  -49.580 0.0000000000
97991  22.088  15.379  -46.555 0.0000000000
74470  20.100  -8.759  -47.414 0.0000000000
74452  23.268  -9.826  -47.223 0.0000000000
76494  21.792  -7.657  -48.508 0.0000000000
84625  18.858  -0.184  -49.048 0.0000000000
86536  17.692  2.236  -48.286 0.0000000000
91785  19.699  8.396  -48.410 0.0000000000
89895  19.819  6.661  -48.945 0.0000000000
90816  22.216  7.806  -47.278 0.0000000000
90813  25.517  7.340  -47.186 0.0000000000
92694  25.257  9.589  -46.474 0.0000000000
98800  18.901  16.654  -47.503 0.0000000000
97182  19.728  14.416  -46.411 0.0000000000
99550  21.619  17.627  -47.525 0.0000000000
82659  23.924  -1.112  -48.571 0.0000000000
80659  26.091  -3.608  -49.522 0.0000000000
82675  27.105  -1.610  -50.301 0.0000000000
93627  18.991  11.089  -47.721 0.0000000000
129847  25.990  1.232  -51.444 0.0000000000
79608  18.466  -4.304  -47.602 0.0000000000
78569  20.057  -5.251  -48.559 0.0000000000
157817  19.507  -2.416  -49.239 0.0000000000
141728  20.346  -0.653  -49.709 0.0000000000
85610  22.045  1.580  -49.025 0.0000000000
149781  18.181  4.480  -49.784 0.0000000000
87401  21.041  3.716  -49.143 0.0000000000
86534  24.216  2.612  -47.947 0.0000000000
88170  26.180  4.425  -48.583 0.0000000000
149024  20.041  12.817  -46.747 0.0000000000
95474  22.378  12.675  -46.494 0.0000000000
100319  24.389  18.279  -47.575 0.0000000000
98781  25.184  15.959  -46.767 0.0000000000
95472  25.472  12.795  -46.436 0.0000000000
94578  26.623  11.572  -48.810 0.0000000000
78565  23.957  -5.673  -48.900 0.0000000000
76482  17.982  -6.432  -46.882 0.0000000000
76481  18.531  -7.081  -47.004 0.0000000000
76496  19.645  -7.486  -47.543 0.0000000000
135545  21.601  -8.519  -48.306 0.0000000000
76495  20.184  -7.243  -48.023 0.0000000000
92697  21.205  9.448  -47.449 0.0000000000
91770  21.582  8.540  -47.448 0.0000000000
92696  22.074  9.258  -47.179 0.0000000000
92678  23.626  8.973  -46.456 0.0000000000
92677  24.105  9.645  -46.347 0.0000000000
99564  18.495  17.809  -48.484 0.0000000000
98799  19.675  16.733  -47.615 0.0000000000
147243  20.357  18.347  -48.257 0.0000000000
83609  24.674  -0.585  -48.675 0.0000000000
82657  25.816  -1.548  -49.168 0.0000000000
139136  26.252  -0.517  -49.715 0.0000000000
93641  17.443  10.054  -48.309 0.0000000000
94570  18.143  11.461  -47.510 0.0000000000
73407  20.087  -10.985  -46.322 0.0000000000
71224  20.596  -12.193  -46.116 0.0000000000
71207  22.843  -12.176  -45.503 0.0000000000
72354  23.286  -11.512  -45.759 0.0000000000
75462  24.828  -8.872  -47.137 0.0000000000
74441  25.403  -9.281  -46.190 0.0000000000
80648  18.841  -3.705  -48.107 0.0000000000
81685  18.724  -2.126  -48.433 0.0000000000
144692  19.054  0.554  -49.312 0.0000000000
152713  19.440  -0.434  -49.604 0.0000000000
84623  19.967  0.452  -49.665 0.0000000000
84621  21.134  0.272  -49.439 0.0000000000
85619  21.167  1.611  -49.385 0.0000000000
88176  17.345  5.104  -49.095 0.0000000000
88984  17.799  6.043  -49.952 0.0000000000
88959  21.777  6.073  -47.954 0.0000000000
143554  20.638  5.059  -48.974 0.0000000000
88173  22.182  4.491  -48.324 0.0000000000
87399  22.606  3.199  -48.520 0.0000000000
147586  23.482  4.270  -47.802 0.0000000000
88158  25.271  3.979  -47.712 0.0000000000
151785  24.841  4.910  -47.495 0.0000000000
91784  26.424  7.994  -48.322 0.0000000000
90829  26.399  7.187  -48.606 0.0000000000
97992  20.797  15.361  -46.703 0.0000000000
96353  19.976  13.581  -46.625 0.0000000000
144906  20.789  13.908  -46.556 0.0000000000
96351  21.816  13.128  -46.537 0.0000000000
97179  22.362  14.420  -46.431 0.0000000000
96348  25.633  13.792  -46.514 0.0000000000
96363  26.632  13.886  -47.257 0.0000000000
95487  26.662  12.281  -47.647 0.0000000000
143608  21.003  -3.926  -49.392 0.0000000000
78567  21.968  -5.479  -49.026 0.0000000000
79619  23.659  -4.761  -48.939 0.0000000000
80642  27.345  -3.583  -48.987 0.0000000000
79603  26.182  -4.941  -49.187 0.0000000000
73424  19.829  -10.021  -46.608 0.0000000000
73422  21.358  -10.515  -47.275 0.0000000000
73405  23.112  -10.539  -46.705 0.0000000000
74453  22.457  -9.543  -47.762 0.0000000000
75484  22.521  -8.731  -48.241 0.0000000000
75482  24.292  -8.005  -48.209 0.0000000000
84598  17.560  -0.178  -47.236 0.0000000000
152961  17.993  0.724  -48.082 0.0000000000
86552  18.277  2.351  -49.057 0.0000000000
90833  18.032  7.983  -49.279 0.0000000000
89896  18.769  6.533  -49.764 0.0000000000
90832  19.785  7.581  -48.616 0.0000000000
90831  21.594  7.081  -47.732 0.0000000000
138396  22.695  7.069  -47.299 0.0000000000
89880  24.188  6.182  -47.197 0.0000000000
135978  24.364  7.497  -46.780 0.0000000000
157067  25.772  8.161  -47.056 0.0000000000
140989  26.411  9.578  -47.572 0.0000000000
97995  19.429  14.986  -46.111 0.0000000000
98002  19.321  16.262  -47.334 0.0000000000
98785  20.210  16.106  -47.117 0.0000000000
98797  21.800  16.856  -47.125 0.0000000000
81683  22.791  -2.407  -48.760 0.0000000000
80645  24.402  -3.267  -48.761 0.0000000000
81681  24.673  -2.354  -48.697 0.0000000000
81699  26.698  -2.871  -49.784 0.0000000000
157211  16.808  8.589  -48.748 0.0000000000
91787  17.601  8.687  -48.902 0.0000000000
92699  19.118  10.194  -47.999 0.0000000000
93625  20.914  10.261  -47.344 0.0000000000
73396  24.536  -10.530  -45.699 0.0000000000
156608  25.767  1.107  -50.484 0.0000000000
151293  26.633  0.485  -51.043 0.0000000000
151656  18.668  -5.664  -47.477 0.0000000000
77536  19.606  -5.689  -48.042 0.0000000000
142514  19.431  -4.887  -48.201 0.0000000000
143383  20.124  -3.870  -49.163 0.0000000000
80662  20.484  -3.077  -49.474 0.0000000000
82681  19.136  -1.445  -49.099 0.0000000000
82680  19.571  -1.594  -49.520 0.0000000000
145859  21.328  -1.469  -49.467 0.0000000000
82677  21.863  -0.821  -49.264 0.0000000000
84610  23.309  0.390  -48.758 0.0000000000
142427  24.123  0.800  -48.547 0.0000000000
87402  17.761  3.256  -48.807 0.0000000000
139631  19.068  3.149  -49.792 0.0000000000
88982  19.165  5.539  -50.032 0.0000000000
88183  19.690  4.460  -49.880 0.0000000000
143297  20.284  2.671  -49.640 0.0000000000
86551  21.511  2.276  -49.206 0.0000000000
86549  23.800  1.981  -48.292 0.0000000000
86547  25.253  1.692  -48.572 0.0000000000
147058  25.601  2.427  -48.515 0.0000000000
88182  26.290  3.537  -49.605 0.0000000000
89878  26.009  6.019  -47.911 0.0000000000
94569  19.195  11.759  -47.314 0.0000000000
94556  21.245  11.663  -46.831 0.0000000000
94555  22.338  11.324  -46.638 0.0000000000
140323  22.705  18.077  -47.532 0.0000000000
98796  23.562  16.647  -47.005 0.0000000000
136737  25.244  16.869  -47.136 0.0000000000
98782  24.185  15.859  -46.672 0.0000000000
153928  24.161  14.175  -46.338 0.0000000000
141879  24.372  12.802  -46.311 0.0000000000
94553  24.297  11.250  -46.349 0.0000000000
94567  25.327  11.189  -46.434 0.0000000000
93621  26.384  10.460  -47.263 0.0000000000
143689  26.538  10.694  -49.172 0.0000000000
77534  20.882  -6.398  -48.641 0.0000000000
77532  23.240  -6.300  -48.696 0.0000000000
77512  24.821  -6.798  -48.632 0.0000000000
78564  24.716  -5.064  -49.122 0.0000000000
78552  25.835  -5.720  -48.917 0.0000000000
77518  18.578  -6.275  -47.296 0.0000000000
75472  19.112  -7.653  -47.154 0.0000000000
141691  19.594  -6.826  -47.701 0.0000000000
93624  21.875  9.984  -47.122 0.0000000000
151688  22.883  9.629  -46.657 0.0000000000
93610  23.523  10.528  -46.437 0.0000000000
99563  19.144  18.011  -48.734 0.0000000000
84608  25.350  -0.139  -49.071 0.0000000000
72369  20.745  -11.610  -46.556 0.0000000000
138122  20.267  -11.712  -46.087 0.0000000000
71223  21.086  -12.157  -46.456 0.0000000000
71208  21.780  -12.415  -45.993 0.0000000000
72355  22.401  -11.823  -46.190 0.0000000000
72366  22.830  -11.195  -46.372 0.0000000000
75469  25.232  -8.307  -47.373 0.0000000000
75461  25.403  -8.780  -46.699 0.0000000000
75460  26.017  -8.059  -46.843 0.0000000000
76467  26.791  -7.541  -46.577 0.0000000000
150819  18.477  -2.915  -47.967 0.0000000000
81686  18.330  -2.504  -47.808 0.0000000000
85621  19.323  1.377  -49.485 0.0000000000
84624  19.537  0.541  -49.542 0.0000000000
85620  19.789  1.157  -49.586 0.0000000000
133814  20.430  1.194  -49.560 0.0000000000
86560  19.956  1.953  -49.677 0.0000000000
88973  17.319  6.038  -49.532 0.0000000000
89907  17.402  6.942  -49.680 0.0000000000
88958  22.596  5.760  -47.654 0.0000000000
88969  22.011  5.226  -48.157 0.0000000000
88160  22.901  4.885  -47.842 0.0000000000
143589  23.857  4.875  -47.524 0.0000000000
88956  24.228  5.467  -47.366 0.0000000000
92713  26.492  9.111  -48.475 0.0000000000
91795  26.405  8.420  -49.333 0.0000000000
97180  21.312  14.559  -46.554 0.0000000000
148882  21.642  13.779  -46.523 0.0000000000
97192  27.014  14.621  -47.852 0.0000000000
147777  27.086  14.305  -48.785 0.0000000000
96370  26.978  13.711  -47.962 0.0000000000
140964  21.976  -3.970  -49.219 0.0000000000
79606  22.958  -3.995  -48.914 0.0000000000
80634  27.856  -3.734  -48.145 0.0000000000
79601  27.347  -4.372  -48.466 0.0000000000
74456  19.590  -9.011  -46.853 0.0000000000
74455  20.315  -9.502  -47.220 0.0000000000
73423  20.612  -10.542  -46.924 0.0000000000
74454  20.986  -9.801  -47.586 0.0000000000
144162  21.689  -9.921  -47.661 0.0000000000
156301  22.196  -8.222  -48.397 0.0000000000
75483  23.572  -8.327  -48.206 0.0000000000
76493  22.880  -7.840  -48.453 0.0000000000
86537  17.297  2.015  -47.552 0.0000000000
137810  17.630  1.327  -47.817 0.0000000000
85612  18.159  1.419  -48.532 0.0000000000
91786  18.609  8.646  -48.740 0.0000000000
149064  18.970  8.007  -48.907 0.0000000000
154910  21.533  7.836  -47.560 0.0000000000
90815  23.701  6.946  -47.056 0.0000000000
141065  23.235  7.685  -46.914 0.0000000000
91751  24.619  8.871  -46.416 0.0000000000
139761  25.605  8.807  -46.728 0.0000000000
92692  26.252  8.706  -47.438 0.0000000000
92693  26.093  9.551  -46.916 0.0000000000
98801  18.598  17.353  -47.454 0.0000000000
98786  18.832  16.555  -46.991 0.0000000000
98003  19.258  16.015  -46.972 0.0000000000
99551  20.217  17.595  -47.855 0.0000000000
98798  20.826  16.840  -47.354 0.0000000000
98784  21.374  16.175  -46.860 0.0000000000
144499  23.281  -1.704  -48.636 0.0000000000
81682  23.775  -2.471  -48.561 0.0000000000
146707  24.134  -1.817  -48.531 0.0000000000
82676  26.450  -2.112  -49.755 0.0000000000
81698  27.104  -2.224  -50.143 0.0000000000
81678  27.385  -2.544  -49.751 0.0000000000
91773  16.359  8.908  -48.440 0.0000000000
91788  16.901  8.709  -48.780 0.0000000000
92715  17.117  9.378  -48.617 0.0000000000
92700  18.142  10.592  -48.075 0.0000000000
93626  19.939  10.604  -47.557 0.0000000000
73404  24.110  -10.048  -46.494 0.0000000000
74435  25.676  -9.552  -45.586 0.0000000000
78541  18.048  -4.875  -47.204 0.0000000000
78555  18.517  -5.048  -47.509 0.0000000000
78554  19.016  -5.329  -47.758 0.0000000000
79607  18.927  -4.532  -47.900 0.0000000000
80664  19.174  -3.023  -48.747 0.0000000000
79623  19.407  -3.921  -48.552 0.0000000000
80663  19.713  -3.082  -49.224 0.0000000000
81703  20.003  -2.283  -49.638 0.0000000000
83612  18.649  -0.838  -48.625 0.0000000000
82661  18.815  -1.341  -48.733 0.0000000000
83632  19.077  -0.740  -49.244 0.0000000000
83631  20.079  -0.218  -49.730 0.0000000000
138198  20.059  -1.045  -49.816 0.0000000000
82679  20.378  -1.365  -49.713 0.0000000000
82678  20.941  -0.746  -49.589 0.0000000000
84611  22.106  0.578  -49.115 0.0000000000
85609  23.249  1.250  -48.655 0.0000000000
88186  17.736  5.209  -49.732 0.0000000000
87403  17.330  4.123  -48.512 0.0000000000
143673  17.792  4.299  -49.313 0.0000000000
86563  18.407  3.454  -49.541 0.0000000000
87409  18.715  4.168  -49.987 0.0000000000
88972  19.601  5.931  -49.501 0.0000000000
88175  20.474  4.403  -49.359 0.0000000000
87407  20.205  3.546  -49.659 0.0000000000
87406  21.001  2.931  -49.366 0.0000000000
136633  21.786  2.966  -48.938 0.0000000000
87387  23.613  3.419  -47.911 0.0000000000
86535  23.245  2.596  -48.317 0.0000000000
86548  24.586  2.049  -48.148 0.0000000000
86533  25.098  2.509  -47.990 0.0000000000
88157  25.758  4.647  -47.875 0.0000000000
88171  26.007  3.750  -48.328 0.0000000000
88968  26.354  4.818  -49.384 0.0000000000
90814  24.643  6.854  -47.033 0.0000000000
89879  25.284  6.338  -47.384 0.0000000000
89893  25.979  6.698  -47.677 0.0000000000
95477  19.393  12.804  -46.601 0.0000000000
95490  18.827  12.237  -46.920 0.0000000000
94558  19.660  12.287  -46.882 0.0000000000
95475  21.489  12.494  -46.626 0.0000000000
138402  22.059  12.036  -46.589 0.0000000000
141040  22.875  12.036  -46.447 0.0000000000
101119  22.930  18.970  -47.890 0.0000000000
100320  23.517  18.441  -47.597 0.0000000000
148154  22.631  17.198  -47.222 0.0000000000
99549  23.540  17.651  -47.345 0.0000000000
98794  25.965  16.374  -47.081 0.0000000000
99546  26.002  17.219  -47.452 0.0000000000
98795  24.514  16.534  -46.963 0.0000000000
97989  23.942  14.967  -46.384 0.0000000000
157420  24.721  15.274  -46.580 0.0000000000
149559  24.747  13.599  -46.356 0.0000000000
144667  23.859  12.041  -46.361 0.0000000000
144584  24.901  11.996  -46.302 0.0000000000
95489  25.686  11.907  -46.511 0.0000000000
95495  26.708  12.287  -48.465 0.0000000000
94565  26.472  11.488  -47.356 0.0000000000
157589  26.696  11.713  -48.013 0.0000000000
143973  26.634  10.987  -48.096 0.0000000000
77535  20.260  -6.021  -48.391 0.0000000000
78568  20.924  -5.551  -48.899 0.0000000000
78566  22.951  -5.515  -48.862 0.0000000000
77533  22.321  -6.176  -48.803 0.0000000000
77531  24.119  -6.478  -48.720 0.0000000000
80660  25.306  -3.605  -49.238 0.0000000000
79604  24.584  -4.211  -49.033 0.0000000000
79618  25.536  -4.434  -49.310 0.0000000000
78550  26.886  -5.002  -48.654 0.0000000000
78551  26.458  -5.520  -48.683 0.0000000000
78539  26.980  -5.690  -48.031 0.0000000000
77510  26.314  -6.174  -48.386 0.0000000000
74471  19.631  -8.235  -47.287 0.0000000000
74469  20.779  -8.880  -47.871 0.0000000000
75486  20.202  -8.102  -47.732 0.0000000000
75485  20.853  -7.975  -48.256 0.0000000000
76507  20.871  -7.154  -48.509 0.0000000000
91771  20.491  8.885  -47.852 0.0000000000
92695  22.753  8.590  -46.875 0.0000000000
99565  18.364  17.780  -48.082 0.0000000000
99553  18.732  17.210  -47.959 0.0000000000
158340  18.993  16.684  -47.828 0.0000000000
99552  19.042  17.176  -48.195 0.0000000000
100322  21.065  18.262  -47.854 0.0000000000
82658  24.958  -1.470  -48.659 0.0000000000
83608  25.627  -0.878  -49.013 0.0000000000
83628  26.431  -1.267  -49.764 0.0000000000
93628  17.374  10.624  -47.979 0.0000000000
73408  19.352  -10.430  -45.973 0.0000000000
72370  19.651  -11.322  -45.773 0.0000000000
71197  23.291  -12.482  -44.695 0.0000000000
72347  23.678  -11.823  -45.021 0.0000000000
74451  24.153  -9.294  -47.192 0.0000000000
74442  24.839  -9.371  -46.618 0.0000000000
80649  18.466  -3.561  -47.773 0.0000000000
81684  18.764  -2.928  -48.346 0.0000000000
81704  19.138  -2.213  -48.893 0.0000000000
138687  19.125  0.134  -49.389 0.0000000000
134115  19.670  -0.050  -49.655 0.0000000000
83630  20.667  -0.206  -49.587 0.0000000000
84622  20.513  0.365  -49.572 0.0000000000
145021  21.206  0.915  -49.400 0.0000000000
89894  20.894  6.370  -48.366 0.0000000000
88971  20.334  5.767  -48.932 0.0000000000
88970  21.179  5.517  -48.493 0.0000000000
88174  21.333  4.575  -48.684 0.0000000000
87400  21.851  3.731  -48.656 0.0000000000
88172  22.795  4.020  -48.250 0.0000000000
87386  24.723  3.274  -47.755 0.0000000000
88159  24.292  4.128  -47.642 0.0000000000
91767  26.149  7.881  -47.542 0.0000000000
90830  26.292  7.255  -47.877 0.0000000000
90840  26.376  7.538  -49.357 0.0000000000
97181  20.290  14.532  -46.580 0.0000000000
96352  20.888  13.145  -46.605 0.0000000000
96350  22.674  13.527  -46.387 0.0000000000
97987  26.062  15.471  -46.857 0.0000000000
97988  25.359  15.147  -46.645 0.0000000000
97175  26.490  14.663  -47.045 0.0000000000
96347  26.233  14.039  -46.758 0.0000000000
96364  26.234  13.283  -46.771 0.0000000000
95488  26.273  12.277  -46.870 0.0000000000
139684  26.657  13.053  -47.390 0.0000000000
146763  26.857  12.957  -48.128 0.0000000000
79622  20.550  -4.663  -49.061 0.0000000000
79621  21.492  -4.741  -49.208 0.0000000000
79620  22.512  -4.756  -49.057 0.0000000000
80643  26.711  -3.610  -49.467 0.0000000000
79617  26.249  -4.188  -49.417 0.0000000000
79602  26.778  -4.295  -49.103 0.0000000000
72382  21.109  -11.162  -46.869 0.0000000000
73406  22.379  -10.940  -46.807 0.0000000000
73421  22.275  -10.385  -47.290 0.0000000000
74468  21.623  -9.259  -48.008 0.0000000000
75471  23.402  -9.041  -47.773 0.0000000000
75470  24.363  -8.541  -47.744 0.0000000000
76480  24.949  -7.897  -48.008 0.0000000000
84612  18.484  -0.289  -48.471 0.0000000000
85611  18.524  0.484  -48.694 0.0000000000
85622  18.716  1.394  -49.179 0.0000000000
86562  18.893  2.322  -49.519 0.0000000000
157853  17.673  7.750  -49.409 0.0000000000
89897  18.020  7.418  -49.676 0.0000000000
136716  18.844  7.383  -49.281 0.0000000000
90817  20.747  7.913  -47.927 0.0000000000
141463  20.580  7.121  -48.291 0.0000000000
89882  22.357  6.472  -47.561 0.0000000000
89881  23.149  6.341  -47.311 0.0000000000
91769  23.930  8.261  -46.564 0.0000000000
91768  25.047  8.110  -46.625 0.0000000000
97993  19.789  15.442  -46.723 0.0000000000
98783  22.454  16.358  -46.796 0.0000000000
80646  23.360  -3.225  -48.692 0.0000000000
80644  25.173  -2.886  -49.019 0.0000000000
81680  25.527  -2.206  -49.052 0.0000000000
81700  25.923  -2.916  -49.467 0.0000000000
81679  27.167  -3.119  -49.547 0.0000000000
137487  17.146  8.204  -48.977 0.0000000000
133272  17.417  8.070  -49.122 0.0000000000
92714  18.169  9.577  -48.497 0.0000000000
91772  19.402  9.253  -48.224 0.0000000000
92698  20.188  9.765  -47.707 0.0000000000
93611  21.571  10.781  -46.966 0.0000000000
73397  23.697  -10.843  -46.063 0.0000000000
74436  25.011  -9.876  -45.999 0.0000000000
85606  25.587  0.991  -49.674 0.0000000000
84620  26.061  0.318  -49.933 0.0000000000
130734  26.057  0.927  -50.914 0.0000000000
78540  18.230  -5.616  -47.211 0.0000000000
77517  19.181  -6.146  -47.647 0.0000000000
152952  19.873  -4.529  -48.706 0.0000000000
80661  21.414  -3.124  -49.379 0.0000000000
82662  18.419  -1.584  -48.083 0.0000000000
136084  19.451  -0.896  -49.573 0.0000000000
81702  20.871  -2.240  -49.574 0.0000000000
81701  21.818  -2.303  -49.210 0.0000000000
146339  22.288  -1.576  -49.001 0.0000000000
82660  22.881  -0.928  -48.865 0.0000000000
83629  21.473  -0.179  -49.376 0.0000000000
83611  22.499  -0.195  -49.028 0.0000000000
83610  23.601  -0.348  -48.735 0.0000000000
84609  24.381  0.168  -48.747 0.0000000000
87388  17.188  3.071  -47.819 0.0000000000
86561  19.423  2.206  -49.611 0.0000000000
89906  17.926  6.819  -49.940 0.0000000000
88983  18.452  5.838  -50.082 0.0000000000
88185  18.294  5.123  -50.027 0.0000000000
88981  19.925  5.165  -49.624 0.0000000000
154111  19.414  4.993  -50.037 0.0000000000
87408  19.345  3.849  -49.953 0.0000000000
138546  19.689  2.884  -49.743 0.0000000000
86559  20.701  2.097  -49.517 0.0000000000
86550  22.345  2.440  -48.803 0.0000000000
141031  22.933  1.985  -48.656 0.0000000000
85608  24.394  1.435  -48.423 0.0000000000
86546  25.742  1.746  -49.635 0.0000000000
87385  25.623  3.099  -48.026 0.0000000000
87398  26.063  2.802  -48.939 0.0000000000
129846  25.981  2.250  -50.561 0.0000000000
153540  24.821  5.695  -47.365 0.0000000000
88955  25.509  5.490  -47.645 0.0000000000
89892  26.313  6.542  -48.379 0.0000000000
96354  19.312  13.525  -46.362 0.0000000000
94568  19.773  11.263  -47.392 0.0000000000
95476  20.566  12.343  -46.780 0.0000000000
94557  20.167  11.725  -47.067 0.0000000000
93612  20.613  11.044  -47.214 0.0000000000
100332  21.133  18.965  -48.199 0.0000000000
100321  21.939  18.597  -47.840 0.0000000000
99548  24.408  17.276  -47.271 0.0000000000
97990  23.211  15.716  -46.533 0.0000000000
147428  23.013  14.970  -46.318 0.0000000000
97178  23.344  14.277  -46.293 0.0000000000
96349  23.786  13.538  -46.306 0.0000000000
97177  24.927  14.494  -46.481 0.0000000000
95473  23.341  12.785  -46.358 0.0000000000
94554  23.295  11.351  -46.454 0.0000000000
155023  22.903  10.929  -46.564 0.0000000000
93623  24.772  10.412  -46.344 0.0000000000
93622  25.788  10.386  -46.630 0.0000000000
94566  26.088  11.266  -46.762 0.0000000000
93640  26.599  10.100  -48.236 0.0000000000
135857  26.541  9.833  -49.087 0.0000000000
94583  26.325  11.554  -49.742 0.0000000000
145852  26.101  10.849  -50.230 0.0000000000
93654  26.320  10.008  -49.936 0.0000000000
77516  19.861  -6.435  -47.995 0.0000000000
76508  20.385  -6.673  -48.333 0.0000000000
77515  21.630  -6.751  -48.707 0.0000000000
140834  21.539  -6.074  -48.814 0.0000000000
77514  22.567  -6.967  -48.626 0.0000000000
77513  23.494  -7.076  -48.577 0.0000000000
76491  24.602  -7.472  -48.382 0.0000000000
76490  25.323  -7.229  -48.272 0.0000000000
79605  23.812  -3.918  -48.761 0.0000000000
142062  25.455  -5.223  -49.161 0.0000000000
78553  24.943  -5.924  -48.961 0.0000000000
77511  25.575  -6.477  -48.579 0.0000000000
77498  26.050  -6.915  -48.034 0.0000000000
76478  26.426  -7.273  -47.329 0.0000000000
157426  26.726  -0.178  -50.395 0.0000000000
83627  26.974  -0.903  -50.388 0.0000000000
71222  21.630  -11.952  -46.478 0.0000000000
71225  20.007  -12.064  -45.714 0.0000000000
72368  21.293  -11.658  -46.698 0.0000000000
72381  21.685  -11.058  -46.944 0.0000000000
76492  23.873  -7.674  -48.440 0.0000000000
84613  18.119  0.043  -47.968 0.0000000000
88184  18.960  4.844  -50.182 0.0000000000
90841  17.531  7.645  -49.477 0.0000000000
97176  25.833  14.599  -46.651 0.0000000000
143341  24.202  -7.117  -48.579 0.0000000000
153131  26.868  13.538  -48.596 0.0000000000
157101  21.418  3.307  -49.035 0.0000000000
157527  19.704  -0.483  -49.726 0.0000000000
158360  19.176  -8.307  -46.876 0.0000000000
