#!ascii label  , from subject sub-v1s14x0051564_ses-1 vox2ras=TkReg
2171
67198  51.478  -21.523  22.535 0.0000000000
44491  43.253  -43.078  33.852 0.0000000000
152387  30.451  -47.635  39.679 0.0000000000
36611  24.103  -50.386  43.527 0.0000000000
34444  40.990  -51.163  40.481 0.0000000000
153339  32.503  -48.067  30.540 0.0000000000
153903  48.863  -27.890  25.960 0.0000000000
72249  57.642  -16.445  18.307 0.0000000000
59839  51.659  -29.225  33.701 0.0000000000
52743  42.441  -35.736  27.044 0.0000000000
140449  33.557  -39.808  24.719 0.0000000000
36581  32.150  -48.510  45.004 0.0000000000
38851  27.796  -47.928  42.723 0.0000000000
158565  30.559  -49.891  47.799 0.0000000000
36639  35.158  -49.627  39.865 0.0000000000
61886  53.643  -26.696  33.662 0.0000000000
43413  47.446  -44.037  37.867 0.0000000000
48629  49.332  -40.056  35.160 0.0000000000
53610  48.003  -34.618  33.607 0.0000000000
47614  44.529  -39.620  28.905 0.0000000000
50804  40.052  -37.548  25.081 0.0000000000
46589  38.668  -41.458  28.877 0.0000000000
42441  28.067  -45.701  30.439 0.0000000000
42493  28.992  -45.866  26.544 0.0000000000
70153  54.525  -19.018  20.502 0.0000000000
72296  52.815  -16.670  15.262 0.0000000000
43440  27.078  -44.687  34.968 0.0000000000
41203  23.802  -46.575  37.315 0.0000000000
40039  42.545  -47.568  37.296 0.0000000000
42400  37.969  -45.563  32.882 0.0000000000
143961  35.699  -49.949  35.502 0.0000000000
40085  31.612  -47.675  34.688 0.0000000000
141040  48.595  -23.500  25.123 0.0000000000
36515  27.904  -50.838  51.785 0.0000000000
32324  24.363  -54.835  43.684 0.0000000000
68189  57.489  -19.832  24.217 0.0000000000
66029  53.913  -22.362  26.580 0.0000000000
63924  50.883  -25.045  29.483 0.0000000000
58861  51.359  -29.958  28.485 0.0000000000
58849  46.564  -29.325  28.252 0.0000000000
59783  48.256  -28.028  38.697 0.0000000000
57810  46.054  -30.418  32.619 0.0000000000
156168  41.629  -30.433  26.215 0.0000000000
54760  38.436  -34.073  21.994 0.0000000000
45577  32.376  -42.286  29.825 0.0000000000
37650  33.362  -47.873  46.521 0.0000000000
158245  31.430  -49.075  46.546 0.0000000000
37628  31.522  -48.237  48.209 0.0000000000
37685  35.413  -48.467  44.939 0.0000000000
44468  45.993  -43.888  35.479 0.0000000000
45532  46.640  -41.837  33.712 0.0000000000
47580  47.077  -39.995  31.861 0.0000000000
157444  43.984  -41.044  31.407 0.0000000000
47601  41.048  -40.656  29.300 0.0000000000
45561  41.236  -42.160  31.201 0.0000000000
44539  26.334  -43.636  30.293 0.0000000000
43523  26.125  -44.662  28.370 0.0000000000
68226  53.401  -20.366  21.573 0.0000000000
69176  52.218  -19.178  18.952 0.0000000000
67220  50.988  -20.972  20.367 0.0000000000
42352  28.879  -45.767  37.165 0.0000000000
42365  25.646  -45.374  36.312 0.0000000000
41186  26.857  -46.277  38.515 0.0000000000
38840  25.457  -48.532  43.656 0.0000000000
38877  24.353  -48.343  40.661 0.0000000000
36641  22.827  -49.951  41.132 0.0000000000
35464  22.260  -51.736  41.720 0.0000000000
37780  44.028  -49.015  38.935 0.0000000000
37784  41.851  -49.572  38.657 0.0000000000
38924  39.670  -48.194  36.804 0.0000000000
36685  38.423  -50.018  38.268 0.0000000000
136927  33.190  -48.735  39.839 0.0000000000
36688  33.534  -49.365  36.988 0.0000000000
40041  31.355  -46.901  37.737 0.0000000000
42387  29.968  -45.701  34.908 0.0000000000
62945  47.615  -25.662  26.087 0.0000000000
63999  46.671  -25.011  23.371 0.0000000000
62005  47.314  -26.759  23.857 0.0000000000
29076  24.341  -57.017  43.514 0.0000000000
138434  52.683  -23.740  28.317 0.0000000000
63910  54.671  -24.528  30.401 0.0000000000
58791  52.725  -29.439  33.446 0.0000000000
59877  52.281  -29.360  31.209 0.0000000000
57818  51.409  -30.260  31.279 0.0000000000
57856  49.411  -30.784  28.050 0.0000000000
58821  48.813  -28.957  31.159 0.0000000000
52713  45.419  -35.514  30.485 0.0000000000
55740  46.999  -32.607  33.233 0.0000000000
55770  44.858  -32.858  29.852 0.0000000000
143599  43.898  -30.992  28.989 0.0000000000
142283  41.938  -33.279  27.079 0.0000000000
142125  39.639  -32.040  25.324 0.0000000000
52762  40.516  -35.338  24.918 0.0000000000
52775  36.104  -35.584  24.303 0.0000000000
41247  34.282  -46.366  33.367 0.0000000000
44518  35.140  -43.733  31.139 0.0000000000
43497  32.244  -44.489  30.774 0.0000000000
45597  28.542  -42.988  26.504 0.0000000000
71238  59.941  -17.758  15.243 0.0000000000
136167  57.304  -16.318  15.922 0.0000000000
150796  31.737  -48.819  42.389 0.0000000000
38875  29.065  -47.789  41.069 0.0000000000
37719  30.692  -48.711  43.869 0.0000000000
37689  29.002  -48.894  45.306 0.0000000000
37655  26.736  -48.661  47.223 0.0000000000
34380  39.120  -50.703  42.853 0.0000000000
34434  37.549  -50.664  40.320 0.0000000000
35440  36.765  -49.914  42.336 0.0000000000
37728  33.630  -48.589  42.184 0.0000000000
63871  55.704  -24.018  32.355 0.0000000000
59792  51.882  -27.679  37.099 0.0000000000
51750  49.026  -37.398  34.271 0.0000000000
50759  46.133  -38.023  30.651 0.0000000000
50772  43.839  -37.890  27.832 0.0000000000
51864  41.552  -37.016  24.590 0.0000000000
158995  41.942  -38.866  26.775 0.0000000000
48713  38.557  -39.511  27.602 0.0000000000
47636  35.684  -40.849  26.707 0.0000000000
40147  29.356  -48.025  30.181 0.0000000000
41318  30.395  -46.694  28.070 0.0000000000
41320  27.781  -47.489  28.052 0.0000000000
71216  55.476  -17.334  18.990 0.0000000000
72283  55.743  -16.236  16.645 0.0000000000
71226  53.576  -17.405  17.504 0.0000000000
40019  25.431  -47.263  39.672 0.0000000000
41193  45.481  -46.289  37.616 0.0000000000
43439  42.932  -44.923  35.207 0.0000000000
42397  40.437  -44.969  33.492 0.0000000000
41228  39.943  -46.369  34.694 0.0000000000
40081  37.223  -46.892  35.068 0.0000000000
38986  34.172  -49.104  32.888 0.0000000000
34481  35.178  -50.546  37.124 0.0000000000
35568  33.143  -50.766  34.320 0.0000000000
37882  31.486  -49.339  32.302 0.0000000000
41258  29.706  -46.323  32.674 0.0000000000
43461  28.154  -44.650  33.146 0.0000000000
66082  50.158  -21.977  23.798 0.0000000000
154682  49.840  -21.824  21.446 0.0000000000
66084  48.055  -22.922  22.989 0.0000000000
36522  29.407  -49.329  50.930 0.0000000000
36545  25.554  -50.492  48.239 0.0000000000
34361  25.827  -53.111  47.173 0.0000000000
34395  23.720  -52.659  43.928 0.0000000000
71189  57.679  -17.923  21.075 0.0000000000
69128  55.673  -19.616  22.378 0.0000000000
132934  54.071  -20.670  22.927 0.0000000000
157871  52.661  -21.623  24.636 0.0000000000
66032  50.879  -22.757  26.182 0.0000000000
63945  49.703  -24.334  27.506 0.0000000000
61936  49.397  -26.616  28.440 0.0000000000
62869  52.514  -25.770  31.483 0.0000000000
60923  50.802  -27.802  29.418 0.0000000000
155990  50.614  -29.364  26.308 0.0000000000
158741  50.255  -30.826  25.493 0.0000000000
58889  47.383  -29.997  25.843 0.0000000000
60860  49.323  -27.524  36.721 0.0000000000
56740  48.360  -31.617  36.531 0.0000000000
57776  47.325  -30.050  35.448 0.0000000000
59843  47.623  -28.633  33.316 0.0000000000
138259  45.468  -28.999  30.791 0.0000000000
59910  43.790  -28.960  27.868 0.0000000000
51896  38.899  -35.900  22.284 0.0000000000
43495  37.792  -43.921  30.492 0.0000000000
45585  36.051  -42.401  28.819 0.0000000000
47637  32.780  -40.356  27.403 0.0000000000
44552  30.449  -43.583  28.739 0.0000000000
46605  30.178  -41.324  27.930 0.0000000000
38783  32.266  -47.627  47.695 0.0000000000
39923  32.258  -47.113  48.241 0.0000000000
143226  44.629  -43.618  34.873 0.0000000000
44479  46.539  -43.183  35.083 0.0000000000
135304  44.978  -42.455  33.929 0.0000000000
147429  45.386  -41.395  32.539 0.0000000000
45545  43.035  -42.162  32.775 0.0000000000
46559  42.076  -41.715  31.373 0.0000000000
44503  42.280  -42.527  32.663 0.0000000000
68227  52.756  -20.858  21.800 0.0000000000
68239  51.763  -20.726  20.627 0.0000000000
67207  51.249  -21.189  21.026 0.0000000000
152362  29.569  -46.415  38.248 0.0000000000
41198  28.311  -46.030  37.848 0.0000000000
41177  29.014  -46.804  39.277 0.0000000000
37722  24.956  -49.200  43.522 0.0000000000
37735  24.253  -49.380  42.513 0.0000000000
36620  23.904  -50.069  42.902 0.0000000000
36630  22.552  -50.732  41.458 0.0000000000
35451  23.292  -51.390  42.937 0.0000000000
35447  41.556  -51.687  42.574 0.0000000000
35472  42.513  -51.350  40.710 0.0000000000
36652  42.616  -50.363  39.809 0.0000000000
35503  41.038  -50.592  39.591 0.0000000000
36683  40.216  -49.744  38.469 0.0000000000
35505  39.550  -50.582  39.436 0.0000000000
38884  31.798  -48.258  39.670 0.0000000000
38897  32.001  -47.907  38.899 0.0000000000
40026  31.250  -47.305  38.580 0.0000000000
41196  30.567  -46.372  37.354 0.0000000000
60968  47.985  -27.175  25.846 0.0000000000
61990  47.459  -26.452  25.622 0.0000000000
60978  47.647  -27.092  25.140 0.0000000000
138607  56.544  -22.937  30.035 0.0000000000
64904  55.692  -23.579  29.415 0.0000000000
156518  56.255  -23.775  30.678 0.0000000000
58776  52.384  -29.408  33.783 0.0000000000
57800  52.148  -29.871  32.542 0.0000000000
58810  51.229  -29.792  32.135 0.0000000000
57831  50.504  -30.274  30.803 0.0000000000
58811  50.117  -29.282  32.023 0.0000000000
147371  44.521  -34.948  29.386 0.0000000000
151744  45.309  -34.069  30.294 0.0000000000
53650  43.741  -34.287  28.504 0.0000000000
54687  43.453  -33.019  28.168 0.0000000000
145272  42.351  -34.022  27.378 0.0000000000
53678  41.021  -34.326  26.295 0.0000000000
53677  41.454  -35.146  26.384 0.0000000000
40128  33.349  -47.297  31.673 0.0000000000
43475  33.321  -45.214  32.054 0.0000000000
41285  32.665  -46.368  30.909 0.0000000000
72280  59.225  -16.736  16.770 0.0000000000
72270  57.330  -16.282  17.354 0.0000000000
37717  31.929  -48.652  43.765 0.0000000000
37731  30.798  -48.768  43.140 0.0000000000
36607  31.218  -48.721  44.513 0.0000000000
157707  31.019  -49.795  47.370 0.0000000000
36583  30.515  -49.301  45.734 0.0000000000
36568  29.907  -49.688  46.728 0.0000000000
37671  28.283  -48.856  46.187 0.0000000000
37653  29.015  -49.354  47.484 0.0000000000
36579  38.126  -49.548  44.191 0.0000000000
35438  37.929  -50.603  42.661 0.0000000000
36592  37.155  -49.517  43.905 0.0000000000
133670  33.295  -48.237  44.663 0.0000000000
37715  34.675  -48.557  43.354 0.0000000000
140029  33.574  -48.271  43.905 0.0000000000
37729  32.565  -48.658  42.208 0.0000000000
46510  48.973  -41.283  35.687 0.0000000000
49605  50.118  -39.020  37.052 0.0000000000
50659  50.500  -37.884  36.296 0.0000000000
51738  50.058  -36.933  35.371 0.0000000000
50715  49.178  -38.296  34.347 0.0000000000
47586  46.153  -39.743  30.483 0.0000000000
49692  46.696  -39.151  31.066 0.0000000000
48681  45.894  -39.135  30.111 0.0000000000
152656  45.311  -37.944  29.734 0.0000000000
49723  44.477  -38.766  28.590 0.0000000000
49732  43.280  -38.479  27.345 0.0000000000
48697  43.065  -39.332  27.791 0.0000000000
47602  40.195  -40.984  29.276 0.0000000000
47619  39.990  -40.194  28.476 0.0000000000
47633  38.066  -40.272  27.886 0.0000000000
47646  36.816  -40.020  27.009 0.0000000000
46600  37.003  -41.403  27.811 0.0000000000
41288  28.704  -47.411  30.044 0.0000000000
147793  28.828  -48.181  29.212 0.0000000000
42455  27.886  -46.389  29.646 0.0000000000
71203  55.334  -18.013  19.759 0.0000000000
71217  54.628  -17.519  18.539 0.0000000000
70181  54.152  -18.099  18.986 0.0000000000
70184  51.808  -18.791  18.266 0.0000000000
43463  25.814  -44.108  33.753 0.0000000000
43452  25.522  -44.499  34.581 0.0000000000
38865  28.085  -47.777  41.973 0.0000000000
148894  27.150  -47.151  40.394 0.0000000000
154724  26.583  -47.613  41.559 0.0000000000
37771  22.948  -48.998  39.982 0.0000000000
38887  23.411  -48.360  39.574 0.0000000000
38908  43.236  -48.307  38.197 0.0000000000
40036  44.804  -47.103  38.027 0.0000000000
40049  44.022  -47.137  37.627 0.0000000000
152300  43.909  -45.793  36.489 0.0000000000
41217  42.470  -46.133  36.014 0.0000000000
42373  41.703  -45.965  35.385 0.0000000000
40063  40.848  -47.022  36.032 0.0000000000
38926  37.655  -48.680  36.759 0.0000000000
38938  38.300  -47.856  36.232 0.0000000000
38941  35.997  -48.398  35.578 0.0000000000
40083  35.381  -47.748  34.867 0.0000000000
37846  34.830  -49.728  34.179 0.0000000000
152227  36.544  -50.447  40.189 0.0000000000
34466  36.809  -50.633  38.675 0.0000000000
35509  35.176  -50.157  38.452 0.0000000000
38942  32.694  -48.907  35.897 0.0000000000
36705  33.425  -49.936  36.085 0.0000000000
37847  32.382  -50.001  34.517 0.0000000000
36757  32.364  -50.299  33.264 0.0000000000
38966  31.454  -49.007  33.578 0.0000000000
40113  30.486  -47.784  32.525 0.0000000000
40097  30.796  -47.491  33.401 0.0000000000
140193  28.397  -44.967  34.889 0.0000000000
157718  28.784  -45.061  34.347 0.0000000000
145961  28.111  -44.680  34.072 0.0000000000
64961  49.153  -22.889  24.816 0.0000000000
136127  49.348  -22.331  23.630 0.0000000000
64962  48.530  -23.150  24.350 0.0000000000
64011  46.681  -24.811  22.486 0.0000000000
37614  28.544  -49.563  51.262 0.0000000000
37634  27.061  -49.479  49.450 0.0000000000
151284  26.562  -50.689  50.003 0.0000000000
32322  25.483  -55.697  44.460 0.0000000000
33389  25.698  -54.682  45.281 0.0000000000
33381  25.211  -53.124  45.724 0.0000000000
155290  24.021  -53.818  44.059 0.0000000000
33411  22.975  -53.473  43.155 0.0000000000
32335  23.449  -54.989  42.676 0.0000000000
143914  58.536  -17.520  20.888 0.0000000000
69127  57.263  -19.300  22.952 0.0000000000
146472  56.264  -19.763  23.016 0.0000000000
68214  55.226  -19.994  22.769 0.0000000000
68203  55.610  -20.228  23.492 0.0000000000
67142  55.119  -21.794  26.094 0.0000000000
67161  53.798  -21.652  25.290 0.0000000000
66055  53.265  -22.122  26.011 0.0000000000
66056  52.326  -22.157  25.847 0.0000000000
66030  52.593  -22.451  26.425 0.0000000000
63933  52.291  -24.229  28.897 0.0000000000
64917  50.981  -24.057  28.126 0.0000000000
63935  50.568  -24.597  28.648 0.0000000000
62928  49.230  -25.051  27.900 0.0000000000
62903  49.824  -26.172  29.167 0.0000000000
62838  54.653  -25.081  33.400 0.0000000000
62867  54.484  -25.321  31.894 0.0000000000
61899  53.767  -26.214  33.167 0.0000000000
58845  51.835  -29.545  30.411 0.0000000000
59878  51.907  -28.932  30.488 0.0000000000
59905  51.367  -29.552  28.570 0.0000000000
60949  50.827  -28.781  27.851 0.0000000000
136445  51.173  -29.517  27.914 0.0000000000
58888  50.814  -30.299  25.972 0.0000000000
57884  50.782  -30.451  26.398 0.0000000000
58862  48.253  -30.343  28.491 0.0000000000
57872  48.377  -30.548  26.931 0.0000000000
58882  46.559  -29.603  27.357 0.0000000000
58891  45.776  -29.126  26.947 0.0000000000
60835  48.511  -27.540  38.182 0.0000000000
53591  49.312  -34.794  35.153 0.0000000000
55705  49.430  -32.938  36.931 0.0000000000
54619  48.677  -33.583  35.160 0.0000000000
56785  46.245  -31.385  32.562 0.0000000000
56760  47.252  -31.471  34.343 0.0000000000
155996  46.816  -30.201  33.944 0.0000000000
58777  47.412  -29.094  34.535 0.0000000000
145971  46.566  -29.360  32.990 0.0000000000
59862  46.542  -28.889  32.329 0.0000000000
58822  45.791  -29.293  31.781 0.0000000000
57873  42.767  -30.635  27.498 0.0000000000
58864  43.861  -29.515  28.711 0.0000000000
154285  42.697  -29.729  27.083 0.0000000000
59946  42.929  -28.783  26.321 0.0000000000
58893  41.903  -29.735  26.077 0.0000000000
58905  40.772  -29.809  25.101 0.0000000000
54725  38.649  -33.091  24.017 0.0000000000
56869  38.645  -31.551  24.117 0.0000000000
50819  40.898  -37.367  24.350 0.0000000000
156220  40.406  -36.548  23.416 0.0000000000
51866  39.835  -36.808  23.482 0.0000000000
53725  35.969  -34.665  22.974 0.0000000000
42407  38.927  -45.368  32.904 0.0000000000
43470  39.265  -44.809  32.368 0.0000000000
42422  38.000  -44.741  31.740 0.0000000000
44535  33.741  -43.289  30.871 0.0000000000
44546  36.039  -43.269  30.033 0.0000000000
45575  34.237  -42.279  29.754 0.0000000000
148085  34.633  -41.465  28.271 0.0000000000
46594  33.063  -41.180  28.766 0.0000000000
42492  29.307  -46.426  27.068 0.0000000000
42471  30.661  -45.438  28.546 0.0000000000
43521  29.729  -44.621  27.617 0.0000000000
46606  29.469  -41.853  27.422 0.0000000000
47651  30.191  -40.178  26.916 0.0000000000
72285  53.907  -16.597  16.183 0.0000000000
136762  55.008  -16.194  15.078 0.0000000000
67222  49.375  -21.837  20.210 0.0000000000
37687  32.931  -48.227  45.396 0.0000000000
36582  31.616  -48.749  45.552 0.0000000000
36551  31.783  -48.725  46.415 0.0000000000
36540  31.335  -49.130  47.492 0.0000000000
36530  31.105  -49.119  48.260 0.0000000000
38804  34.679  -48.054  46.574 0.0000000000
43429  47.379  -44.171  36.783 0.0000000000
44443  48.248  -42.745  37.554 0.0000000000
44467  47.988  -42.970  35.911 0.0000000000
45517  48.165  -41.881  34.959 0.0000000000
46537  48.058  -40.973  34.072 0.0000000000
47571  47.761  -40.109  33.062 0.0000000000
46548  47.174  -40.789  32.919 0.0000000000
47582  46.176  -40.646  31.642 0.0000000000
47589  44.082  -40.560  30.347 0.0000000000
47599  42.851  -40.281  29.333 0.0000000000
46567  42.498  -41.134  30.781 0.0000000000
46568  41.550  -41.393  30.548 0.0000000000
154434  40.040  -42.306  30.353 0.0000000000
139735  27.452  -44.376  30.459 0.0000000000
42456  27.388  -45.739  29.033 0.0000000000
43508  26.483  -43.949  29.527 0.0000000000
69149  53.805  -19.477  20.601 0.0000000000
69166  53.357  -19.243  19.866 0.0000000000
69150  52.981  -19.792  20.376 0.0000000000
69168  51.799  -19.789  19.439 0.0000000000
42362  28.299  -45.388  36.384 0.0000000000
143479  26.062  -45.051  35.777 0.0000000000
42354  26.895  -45.614  37.110 0.0000000000
41200  26.415  -46.001  37.775 0.0000000000
41187  25.960  -46.377  38.457 0.0000000000
142242  25.762  -48.166  42.946 0.0000000000
38866  26.058  -47.861  42.138 0.0000000000
38854  24.679  -48.766  42.082 0.0000000000
37759  23.182  -49.267  40.754 0.0000000000
35492  21.190  -51.504  39.873 0.0000000000
37782  43.376  -49.305  38.978 0.0000000000
38910  41.668  -48.491  37.692 0.0000000000
38922  41.150  -48.004  37.107 0.0000000000
37813  40.129  -48.672  37.376 0.0000000000
37800  38.838  -49.486  37.840 0.0000000000
36702  37.171  -49.813  37.241 0.0000000000
37768  33.764  -48.946  39.344 0.0000000000
35510  34.428  -49.685  38.139 0.0000000000
37785  33.315  -48.689  38.491 0.0000000000
135097  32.696  -48.083  37.432 0.0000000000
40055  31.988  -47.240  36.165 0.0000000000
40070  31.370  -46.938  34.958 0.0000000000
41210  30.570  -46.161  36.496 0.0000000000
42361  29.229  -45.573  36.369 0.0000000000
63973  48.192  -24.499  26.028 0.0000000000
64963  47.793  -23.843  24.480 0.0000000000
63984  47.246  -24.835  24.801 0.0000000000
62978  46.686  -25.735  23.647 0.0000000000
30164  25.156  -56.338  44.239 0.0000000000
31286  24.502  -56.158  43.106 0.0000000000
31288  23.699  -55.663  42.243 0.0000000000
30171  23.768  -56.912  42.624 0.0000000000
64914  55.238  -22.961  28.010 0.0000000000
64924  53.110  -23.256  27.748 0.0000000000
145940  54.747  -23.491  28.696 0.0000000000
63932  53.172  -24.112  28.923 0.0000000000
63912  52.918  -24.889  30.039 0.0000000000
60881  53.558  -28.192  34.166 0.0000000000
60898  53.060  -28.199  33.135 0.0000000000
58809  52.423  -29.628  32.287 0.0000000000
57816  52.104  -30.069  31.268 0.0000000000
57840  51.420  -30.240  29.794 0.0000000000
57855  50.597  -30.769  28.120 0.0000000000
57842  50.412  -30.669  29.921 0.0000000000
58847  49.313  -30.429  29.556 0.0000000000
58835  47.817  -29.221  29.834 0.0000000000
52705  46.629  -35.203  31.930 0.0000000000
54648  47.219  -33.839  32.949 0.0000000000
54655  46.363  -33.800  31.708 0.0000000000
55753  45.797  -32.559  31.277 0.0000000000
56802  45.305  -31.985  30.738 0.0000000000
57832  44.654  -30.386  30.437 0.0000000000
55771  44.595  -32.161  29.596 0.0000000000
56821  43.640  -31.760  28.436 0.0000000000
56846  41.893  -31.764  26.799 0.0000000000
56859  40.455  -31.602  25.761 0.0000000000
55801  40.680  -32.474  26.137 0.0000000000
53696  39.650  -33.968  25.034 0.0000000000
53710  39.503  -34.464  23.935 0.0000000000
50806  37.635  -37.327  25.883 0.0000000000
154935  37.902  -36.136  24.331 0.0000000000
51852  35.731  -36.835  25.171 0.0000000000
52776  35.107  -35.949  24.413 0.0000000000
51884  33.666  -36.326  23.441 0.0000000000
152460  36.394  -45.683  33.376 0.0000000000
159585  36.563  -44.892  32.150 0.0000000000
43473  34.638  -44.699  32.332 0.0000000000
44520  33.475  -43.915  31.434 0.0000000000
44536  32.477  -43.661  30.756 0.0000000000
43542  28.709  -44.853  26.296 0.0000000000
44583  27.762  -44.021  25.486 0.0000000000
142861  59.748  -17.069  16.343 0.0000000000
72290  59.354  -17.223  15.982 0.0000000000
71246  57.422  -17.196  14.485 0.0000000000
38873  30.688  -48.416  40.755 0.0000000000
151884  29.344  -47.585  40.480 0.0000000000
38862  30.546  -48.645  41.499 0.0000000000
38849  29.575  -48.385  42.428 0.0000000000
38837  28.715  -48.206  43.311 0.0000000000
36595  30.946  -48.942  45.139 0.0000000000
37706  29.777  -48.773  44.583 0.0000000000
38824  28.242  -48.212  43.951 0.0000000000
144068  27.351  -48.229  44.997 0.0000000000
38815  26.163  -48.402  45.806 0.0000000000
38816  25.557  -48.834  45.998 0.0000000000
33408  40.073  -51.431  41.809 0.0000000000
156857  39.570  -50.931  40.562 0.0000000000
33410  38.692  -51.127  41.723 0.0000000000
35461  37.245  -50.497  41.369 0.0000000000
36626  36.201  -49.775  41.622 0.0000000000
36593  36.436  -49.197  43.745 0.0000000000
36618  35.856  -49.340  42.321 0.0000000000
37754  34.490  -49.145  40.474 0.0000000000
151423  33.466  -48.724  41.164 0.0000000000
37756  31.908  -48.699  40.852 0.0000000000
135226  49.781  -29.578  24.191 0.0000000000
59951  49.254  -28.722  24.277 0.0000000000
59963  49.360  -29.204  23.445 0.0000000000
64874  56.403  -23.334  31.936 0.0000000000
61868  53.761  -26.040  35.001 0.0000000000
133899  53.468  -27.818  35.357 0.0000000000
58756  52.562  -28.382  35.616 0.0000000000
59814  52.095  -28.626  34.984 0.0000000000
52645  49.741  -35.502  35.438 0.0000000000
51740  48.551  -36.063  33.938 0.0000000000
49680  48.178  -38.800  33.194 0.0000000000
50737  47.456  -37.634  32.521 0.0000000000
52695  47.260  -35.611  32.595 0.0000000000
145375  45.712  -36.145  30.813 0.0000000000
51808  44.619  -36.648  29.346 0.0000000000
51825  43.287  -36.926  27.310 0.0000000000
51836  42.210  -36.861  25.563 0.0000000000
50788  42.733  -37.671  26.067 0.0000000000
49756  42.122  -37.912  25.583 0.0000000000
49744  41.035  -38.355  26.059 0.0000000000
48698  41.990  -39.453  27.708 0.0000000000
48725  40.092  -38.574  26.919 0.0000000000
49758  39.192  -37.815  26.150 0.0000000000
49746  37.500  -38.453  26.651 0.0000000000
48738  36.000  -39.515  26.165 0.0000000000
47659  34.629  -40.188  25.578 0.0000000000
39015  31.140  -48.690  30.282 0.0000000000
146660  31.720  -47.287  29.669 0.0000000000
40162  29.913  -48.286  28.911 0.0000000000
40182  28.782  -47.884  27.902 0.0000000000
41336  27.979  -47.209  26.927 0.0000000000
42473  27.133  -46.533  27.925 0.0000000000
41337  27.432  -47.113  27.113 0.0000000000
72250  56.784  -16.585  18.565 0.0000000000
149114  56.630  -16.414  17.880 0.0000000000
72252  55.172  -16.893  18.094 0.0000000000
72273  54.105  -16.801  16.998 0.0000000000
71233  53.229  -17.092  16.674 0.0000000000
70183  52.642  -18.579  18.487 0.0000000000
71227  52.758  -17.669  17.294 0.0000000000
40017  27.717  -46.931  39.857 0.0000000000
41180  26.417  -46.691  39.199 0.0000000000
41181  25.024  -47.109  39.043 0.0000000000
40008  24.894  -47.807  40.208 0.0000000000
40021  23.878  -47.740  39.155 0.0000000000
42350  46.883  -44.996  37.540 0.0000000000
43431  46.136  -44.943  36.444 0.0000000000
43437  44.635  -44.589  35.718 0.0000000000
43446  43.349  -44.212  34.880 0.0000000000
44493  41.640  -43.635  33.269 0.0000000000
43448  41.747  -44.760  34.329 0.0000000000
42385  40.403  -45.698  34.205 0.0000000000
41241  38.814  -46.153  33.816 0.0000000000
40065  39.470  -47.231  35.656 0.0000000000
40079  39.053  -46.838  34.982 0.0000000000
41231  37.607  -46.412  34.226 0.0000000000
41233  35.418  -46.827  34.501 0.0000000000
154839  34.098  -47.224  33.215 0.0000000000
39000  33.172  -48.819  31.410 0.0000000000
35507  37.842  -50.529  38.783 0.0000000000
35526  36.614  -50.430  37.617 0.0000000000
35556  35.396  -50.384  35.777 0.0000000000
35528  34.257  -50.045  37.149 0.0000000000
35558  34.014  -50.579  35.796 0.0000000000
35566  34.426  -50.707  34.664 0.0000000000
36755  33.688  -50.542  33.264 0.0000000000
37881  32.607  -50.028  31.917 0.0000000000
37896  31.708  -49.071  30.851 0.0000000000
39002  30.359  -48.316  31.350 0.0000000000
158418  29.759  -47.503  31.472 0.0000000000
42426  28.946  -45.988  31.654 0.0000000000
41249  29.916  -46.111  33.531 0.0000000000
42403  29.299  -45.624  33.195 0.0000000000
43490  28.196  -44.973  31.581 0.0000000000
142747  26.875  -43.747  31.749 0.0000000000
150597  50.800  -21.691  23.144 0.0000000000
67199  50.691  -21.651  22.275 0.0000000000
67200  49.850  -21.939  22.830 0.0000000000
64971  47.410  -23.566  23.082 0.0000000000
64992  47.107  -23.751  21.633 0.0000000000
60996  48.098  -27.403  23.622 0.0000000000
39924  31.500  -47.332  48.853 0.0000000000
38770  31.260  -48.084  49.944 0.0000000000
36520  30.657  -49.075  49.681 0.0000000000
37623  30.639  -48.945  50.725 0.0000000000
37631  29.465  -49.414  49.140 0.0000000000
134379  27.837  -49.209  49.181 0.0000000000
132866  26.478  -49.105  48.062 0.0000000000
36584  24.901  -50.523  45.607 0.0000000000
35392  26.530  -51.603  50.016 0.0000000000
35405  25.675  -52.128  48.039 0.0000000000
35412  25.014  -51.487  46.288 0.0000000000
36598  24.276  -50.938  44.210 0.0000000000
34396  23.212  -52.436  43.271 0.0000000000
72229  58.297  -16.663  19.208 0.0000000000
159705  57.883  -16.964  19.753 0.0000000000
71190  56.918  -17.760  20.493 0.0000000000
70152  55.832  -18.626  20.976 0.0000000000
70137  58.198  -18.492  22.243 0.0000000000
70139  56.849  -18.762  21.819 0.0000000000
69147  55.229  -19.130  21.164 0.0000000000
69137  53.963  -19.866  21.376 0.0000000000
68216  53.551  -20.664  22.335 0.0000000000
68217  52.746  -21.153  22.556 0.0000000000
68192  55.000  -20.618  23.972 0.0000000000
67187  53.634  -21.167  23.947 0.0000000000
67188  52.492  -21.397  23.316 0.0000000000
67177  51.244  -21.924  24.881 0.0000000000
66057  50.637  -22.399  25.427 0.0000000000
64951  50.106  -22.959  25.877 0.0000000000
153800  51.776  -23.094  27.158 0.0000000000
64927  50.509  -23.753  27.392 0.0000000000
63958  49.234  -24.096  26.763 0.0000000000
63946  48.917  -24.701  27.226 0.0000000000
61970  48.307  -26.321  27.105 0.0000000000
132729  49.172  -27.723  26.831 0.0000000000
63892  55.127  -24.838  31.364 0.0000000000
63893  54.109  -25.085  31.048 0.0000000000
62888  52.116  -25.357  30.632 0.0000000000
60907  52.258  -27.814  31.996 0.0000000000
61913  51.455  -26.706  31.224 0.0000000000
62890  50.762  -25.834  30.146 0.0000000000
60924  50.106  -27.212  29.000 0.0000000000
59925  50.171  -28.423  27.126 0.0000000000
59942  49.877  -28.616  26.125 0.0000000000
59950  50.380  -29.817  24.771 0.0000000000
57917  49.800  -30.566  24.358 0.0000000000
57871  49.477  -30.800  27.022 0.0000000000
57887  48.346  -30.485  25.992 0.0000000000
60859  50.652  -27.592  36.645 0.0000000000
145486  50.120  -28.102  34.949 0.0000000000
57740  48.306  -29.938  38.255 0.0000000000
56759  47.701  -32.159  34.784 0.0000000000
140159  47.697  -30.938  35.992 0.0000000000
58748  47.809  -29.241  37.484 0.0000000000
59807  47.752  -28.687  36.068 0.0000000000
59828  48.385  -28.307  34.840 0.0000000000
59841  49.536  -28.477  33.473 0.0000000000
59870  48.120  -28.513  31.843 0.0000000000
59880  47.257  -28.628  30.664 0.0000000000
59892  46.393  -28.789  29.433 0.0000000000
58837  44.445  -29.791  29.947 0.0000000000
59894  44.950  -28.760  29.226 0.0000000000
135553  45.236  -28.659  28.131 0.0000000000
59944  44.451  -28.579  26.807 0.0000000000
57921  39.249  -30.737  24.398 0.0000000000
57933  38.508  -30.556  23.153 0.0000000000
52761  41.114  -36.196  24.561 0.0000000000
52786  40.350  -35.953  23.068 0.0000000000
53740  39.339  -35.294  22.272 0.0000000000
51883  38.032  -35.775  23.254 0.0000000000
52806  38.059  -35.175  21.932 0.0000000000
44505  40.805  -43.513  32.350 0.0000000000
137036  39.577  -43.375  30.959 0.0000000000
45563  38.533  -42.926  29.767 0.0000000000
43485  37.053  -44.261  30.920 0.0000000000
44544  37.350  -43.501  29.860 0.0000000000
45583  37.368  -42.341  28.733 0.0000000000
46602  35.708  -41.487  27.554 0.0000000000
141672  34.956  -41.070  27.112 0.0000000000
48729  33.208  -40.016  25.583 0.0000000000
41299  31.589  -46.195  29.549 0.0000000000
43505  31.335  -44.052  29.716 0.0000000000
158195  31.200  -42.761  29.485 0.0000000000
44557  29.415  -43.732  27.437 0.0000000000
46596  29.988  -42.063  28.094 0.0000000000
140148  31.341  -41.449  28.849 0.0000000000
47638  31.259  -40.431  27.824 0.0000000000
48731  31.555  -39.636  26.404 0.0000000000
72292  56.318  -16.111  15.821 0.0000000000
135788  55.829  -16.198  15.064 0.0000000000
71253  56.581  -17.240  13.864 0.0000000000
143934  50.653  -21.341  20.766 0.0000000000
44481  43.846  -43.468  34.534 0.0000000000
45521  44.762  -43.090  34.440 0.0000000000
44490  44.089  -42.753  33.960 0.0000000000
45534  44.342  -42.182  33.415 0.0000000000
45535  43.522  -42.441  33.381 0.0000000000
45536  42.760  -42.742  33.264 0.0000000000
68218  52.113  -21.296  22.087 0.0000000000
68228  52.008  -21.040  21.353 0.0000000000
134488  51.378  -21.403  21.753 0.0000000000
40028  29.654  -46.755  38.857 0.0000000000
40015  29.673  -47.240  39.673 0.0000000000
36610  24.601  -49.919  43.829 0.0000000000
37723  24.449  -49.652  43.154 0.0000000000
36621  23.434  -50.535  42.589 0.0000000000
35450  23.680  -50.812  43.250 0.0000000000
34418  41.241  -52.026  41.406 0.0000000000
35460  41.930  -52.120  41.885 0.0000000000
35473  41.715  -51.306  40.562 0.0000000000
35485  42.178  -50.820  40.255 0.0000000000
35487  40.680  -50.867  40.062 0.0000000000
35504  40.303  -50.598  39.556 0.0000000000
35488  40.016  -50.814  39.976 0.0000000000
38885  30.951  -48.127  40.036 0.0000000000
40013  31.139  -47.762  39.333 0.0000000000
40014  30.426  -47.194  39.071 0.0000000000
40027  30.404  -46.667  38.251 0.0000000000
135313  48.482  -27.857  24.969 0.0000000000
134381  56.314  -23.457  30.074 0.0000000000
64892  56.577  -23.117  30.732 0.0000000000
58793  52.157  -29.678  33.085 0.0000000000
58794  51.417  -29.479  32.967 0.0000000000
59858  50.436  -29.033  32.787 0.0000000000
147366  43.931  -35.060  28.721 0.0000000000
147125  43.306  -35.017  28.107 0.0000000000
145759  43.192  -33.925  27.990 0.0000000000
53663  42.680  -34.918  27.546 0.0000000000
53676  42.011  -35.003  27.024 0.0000000000
40129  32.935  -47.234  30.959 0.0000000000
41270  33.100  -46.465  31.597 0.0000000000
40145  32.373  -47.183  30.349 0.0000000000
72248  58.816  -16.467  18.417 0.0000000000
72269  58.453  -16.423  17.506 0.0000000000
37705  31.988  -48.594  44.351 0.0000000000
140973  31.434  -48.715  43.805 0.0000000000
36606  31.578  -48.667  44.269 0.0000000000
150888  30.508  -49.986  47.211 0.0000000000
36554  29.897  -49.796  47.670 0.0000000000
37682  38.099  -49.099  44.597 0.0000000000
35419  37.596  -49.413  44.295 0.0000000000
37683  37.583  -49.275  44.849 0.0000000000
37704  32.647  -48.380  44.342 0.0000000000
138031  32.643  -48.416  43.769 0.0000000000
47536  49.826  -39.821  36.170 0.0000000000
48615  49.686  -39.770  35.670 0.0000000000
49619  50.332  -38.574  36.491 0.0000000000
144015  49.742  -39.283  35.377 0.0000000000
49647  49.684  -38.604  34.966 0.0000000000
49668  49.311  -39.528  34.768 0.0000000000
47597  45.141  -39.755  29.472 0.0000000000
48679  45.936  -39.416  30.207 0.0000000000
48682  45.480  -39.294  29.672 0.0000000000
48694  45.041  -39.005  29.117 0.0000000000
48695  44.571  -39.079  28.653 0.0000000000
48696  43.718  -39.124  27.969 0.0000000000
139546  44.186  -39.203  28.336 0.0000000000
46577  39.401  -41.576  29.357 0.0000000000
46588  39.426  -40.804  28.782 0.0000000000
47620  38.495  -40.820  28.412 0.0000000000
47621  37.673  -41.040  28.089 0.0000000000
148657  38.059  -41.420  28.509 0.0000000000
144016  28.358  -46.450  30.370 0.0000000000
156231  28.237  -46.987  29.787 0.0000000000
70170  54.530  -18.475  19.761 0.0000000000
71204  54.797  -17.885  19.204 0.0000000000
43451  26.457  -44.402  34.387 0.0000000000
43441  26.282  -44.715  35.142 0.0000000000
39998  27.397  -47.461  41.274 0.0000000000
39986  27.092  -47.692  42.121 0.0000000000
37786  22.044  -49.088  38.779 0.0000000000
40038  43.473  -47.743  37.842 0.0000000000
40050  43.309  -47.025  37.227 0.0000000000
41208  43.252  -46.284  36.563 0.0000000000
40051  42.441  -46.884  36.661 0.0000000000
41209  41.646  -46.683  36.084 0.0000000000
40052  41.567  -47.410  36.711 0.0000000000
37817  36.820  -49.344  36.657 0.0000000000
38927  36.838  -48.846  36.438 0.0000000000
37832  35.744  -49.232  35.422 0.0000000000
147362  35.263  -49.250  34.767 0.0000000000
37845  35.301  -49.898  34.948 0.0000000000
35475  35.939  -50.140  40.089 0.0000000000
35489  36.241  -50.456  39.524 0.0000000000
35490  35.556  -50.133  39.281 0.0000000000
38943  32.222  -48.073  35.398 0.0000000000
37834  32.311  -49.183  34.944 0.0000000000
38954  31.792  -48.598  34.408 0.0000000000
37848  31.881  -49.468  34.107 0.0000000000
38955  31.263  -48.111  33.878 0.0000000000
42376  27.782  -45.021  35.537 0.0000000000
43449  27.742  -44.725  34.743 0.0000000000
43450  27.279  -44.452  34.199 0.0000000000
64952  49.347  -23.215  25.556 0.0000000000
36504  28.863  -49.295  52.574 0.0000000000
132778  27.990  -50.016  51.420 0.0000000000
36533  27.109  -50.081  50.227 0.0000000000
35387  26.924  -51.020  50.667 0.0000000000
32323  25.020  -55.339  44.054 0.0000000000
32312  25.379  -54.976  44.637 0.0000000000
32313  24.704  -54.488  44.299 0.0000000000
33390  24.912  -54.032  44.883 0.0000000000
32325  23.556  -54.338  43.345 0.0000000000
32334  24.026  -55.310  42.979 0.0000000000
71173  59.197  -17.529  21.417 0.0000000000
156062  59.677  -17.297  21.958 0.0000000000
142646  57.632  -19.469  23.590 0.0000000000
69117  57.030  -19.685  23.515 0.0000000000
68202  56.529  -20.051  23.854 0.0000000000
66028  54.655  -22.172  26.519 0.0000000000
67143  54.242  -21.946  25.968 0.0000000000
138760  53.160  -22.519  26.658 0.0000000000
63923  51.954  -24.754  29.665 0.0000000000
63934  51.402  -24.405  28.845 0.0000000000
62914  50.076  -25.237  29.031 0.0000000000
62839  54.358  -25.576  33.308 0.0000000000
58846  51.534  -29.794  29.400 0.0000000000
59889  51.597  -29.281  29.579 0.0000000000
58879  51.189  -29.981  27.706 0.0000000000
58880  50.921  -30.176  26.681 0.0000000000
57869  50.981  -30.321  27.449 0.0000000000
58863  47.488  -30.102  27.814 0.0000000000
59926  45.798  -28.978  27.824 0.0000000000
53605  48.626  -34.852  34.290 0.0000000000
53592  48.620  -34.165  34.619 0.0000000000
54643  48.226  -34.303  33.998 0.0000000000
135236  46.459  -30.873  33.107 0.0000000000
57802  46.507  -30.025  33.366 0.0000000000
58812  46.124  -29.655  32.543 0.0000000000
57811  45.569  -30.019  32.055 0.0000000000
145049  42.208  -31.100  26.943 0.0000000000
57888  42.181  -30.297  26.706 0.0000000000
58892  42.530  -29.369  26.519 0.0000000000
57904  41.254  -30.127  25.715 0.0000000000
54742  38.505  -33.519  22.961 0.0000000000
55835  38.244  -32.412  23.539 0.0000000000
55853  37.947  -33.002  22.519 0.0000000000
50820  40.247  -37.228  24.095 0.0000000000
50821  39.444  -37.051  24.531 0.0000000000
42399  38.536  -45.651  33.191 0.0000000000
42408  38.408  -45.142  32.438 0.0000000000
42409  37.773  -45.090  32.288 0.0000000000
142600  33.530  -42.693  30.307 0.0000000000
45565  34.282  -42.854  30.379 0.0000000000
45576  33.210  -42.152  29.834 0.0000000000
46579  33.615  -41.672  29.238 0.0000000000
46580  32.701  -41.689  29.364 0.0000000000
152724  29.516  -45.457  27.135 0.0000000000
72295  53.684  -16.470  15.401 0.0000000000
72304  53.402  -16.464  14.706 0.0000000000
37669  32.604  -48.286  46.089 0.0000000000
37651  32.211  -48.284  46.704 0.0000000000
37639  31.853  -48.282  47.398 0.0000000000
37640  31.431  -48.713  47.815 0.0000000000
37629  31.100  -48.557  48.740 0.0000000000
38791  34.139  -47.765  46.919 0.0000000000
37668  33.778  -48.040  45.889 0.0000000000
43434  47.217  -44.003  36.224 0.0000000000
44459  47.640  -43.571  36.284 0.0000000000
153144  46.800  -43.781  35.689 0.0000000000
45519  46.806  -42.350  34.382 0.0000000000
44478  47.352  -42.671  35.034 0.0000000000
45518  47.657  -42.089  34.673 0.0000000000
46525  48.341  -41.293  34.684 0.0000000000
46526  47.889  -41.487  34.362 0.0000000000
46538  47.544  -41.130  33.677 0.0000000000
46539  46.947  -41.350  33.301 0.0000000000
45543  44.369  -41.406  32.278 0.0000000000
156287  45.808  -41.019  32.055 0.0000000000
46557  45.198  -40.959  31.620 0.0000000000
47583  44.829  -40.651  30.828 0.0000000000
47590  43.095  -40.654  30.162 0.0000000000
46566  43.295  -40.970  30.859 0.0000000000
46569  40.691  -41.933  30.474 0.0000000000
44538  26.994  -43.930  30.083 0.0000000000
68237  53.356  -19.998  20.977 0.0000000000
69151  52.202  -20.128  20.163 0.0000000000
68253  51.399  -20.452  19.891 0.0000000000
42363  27.352  -45.283  36.400 0.0000000000
42353  27.843  -45.625  37.139 0.0000000000
41185  27.797  -46.281  38.548 0.0000000000
41199  27.340  -45.981  37.817 0.0000000000
41201  25.492  -46.118  37.686 0.0000000000
37734  24.951  -48.863  42.845 0.0000000000
36628  23.675  -49.804  42.225 0.0000000000
37746  23.997  -49.112  41.852 0.0000000000
37747  23.423  -49.535  41.511 0.0000000000
37760  22.561  -49.689  40.317 0.0000000000
36655  21.935  -50.154  39.875 0.0000000000
36642  22.237  -50.422  40.644 0.0000000000
35477  21.537  -51.532  40.450 0.0000000000
34456  20.743  -52.227  39.635 0.0000000000
34435  21.253  -52.744  40.755 0.0000000000
36637  43.209  -50.030  40.286 0.0000000000
36667  42.264  -50.005  39.221 0.0000000000
36666  42.823  -49.834  39.354 0.0000000000
37783  42.694  -49.495  38.823 0.0000000000
37796  42.203  -48.957  38.313 0.0000000000
37797  41.366  -49.072  38.076 0.0000000000
38911  40.883  -48.587  37.479 0.0000000000
36684  39.357  -49.877  38.402 0.0000000000
37799  39.774  -49.308  37.869 0.0000000000
37801  37.843  -49.704  37.700 0.0000000000
37769  33.259  -48.694  39.228 0.0000000000
38912  32.082  -47.603  38.055 0.0000000000
38896  32.718  -48.244  38.322 0.0000000000
40040  32.100  -47.353  37.140 0.0000000000
38928  32.551  -48.007  36.478 0.0000000000
41221  31.222  -46.592  35.766 0.0000000000
41195  31.368  -46.685  36.800 0.0000000000
157004  29.412  -46.008  37.428 0.0000000000
41211  29.804  -45.898  37.001 0.0000000000
63960  47.996  -25.026  26.403 0.0000000000
63974  47.631  -24.957  25.721 0.0000000000
61997  47.172  -26.532  24.680 0.0000000000
62977  46.808  -25.760  24.434 0.0000000000
61998  46.844  -26.295  23.957 0.0000000000
62006  46.946  -26.291  23.216 0.0000000000
29075  24.687  -56.641  43.898 0.0000000000
30165  24.778  -56.425  43.730 0.0000000000
30169  24.250  -56.714  43.249 0.0000000000
30170  24.014  -56.476  42.558 0.0000000000
64923  54.143  -23.155  27.842 0.0000000000
64905  54.730  -24.038  29.518 0.0000000000
63922  53.699  -24.427  29.641 0.0000000000
153710  52.794  -24.471  29.429 0.0000000000
63911  53.706  -24.861  30.345 0.0000000000
59838  53.370  -28.900  33.736 0.0000000000
59856  53.120  -28.953  33.211 0.0000000000
58808  52.710  -29.397  32.922 0.0000000000
57817  51.924  -30.278  31.519 0.0000000000
57808  52.231  -30.059  32.016 0.0000000000
57829  51.595  -30.308  30.740 0.0000000000
58832  51.798  -29.890  30.481 0.0000000000
146581  51.171  -30.585  30.082 0.0000000000
57841  51.121  -30.584  29.328 0.0000000000
57830  51.067  -30.507  30.547 0.0000000000
58833  49.389  -29.868  30.460 0.0000000000
142425  48.622  -29.725  29.919 0.0000000000
58848  48.339  -30.008  29.279 0.0000000000
58834  48.330  -29.073  30.496 0.0000000000
52712  45.989  -35.260  31.168 0.0000000000
53622  46.703  -34.324  32.134 0.0000000000
53627  46.258  -34.439  31.483 0.0000000000
54671  45.118  -33.490  30.117 0.0000000000
54663  45.599  -33.686  30.697 0.0000000000
55759  45.415  -32.921  30.557 0.0000000000
55760  44.979  -32.339  30.175 0.0000000000
54688  42.750  -33.023  27.624 0.0000000000
55789  43.287  -32.363  28.041 0.0000000000
55790  42.750  -32.225  27.597 0.0000000000
56832  42.475  -31.648  27.300 0.0000000000
55799  42.205  -32.426  27.167 0.0000000000
56847  41.224  -31.726  26.331 0.0000000000
55800  41.446  -32.630  26.653 0.0000000000
53695  40.347  -34.380  25.579 0.0000000000
54698  40.794  -33.411  26.256 0.0000000000
53709  39.988  -34.950  24.489 0.0000000000
50807  36.442  -37.754  25.939 0.0000000000
51851  36.929  -36.767  25.426 0.0000000000
50808  35.802  -37.530  25.521 0.0000000000
51870  34.325  -36.692  24.110 0.0000000000
42401  35.513  -45.618  33.400 0.0000000000
42411  35.170  -45.129  32.813 0.0000000000
42412  34.343  -45.199  32.766 0.0000000000
43489  32.802  -44.866  31.458 0.0000000000
43488  33.326  -44.556  31.780 0.0000000000
44521  32.825  -44.145  31.290 0.0000000000
147394  32.997  -43.593  31.080 0.0000000000
72281  58.137  -16.466  16.545 0.0000000000
72291  58.204  -16.831  15.638 0.0000000000
72300  58.116  -17.251  15.038 0.0000000000
72301  57.056  -16.508  15.124 0.0000000000
37757  31.170  -48.725  41.160 0.0000000000
37744  31.003  -48.854  41.816 0.0000000000
37732  30.167  -48.612  42.718 0.0000000000
136377  30.245  -48.639  43.386 0.0000000000
37733  29.577  -48.436  42.985 0.0000000000
37721  29.646  -48.535  43.525 0.0000000000
36565  31.558  -48.902  46.187 0.0000000000
152592  31.290  -48.823  45.343 0.0000000000
141739  31.398  -48.991  46.038 0.0000000000
139048  30.073  -48.953  45.190 0.0000000000
139927  29.214  -48.539  43.978 0.0000000000
37707  28.418  -48.482  44.648 0.0000000000
38825  27.327  -48.123  44.305 0.0000000000
37690  27.874  -48.525  45.471 0.0000000000
156203  27.388  -48.562  46.640 0.0000000000
38814  26.941  -48.284  45.615 0.0000000000
38805  26.726  -48.429  46.348 0.0000000000
38827  25.638  -48.561  45.161 0.0000000000
38806  26.026  -48.652  46.622 0.0000000000
36590  39.206  -50.079  43.183 0.0000000000
36589  39.773  -50.101  43.000 0.0000000000
35424  40.037  -50.624  42.597 0.0000000000
35436  40.622  -51.396  42.815 0.0000000000
34406  39.539  -51.164  42.296 0.0000000000
33409  39.382  -51.287  41.823 0.0000000000
34392  38.875  -51.014  42.432 0.0000000000
35439  37.428  -50.311  42.585 0.0000000000
34394  37.833  -50.691  42.190 0.0000000000
35449  37.354  -50.434  41.999 0.0000000000
139622  36.860  -50.221  41.664 0.0000000000
142006  36.096  -48.494  45.463 0.0000000000
37684  36.465  -48.857  44.621 0.0000000000
37702  35.777  -48.715  44.233 0.0000000000
37727  35.467  -48.941  42.926 0.0000000000
147662  34.814  -48.796  42.393 0.0000000000
36619  35.424  -49.317  41.694 0.0000000000
37741  34.595  -48.980  41.425 0.0000000000
37742  32.322  -48.745  41.457 0.0000000000
37743  31.524  -48.836  41.696 0.0000000000
38872  31.480  -48.507  40.427 0.0000000000
60869  53.610  -27.141  35.156 0.0000000000
60858  53.411  -27.178  35.994 0.0000000000
59780  52.449  -26.837  37.325 0.0000000000
59802  52.600  -27.617  36.453 0.0000000000
59803  52.382  -27.853  36.304 0.0000000000
59813  52.544  -28.490  35.577 0.0000000000
141146  52.319  -28.017  36.269 0.0000000000
45477  48.615  -42.144  37.235 0.0000000000
148089  49.423  -36.787  34.707 0.0000000000
51716  50.157  -36.098  35.707 0.0000000000
51739  49.089  -36.069  34.505 0.0000000000
133303  48.889  -36.644  34.235 0.0000000000
48655  48.255  -39.612  33.472 0.0000000000
48656  47.733  -39.497  32.715 0.0000000000
50747  46.647  -38.301  31.305 0.0000000000
50746  47.122  -38.219  31.970 0.0000000000
144940  46.915  -37.395  31.989 0.0000000000
51770  47.348  -36.649  32.576 0.0000000000
51786  46.391  -37.223  31.368 0.0000000000
145422  46.196  -36.172  31.374 0.0000000000
51800  45.853  -37.037  30.780 0.0000000000
50771  44.418  -38.201  28.521 0.0000000000
50765  44.796  -37.609  29.261 0.0000000000
51815  44.160  -37.121  28.581 0.0000000000
51816  43.664  -37.173  27.856 0.0000000000
51835  43.130  -37.614  26.653 0.0000000000
50779  43.322  -38.085  27.083 0.0000000000
48723  42.473  -38.534  26.579 0.0000000000
49742  42.538  -38.197  26.260 0.0000000000
49743  42.113  -38.357  26.104 0.0000000000
143207  41.668  -38.133  25.589 0.0000000000
142961  41.612  -38.507  26.212 0.0000000000
47600  41.899  -40.400  29.307 0.0000000000
47616  42.490  -39.884  28.539 0.0000000000
47617  41.442  -40.056  28.646 0.0000000000
48712  39.488  -39.257  27.588 0.0000000000
48711  40.424  -39.188  27.511 0.0000000000
142421  39.374  -38.292  26.650 0.0000000000
49733  38.986  -38.798  27.203 0.0000000000
49745  38.378  -38.432  26.805 0.0000000000
48726  38.167  -39.087  27.256 0.0000000000
47635  36.411  -40.643  26.948 0.0000000000
156115  36.563  -39.595  26.622 0.0000000000
47647  36.131  -40.198  26.487 0.0000000000
48728  35.316  -40.099  25.918 0.0000000000
39016  30.428  -48.543  30.378 0.0000000000
39026  30.520  -48.391  29.680 0.0000000000
39027  29.661  -48.331  29.691 0.0000000000
40183  28.372  -47.991  28.355 0.0000000000
41335  28.654  -47.293  27.303 0.0000000000
40198  28.134  -47.548  27.649 0.0000000000
43522  26.826  -45.114  28.523 0.0000000000
42474  26.342  -45.479  27.704 0.0000000000
42494  26.695  -46.494  27.104 0.0000000000
132504  26.633  -46.606  26.376 0.0000000000
71202  56.434  -16.924  19.138 0.0000000000
72251  56.010  -16.687  18.376 0.0000000000
136706  53.863  -17.733  18.267 0.0000000000
71225  54.377  -17.152  17.770 0.0000000000
70172  53.000  -18.927  19.183 0.0000000000
70189  52.281  -18.239  17.770 0.0000000000
42364  26.462  -45.303  36.405 0.0000000000
42378  25.444  -45.125  35.729 0.0000000000
135874  24.906  -45.383  36.000 0.0000000000
40016  28.666  -47.104  39.982 0.0000000000
40004  28.679  -47.450  40.676 0.0000000000
40018  26.298  -47.149  39.959 0.0000000000
149335  26.967  -46.858  39.728 0.0000000000
158607  25.945  -46.989  39.458 0.0000000000
149699  25.636  -46.842  39.033 0.0000000000
38867  25.217  -48.197  41.697 0.0000000000
38876  25.110  -48.060  40.960 0.0000000000
38898  23.131  -47.997  38.812 0.0000000000
40031  22.877  -47.691  38.075 0.0000000000
38871  44.187  -48.410  39.223 0.0000000000
38881  44.738  -47.746  39.087 0.0000000000
40035  45.295  -46.624  37.938 0.0000000000
41192  46.067  -45.912  37.734 0.0000000000
42351  45.890  -45.658  37.230 0.0000000000
42358  46.481  -45.084  36.848 0.0000000000
145640  45.659  -45.583  36.979 0.0000000000
42371  43.297  -45.517  35.883 0.0000000000
42370  44.229  -45.221  36.110 0.0000000000
43438  43.748  -44.724  35.506 0.0000000000
43447  42.529  -44.454  34.610 0.0000000000
42383  42.136  -45.179  34.937 0.0000000000
41227  40.763  -46.181  34.977 0.0000000000
42386  39.511  -46.067  34.019 0.0000000000
41229  39.258  -46.483  34.494 0.0000000000
38923  40.404  -48.083  36.921 0.0000000000
40054  39.933  -47.634  36.307 0.0000000000
141851  37.803  -47.376  35.629 0.0000000000
40066  38.767  -47.276  35.552 0.0000000000
40080  38.292  -46.762  34.812 0.0000000000
41232  36.562  -46.511  34.511 0.0000000000
134749  34.593  -49.138  33.590 0.0000000000
38964  34.464  -48.132  33.562 0.0000000000
38965  34.004  -48.187  32.611 0.0000000000
38987  33.605  -49.143  32.026 0.0000000000
137098  38.776  -50.868  40.638 0.0000000000
34464  38.456  -50.651  39.529 0.0000000000
34448  38.139  -50.737  40.015 0.0000000000
34480  35.804  -50.572  37.488 0.0000000000
34479  36.238  -50.694  38.075 0.0000000000
34490  35.785  -50.634  37.104 0.0000000000
35542  36.265  -50.359  36.956 0.0000000000
34491  35.352  -50.523  36.632 0.0000000000
36687  33.957  -49.554  37.547 0.0000000000
36704  33.842  -49.971  36.636 0.0000000000
36724  32.928  -50.439  34.822 0.0000000000
35545  33.705  -50.373  35.887 0.0000000000
35559  33.556  -50.656  35.158 0.0000000000
144828  34.181  -50.704  35.241 0.0000000000
35567  33.752  -50.835  34.508 0.0000000000
35580  33.953  -50.880  33.950 0.0000000000
35581  33.381  -50.763  33.783 0.0000000000
36758  31.759  -49.854  33.008 0.0000000000
36771  32.447  -50.146  32.622 0.0000000000
36781  31.937  -49.863  32.016 0.0000000000
37889  32.155  -49.591  31.383 0.0000000000
153729  31.539  -49.247  31.583 0.0000000000
151916  31.111  -48.873  31.627 0.0000000000
37890  30.910  -48.695  31.833 0.0000000000
152931  30.158  -47.920  31.743 0.0000000000
40114  30.005  -47.186  32.181 0.0000000000
41271  29.414  -46.688  31.738 0.0000000000
41222  30.748  -46.361  34.809 0.0000000000
41234  30.147  -46.008  34.252 0.0000000000
42389  28.765  -45.069  33.634 0.0000000000
42404  28.717  -45.170  32.784 0.0000000000
42416  28.641  -45.356  31.981 0.0000000000
43476  28.165  -44.751  32.289 0.0000000000
43491  27.608  -44.294  31.568 0.0000000000
43477  27.592  -44.280  32.548 0.0000000000
134360  48.855  -22.400  22.886 0.0000000000
66091  48.227  -22.625  22.146 0.0000000000
63998  47.092  -24.474  23.950 0.0000000000
148036  47.408  -23.864  23.714 0.0000000000
64010  46.923  -24.258  23.189 0.0000000000
64983  46.814  -24.368  21.856 0.0000000000
64995  47.313  -23.660  20.793 0.0000000000
60984  48.644  -28.149  23.932 0.0000000000
60995  49.050  -28.447  22.940 0.0000000000
41078  31.618  -47.094  48.678 0.0000000000
39915  31.405  -47.819  49.963 0.0000000000
39906  31.487  -48.169  50.551 0.0000000000
37621  30.889  -48.429  49.585 0.0000000000
38763  31.180  -48.385  50.466 0.0000000000
36512  30.219  -49.196  51.332 0.0000000000
36521  30.340  -49.232  50.362 0.0000000000
143695  29.509  -49.321  50.017 0.0000000000
137226  28.618  -49.263  48.924 0.0000000000
37632  28.587  -49.291  49.646 0.0000000000
37644  26.430  -49.543  48.817 0.0000000000
37657  25.828  -49.683  48.088 0.0000000000
139047  25.510  -49.645  47.336 0.0000000000
36569  25.160  -50.220  46.706 0.0000000000
33373  26.292  -54.127  46.702 0.0000000000
33362  27.182  -54.399  47.876 0.0000000000
154763  26.847  -53.784  48.242 0.0000000000
34346  26.883  -52.737  49.880 0.0000000000
34355  26.281  -53.065  48.178 0.0000000000
34347  26.128  -52.175  49.093 0.0000000000
34383  24.743  -53.140  45.186 0.0000000000
141587  24.989  -52.313  45.795 0.0000000000
35429  24.424  -52.076  44.829 0.0000000000
35420  24.754  -51.702  45.429 0.0000000000
35430  23.972  -51.867  44.174 0.0000000000
35441  23.621  -51.660  43.577 0.0000000000
33412  22.435  -53.557  42.550 0.0000000000
31293  23.316  -55.877  41.504 0.0000000000
72228  59.248  -16.508  19.343 0.0000000000
71188  58.694  -16.979  20.110 0.0000000000
71191  56.008  -18.149  20.469 0.0000000000
70151  56.719  -18.382  21.178 0.0000000000
71165  59.132  -18.047  22.265 0.0000000000
70127  58.645  -18.597  22.915 0.0000000000
69135  56.458  -19.234  22.270 0.0000000000
70129  57.378  -18.835  22.302 0.0000000000
69136  55.642  -19.333  21.850 0.0000000000
70140  56.105  -18.883  21.579 0.0000000000
69148  54.455  -19.458  21.069 0.0000000000
69129  54.799  -19.724  21.896 0.0000000000
136997  54.748  -20.438  23.184 0.0000000000
68215  54.386  -20.289  22.505 0.0000000000
68204  53.381  -21.058  23.206 0.0000000000
68191  55.925  -20.461  24.314 0.0000000000
67173  55.305  -20.874  24.832 0.0000000000
67175  53.372  -21.470  24.595 0.0000000000
135700  52.930  -21.386  23.976 0.0000000000
67176  52.010  -21.613  24.196 0.0000000000
67163  52.078  -21.824  25.120 0.0000000000
137202  51.465  -22.248  25.679 0.0000000000
66009  52.572  -22.864  27.057 0.0000000000
64925  52.199  -23.381  27.690 0.0000000000
63944  50.331  -24.309  27.984 0.0000000000
64928  49.875  -23.786  26.916 0.0000000000
61937  49.019  -25.775  28.098 0.0000000000
61952  48.786  -26.426  27.754 0.0000000000
60951  48.694  -27.020  27.273 0.0000000000
60950  49.325  -27.354  27.648 0.0000000000
63890  56.340  -23.723  32.024 0.0000000000
63891  55.841  -24.171  31.769 0.0000000000
63872  55.778  -24.106  32.267 0.0000000000
62868  53.467  -25.555  31.658 0.0000000000
62887  53.145  -25.256  30.826 0.0000000000
59868  52.504  -28.821  31.917 0.0000000000
60899  52.686  -28.043  32.560 0.0000000000
60922  51.411  -28.386  29.871 0.0000000000
60915  51.476  -27.755  30.761 0.0000000000
60916  50.926  -27.490  30.123 0.0000000000
61919  50.915  -26.731  30.568 0.0000000000
61920  50.386  -26.715  29.802 0.0000000000
60936  50.088  -27.770  28.123 0.0000000000
138959  50.541  -29.631  25.472 0.0000000000
57900  50.605  -30.547  25.639 0.0000000000
57901  50.343  -30.595  24.946 0.0000000000
57918  49.021  -30.645  24.274 0.0000000000
57902  49.466  -30.791  25.080 0.0000000000
57870  50.511  -30.730  27.130 0.0000000000
58881  47.374  -30.138  26.772 0.0000000000
58901  47.431  -29.857  24.992 0.0000000000
157144  50.067  -27.301  37.307 0.0000000000
60871  50.055  -27.812  35.779 0.0000000000
147821  48.816  -32.537  36.364 0.0000000000
55698  49.652  -32.678  37.708 0.0000000000
132813  49.014  -32.200  37.120 0.0000000000
57752  48.811  -30.961  38.094 0.0000000000
133599  48.590  -31.287  37.303 0.0000000000
55746  47.347  -33.352  33.346 0.0000000000
54632  47.773  -33.437  33.919 0.0000000000
55739  47.411  -32.788  33.790 0.0000000000
57784  47.065  -30.381  34.516 0.0000000000
56749  47.461  -31.175  35.126 0.0000000000
57766  47.566  -29.983  36.292 0.0000000000
157054  47.724  -29.852  36.934 0.0000000000
57754  47.639  -29.241  36.604 0.0000000000
59795  47.795  -28.651  36.905 0.0000000000
59829  47.810  -28.626  34.191 0.0000000000
59818  47.805  -28.665  35.148 0.0000000000
140294  48.680  -28.364  34.076 0.0000000000
59842  48.501  -28.440  33.417 0.0000000000
59859  49.368  -28.625  32.685 0.0000000000
59860  48.329  -28.483  32.631 0.0000000000
151537  46.373  -28.715  31.298 0.0000000000
59871  47.218  -28.562  31.669 0.0000000000
59881  46.322  -28.686  30.319 0.0000000000
59891  46.999  -28.821  29.844 0.0000000000
56813  44.315  -30.673  29.732 0.0000000000
140873  43.953  -30.013  29.317 0.0000000000
58851  44.380  -29.302  29.342 0.0000000000
59909  44.421  -28.872  28.640 0.0000000000
59908  44.994  -28.636  28.577 0.0000000000
134779  44.695  -28.619  27.990 0.0000000000
59927  45.089  -28.631  27.381 0.0000000000
59928  44.404  -28.592  27.424 0.0000000000
59956  42.358  -28.957  25.858 0.0000000000
57906  39.812  -31.131  25.151 0.0000000000
56868  39.133  -31.697  24.755 0.0000000000
56891  37.947  -31.086  22.672 0.0000000000
57922  38.708  -30.848  23.800 0.0000000000
57945  38.405  -30.340  22.311 0.0000000000
51848  42.172  -37.134  25.131 0.0000000000
51849  41.720  -36.860  24.788 0.0000000000
51894  40.152  -36.191  22.983 0.0000000000
52803  39.809  -35.673  22.715 0.0000000000
53739  40.067  -35.423  22.862 0.0000000000
51868  36.593  -36.077  24.790 0.0000000000
52774  37.157  -35.565  23.927 0.0000000000
136324  36.444  -34.464  22.010 0.0000000000
52807  37.052  -34.873  22.407 0.0000000000
53742  37.494  -34.626  21.746 0.0000000000
43458  41.310  -44.423  33.683 0.0000000000
157752  41.201  -43.565  32.799 0.0000000000
43468  40.798  -44.103  32.968 0.0000000000
43471  38.626  -44.567  31.672 0.0000000000
43483  39.408  -44.088  31.581 0.0000000000
44517  38.732  -43.920  30.852 0.0000000000
44529  39.058  -43.179  30.340 0.0000000000
44530  38.390  -43.502  30.209 0.0000000000
43472  35.794  -44.665  32.083 0.0000000000
42424  36.725  -44.641  31.676 0.0000000000
43496  36.015  -44.074  31.220 0.0000000000
45574  36.008  -42.846  29.483 0.0000000000
45573  36.579  -42.813  29.170 0.0000000000
45572  37.232  -42.977  29.253 0.0000000000
45584  36.729  -42.450  28.694 0.0000000000
46592  36.209  -41.970  28.216 0.0000000000
148184  35.365  -41.831  28.373 0.0000000000
47622  33.443  -40.823  28.008 0.0000000000
46604  34.332  -41.109  27.783 0.0000000000
153316  33.957  -40.651  27.009 0.0000000000
47649  34.009  -40.310  25.950 0.0000000000
47650  33.292  -40.248  26.517 0.0000000000
145745  30.608  -47.451  28.571 0.0000000000
151810  31.226  -47.047  29.093 0.0000000000
155414  31.002  -46.301  28.847 0.0000000000
43520  30.263  -44.553  28.295 0.0000000000
43506  30.810  -44.356  29.036 0.0000000000
44548  30.968  -43.431  29.355 0.0000000000
44567  28.334  -43.918  26.125 0.0000000000
44558  28.899  -43.815  26.780 0.0000000000
143714  30.590  -41.849  28.634 0.0000000000
47625  30.854  -40.998  28.300 0.0000000000
47624  31.646  -40.832  28.382 0.0000000000
47639  30.507  -40.588  27.615 0.0000000000
48732  30.660  -39.711  26.567 0.0000000000
155952  32.365  -39.708  25.731 0.0000000000
71237  60.206  -17.558  15.179 0.0000000000
151536  56.429  -16.283  17.194 0.0000000000
72302  55.217  -16.390  14.475 0.0000000000
71247  56.250  -16.631  14.426 0.0000000000
67209  50.036  -21.812  21.985 0.0000000000
67208  50.574  -21.552  21.425 0.0000000000
135371  50.033  -21.650  20.843 0.0000000000
38782  33.513  -47.439  47.500 0.0000000000
38792  32.795  -47.702  47.043 0.0000000000
38775  31.632  -47.708  48.479 0.0000000000
44480  45.443  -43.447  34.920 0.0000000000
45520  45.738  -42.803  34.414 0.0000000000
45533  45.916  -42.181  33.814 0.0000000000
150741  46.131  -41.636  33.167 0.0000000000
46540  45.208  -41.937  33.298 0.0000000000
158476  44.599  -41.761  32.883 0.0000000000
46549  43.423  -41.604  32.182 0.0000000000
46558  42.935  -41.373  31.488 0.0000000000
45554  42.557  -41.943  32.102 0.0000000000
45555  41.759  -42.358  31.977 0.0000000000
68238  52.657  -20.455  20.972 0.0000000000
135457  29.145  -46.118  37.838 0.0000000000
41184  28.821  -46.406  38.566 0.0000000000
41178  28.222  -46.642  39.257 0.0000000000
36629  23.135  -50.248  41.879 0.0000000000
35463  22.873  -51.052  42.249 0.0000000000
35458  43.238  -51.120  40.848 0.0000000000
36638  43.213  -50.508  40.473 0.0000000000
35471  42.858  -50.809  40.341 0.0000000000
35502  41.825  -50.505  39.652 0.0000000000
36668  41.450  -50.154  39.083 0.0000000000
36682  41.027  -49.663  38.523 0.0000000000
36669  40.659  -50.248  39.017 0.0000000000
36670  39.856  -50.308  38.947 0.0000000000
36671  38.998  -50.371  38.798 0.0000000000
37770  32.437  -48.574  39.963 0.0000000000
38883  32.632  -48.411  39.143 0.0000000000
61971  47.846  -26.377  26.417 0.0000000000
60985  47.784  -27.290  24.396 0.0000000000
27920  24.452  -57.333  43.224 0.0000000000
64903  56.510  -22.977  29.537 0.0000000000
64893  55.632  -24.034  30.128 0.0000000000
58775  52.696  -29.397  33.959 0.0000000000
57799  52.356  -29.650  32.722 0.0000000000
58792  52.460  -29.563  33.202 0.0000000000
57809  51.964  -30.243  32.056 0.0000000000
151976  50.657  -29.889  31.470 0.0000000000
58820  49.776  -29.550  31.297 0.0000000000
53635  45.117  -34.784  30.094 0.0000000000
53628  45.696  -34.472  30.787 0.0000000000
53636  44.830  -34.115  29.712 0.0000000000
54672  44.599  -33.426  29.416 0.0000000000
55780  44.367  -32.710  29.166 0.0000000000
54679  43.961  -33.405  28.682 0.0000000000
54697  41.370  -33.531  26.649 0.0000000000
141584  41.655  -34.188  26.843 0.0000000000
53694  40.921  -35.258  25.656 0.0000000000
159787  33.828  -46.583  32.887 0.0000000000
42413  33.825  -45.721  32.729 0.0000000000
42414  33.290  -45.860  32.118 0.0000000000
42425  32.907  -45.664  31.549 0.0000000000
42439  32.417  -45.463  30.886 0.0000000000
154182  59.699  -16.710  16.819 0.0000000000
151362  31.845  -48.727  43.118 0.0000000000
134074  31.162  -48.861  42.455 0.0000000000
37730  31.301  -48.795  43.172 0.0000000000
37718  31.047  -48.757  43.832 0.0000000000
36566  31.333  -49.367  46.568 0.0000000000
135676  31.101  -49.220  45.900 0.0000000000
36567  30.852  -49.769  46.541 0.0000000000
37688  29.518  -49.197  45.932 0.0000000000
37670  28.940  -49.231  46.704 0.0000000000
37654  27.941  -48.905  47.228 0.0000000000
36578  38.493  -49.545  43.795 0.0000000000
36591  38.660  -50.036  43.521 0.0000000000
34382  38.403  -50.754  42.634 0.0000000000
35418  38.180  -50.020  43.715 0.0000000000
137480  37.732  -49.955  43.671 0.0000000000
36604  36.962  -49.795  43.142 0.0000000000
37686  34.225  -48.220  45.122 0.0000000000
37703  34.691  -48.414  44.251 0.0000000000
37716  33.663  -48.369  43.088 0.0000000000
152666  32.630  -48.484  43.035 0.0000000000
46497  48.998  -41.556  36.310 0.0000000000
47523  49.576  -40.388  36.507 0.0000000000
48580  49.717  -39.449  37.540 0.0000000000
50658  50.549  -37.088  36.678 0.0000000000
50671  50.472  -36.610  36.113 0.0000000000
50672  50.454  -37.474  35.896 0.0000000000
50694  49.625  -37.646  34.825 0.0000000000
47581  46.542  -40.007  31.182 0.0000000000
48669  46.771  -39.582  31.329 0.0000000000
48678  46.357  -39.420  30.645 0.0000000000
49706  46.309  -38.874  30.526 0.0000000000
49707  45.691  -38.591  30.008 0.0000000000
50760  45.634  -37.737  30.257 0.0000000000
50764  45.040  -38.565  29.241 0.0000000000
50778  43.826  -38.439  27.949 0.0000000000
48708  43.305  -38.837  27.477 0.0000000000
48709  42.690  -38.934  27.101 0.0000000000
47618  40.575  -40.377  28.780 0.0000000000
156370  40.054  -40.603  28.828 0.0000000000
47632  39.099  -40.005  28.161 0.0000000000
48714  37.658  -39.778  27.389 0.0000000000
47634  37.142  -40.654  27.451 0.0000000000
46601  36.405  -41.164  27.310 0.0000000000
41300  28.090  -47.564  29.061 0.0000000000
41301  27.625  -46.909  28.682 0.0000000000
69177  51.413  -19.455  18.692 0.0000000000
42356  24.994  -45.797  36.841 0.0000000000
39997  28.382  -47.611  41.247 0.0000000000
40006  26.488  -47.418  40.852 0.0000000000
40007  25.677  -47.561  40.510 0.0000000000
38878  23.643  -48.654  40.330 0.0000000000
38888  22.720  -48.712  39.216 0.0000000000
38899  22.445  -48.352  38.433 0.0000000000
38895  43.992  -48.488  38.733 0.0000000000
38894  44.197  -48.117  38.612 0.0000000000
40037  44.050  -47.355  37.835 0.0000000000
41194  44.696  -46.831  37.671 0.0000000000
41206  45.001  -46.189  37.262 0.0000000000
41207  44.134  -46.400  37.121 0.0000000000
42372  42.517  -45.533  35.479 0.0000000000
41218  41.042  -46.554  35.564 0.0000000000
41219  40.355  -46.705  35.382 0.0000000000
38925  38.790  -48.372  36.778 0.0000000000
38937  39.208  -47.717  36.214 0.0000000000
38939  37.275  -48.086  36.238 0.0000000000
40067  36.678  -47.683  35.669 0.0000000000
40082  36.169  -47.161  35.116 0.0000000000
40068  35.902  -47.858  35.350 0.0000000000
38953  34.968  -48.608  34.331 0.0000000000
35474  36.863  -50.624  39.856 0.0000000000
34449  37.227  -50.684  39.485 0.0000000000
34450  36.539  -50.616  39.075 0.0000000000
35508  35.903  -50.495  38.746 0.0000000000
34468  35.557  -50.519  37.927 0.0000000000
37818  33.073  -48.714  36.796 0.0000000000
157550  33.143  -49.383  36.232 0.0000000000
37833  32.881  -49.790  35.421 0.0000000000
36740  32.592  -50.466  34.028 0.0000000000
153445  32.016  -50.083  33.719 0.0000000000
146812  31.694  -49.596  33.419 0.0000000000
37863  31.414  -49.316  32.880 0.0000000000
37883  31.118  -48.934  32.351 0.0000000000
38967  31.019  -48.488  32.936 0.0000000000
41257  30.254  -46.896  33.039 0.0000000000
138370  29.177  -45.274  34.932 0.0000000000
43462  27.464  -44.320  33.375 0.0000000000
137804  26.667  -44.136  33.555 0.0000000000
66072  49.639  -22.406  24.383 0.0000000000
66073  49.048  -22.675  24.177 0.0000000000
66083  48.624  -22.764  23.642 0.0000000000
64970  47.961  -23.326  23.735 0.0000000000
36513  29.209  -49.318  51.788 0.0000000000
37624  28.556  -49.408  50.455 0.0000000000
37633  27.774  -49.439  49.981 0.0000000000
36523  27.858  -49.742  50.750 0.0000000000
36534  26.479  -50.088  49.500 0.0000000000
36544  25.969  -50.268  48.818 0.0000000000
32310  26.295  -55.826  45.675 0.0000000000
33380  25.948  -54.326  45.945 0.0000000000
159464  25.544  -53.739  45.851 0.0000000000
33374  25.683  -53.556  46.276 0.0000000000
153696  25.338  -53.861  45.482 0.0000000000
146546  24.270  -53.071  44.553 0.0000000000
33400  23.464  -53.340  43.629 0.0000000000
32336  22.876  -54.351  42.720 0.0000000000
71187  59.229  -17.167  20.748 0.0000000000
71174  58.409  -18.027  21.596 0.0000000000
70128  57.921  -18.852  22.749 0.0000000000
67159  55.670  -21.209  25.645 0.0000000000
67160  54.732  -21.452  25.380 0.0000000000
67162  52.911  -21.818  25.256 0.0000000000
66031  51.781  -22.634  26.492 0.0000000000
64916  51.803  -23.883  28.245 0.0000000000
63936  49.862  -24.777  28.315 0.0000000000
62915  49.494  -25.537  28.561 0.0000000000
62849  55.220  -24.635  32.799 0.0000000000
62866  55.300  -24.820  32.170 0.0000000000
62850  54.596  -25.398  32.670 0.0000000000
62851  53.735  -25.887  32.483 0.0000000000
61911  52.821  -26.255  32.240 0.0000000000
60914  52.111  -28.439  31.313 0.0000000000
59890  51.338  -28.767  28.987 0.0000000000
60935  50.756  -28.230  28.623 0.0000000000
59906  51.248  -29.021  28.346 0.0000000000
59924  50.923  -29.656  27.058 0.0000000000
59941  50.884  -29.988  26.045 0.0000000000
57885  50.374  -30.823  26.202 0.0000000000
57857  48.530  -30.583  27.701 0.0000000000
58890  46.537  -29.618  26.454 0.0000000000
58902  46.564  -29.461  25.564 0.0000000000
58903  45.770  -29.147  26.083 0.0000000000
60848  49.190  -27.268  37.664 0.0000000000
60849  48.450  -27.698  37.247 0.0000000000
53584  49.702  -34.430  36.068 0.0000000000
54611  49.795  -33.711  36.798 0.0000000000
54618  49.215  -33.684  35.868 0.0000000000
55714  49.208  -33.185  36.310 0.0000000000
55715  48.717  -33.006  35.714 0.0000000000
146290  46.554  -32.324  32.570 0.0000000000
56775  47.071  -31.953  33.755 0.0000000000
56776  46.701  -31.682  33.159 0.0000000000
57801  46.825  -30.917  33.745 0.0000000000
155449  47.239  -29.651  34.782 0.0000000000
58766  47.493  -29.185  35.314 0.0000000000
57785  46.983  -29.666  34.074 0.0000000000
58795  47.207  -29.020  33.802 0.0000000000
59844  46.956  -28.912  33.113 0.0000000000
59861  47.403  -28.610  32.517 0.0000000000
57858  43.356  -30.872  28.286 0.0000000000
154370  43.613  -30.226  28.725 0.0000000000
58865  43.314  -29.921  28.165 0.0000000000
58883  43.092  -29.599  27.552 0.0000000000
59945  43.188  -28.973  27.003 0.0000000000
58904  41.555  -29.242  25.325 0.0000000000
58916  40.358  -29.477  24.427 0.0000000000
55822  39.066  -32.598  24.781 0.0000000000
55823  38.686  -32.277  24.306 0.0000000000
55836  37.769  -31.976  22.806 0.0000000000
50818  41.165  -37.168  24.332 0.0000000000
50832  41.168  -36.873  24.169 0.0000000000
156888  40.858  -37.069  23.972 0.0000000000
50834  39.997  -36.725  23.105 0.0000000000
51895  39.734  -36.259  22.781 0.0000000000
52790  35.518  -35.156  23.842 0.0000000000
52789  36.582  -35.103  23.427 0.0000000000
43460  39.555  -45.228  33.102 0.0000000000
43459  40.057  -44.639  32.833 0.0000000000
159575  38.159  -44.359  31.166 0.0000000000
44519  34.331  -43.753  31.327 0.0000000000
44533  35.632  -43.494  30.596 0.0000000000
44534  34.726  -43.299  30.755 0.0000000000
45564  35.191  -42.861  30.070 0.0000000000
45586  35.271  -42.304  29.237 0.0000000000
46578  34.521  -41.742  28.945 0.0000000000
46593  33.928  -41.297  28.528 0.0000000000
47623  32.502  -40.739  28.273 0.0000000000
41319  29.522  -47.124  27.547 0.0000000000
42472  30.009  -45.751  27.674 0.0000000000
137910  28.323  -42.363  26.144 0.0000000000
46607  28.791  -42.128  26.694 0.0000000000
47640  29.783  -40.900  27.220 0.0000000000
72284  54.739  -16.404  16.403 0.0000000000
72293  55.327  -16.153  15.736 0.0000000000
66103  49.278  -22.028  21.048 0.0000000000
148411  48.672  -22.289  20.566 0.0000000000
36564  31.995  -48.649  45.771 0.0000000000
37652  31.654  -48.695  47.052 0.0000000000
36552  31.451  -49.031  46.797 0.0000000000
36553  31.406  -49.265  47.115 0.0000000000
36541  31.246  -49.328  47.869 0.0000000000
36542  30.750  -49.618  48.218 0.0000000000
37667  35.028  -48.246  45.746 0.0000000000
43425  47.500  -44.017  37.364 0.0000000000
44444  47.913  -43.443  37.148 0.0000000000
44457  48.310  -42.798  36.841 0.0000000000
45492  48.308  -42.605  36.174 0.0000000000
159642  47.456  -43.274  35.652 0.0000000000
45509  47.900  -42.512  35.301 0.0000000000
45507  48.661  -41.948  35.859 0.0000000000
46511  48.538  -41.609  35.269 0.0000000000
46524  48.843  -40.862  35.047 0.0000000000
48630  48.837  -40.258  34.576 0.0000000000
48641  48.781  -39.673  34.175 0.0000000000
47559  48.267  -40.351  33.882 0.0000000000
47560  47.669  -40.617  33.386 0.0000000000
47573  46.871  -40.437  32.081 0.0000000000
135458  46.436  -41.029  32.508 0.0000000000
133947  45.772  -40.331  30.748 0.0000000000
47588  45.076  -40.241  30.103 0.0000000000
158569  44.587  -40.131  29.577 0.0000000000
47598  43.817  -40.197  29.438 0.0000000000
47591  42.205  -40.782  30.027 0.0000000000
159219  41.481  -40.889  29.841 0.0000000000
46576  40.826  -41.247  29.907 0.0000000000
139270  40.088  -41.730  29.887 0.0000000000
45570  38.653  -42.175  29.333 0.0000000000
43499  27.967  -44.969  30.867 0.0000000000
42442  27.689  -45.201  29.990 0.0000000000
43507  27.144  -44.555  29.481 0.0000000000
152944  26.542  -44.413  28.951 0.0000000000
43509  25.364  -44.275  29.139 0.0000000000
44554  25.931  -44.174  28.984 0.0000000000
70154  53.988  -18.952  20.059 0.0000000000
69167  52.595  -19.517  19.659 0.0000000000
42377  26.842  -44.986  35.715 0.0000000000
42355  25.979  -45.668  37.042 0.0000000000
41202  24.599  -46.338  37.543 0.0000000000
38852  26.723  -47.918  42.874 0.0000000000
38868  24.517  -48.579  41.406 0.0000000000
37758  23.822  -48.894  41.111 0.0000000000
37772  22.307  -49.416  39.557 0.0000000000
36643  21.698  -50.922  40.195 0.0000000000
36650  43.284  -49.798  39.980 0.0000000000
36665  43.257  -49.629  39.497 0.0000000000
37781  43.686  -49.003  38.981 0.0000000000
38909  42.606  -48.309  37.905 0.0000000000
38921  41.881  -47.950  37.359 0.0000000000
37798  40.586  -49.185  37.917 0.0000000000
37814  39.287  -48.822  37.347 0.0000000000
37815  38.282  -49.046  37.336 0.0000000000
37816  37.285  -49.465  37.123 0.0000000000
36703  36.470  -49.951  36.608 0.0000000000
36640  34.355  -49.237  39.599 0.0000000000
36653  34.820  -49.649  39.020 0.0000000000
36654  34.220  -49.288  38.891 0.0000000000
36672  33.838  -49.116  38.502 0.0000000000
37802  33.679  -49.097  37.877 0.0000000000
37803  33.272  -48.676  37.683 0.0000000000
40069  31.743  -47.256  35.392 0.0000000000
42360  30.390  -45.965  35.666 0.0000000000
155013  29.957  -45.758  36.263 0.0000000000
42374  29.607  -45.540  35.633 0.0000000000
42375  28.750  -45.251  35.643 0.0000000000
64940  48.780  -23.891  25.988 0.0000000000
64953  48.017  -24.202  25.389 0.0000000000
63985  46.786  -25.164  24.061 0.0000000000
62966  47.166  -25.701  25.293 0.0000000000
31269  26.063  -55.827  45.271 0.0000000000
31277  25.536  -55.827  44.639 0.0000000000
31278  25.171  -56.086  43.911 0.0000000000
31279  24.629  -55.695  43.378 0.0000000000
31287  24.255  -55.996  42.606 0.0000000000
31292  23.680  -56.236  41.978 0.0000000000
132446  54.661  -22.598  27.187 0.0000000000
66008  53.571  -22.807  27.171 0.0000000000
64915  53.621  -23.638  28.402 0.0000000000
64906  53.996  -24.026  28.971 0.0000000000
61877  53.637  -27.214  34.095 0.0000000000
61887  53.350  -27.282  33.427 0.0000000000
60888  53.398  -28.040  33.660 0.0000000000
59857  52.772  -28.997  32.581 0.0000000000
140995  52.466  -29.432  31.914 0.0000000000
58819  52.322  -29.773  31.610 0.0000000000
58831  52.157  -29.733  31.027 0.0000000000
57853  51.329  -30.195  28.863 0.0000000000
57854  51.111  -30.463  28.450 0.0000000000
141822  50.549  -30.799  29.018 0.0000000000
57843  49.743  -30.795  28.867 0.0000000000
153866  48.933  -30.558  28.898 0.0000000000
139882  47.276  -29.455  28.979 0.0000000000
58734  48.512  -28.677  39.385 0.0000000000
53621  47.157  -34.734  32.596 0.0000000000
53616  47.487  -34.382  33.070 0.0000000000
53617  47.065  -34.200  32.644 0.0000000000
54649  46.760  -33.750  32.364 0.0000000000
55747  46.877  -33.200  32.733 0.0000000000
54662  45.986  -33.920  31.180 0.0000000000
54656  45.918  -33.348  31.235 0.0000000000
55752  46.375  -33.041  31.937 0.0000000000
56794  46.059  -32.013  31.924 0.0000000000
56786  45.692  -30.933  31.909 0.0000000000
157303  45.369  -30.381  31.606 0.0000000000
148319  45.157  -30.844  31.065 0.0000000000
56803  44.741  -31.435  30.174 0.0000000000
156963  44.344  -31.474  29.477 0.0000000000
55781  43.847  -32.531  28.568 0.0000000000
139609  44.149  -31.971  29.002 0.0000000000
56831  43.032  -31.615  27.881 0.0000000000
57889  41.725  -31.051  26.490 0.0000000000
57890  41.143  -30.926  26.011 0.0000000000
55809  40.100  -32.437  25.701 0.0000000000
54710  40.157  -33.255  25.738 0.0000000000
55810  39.566  -32.967  25.265 0.0000000000
54724  39.160  -33.535  24.471 0.0000000000
54741  39.018  -34.039  23.379 0.0000000000
50805  38.827  -37.344  25.540 0.0000000000
51850  38.326  -36.768  25.062 0.0000000000
149468  35.657  -36.217  24.773 0.0000000000
52791  34.509  -35.603  23.881 0.0000000000
141215  37.255  -45.578  32.959 0.0000000000
158567  37.611  -45.328  32.581 0.0000000000
42410  36.274  -45.221  32.720 0.0000000000
43486  34.982  -44.189  31.677 0.0000000000
43474  33.830  -44.918  32.355 0.0000000000
43487  34.026  -44.291  31.906 0.0000000000
144848  32.909  -43.100  30.636 0.0000000000
45566  32.183  -42.984  30.257 0.0000000000
42509  28.283  -45.980  26.022 0.0000000000
43565  28.112  -45.030  25.671 0.0000000000
44584  27.152  -44.118  24.788 0.0000000000
45598  28.007  -43.050  25.878 0.0000000000
72289  60.026  -17.347  15.831 0.0000000000
71239  59.114  -17.669  15.267 0.0000000000
140054  58.659  -17.873  14.675 0.0000000000
72305  52.741  -16.612  14.392 0.0000000000
40003  30.141  -47.896  40.281 0.0000000000
38874  29.843  -48.189  41.130 0.0000000000
37745  30.628  -48.765  42.290 0.0000000000
38863  29.976  -48.524  41.963 0.0000000000
38864  29.131  -48.051  41.799 0.0000000000
38850  28.835  -48.091  42.551 0.0000000000
36594  31.588  -48.661  44.849 0.0000000000
36608  30.875  -48.759  44.423 0.0000000000
36596  30.626  -48.873  44.926 0.0000000000
36609  30.517  -48.747  44.408 0.0000000000
38838  27.479  -48.033  43.486 0.0000000000
38839  26.367  -48.098  43.802 0.0000000000
38826  26.454  -48.199  44.893 0.0000000000
138973  25.759  -48.374  44.396 0.0000000000
37708  25.153  -49.064  44.363 0.0000000000
37691  25.157  -49.368  45.323 0.0000000000
35435  41.188  -51.352  43.048 0.0000000000
35448  40.864  -51.997  42.888 0.0000000000
34420  40.129  -51.434  41.290 0.0000000000
34432  39.924  -51.143  40.798 0.0000000000
33421  39.635  -51.263  41.295 0.0000000000
33422  38.908  -51.105  41.231 0.0000000000
34433  38.238  -50.797  40.818 0.0000000000
34393  38.305  -50.890  42.278 0.0000000000
34409  37.783  -50.707  41.714 0.0000000000
34422  37.712  -50.662  41.091 0.0000000000
34423  37.078  -50.572  40.633 0.0000000000
35462  36.501  -50.236  40.916 0.0000000000
36580  37.044  -49.077  44.627 0.0000000000
36605  36.214  -49.364  43.008 0.0000000000
37714  35.595  -48.820  43.569 0.0000000000
36627  35.511  -49.626  40.845 0.0000000000
134427  33.680  -48.872  40.135 0.0000000000
37755  32.824  -48.713  40.549 0.0000000000
60977  49.695  -28.856  25.062 0.0000000000
63856  55.609  -23.808  32.525 0.0000000000
62848  55.296  -24.253  32.984 0.0000000000
149414  54.787  -24.537  33.485 0.0000000000
135222  54.300  -25.362  34.200 0.0000000000
62826  54.129  -25.136  34.809 0.0000000000
60880  53.751  -26.549  34.500 0.0000000000
158774  53.618  -27.491  34.545 0.0000000000
60870  53.551  -28.051  34.744 0.0000000000
58773  53.200  -28.970  34.568 0.0000000000
152752  53.128  -28.568  35.231 0.0000000000
58774  52.947  -29.314  34.267 0.0000000000
58764  52.692  -28.943  34.791 0.0000000000
58765  52.564  -29.194  34.394 0.0000000000
59825  51.912  -28.932  34.375 0.0000000000
53590  49.857  -35.060  35.822 0.0000000000
52666  48.744  -35.510  34.257 0.0000000000
52679  48.267  -35.311  33.723 0.0000000000
49669  48.752  -38.947  33.866 0.0000000000
50716  48.605  -38.048  33.739 0.0000000000
49681  47.548  -38.663  32.419 0.0000000000
50736  48.011  -37.856  33.098 0.0000000000
51751  48.428  -36.986  33.642 0.0000000000
51769  47.840  -37.006  33.030 0.0000000000
52694  47.926  -36.050  33.229 0.0000000000
52680  47.698  -35.056  33.127 0.0000000000
51801  45.239  -36.823  30.085 0.0000000000
52720  44.818  -35.763  29.746 0.0000000000
52721  44.255  -35.933  28.996 0.0000000000
52733  43.588  -36.159  28.205 0.0000000000
52742  42.956  -35.929  27.496 0.0000000000
51826  42.746  -36.859  26.449 0.0000000000
136529  42.435  -37.398  25.668 0.0000000000
50802  42.273  -37.598  25.597 0.0000000000
49741  42.895  -38.156  26.601 0.0000000000
49755  42.613  -37.907  26.047 0.0000000000
49771  41.684  -37.346  24.987 0.0000000000
49772  41.484  -37.638  24.982 0.0000000000
50803  40.849  -38.054  25.233 0.0000000000
47615  43.614  -39.688  28.531 0.0000000000
48710  41.250  -39.202  27.387 0.0000000000
141116  40.788  -39.728  28.105 0.0000000000
48724  41.076  -38.772  26.819 0.0000000000
49757  40.222  -38.016  26.036 0.0000000000
50789  38.111  -37.829  26.314 0.0000000000
49759  37.040  -38.100  26.348 0.0000000000
48727  37.342  -39.146  26.984 0.0000000000
49747  36.710  -38.924  26.505 0.0000000000
49760  36.099  -38.695  26.045 0.0000000000
48739  35.367  -39.293  25.561 0.0000000000
145728  31.883  -48.731  30.227 0.0000000000
159728  32.007  -47.900  30.036 0.0000000000
40146  31.370  -48.321  29.742 0.0000000000
40161  30.983  -48.004  29.096 0.0000000000
158616  29.265  -48.410  29.046 0.0000000000
132471  29.039  -48.237  28.569 0.0000000000
40181  29.696  -47.827  28.138 0.0000000000
148132  28.303  -46.617  26.472 0.0000000000
41352  27.537  -46.782  26.324 0.0000000000
72271  55.800  -16.474  17.559 0.0000000000
72272  54.968  -16.614  17.248 0.0000000000
70171  53.735  -18.666  19.437 0.0000000000
70182  53.423  -18.351  18.718 0.0000000000
71218  53.093  -17.993  18.013 0.0000000000
140790  52.426  -17.439  16.658 0.0000000000
43442  25.651  -44.846  35.308 0.0000000000
139426  24.899  -44.935  35.223 0.0000000000
41179  27.314  -46.564  39.200 0.0000000000
40005  27.996  -47.259  40.588 0.0000000000
41188  25.019  -46.658  38.380 0.0000000000
41189  24.097  -46.843  38.039 0.0000000000
39999  25.860  -47.767  41.296 0.0000000000
38886  24.138  -48.073  39.902 0.0000000000
40020  24.610  -47.502  39.466 0.0000000000
40029  24.352  -47.171  38.776 0.0000000000
40042  23.329  -47.089  37.715 0.0000000000
38893  44.818  -47.707  38.910 0.0000000000
42345  47.145  -44.900  38.094 0.0000000000
42344  47.183  -44.580  37.601 0.0000000000
43426  47.225  -44.469  37.229 0.0000000000
43430  46.892  -44.641  36.638 0.0000000000
43435  46.503  -44.347  36.040 0.0000000000
43432  45.171  -45.101  36.305 0.0000000000
43436  45.588  -44.500  35.866 0.0000000000
43445  44.180  -44.082  35.149 0.0000000000
44482  42.905  -43.737  34.280 0.0000000000
44492  42.456  -43.352  33.644 0.0000000000
43457  42.105  -44.050  33.971 0.0000000000
42396  41.054  -45.066  34.067 0.0000000000
42384  41.313  -45.486  34.639 0.0000000000
155599  39.772  -45.600  33.627 0.0000000000
42398  39.143  -45.738  33.432 0.0000000000
41242  38.297  -45.920  33.467 0.0000000000
40053  40.654  -47.560  36.472 0.0000000000
40064  40.124  -47.185  35.825 0.0000000000
41220  39.647  -46.798  35.187 0.0000000000
135850  38.770  -46.501  34.377 0.0000000000
41230  38.325  -46.302  33.966 0.0000000000
41243  37.802  -45.983  33.488 0.0000000000
41244  36.979  -46.048  33.743 0.0000000000
41245  35.933  -46.056  34.005 0.0000000000
41246  34.966  -46.204  33.857 0.0000000000
40096  34.580  -47.003  33.943 0.0000000000
40112  33.732  -47.314  32.423 0.0000000000
134687  33.585  -48.158  31.792 0.0000000000
146026  33.089  -48.114  31.128 0.0000000000
34463  39.293  -50.717  39.814 0.0000000000
35506  38.712  -50.567  39.147 0.0000000000
35524  38.102  -50.332  38.533 0.0000000000
34465  37.565  -50.667  39.113 0.0000000000
34478  37.060  -50.557  38.335 0.0000000000
36686  37.522  -50.187  37.910 0.0000000000
35541  36.809  -50.274  37.441 0.0000000000
35555  36.016  -50.259  36.398 0.0000000000
36722  35.842  -50.136  35.907 0.0000000000
35527  34.829  -50.304  37.595 0.0000000000
34482  34.583  -50.408  36.785 0.0000000000
35544  34.111  -50.338  36.354 0.0000000000
34492  34.832  -50.534  36.476 0.0000000000
34499  35.191  -50.540  36.024 0.0000000000
35565  35.002  -50.453  35.123 0.0000000000
36723  35.343  -50.265  35.304 0.0000000000
36738  34.884  -50.350  34.674 0.0000000000
36739  34.366  -50.487  33.933 0.0000000000
37862  34.261  -49.919  33.323 0.0000000000
36756  32.952  -50.562  33.180 0.0000000000
36770  33.112  -50.253  32.543 0.0000000000
37879  33.684  -49.887  32.615 0.0000000000
37888  32.898  -49.507  31.528 0.0000000000
39001  32.490  -48.967  30.913 0.0000000000
37897  31.044  -48.899  31.018 0.0000000000
39017  29.984  -48.299  30.602 0.0000000000
38988  30.686  -48.406  32.074 0.0000000000
40130  29.815  -48.030  30.980 0.0000000000
41287  29.300  -47.470  30.884 0.0000000000
41272  28.852  -46.621  30.996 0.0000000000
42427  28.482  -45.671  31.139 0.0000000000
40086  31.108  -47.147  34.239 0.0000000000
41248  30.506  -46.626  33.871 0.0000000000
42388  29.449  -45.507  34.122 0.0000000000
42415  29.150  -45.813  32.351 0.0000000000
44522  27.002  -43.790  30.858 0.0000000000
44494  26.863  -43.917  32.636 0.0000000000
44523  26.220  -43.491  31.155 0.0000000000
66090  49.194  -22.095  21.960 0.0000000000
64982  46.930  -23.971  22.426 0.0000000000
66092  47.510  -23.257  22.280 0.0000000000
66105  47.647  -23.051  21.418 0.0000000000
41077  32.199  -46.938  48.290 0.0000000000
146345  31.285  -48.116  49.363 0.0000000000
38776  31.152  -48.109  49.061 0.0000000000
37630  30.790  -48.920  49.135 0.0000000000
36531  30.960  -49.256  48.704 0.0000000000
37612  30.957  -48.739  50.972 0.0000000000
36532  30.463  -49.402  49.234 0.0000000000
36543  30.177  -49.734  48.433 0.0000000000
37641  29.224  -49.414  48.328 0.0000000000
37642  28.117  -49.114  48.267 0.0000000000
132720  27.223  -48.906  47.932 0.0000000000
37643  27.123  -49.117  48.679 0.0000000000
37672  25.519  -49.252  46.723 0.0000000000
138403  25.226  -49.571  46.089 0.0000000000
36597  24.773  -50.157  44.671 0.0000000000
35384  27.536  -51.544  51.368 0.0000000000
35393  26.089  -50.971  49.423 0.0000000000
154609  25.354  -51.193  47.834 0.0000000000
34370  25.333  -52.636  46.370 0.0000000000
34362  25.329  -51.956  47.138 0.0000000000
153447  25.134  -51.019  47.145 0.0000000000
136531  24.589  -51.125  44.901 0.0000000000
154713  23.886  -51.077  43.775 0.0000000000
35452  22.776  -51.989  42.564 0.0000000000
34410  22.710  -52.801  42.801 0.0000000000
34424  22.263  -52.706  42.214 0.0000000000
32345  22.948  -55.147  42.033 0.0000000000
72230  57.322  -16.710  19.145 0.0000000000
152773  57.092  -17.204  19.807 0.0000000000
71201  57.835  -17.395  20.369 0.0000000000
139921  56.169  -17.549  19.778 0.0000000000
70169  55.208  -18.586  20.407 0.0000000000
70138  57.552  -18.430  21.706 0.0000000000
68225  54.007  -20.201  21.937 0.0000000000
67197  52.125  -21.428  22.738 0.0000000000
68190  56.870  -20.307  24.690 0.0000000000
67186  54.202  -20.827  23.586 0.0000000000
67174  54.311  -21.126  24.495 0.0000000000
67189  51.663  -21.569  23.321 0.0000000000
67178  51.022  -21.740  24.025 0.0000000000
66071  50.408  -22.136  24.636 0.0000000000
66058  49.862  -22.630  25.142 0.0000000000
64926  51.365  -23.527  27.601 0.0000000000
64937  51.086  -23.163  26.911 0.0000000000
64938  50.335  -23.309  26.602 0.0000000000
64939  49.600  -23.514  26.301 0.0000000000
63959  48.576  -24.522  26.567 0.0000000000
151692  48.387  -25.046  26.916 0.0000000000
62929  48.603  -25.515  27.451 0.0000000000
62944  48.068  -25.634  26.764 0.0000000000
60967  48.382  -27.108  26.633 0.0000000000
63908  56.416  -23.743  31.417 0.0000000000
63909  55.733  -24.237  30.961 0.0000000000
62902  51.386  -25.327  30.151 0.0000000000
61900  53.018  -26.984  32.967 0.0000000000
61901  52.499  -27.125  32.430 0.0000000000
61912  52.045  -26.668  31.859 0.0000000000
60908  51.784  -27.471  31.506 0.0000000000
62870  51.814  -26.002  31.270 0.0000000000
62889  51.318  -25.901  30.761 0.0000000000
158449  50.295  -25.743  29.599 0.0000000000
58899  50.630  -30.227  25.267 0.0000000000
57886  49.439  -30.812  26.100 0.0000000000
57903  48.276  -30.414  25.104 0.0000000000
59793  51.892  -27.655  36.855 0.0000000000
59805  51.406  -28.105  35.888 0.0000000000
59815  51.129  -28.324  35.064 0.0000000000
59826  50.886  -28.557  34.330 0.0000000000
58741  48.659  -29.701  39.065 0.0000000000
58742  48.100  -28.899  38.438 0.0000000000
145869  48.129  -33.899  34.082 0.0000000000
55724  48.219  -32.888  35.017 0.0000000000
55706  48.131  -32.102  35.652 0.0000000000
155244  47.442  -32.284  34.200 0.0000000000
56732  47.947  -30.667  36.761 0.0000000000
59794  48.002  -28.247  37.679 0.0000000000
59806  48.027  -28.152  36.711 0.0000000000
60861  48.485  -27.804  36.503 0.0000000000
59817  48.225  -28.121  35.821 0.0000000000
60872  48.944  -27.762  36.010 0.0000000000
59816  49.110  -27.974  35.282 0.0000000000
59827  49.585  -28.243  34.342 0.0000000000
59840  50.643  -28.772  33.581 0.0000000000
59869  49.127  -28.771  31.899 0.0000000000
59879  47.942  -28.588  31.159 0.0000000000
159407  46.509  -29.013  28.849 0.0000000000
57819  45.180  -29.823  31.328 0.0000000000
58836  44.847  -29.662  30.611 0.0000000000
58850  44.874  -29.124  30.002 0.0000000000
59893  45.595  -28.736  29.780 0.0000000000
59907  45.735  -28.736  28.782 0.0000000000
59943  45.095  -28.753  26.512 0.0000000000
135230  43.673  -28.549  26.367 0.0000000000
57905  40.576  -30.632  25.445 0.0000000000
57920  40.050  -30.247  24.805 0.0000000000
58917  39.680  -29.807  24.080 0.0000000000
57932  39.077  -30.147  23.604 0.0000000000
52750  42.014  -35.973  26.431 0.0000000000
52751  41.549  -36.101  25.614 0.0000000000
52772  41.063  -36.310  23.944 0.0000000000
52773  40.569  -35.750  23.841 0.0000000000
53723  39.973  -35.363  23.300 0.0000000000
53724  39.531  -34.916  22.791 0.0000000000
54759  38.986  -34.564  22.317 0.0000000000
51867  38.916  -36.604  24.083 0.0000000000
51882  38.926  -36.231  23.044 0.0000000000
52787  38.521  -35.637  22.372 0.0000000000
52788  37.583  -35.360  22.801 0.0000000000
52805  38.876  -35.333  21.972 0.0000000000
154165  42.129  -43.039  33.106 0.0000000000
44504  41.534  -43.054  32.584 0.0000000000
44515  40.995  -42.883  31.781 0.0000000000
43469  40.091  -44.099  32.285 0.0000000000
44516  40.192  -43.435  31.658 0.0000000000
45562  40.345  -42.696  30.990 0.0000000000
44528  39.681  -42.789  30.506 0.0000000000
143575  39.354  -42.384  29.931 0.0000000000
42423  37.407  -44.699  31.688 0.0000000000
43484  37.678  -44.414  31.193 0.0000000000
44532  36.485  -43.711  30.427 0.0000000000
44531  37.096  -43.774  30.248 0.0000000000
44543  37.867  -43.324  29.748 0.0000000000
45571  37.941  -42.677  29.240 0.0000000000
45582  38.017  -41.998  28.824 0.0000000000
46590  37.473  -41.710  28.363 0.0000000000
156907  36.450  -41.609  27.791 0.0000000000
46603  35.009  -41.402  27.789 0.0000000000
47648  34.782  -40.600  26.302 0.0000000000
41286  32.135  -46.279  30.238 0.0000000000
42440  31.903  -45.329  30.159 0.0000000000
42454  31.319  -45.146  29.404 0.0000000000
43498  31.720  -44.527  30.099 0.0000000000
44537  31.864  -43.771  30.316 0.0000000000
44547  31.504  -43.209  29.869 0.0000000000
45578  31.701  -42.518  29.696 0.0000000000
43541  29.258  -44.696  26.953 0.0000000000
44553  29.910  -43.675  28.098 0.0000000000
45592  29.095  -42.859  27.160 0.0000000000
45591  29.647  -42.801  27.815 0.0000000000
45588  30.186  -42.756  28.439 0.0000000000
45587  30.715  -42.708  29.054 0.0000000000
45579  31.196  -42.135  29.249 0.0000000000
46581  31.859  -41.854  29.378 0.0000000000
46595  32.158  -41.234  28.895 0.0000000000
135454  31.978  -40.421  27.882 0.0000000000
48716  30.958  -39.978  27.206 0.0000000000
48715  31.810  -40.049  27.281 0.0000000000
48730  32.488  -39.944  26.536 0.0000000000
48742  32.815  -39.704  24.850 0.0000000000
72282  56.835  -16.192  16.581 0.0000000000
72312  53.495  -16.580  13.886 0.0000000000
67221  50.270  -21.347  20.235 0.0000000000
32311  25.882  -55.587  45.083 0.0000000000
33363  26.590  -53.897  47.518 0.0000000000
33391  24.471  -53.850  44.482 0.0000000000
33423  21.880  -53.561  41.917 0.0000000000
33432  39.350  -51.022  40.801 0.0000000000
34354  26.777  -53.293  48.982 0.0000000000
34381  38.875  -50.720  42.820 0.0000000000
34390  40.408  -51.495  42.592 0.0000000000
34391  39.576  -50.895  42.534 0.0000000000
34404  41.140  -52.106  42.269 0.0000000000
34405  40.509  -51.836  42.372 0.0000000000
34407  38.791  -51.154  42.084 0.0000000000
34408  38.244  -50.942  41.917 0.0000000000
34417  41.991  -52.012  41.050 0.0000000000
34419  40.540  -51.756  41.668 0.0000000000
34421  38.259  -50.890  41.461 0.0000000000
34430  41.273  -51.640  40.775 0.0000000000
34431  40.598  -51.467  40.931 0.0000000000
34445  40.349  -50.997  40.450 0.0000000000
34446  39.739  -50.882  40.327 0.0000000000
34447  39.083  -50.819  40.250 0.0000000000
34467  36.180  -50.611  38.286 0.0000000000
34500  34.666  -50.583  35.926 0.0000000000
34501  34.413  -50.488  36.169 0.0000000000
35398  25.674  -51.210  48.631 0.0000000000
35425  39.261  -50.523  42.889 0.0000000000
35426  38.776  -50.431  43.193 0.0000000000
35427  38.188  -50.440  43.155 0.0000000000
35428  37.571  -50.161  43.199 0.0000000000
35437  39.936  -50.972  42.446 0.0000000000
35446  42.359  -51.434  42.119 0.0000000000
35459  42.605  -51.582  41.373 0.0000000000
35476  21.948  -51.188  40.921 0.0000000000
35486  41.374  -50.865  40.140 0.0000000000
35525  37.290  -50.398  38.084 0.0000000000
35543  35.705  -50.410  36.458 0.0000000000
35557  34.786  -50.560  35.430 0.0000000000
35582  32.872  -50.641  33.688 0.0000000000
36524  27.529  -50.493  51.049 0.0000000000
36555  25.349  -50.332  47.592 0.0000000000
36651  43.107  -50.153  39.760 0.0000000000
36772  31.905  -49.958  32.649 0.0000000000
37622  30.737  -48.684  50.110 0.0000000000
37656  25.954  -49.071  47.384 0.0000000000
37663  38.029  -48.579  44.839 0.0000000000
37681  38.413  -49.038  44.097 0.0000000000
37720  30.118  -48.698  43.952 0.0000000000
37739  43.423  -49.587  40.196 0.0000000000
37767  43.563  -49.251  39.465 0.0000000000
37794  43.703  -48.763  38.745 0.0000000000
37795  42.844  -48.928  38.460 0.0000000000
37831  36.223  -49.536  36.077 0.0000000000
37880  33.220  -49.893  32.010 0.0000000000
37898  30.587  -48.527  31.155 0.0000000000
38764  31.317  -48.573  51.045 0.0000000000
38853  25.302  -48.340  42.316 0.0000000000
38882  44.305  -48.355  39.009 0.0000000000
38906  44.171  -47.787  38.329 0.0000000000
38907  43.833  -48.058  38.319 0.0000000000
38940  36.415  -48.629  36.007 0.0000000000
38952  35.487  -48.533  35.070 0.0000000000
40012  45.210  -47.100  38.701 0.0000000000
40024  45.197  -46.909  38.342 0.0000000000
40025  44.671  -47.393  38.341 0.0000000000
40084  34.883  -47.641  34.312 0.0000000000
41197  29.816  -46.227  37.697 0.0000000000
41256  33.479  -46.508  32.297 0.0000000000
42336  47.181  -44.637  38.087 0.0000000000
42359  44.706  -45.719  36.732 0.0000000000
42402  34.605  -45.664  33.245 0.0000000000
43428  47.585  -43.950  37.018 0.0000000000
44458  47.864  -43.383  36.602 0.0000000000
44469  45.053  -44.013  35.332 0.0000000000
44545  36.705  -43.335  29.718 0.0000000000
45508  48.297  -42.265  35.549 0.0000000000
45531  47.291  -41.676  34.017 0.0000000000
45544  43.849  -41.896  32.847 0.0000000000
46591  36.870  -41.936  28.245 0.0000000000
47524  49.286  -40.982  36.201 0.0000000000
47537  49.404  -40.480  35.730 0.0000000000
47546  48.460  -40.793  34.450 0.0000000000
47572  47.340  -40.321  32.594 0.0000000000
47587  45.693  -39.760  30.056 0.0000000000
48595  49.877  -39.719  36.818 0.0000000000
48614  50.078  -39.228  35.948 0.0000000000
48668  47.231  -39.492  31.917 0.0000000000
48683  44.998  -39.284  29.124 0.0000000000
48699  39.947  -39.646  28.021 0.0000000000
48707  43.915  -38.827  28.069 0.0000000000
48722  42.843  -38.505  26.855 0.0000000000
49629  50.232  -38.437  35.727 0.0000000000
49646  50.078  -37.832  35.356 0.0000000000
49691  47.084  -38.932  31.607 0.0000000000
49716  45.471  -38.972  29.608 0.0000000000
50787  42.930  -37.899  26.399 0.0000000000
50833  40.729  -36.798  23.779 0.0000000000
51717  49.645  -36.121  35.094 0.0000000000
51865  41.247  -36.793  24.192 0.0000000000
51880  40.894  -36.691  23.889 0.0000000000
51881  40.559  -36.432  23.512 0.0000000000
52665  49.236  -35.441  34.770 0.0000000000
52804  39.483  -35.721  22.484 0.0000000000
53649  44.297  -34.167  29.049 0.0000000000
54631  48.205  -33.499  34.504 0.0000000000
54644  47.758  -33.984  33.534 0.0000000000
55725  47.788  -32.872  34.364 0.0000000000
56795  45.609  -31.685  31.366 0.0000000000
56880  38.240  -31.394  23.429 0.0000000000
57753  48.100  -30.326  37.483 0.0000000000
57868  51.212  -30.171  28.157 0.0000000000
58762  53.015  -28.169  35.874 0.0000000000
58763  52.939  -28.872  34.983 0.0000000000
58790  53.196  -29.271  33.915 0.0000000000
58796  46.815  -29.384  33.493 0.0000000000
59781  51.961  -27.123  37.519 0.0000000000
59791  52.206  -27.410  36.890 0.0000000000
59804  51.773  -27.861  36.598 0.0000000000
59812  53.387  -28.407  34.913 0.0000000000
59824  53.420  -28.747  34.297 0.0000000000
61861  53.368  -26.286  36.218 0.0000000000
61885  54.014  -26.026  33.909 0.0000000000
63842  55.132  -24.116  33.226 0.0000000000
133266  46.565  -45.363  37.562 0.0000000000
133467  43.888  -28.616  27.108 0.0000000000
133713  51.954  -29.967  32.545 0.0000000000
136535  40.193  -51.421  42.125 0.0000000000
137190  40.591  -37.001  23.702 0.0000000000
137569  49.552  -40.216  37.300 0.0000000000
137582  43.474  -37.601  27.295 0.0000000000
137957  46.878  -44.914  37.186 0.0000000000
138596  33.305  -50.321  35.468 0.0000000000
139272  28.659  -46.756  26.818 0.0000000000
139614  47.571  -43.307  38.435 0.0000000000
139899  49.122  -34.147  35.337 0.0000000000
142485  53.189  -27.966  35.830 0.0000000000
146076  47.432  -39.941  32.386 0.0000000000
146506  37.159  -45.065  32.279 0.0000000000
146631  24.773  -52.497  45.394 0.0000000000
146869  46.750  -36.347  32.017 0.0000000000
147621  52.199  -28.273  35.949 0.0000000000
147832  53.034  -29.292  33.403 0.0000000000
150504  32.811  -42.616  30.214 0.0000000000
150831  46.921  -39.350  31.443 0.0000000000
150940  27.405  -48.465  46.067 0.0000000000
156000  27.250  -44.015  32.139 0.0000000000
156360  43.276  -50.016  40.823 0.0000000000
156700  30.369  -48.822  44.757 0.0000000000
156727  41.402  -37.043  24.474 0.0000000000
156837  44.855  -30.114  30.910 0.0000000000
157320  49.971  -30.759  29.389 0.0000000000
157853  36.468  -50.214  36.917 0.0000000000
158705  50.092  -39.294  36.474 0.0000000000
159198  47.544  -29.381  35.950 0.0000000000
159693  49.195  -39.043  34.409 0.0000000000
