#!ascii label  , from subject sub-v1s14x0051563_ses-1 vox2ras=TkReg
1205
141451  -56.517  18.144  14.614 0.0000000000
143990  -48.012  31.796  1.499 0.0000000000
118751  -48.116  28.100  11.476 0.0000000000
116056  -55.379  23.094  4.791 0.0000000000
120114  -51.779  29.768  -3.209 0.0000000000
118818  -52.704  27.455  2.331 0.0000000000
116144  -51.310  24.045  -1.665 0.0000000000
116860  -48.301  24.325  3.607 0.0000000000
107426  -50.135  11.681  18.715 0.0000000000
111311  -53.305  17.669  17.585 0.0000000000
125380  -47.145  38.640  2.607 0.0000000000
123695  -53.404  35.959  3.397 0.0000000000
123196  -54.170  34.771  -3.476 0.0000000000
115923  -53.701  24.083  15.262 0.0000000000
121228  -49.779  32.259  7.106 0.0000000000
119341  -54.452  29.054  9.513 0.0000000000
153225  -56.550  22.531  11.326 0.0000000000
115946  -51.567  23.237  10.004 0.0000000000
114389  -46.416  21.095  8.296 0.0000000000
111330  -55.933  17.502  13.657 0.0000000000
118899  -52.998  28.201  -5.690 0.0000000000
117641  -53.254  26.005  -2.828 0.0000000000
116173  -50.014  22.453  -5.309 0.0000000000
114450  -47.963  21.597  -2.467 0.0000000000
108986  -51.666  14.543  18.392 0.0000000000
111308  -49.815  16.575  17.150 0.0000000000
126480  -43.396  40.380  3.121 0.0000000000
155213  -54.823  34.906  -0.658 0.0000000000
115099  -50.143  22.640  14.060 0.0000000000
117535  -50.418  25.517  12.655 0.0000000000
121883  -45.633  32.984  3.105 0.0000000000
120647  -47.645  30.493  4.464 0.0000000000
117586  -54.646  25.537  3.015 0.0000000000
162012  -53.531  27.519  6.256 0.0000000000
118162  -55.725  26.655  7.348 0.0000000000
117538  -55.851  25.581  11.007 0.0000000000
115973  -56.155  23.484  8.607 0.0000000000
115133  -55.377  22.483  10.501 0.0000000000
138844  -53.540  23.771  7.668 0.0000000000
116017  -47.237  23.488  6.606 0.0000000000
120704  -49.798  30.367  -0.435 0.0000000000
119413  -49.471  28.519  1.556 0.0000000000
118843  -52.207  27.574  -0.211 0.0000000000
160391  -53.564  25.845  -0.010 0.0000000000
139814  -53.590  23.389  1.978 0.0000000000
150065  -52.252  23.134  3.805 0.0000000000
116113  -50.079  23.613  1.019 0.0000000000
115215  -46.557  23.805  1.010 0.0000000000
106699  -52.991  11.893  18.844 0.0000000000
108989  -54.933  14.682  18.763 0.0000000000
139470  -55.053  18.111  17.881 0.0000000000
124811  -41.484  37.427  4.391 0.0000000000
124830  -44.293  36.881  2.173 0.0000000000
124300  -47.235  35.849  1.739 0.0000000000
122517  -50.319  33.629  1.221 0.0000000000
122542  -52.350  33.430  -0.176 0.0000000000
121957  -53.081  32.445  -4.063 0.0000000000
120776  -52.635  30.921  -6.679 0.0000000000
123230  -52.634  34.597  -6.554 0.0000000000
112861  -50.414  19.932  15.333 0.0000000000
113536  -53.117  20.576  16.385 0.0000000000
114298  -55.184  21.816  16.913 0.0000000000
120593  -49.217  30.508  10.778 0.0000000000
120024  -50.170  29.198  5.957 0.0000000000
120620  -51.772  30.693  9.133 0.0000000000
119968  -51.639  30.334  11.689 0.0000000000
118725  -53.620  27.388  13.259 0.0000000000
116764  -55.953  24.093  14.601 0.0000000000
114330  -56.608  21.324  14.079 0.0000000000
113586  -55.092  20.455  12.771 0.0000000000
114342  -51.984  21.115  12.285 0.0000000000
113591  -49.778  20.078  11.397 0.0000000000
141155  -50.321  23.806  6.907 0.0000000000
115136  -48.867  22.083  9.160 0.0000000000
112203  -47.117  18.645  9.769 0.0000000000
110482  -56.631  16.410  15.283 0.0000000000
110484  -56.695  16.349  14.248 0.0000000000
145476  -56.362  18.243  13.985 0.0000000000
154366  -51.215  26.886  -5.903 0.0000000000
117665  -51.394  25.296  -5.707 0.0000000000
116940  -49.805  24.854  -5.212 0.0000000000
116162  -47.910  23.182  -4.836 0.0000000000
162804  -49.762  26.832  11.800 0.0000000000
121893  -46.564  32.781  2.141 0.0000000000
117580  -55.401  24.603  4.045 0.0000000000
118183  -55.502  26.314  5.638 0.0000000000
117567  -56.356  24.875  6.403 0.0000000000
117548  -56.442  24.805  7.937 0.0000000000
116024  -56.041  23.463  6.808 0.0000000000
115996  -55.330  23.450  7.428 0.0000000000
116022  -55.153  23.300  6.383 0.0000000000
120712  -50.862  30.446  -2.047 0.0000000000
119428  -50.658  28.769  -1.016 0.0000000000
148107  -51.451  28.603  -2.049 0.0000000000
116154  -52.227  24.310  -2.615 0.0000000000
117630  -53.474  26.158  -1.294 0.0000000000
116899  -53.099  24.783  -0.635 0.0000000000
116879  -53.478  24.457  0.944 0.0000000000
146422  -52.132  24.037  -0.013 0.0000000000
116114  -51.231  23.642  0.914 0.0000000000
116126  -50.584  23.775  -0.540 0.0000000000
114437  -46.834  21.945  -0.897 0.0000000000
110462  -51.995  15.943  17.997 0.0000000000
108987  -53.103  14.618  18.804 0.0000000000
110464  -54.139  16.318  18.395 0.0000000000
110465  -55.115  16.272  18.390 0.0000000000
111312  -54.333  17.986  17.808 0.0000000000
155765  -44.881  39.531  2.413 0.0000000000
125379  -44.085  38.487  2.359 0.0000000000
146588  -45.758  38.078  2.262 0.0000000000
142316  -45.799  36.530  1.943 0.0000000000
155297  -47.097  37.255  2.295 0.0000000000
124275  -52.400  36.526  3.867 0.0000000000
155954  -50.048  35.716  2.278 0.0000000000
123114  -51.637  34.923  2.329 0.0000000000
122532  -51.923  33.635  0.615 0.0000000000
122520  -53.169  34.198  1.165 0.0000000000
123764  -54.560  34.955  -2.046 0.0000000000
122554  -53.758  33.598  -1.871 0.0000000000
122578  -53.734  33.454  -3.357 0.0000000000
151092  -53.444  31.817  -5.545 0.0000000000
122601  -53.472  33.452  -5.984 0.0000000000
121986  -52.374  32.709  -6.588 0.0000000000
123789  -53.420  35.218  -5.634 0.0000000000
114324  -46.203  21.543  14.057 0.0000000000
144405  -46.042  19.816  14.917 0.0000000000
113570  -47.507  20.608  14.521 0.0000000000
163497  -49.086  19.101  15.467 0.0000000000
113572  -49.545  21.005  14.548 0.0000000000
115921  -51.806  23.395  14.488 0.0000000000
114309  -51.954  21.510  15.376 0.0000000000
115087  -52.897  22.552  15.546 0.0000000000
113538  -54.599  21.307  16.970 0.0000000000
115089  -54.704  23.017  16.392 0.0000000000
121222  -47.892  32.517  7.746 0.0000000000
120617  -47.792  30.652  8.824 0.0000000000
121214  -49.885  31.397  8.974 0.0000000000
119405  -50.762  27.981  2.609 0.0000000000
119386  -49.993  28.558  4.121 0.0000000000
119396  -51.682  27.873  3.761 0.0000000000
119348  -54.291  28.589  8.786 0.0000000000
119346  -52.534  28.917  8.516 0.0000000000
119993  -53.207  30.210  9.771 0.0000000000
120595  -51.860  31.214  11.330 0.0000000000
119970  -53.126  30.431  12.035 0.0000000000
147508  -53.032  28.942  12.483 0.0000000000
157500  -54.002  28.639  12.279 0.0000000000
116790  -56.557  23.882  11.769 0.0000000000
140824  -55.538  25.687  13.093 0.0000000000
115938  -56.549  23.377  13.019 0.0000000000
158952  -56.426  22.703  14.454 0.0000000000
115115  -56.685  21.956  12.687 0.0000000000
113579  -56.168  20.222  12.989 0.0000000000
114346  -56.238  21.492  11.993 0.0000000000
115131  -52.682  22.986  10.693 0.0000000000
115123  -53.652  22.079  11.665 0.0000000000
114353  -51.679  21.788  11.634 0.0000000000
113592  -50.614  20.446  11.807 0.0000000000
114361  -50.223  21.627  10.858 0.0000000000
140462  -50.513  23.540  4.000 0.0000000000
116038  -51.206  23.621  5.613 0.0000000000
116051  -49.828  23.859  4.673 0.0000000000
114401  -46.752  22.091  7.652 0.0000000000
115175  -48.351  22.803  7.746 0.0000000000
114390  -47.497  21.608  8.479 0.0000000000
113613  -48.167  20.647  9.836 0.0000000000
113611  -46.733  20.019  9.152 0.0000000000
112202  -46.514  18.415  9.439 0.0000000000
108234  -56.247  13.816  16.596 0.0000000000
148128  -54.209  17.788  13.710 0.0000000000
119469  -53.174  28.655  -4.926 0.0000000000
118871  -52.833  27.631  -3.312 0.0000000000
118262  -52.797  26.530  -4.709 0.0000000000
116165  -52.103  24.009  -4.196 0.0000000000
115269  -50.193  22.753  -3.910 0.0000000000
115260  -49.523  22.451  -2.703 0.0000000000
164629  -49.137  21.488  -4.851 0.0000000000
108219  -51.330  13.188  18.505 0.0000000000
151277  -50.362  15.272  17.612 0.0000000000
111309  -51.179  17.114  17.185 0.0000000000
127039  -46.453  41.219  2.855 0.0000000000
123705  -54.049  35.111  1.979 0.0000000000
124342  -53.938  36.633  -2.705 0.0000000000
124881  -53.592  37.182  -3.421 0.0000000000
115114  -49.189  22.610  13.763 0.0000000000
116778  -50.579  24.060  13.494 0.0000000000
164451  -51.837  24.638  13.784 0.0000000000
121236  -48.799  32.413  5.645 0.0000000000
118197  -53.899  26.727  2.706 0.0000000000
160750  -53.268  27.445  3.919 0.0000000000
118801  -54.351  27.011  4.580 0.0000000000
118778  -55.020  27.314  6.880 0.0000000000
118766  -55.139  27.880  8.490 0.0000000000
118758  -55.192  27.674  10.050 0.0000000000
118157  -55.766  26.577  8.862 0.0000000000
117546  -56.234  25.210  9.225 0.0000000000
115952  -56.472  22.912  10.533 0.0000000000
115125  -56.004  22.057  10.926 0.0000000000
115950  -55.761  22.760  9.869 0.0000000000
115958  -54.176  23.466  9.375 0.0000000000
115969  -52.644  23.833  8.452 0.0000000000
116036  -48.187  24.356  5.329 0.0000000000
119324  -47.384  28.835  11.434 0.0000000000
153410  -48.826  31.541  1.062 0.0000000000
120062  -48.390  29.556  1.795 0.0000000000
120071  -49.281  28.996  0.799 0.0000000000
164930  -50.605  28.188  0.405 0.0000000000
118835  -52.181  27.564  0.660 0.0000000000
118853  -52.875  27.194  -1.667 0.0000000000
118845  -53.213  26.815  -0.146 0.0000000000
118829  -53.301  27.015  1.380 0.0000000000
118218  -53.914  25.970  1.446 0.0000000000
116873  -54.688  23.910  2.729 0.0000000000
116068  -54.694  22.768  3.602 0.0000000000
116055  -53.816  22.587  4.473 0.0000000000
116086  -53.028  22.864  2.837 0.0000000000
140518  -50.523  23.495  2.544 0.0000000000
116084  -49.490  23.699  2.507 0.0000000000
115235  -48.252  22.691  -0.954 0.0000000000
116112  -48.005  23.585  0.635 0.0000000000
108214  -52.623  12.951  18.856 0.0000000000
108216  -53.984  13.444  18.984 0.0000000000
158908  -55.401  14.039  18.103 0.0000000000
108990  -55.684  14.895  17.995 0.0000000000
111314  -55.961  17.276  17.265 0.0000000000
112150  -56.023  18.212  16.817 0.0000000000
123692  -42.152  35.864  3.568 0.0000000000
155966  -42.758  36.853  2.678 0.0000000000
123698  -43.540  35.546  2.861 0.0000000000
123700  -44.998  35.028  2.232 0.0000000000
123113  -46.133  34.159  1.863 0.0000000000
122515  -47.431  33.511  1.506 0.0000000000
124832  -48.601  38.012  2.924 0.0000000000
124290  -48.705  36.614  2.299 0.0000000000
123128  -48.759  34.456  1.480 0.0000000000
122516  -49.354  33.017  1.143 0.0000000000
121913  -49.855  32.112  0.498 0.0000000000
121925  -50.835  32.445  -0.419 0.0000000000
121304  -51.242  32.033  -2.073 0.0000000000
123152  -53.925  33.986  -0.185 0.0000000000
121939  -52.909  33.146  -2.155 0.0000000000
156129  -52.537  31.174  -4.073 0.0000000000
120132  -53.371  29.844  -5.473 0.0000000000
119504  -52.744  29.127  -6.469 0.0000000000
120762  -51.198  30.293  -5.847 0.0000000000
121343  -51.417  32.102  -5.865 0.0000000000
153374  -53.088  36.819  -5.407 0.0000000000
112146  -50.095  18.132  16.207 0.0000000000
112147  -51.610  18.447  16.409 0.0000000000
113573  -50.224  21.357  14.584 0.0000000000
113535  -52.235  20.251  15.924 0.0000000000
112149  -53.254  19.372  16.854 0.0000000000
113523  -54.224  20.275  17.074 0.0000000000
113525  -55.104  20.536  17.305 0.0000000000
112846  -56.155  20.282  16.309 0.0000000000
150725  -48.922  29.638  11.440 0.0000000000
120046  -48.322  29.295  3.568 0.0000000000
120022  -48.855  29.975  5.155 0.0000000000
120011  -49.903  30.297  6.306 0.0000000000
119359  -51.695  28.272  6.485 0.0000000000
159698  -51.032  29.749  7.591 0.0000000000
121225  -50.292  31.681  7.907 0.0000000000
141725  -51.025  31.385  9.594 0.0000000000
120583  -50.565  30.600  11.282 0.0000000000
119327  -50.438  28.689  11.552 0.0000000000
118753  -51.327  28.172  11.827 0.0000000000
118141  -52.564  27.001  12.944 0.0000000000
117506  -53.539  25.195  14.505 0.0000000000
118741  -54.708  27.152  12.385 0.0000000000
117521  -54.992  26.212  13.887 0.0000000000
116755  -54.908  24.237  15.664 0.0000000000
115911  -55.454  23.415  15.908 0.0000000000
114312  -56.378  21.385  15.389 0.0000000000
112865  -56.522  19.802  14.288 0.0000000000
112870  -55.955  19.327  13.394 0.0000000000
112869  -54.792  19.238  13.507 0.0000000000
112868  -53.512  19.239  13.536 0.0000000000
114355  -54.335  21.588  11.959 0.0000000000
162222  -53.185  20.649  12.815 0.0000000000
112867  -52.559  19.586  13.185 0.0000000000
113583  -51.017  19.748  12.182 0.0000000000
112176  -50.347  18.870  11.407 0.0000000000
116020  -53.173  23.236  5.685 0.0000000000
115994  -52.355  23.697  6.538 0.0000000000
144005  -50.903  23.508  8.909 0.0000000000
163194  -48.723  23.722  6.703 0.0000000000
115966  -49.743  23.182  8.369 0.0000000000
115137  -49.576  22.372  9.499 0.0000000000
114359  -48.814  20.959  10.264 0.0000000000
112881  -48.481  19.322  10.509 0.0000000000
111322  -56.595  17.284  14.918 0.0000000000
111324  -56.476  17.337  14.152 0.0000000000
118261  -50.119  26.583  -5.023 0.0000000000
152209  -50.776  26.100  -5.692 0.0000000000
117648  -49.241  25.694  -4.422 0.0000000000
118138  -49.135  26.138  12.105 0.0000000000
118148  -48.852  27.160  11.619 0.0000000000
121894  -47.182  32.112  1.933 0.0000000000
121261  -47.003  31.421  2.503 0.0000000000
121268  -47.616  31.188  1.931 0.0000000000
116848  -55.551  23.726  4.417 0.0000000000
146253  -55.783  24.567  4.834 0.0000000000
116834  -55.940  23.724  5.346 0.0000000000
116835  -56.340  24.062  6.052 0.0000000000
116044  -56.060  23.518  6.158 0.0000000000
116023  -55.675  23.315  6.305 0.0000000000
165943  -55.310  23.196  5.902 0.0000000000
120099  -51.281  29.769  -2.523 0.0000000000
120098  -50.921  29.630  -2.027 0.0000000000
119445  -51.695  28.891  -2.667 0.0000000000
116153  -51.394  23.894  -2.561 0.0000000000
116913  -52.770  24.701  -1.563 0.0000000000
116145  -52.061  24.306  -1.700 0.0000000000
116129  -52.780  24.364  -0.070 0.0000000000
116128  -52.050  24.257  -0.859 0.0000000000
116127  -51.333  24.022  -0.761 0.0000000000
116143  -50.501  23.677  -1.537 0.0000000000
106710  -50.548  11.105  19.258 0.0000000000
110477  -52.559  16.687  17.776 0.0000000000
138645  -53.050  16.077  18.271 0.0000000000
110463  -53.429  16.768  18.016 0.0000000000
111286  -54.032  17.185  18.021 0.0000000000
125932  -45.773  39.545  2.421 0.0000000000
150958  -45.349  38.860  2.312 0.0000000000
152790  -46.255  38.750  2.401 0.0000000000
124831  -46.206  37.276  2.161 0.0000000000
149912  -46.699  37.970  2.369 0.0000000000
124276  -53.071  36.525  3.928 0.0000000000
124261  -52.616  37.172  4.235 0.0000000000
123694  -53.001  35.973  3.600 0.0000000000
123702  -52.281  35.586  3.144 0.0000000000
123115  -52.707  34.874  2.474 0.0000000000
123132  -52.981  34.428  1.805 0.0000000000
123116  -53.383  34.863  2.324 0.0000000000
123763  -54.285  35.408  -2.786 0.0000000000
123182  -54.329  34.312  -2.653 0.0000000000
147594  -54.015  34.264  -4.027 0.0000000000
122592  -53.584  33.103  -4.954 0.0000000000
123203  -53.758  34.343  -4.898 0.0000000000
123213  -53.460  34.310  -5.864 0.0000000000
123777  -53.810  35.115  -4.454 0.0000000000
114338  -46.691  22.230  13.794 0.0000000000
114325  -47.214  21.544  14.090 0.0000000000
156879  -46.565  20.860  14.384 0.0000000000
114326  -48.160  21.349  14.231 0.0000000000
113571  -48.642  20.579  14.602 0.0000000000
115922  -52.817  23.742  14.903 0.0000000000
115102  -52.574  23.122  15.108 0.0000000000
115908  -53.440  23.261  15.556 0.0000000000
115088  -54.069  22.901  16.145 0.0000000000
115909  -54.385  23.668  15.829 0.0000000000
121857  -49.232  33.033  6.626 0.0000000000
121854  -49.408  32.755  7.252 0.0000000000
140733  -49.347  31.888  8.111 0.0000000000
159418  -49.434  32.416  7.588 0.0000000000
118817  -51.874  27.696  2.432 0.0000000000
119406  -51.546  27.836  3.069 0.0000000000
138571  -52.391  27.618  3.087 0.0000000000
120006  -54.319  28.950  9.266 0.0000000000
120005  -53.742  29.496  9.420 0.0000000000
119995  -54.033  29.699  9.735 0.0000000000
120597  -53.227  30.883  10.863 0.0000000000
119985  -54.081  30.011  10.812 0.0000000000
119971  -53.683  30.076  11.641 0.0000000000
119339  -54.486  29.231  10.262 0.0000000000
115943  -56.685  23.107  11.232 0.0000000000
154084  -56.710  23.166  11.996 0.0000000000
149582  -56.576  22.773  13.500 0.0000000000
115941  -56.693  22.545  12.287 0.0000000000
114347  -56.455  21.561  12.362 0.0000000000
115117  -56.525  21.976  11.805 0.0000000000
115130  -51.862  23.019  10.460 0.0000000000
115121  -51.783  22.557  10.980 0.0000000000
115120  -50.947  22.089  11.014 0.0000000000
162135  -50.458  22.226  10.486 0.0000000000
152256  -49.616  23.798  3.862 0.0000000000
116050  -48.936  24.137  4.105 0.0000000000
150062  -46.870  21.532  8.144 0.0000000000
161588  -47.298  21.992  7.958 0.0000000000
113627  -46.999  20.887  8.734 0.0000000000
112907  -46.032  19.629  8.860 0.0000000000
113626  -46.230  20.460  8.569 0.0000000000
109003  -56.623  14.316  15.915 0.0000000000
111329  -55.070  17.385  13.673 0.0000000000
148689  -53.142  27.988  -5.025 0.0000000000
118276  -52.910  27.392  -5.162 0.0000000000
116946  -51.173  24.307  -5.551 0.0000000000
116947  -51.841  24.759  -5.441 0.0000000000
157651  -50.691  23.380  -5.261 0.0000000000
116174  -51.221  23.433  -4.594 0.0000000000
139176  -50.432  22.935  -4.779 0.0000000000
114473  -49.746  22.181  -3.844 0.0000000000
115277  -49.507  21.878  -5.379 0.0000000000
116169  -46.795  22.069  -4.745 0.0000000000
108997  -50.086  14.652  17.362 0.0000000000
110461  -50.963  15.979  17.811 0.0000000000
149083  -50.404  16.978  17.115 0.0000000000
127038  -45.547  41.002  2.744 0.0000000000
124866  -53.847  37.013  -1.610 0.0000000000
124872  -53.258  38.079  -2.576 0.0000000000
125402  -52.805  38.273  -2.312 0.0000000000
117517  -49.973  24.908  12.774 0.0000000000
117518  -50.930  24.805  13.246 0.0000000000
158724  -51.359  25.777  12.958 0.0000000000
122494  -45.149  33.476  3.581 0.0000000000
120634  -48.070  31.234  5.179 0.0000000000
118198  -54.464  26.252  3.252 0.0000000000
118809  -54.140  26.870  3.609 0.0000000000
118189  -54.729  26.468  4.176 0.0000000000
118174  -55.631  26.522  6.543 0.0000000000
118779  -55.155  26.966  6.163 0.0000000000
118769  -55.290  27.215  7.207 0.0000000000
118765  -55.080  27.753  7.997 0.0000000000
149411  -55.432  27.355  7.894 0.0000000000
164735  -55.494  27.353  8.399 0.0000000000
118159  -55.830  26.676  8.043 0.0000000000
155004  -56.468  23.951  8.223 0.0000000000
116798  -56.440  24.515  8.673 0.0000000000
164048  -56.409  23.768  8.895 0.0000000000
152145  -56.509  23.582  10.099 0.0000000000
115961  -56.280  23.276  9.563 0.0000000000
115951  -56.135  22.762  10.086 0.0000000000
115960  -55.933  23.141  9.143 0.0000000000
115970  -54.567  23.619  7.963 0.0000000000
160756  -54.685  23.506  8.731 0.0000000000
141994  -53.763  23.700  8.613 0.0000000000
121280  -49.245  30.997  0.517 0.0000000000
120694  -49.036  30.074  0.677 0.0000000000
120695  -49.432  30.382  0.135 0.0000000000
119429  -51.409  28.060  -0.652 0.0000000000
146149  -50.637  28.366  -0.240 0.0000000000
119420  -51.363  27.904  0.165 0.0000000000
118834  -51.162  27.866  1.064 0.0000000000
118257  -53.110  26.588  -3.306 0.0000000000
118864  -53.068  27.054  -2.522 0.0000000000
118251  -53.200  26.610  -2.579 0.0000000000
117621  -53.535  25.816  -0.664 0.0000000000
118236  -53.444  26.351  -0.468 0.0000000000
118228  -53.449  26.440  0.254 0.0000000000
118837  -53.233  26.914  0.616 0.0000000000
118217  -53.542  26.531  0.988 0.0000000000
118208  -53.695  26.610  1.807 0.0000000000
117611  -53.675  25.882  0.722 0.0000000000
116105  -53.609  23.947  1.459 0.0000000000
116880  -53.807  24.424  1.397 0.0000000000
116106  -54.136  23.618  2.053 0.0000000000
116088  -54.468  23.059  2.849 0.0000000000
155506  -54.056  22.961  2.484 0.0000000000
115198  -54.110  22.578  3.165 0.0000000000
151537  -53.023  23.226  2.200 0.0000000000
116102  -50.922  23.499  1.755 0.0000000000
140545  -50.021  23.578  1.903 0.0000000000
114461  -48.659  21.900  -2.543 0.0000000000
115248  -48.956  22.518  -1.757 0.0000000000
115247  -48.165  21.971  -1.766 0.0000000000
115224  -46.383  23.091  0.317 0.0000000000
116123  -47.747  23.100  -0.150 0.0000000000
108985  -51.319  14.182  18.280 0.0000000000
108220  -51.965  13.034  18.737 0.0000000000
108221  -52.353  13.955  18.648 0.0000000000
108988  -54.068  14.770  18.953 0.0000000000
108974  -53.683  14.059  18.978 0.0000000000
108975  -54.302  14.179  18.965 0.0000000000
108222  -54.707  13.775  18.666 0.0000000000
164354  -55.909  14.176  17.438 0.0000000000
111313  -55.436  17.267  17.993 0.0000000000
110478  -55.819  16.391  17.735 0.0000000000
112128  -55.583  18.157  17.579 0.0000000000
124807  -41.416  37.488  5.149 0.0000000000
124803  -41.335  37.495  6.123 0.0000000000
155901  -41.300  36.872  4.761 0.0000000000
123683  -41.376  36.073  4.773 0.0000000000
124260  -41.442  36.689  4.146 0.0000000000
126479  -42.745  40.434  3.707 0.0000000000
125923  -42.785  39.725  3.296 0.0000000000
124829  -43.730  37.678  2.347 0.0000000000
124828  -42.949  37.575  2.593 0.0000000000
154564  -43.411  36.865  2.410 0.0000000000
124284  -43.112  36.238  2.723 0.0000000000
124285  -43.835  36.126  2.412 0.0000000000
123699  -44.229  35.474  2.492 0.0000000000
124286  -44.615  35.953  2.168 0.0000000000
124299  -46.277  35.728  1.715 0.0000000000
123711  -46.276  34.901  1.675 0.0000000000
123712  -46.902  35.185  1.596 0.0000000000
150803  -46.989  34.363  1.536 0.0000000000
143142  -47.779  35.042  1.546 0.0000000000
145265  -48.269  37.308  2.520 0.0000000000
124833  -49.376  37.356  2.915 0.0000000000
123715  -50.522  35.021  2.011 0.0000000000
123714  -49.485  35.132  1.777 0.0000000000
123129  -49.908  34.398  1.539 0.0000000000
154938  -49.351  33.775  1.328 0.0000000000
121905  -49.339  32.237  0.945 0.0000000000
121915  -51.372  33.027  0.095 0.0000000000
121926  -51.666  32.928  -0.833 0.0000000000
121937  -51.023  32.295  -1.312 0.0000000000
121938  -51.909  32.799  -1.958 0.0000000000
123721  -54.394  34.910  1.104 0.0000000000
123143  -53.841  34.244  0.771 0.0000000000
123153  -54.421  34.383  -0.489 0.0000000000
121949  -53.403  33.158  -3.252 0.0000000000
122563  -53.469  33.340  -2.430 0.0000000000
121948  -53.074  32.925  -3.034 0.0000000000
121956  -52.514  32.319  -3.393 0.0000000000
121325  -52.655  31.803  -3.978 0.0000000000
120742  -52.763  30.498  -4.430 0.0000000000
121333  -53.048  31.386  -4.630 0.0000000000
121353  -53.065  31.190  -6.499 0.0000000000
120777  -53.111  30.316  -6.463 0.0000000000
154365  -52.330  30.250  -6.702 0.0000000000
120145  -51.732  28.973  -6.471 0.0000000000
146519  -51.717  29.784  -6.486 0.0000000000
164808  -51.782  30.514  -6.496 0.0000000000
122614  -52.561  33.552  -6.635 0.0000000000
158176  -52.067  33.384  -6.475 0.0000000000
122599  -51.469  33.714  -5.925 0.0000000000
123229  -52.214  34.623  -6.514 0.0000000000
124889  -53.365  37.198  -4.370 0.0000000000
112154  -47.518  18.539  15.751 0.0000000000
112860  -49.588  19.442  15.362 0.0000000000
112156  -49.456  18.653  15.745 0.0000000000
112157  -50.260  19.015  15.656 0.0000000000
112841  -50.951  18.635  16.052 0.0000000000
144600  -50.965  19.392  15.690 0.0000000000
114327  -49.611  21.861  14.240 0.0000000000
114328  -50.605  21.970  14.496 0.0000000000
113557  -52.552  21.051  15.849 0.0000000000
113556  -51.670  20.793  15.486 0.0000000000
112843  -52.761  19.746  16.461 0.0000000000
112844  -53.610  20.068  16.802 0.0000000000
112821  -53.957  19.475  17.217 0.0000000000
114297  -54.783  21.837  16.901 0.0000000000
113539  -55.539  21.016  16.895 0.0000000000
112845  -55.631  20.023  17.058 0.0000000000
120605  -48.773  30.546  10.146 0.0000000000
119981  -47.605  29.959  11.077 0.0000000000
119412  -48.908  29.035  1.475 0.0000000000
120054  -48.278  29.284  2.592 0.0000000000
119393  -48.945  28.715  2.947 0.0000000000
119373  -50.098  28.840  5.035 0.0000000000
120037  -49.381  29.132  4.711 0.0000000000
120023  -49.568  29.653  5.570 0.0000000000
159505  -49.407  30.755  5.837 0.0000000000
118791  -53.374  27.506  5.319 0.0000000000
119376  -52.286  27.861  5.535 0.0000000000
119360  -52.799  27.773  6.584 0.0000000000
120003  -52.133  29.827  8.894 0.0000000000
120009  -51.629  29.276  8.085 0.0000000000
120624  -51.361  30.248  8.293 0.0000000000
120623  -50.710  30.567  7.556 0.0000000000
120619  -50.946  31.112  8.353 0.0000000000
121215  -50.684  31.427  8.710 0.0000000000
121216  -51.433  31.236  9.335 0.0000000000
120585  -52.124  30.908  11.664 0.0000000000
120584  -51.392  30.776  11.502 0.0000000000
119967  -50.730  30.265  11.446 0.0000000000
119326  -49.960  29.623  11.471 0.0000000000
162612  -50.863  29.734  11.514 0.0000000000
119328  -51.477  29.325  11.706 0.0000000000
118738  -52.967  27.898  12.721 0.0000000000
118724  -53.210  27.139  13.283 0.0000000000
117520  -53.070  25.815  13.855 0.0000000000
118125  -53.688  26.640  13.767 0.0000000000
118153  -55.432  26.643  10.582 0.0000000000
118755  -54.963  27.383  11.209 0.0000000000
118151  -55.360  26.343  11.932 0.0000000000
117523  -55.878  24.855  13.502 0.0000000000
117522  -55.349  25.469  14.180 0.0000000000
117508  -55.168  25.152  14.841 0.0000000000
117507  -54.758  25.641  14.544 0.0000000000
116763  -55.325  24.508  15.238 0.0000000000
159524  -55.228  23.967  15.749 0.0000000000
115924  -55.701  23.801  15.322 0.0000000000
115091  -56.379  22.216  15.065 0.0000000000
113558  -56.444  20.477  15.296 0.0000000000
113574  -56.587  20.589  14.226 0.0000000000
112168  -56.274  19.142  13.769 0.0000000000
112871  -56.363  19.962  13.525 0.0000000000
150676  -55.901  20.475  12.695 0.0000000000
113578  -55.487  19.950  13.115 0.0000000000
113577  -54.306  19.931  13.282 0.0000000000
115124  -54.888  22.079  11.257 0.0000000000
114354  -52.669  21.743  12.013 0.0000000000
146169  -53.411  21.563  12.157 0.0000000000
114343  -52.838  21.109  12.467 0.0000000000
112873  -52.388  20.404  12.789 0.0000000000
112872  -51.741  19.745  12.730 0.0000000000
113584  -51.456  20.438  12.357 0.0000000000
112876  -50.361  19.624  11.662 0.0000000000
112175  -49.701  19.310  11.252 0.0000000000
112882  -49.113  19.685  10.953 0.0000000000
116054  -53.026  22.798  4.268 0.0000000000
116040  -53.268  22.859  4.916 0.0000000000
157153  -52.726  23.072  4.792 0.0000000000
116019  -52.152  23.499  5.756 0.0000000000
139197  -51.258  23.794  6.542 0.0000000000
115968  -51.486  23.800  8.194 0.0000000000
115993  -50.803  23.777  7.494 0.0000000000
138086  -48.188  23.969  6.227 0.0000000000
115154  -48.607  22.431  8.452 0.0000000000
115965  -49.106  23.028  8.071 0.0000000000
115155  -49.332  22.681  8.749 0.0000000000
114373  -49.153  21.694  9.903 0.0000000000
113597  -47.934  19.820  10.076 0.0000000000
112185  -47.785  18.974  10.172 0.0000000000
112186  -48.460  18.547  10.329 0.0000000000
149942  -56.667  15.666  15.586 0.0000000000
148570  -56.882  15.579  14.677 0.0000000000
110489  -56.706  15.737  13.709 0.0000000000
118897  -51.813  27.346  -6.035 0.0000000000
118275  -52.171  26.639  -5.735 0.0000000000
118274  -51.597  26.312  -5.822 0.0000000000
151971  -50.640  24.987  -5.647 0.0000000000
166023  -49.627  23.967  -5.406 0.0000000000
116172  -49.316  22.269  -5.657 0.0000000000
116939  -48.911  23.410  -5.208 0.0000000000
118139  -49.992  26.115  12.247 0.0000000000
153652  -46.117  32.668  2.662 0.0000000000
152378  -46.545  32.114  2.551 0.0000000000
120661  -47.310  30.382  3.518 0.0000000000
118199  -55.076  25.616  3.818 0.0000000000
118190  -55.316  26.049  4.728 0.0000000000
155859  -55.498  25.287  4.518 0.0000000000
117566  -56.020  25.727  6.013 0.0000000000
118175  -56.109  25.835  6.832 0.0000000000
118163  -56.155  25.816  7.608 0.0000000000
117554  -56.421  24.901  7.191 0.0000000000
116806  -56.488  24.158  7.564 0.0000000000
115998  -56.188  23.607  7.610 0.0000000000
115972  -55.868  23.393  8.047 0.0000000000
115997  -55.771  23.385  7.082 0.0000000000
115995  -54.398  23.532  6.982 0.0000000000
120705  -50.284  30.474  -1.169 0.0000000000
120081  -50.118  29.646  -0.779 0.0000000000
120089  -50.560  29.677  -1.493 0.0000000000
119438  -51.442  28.292  -1.458 0.0000000000
118852  -52.206  27.670  -1.116 0.0000000000
116936  -52.604  24.650  -3.253 0.0000000000
116926  -53.344  25.668  -2.040 0.0000000000
116925  -52.991  24.939  -2.236 0.0000000000
116914  -53.343  25.297  -1.241 0.0000000000
116900  -53.471  25.247  -0.302 0.0000000000
116889  -53.609  25.105  0.596 0.0000000000
116888  -53.328  24.664  0.229 0.0000000000
116117  -53.224  24.213  0.815 0.0000000000
116116  -52.804  23.949  0.721 0.0000000000
116104  -52.899  23.597  1.458 0.0000000000
116115  -52.146  23.758  0.799 0.0000000000
149097  -51.374  23.859  0.097 0.0000000000
154281  -49.706  23.597  -0.125 0.0000000000
166196  -47.051  21.760  -1.485 0.0000000000
158353  -51.879  11.398  19.186 0.0000000000
109678  -51.510  15.321  18.185 0.0000000000
150763  -52.227  14.773  18.528 0.0000000000
109679  -52.582  15.343  18.470 0.0000000000
109680  -53.611  15.428  18.680 0.0000000000
109681  -54.557  15.482  18.713 0.0000000000
109682  -55.216  15.425  18.514 0.0000000000
111287  -54.753  17.202  18.142 0.0000000000
125362  -41.732  38.121  4.647 0.0000000000
126486  -44.258  40.184  2.666 0.0000000000
125931  -43.476  39.634  2.782 0.0000000000
165995  -44.651  38.903  2.333 0.0000000000
147055  -44.887  38.257  2.238 0.0000000000
146206  -45.187  37.328  2.110 0.0000000000
162737  -45.045  36.505  2.035 0.0000000000
124288  -46.703  36.543  1.987 0.0000000000
124822  -52.062  37.229  4.218 0.0000000000
157334  -50.547  36.218  2.796 0.0000000000
124292  -51.417  36.288  3.314 0.0000000000
142405  -51.076  35.620  2.631 0.0000000000
123130  -51.007  34.360  1.690 0.0000000000
122518  -51.460  33.892  1.233 0.0000000000
123131  -52.090  34.394  1.812 0.0000000000
122519  -52.470  34.104  1.195 0.0000000000
122533  -52.881  33.853  0.546 0.0000000000
123751  -54.633  34.580  -1.324 0.0000000000
122555  -54.135  33.950  -1.304 0.0000000000
123166  -54.373  34.248  -1.920 0.0000000000
123181  -54.033  33.705  -2.827 0.0000000000
121958  -53.468  33.034  -4.064 0.0000000000
164964  -53.338  31.837  -4.857 0.0000000000
165873  -53.424  32.438  -4.813 0.0000000000
121981  -53.484  32.579  -5.700 0.0000000000
121988  -53.221  31.992  -6.312 0.0000000000
154896  -52.628  31.791  -6.657 0.0000000000
121987  -52.953  32.752  -6.709 0.0000000000
123231  -53.165  34.166  -6.411 0.0000000000
123804  -53.107  34.917  -6.317 0.0000000000
114337  -45.773  22.265  13.771 0.0000000000
114323  -45.247  21.553  14.032 0.0000000000
113569  -45.709  20.893  14.359 0.0000000000
165156  -46.065  20.390  14.615 0.0000000000
112858  -47.837  19.301  15.277 0.0000000000
144403  -48.005  19.961  14.839 0.0000000000
147612  -49.544  20.209  14.937 0.0000000000
115100  -51.110  22.680  14.451 0.0000000000
114329  -51.494  22.019  14.883 0.0000000000
115101  -52.014  22.637  14.940 0.0000000000
114310  -52.808  21.797  15.742 0.0000000000
114295  -53.430  21.378  16.297 0.0000000000
113537  -54.043  20.882  16.799 0.0000000000
114311  -53.669  22.215  16.171 0.0000000000
115075  -54.467  22.355  16.548 0.0000000000
115076  -54.950  22.434  16.742 0.0000000000
121213  -48.423  31.632  8.168 0.0000000000
120618  -48.889  30.893  9.073 0.0000000000
155708  -49.601  30.876  9.941 0.0000000000
119414  -50.375  28.072  1.737 0.0000000000
119394  -49.836  28.358  3.239 0.0000000000
119395  -50.798  28.127  3.529 0.0000000000
119387  -50.863  28.305  4.414 0.0000000000
155128  -54.046  27.987  7.927 0.0000000000
119353  -53.114  28.122  7.818 0.0000000000
119347  -53.535  28.781  8.732 0.0000000000
120004  -52.976  29.593  9.257 0.0000000000
120621  -52.566  30.426  9.593 0.0000000000
120607  -52.153  31.097  9.898 0.0000000000
120608  -52.829  30.858  10.348 0.0000000000
120586  -52.840  30.961  11.667 0.0000000000
119969  -52.444  30.526  11.937 0.0000000000
119313  -52.273  28.872  12.157 0.0000000000
119958  -52.776  29.845  12.253 0.0000000000
119330  -53.472  29.452  12.204 0.0000000000
118740  -54.178  27.784  12.737 0.0000000000
162126  -56.307  24.653  11.399 0.0000000000
117539  -55.826  25.393  12.009 0.0000000000
117536  -56.138  24.778  12.459 0.0000000000
116788  -56.429  24.057  12.766 0.0000000000
116782  -56.206  24.174  13.751 0.0000000000
115925  -56.247  23.381  14.559 0.0000000000
115103  -56.618  22.000  13.770 0.0000000000
114340  -56.589  21.339  13.037 0.0000000000
113580  -56.475  20.681  13.293 0.0000000000
113587  -56.304  20.951  12.599 0.0000000000
151656  -55.756  20.959  12.311 0.0000000000
115132  -53.973  22.666  10.809 0.0000000000
115122  -52.710  22.409  11.391 0.0000000000
113593  -51.237  21.050  11.983 0.0000000000
114352  -50.735  21.328  11.467 0.0000000000
114351  -49.962  20.861  11.257 0.0000000000
156867  -51.444  23.345  4.077 0.0000000000
116053  -52.149  23.221  4.476 0.0000000000
116052  -51.069  23.512  4.746 0.0000000000
157445  -50.373  23.773  5.372 0.0000000000
138791  -50.343  23.834  6.134 0.0000000000
115174  -47.462  22.639  7.473 0.0000000000
115990  -48.135  23.351  7.025 0.0000000000
115153  -47.890  22.211  8.156 0.0000000000
114391  -48.187  21.813  8.803 0.0000000000
114372  -48.482  21.399  9.528 0.0000000000
114371  -47.777  21.152  9.156 0.0000000000
113612  -47.458  20.361  9.469 0.0000000000
112895  -47.246  19.501  9.717 0.0000000000
112894  -46.557  19.162  9.388 0.0000000000
112893  -45.848  18.688  9.095 0.0000000000
108242  -55.996  12.996  16.305 0.0000000000
120115  -52.406  29.680  -3.934 0.0000000000
119454  -52.147  29.035  -3.379 0.0000000000
118883  -52.979  27.779  -4.204 0.0000000000
160948  -52.978  27.082  -4.218 0.0000000000
117656  -53.016  26.183  -3.813 0.0000000000
117667  -52.444  26.069  -5.231 0.0000000000
117655  -52.656  25.515  -4.468 0.0000000000
158320  -52.560  24.745  -4.051 0.0000000000
163692  -52.121  24.127  -3.418 0.0000000000
116164  -51.530  23.676  -3.588 0.0000000000
116163  -50.733  23.311  -3.338 0.0000000000
116151  -50.092  23.160  -2.358 0.0000000000
115261  -50.087  22.965  -3.180 0.0000000000
114472  -48.944  21.768  -3.567 0.0000000000
140031  -48.141  21.427  -3.241 0.0000000000
115276  -48.729  21.840  -5.469 0.0000000000
114478  -47.537  21.374  -4.384 0.0000000000
107442  -50.612  12.789  18.224 0.0000000000
108231  -50.789  14.151  17.931 0.0000000000
145072  -50.982  14.941  18.126 0.0000000000
109696  -49.961  15.859  17.410 0.0000000000
109677  -50.623  15.626  17.764 0.0000000000
110476  -51.499  16.535  17.597 0.0000000000
111310  -52.162  17.302  17.320 0.0000000000
126481  -44.046  41.083  3.116 0.0000000000
127037  -44.781  40.825  2.778 0.0000000000
126488  -46.284  40.323  2.591 0.0000000000
151361  -47.144  39.952  2.765 0.0000000000
123704  -53.634  35.446  2.672 0.0000000000
124322  -54.661  35.558  -0.293 0.0000000000
124334  -54.634  35.551  -1.326 0.0000000000
124343  -54.361  35.825  -2.136 0.0000000000
124350  -53.843  36.074  -3.729 0.0000000000
125409  -53.215  38.342  -3.119 0.0000000000
141757  -50.044  23.776  13.423 0.0000000000
115920  -50.665  23.401  13.901 0.0000000000
116779  -51.334  24.056  13.854 0.0000000000
116759  -52.246  24.202  14.317 0.0000000000
116760  -53.153  24.478  14.679 0.0000000000
121856  -49.075  33.128  6.096 0.0000000000
121237  -49.429  32.500  6.246 0.0000000000
118819  -53.334  27.135  2.277 0.0000000000
160845  -52.885  27.509  3.416 0.0000000000
118808  -53.574  27.145  3.199 0.0000000000
118800  -53.840  27.303  4.553 0.0000000000
118792  -54.213  27.248  5.350 0.0000000000
118182  -54.948  26.658  5.144 0.0000000000
145039  -54.695  27.223  6.209 0.0000000000
155126  -54.599  27.512  7.166 0.0000000000
119354  -54.734  27.936  8.087 0.0000000000
119349  -54.739  28.307  8.737 0.0000000000
119350  -54.873  28.426  9.121 0.0000000000
119342  -54.885  28.517  9.641 0.0000000000
118762  -55.316  27.744  9.057 0.0000000000
151226  -55.502  26.968  9.593 0.0000000000
117541  -55.812  25.925  9.876 0.0000000000
118160  -56.179  25.628  8.370 0.0000000000
117542  -56.359  24.632  10.260 0.0000000000
116793  -56.577  23.711  10.851 0.0000000000
158856  -56.369  22.170  11.192 0.0000000000
157861  -56.289  22.439  10.726 0.0000000000
115134  -56.059  22.438  10.375 0.0000000000
115971  -55.430  23.406  8.424 0.0000000000
115959  -55.246  23.235  9.259 0.0000000000
115949  -54.758  23.042  10.002 0.0000000000
115948  -53.499  23.299  10.096 0.0000000000
115957  -53.016  23.620  9.366 0.0000000000
115956  -51.797  23.571  9.270 0.0000000000
116847  -48.140  24.432  4.374 0.0000000000
159527  -47.643  24.503  4.959 0.0000000000
116035  -47.464  24.210  5.705 0.0000000000
115181  -46.594  22.760  7.113 0.0000000000
115173  -46.005  22.210  7.409 0.0000000000
114400  -46.221  21.578  7.870 0.0000000000
121269  -48.272  30.958  1.427 0.0000000000
121279  -48.805  30.774  1.013 0.0000000000
120070  -48.805  29.569  1.198 0.0000000000
119427  -50.105  28.955  -0.415 0.0000000000
119419  -49.951  28.642  0.198 0.0000000000
138375  -50.094  28.299  0.951 0.0000000000
118827  -52.218  27.555  1.599 0.0000000000
118863  -52.711  27.533  -2.547 0.0000000000
118862  -52.101  27.977  -2.091 0.0000000000
118243  -53.242  26.655  -1.809 0.0000000000
151821  -53.258  26.742  -0.971 0.0000000000
118844  -52.866  27.182  -0.621 0.0000000000
118836  -52.836  27.216  0.241 0.0000000000
118828  -52.882  27.278  1.042 0.0000000000
145822  -52.957  27.309  1.719 0.0000000000
118209  -54.259  25.984  2.309 0.0000000000
117601  -53.888  25.197  1.310 0.0000000000
153171  -54.199  25.341  1.848 0.0000000000
117593  -54.552  24.998  2.469 0.0000000000
117587  -54.979  24.736  3.244 0.0000000000
116861  -55.173  23.817  3.595 0.0000000000
116069  -55.196  23.090  3.986 0.0000000000
115184  -54.559  22.640  4.714 0.0000000000
115191  -54.347  22.502  4.003 0.0000000000
115190  -53.655  22.514  3.762 0.0000000000
116067  -53.006  22.742  3.495 0.0000000000
116103  -52.087  23.453  1.703 0.0000000000
116085  -51.589  23.345  2.475 0.0000000000
140463  -51.233  23.358  3.331 0.0000000000
116065  -50.018  23.612  3.259 0.0000000000
116064  -48.937  23.993  3.229 0.0000000000
116142  -49.708  23.120  -1.740 0.0000000000
116125  -49.176  23.235  -0.993 0.0000000000
116124  -48.637  23.352  -0.157 0.0000000000
115234  -47.474  22.461  -0.663 0.0000000000
147590  -48.959  23.621  0.759 0.0000000000
107428  -51.588  12.278  18.909 0.0000000000
108213  -51.987  12.119  19.088 0.0000000000
107419  -52.422  11.961  19.045 0.0000000000
108973  -53.049  13.806  18.831 0.0000000000
108215  -53.354  13.334  18.901 0.0000000000
107429  -53.635  12.690  18.817 0.0000000000
108232  -55.069  13.193  17.931 0.0000000000
107444  -55.300  12.674  16.967 0.0000000000
108233  -55.703  13.472  17.253 0.0000000000
108998  -56.228  14.647  16.989 0.0000000000
109712  -56.498  15.205  16.299 0.0000000000
109697  -55.603  15.704  18.081 0.0000000000
109698  -56.094  15.513  17.358 0.0000000000
110480  -56.337  16.256  16.564 0.0000000000
111321  -56.328  17.274  16.101 0.0000000000
112158  -56.386  18.158  15.675 0.0000000000
125370  -42.009  38.125  3.523 0.0000000000
125930  -42.907  39.029  2.895 0.0000000000
125377  -42.536  38.258  2.956 0.0000000000
124819  -42.181  37.306  3.035 0.0000000000
124272  -42.426  36.405  3.059 0.0000000000
123697  -42.849  35.796  3.170 0.0000000000
123102  -43.507  35.067  3.420 0.0000000000
123111  -44.212  34.808  2.881 0.0000000000
158969  -44.876  34.319  2.676 0.0000000000
122505  -45.242  33.692  2.831 0.0000000000
124287  -45.393  35.826  1.901 0.0000000000
149615  -45.704  34.694  1.943 0.0000000000
122506  -45.929  33.391  2.363 0.0000000000
122514  -46.641  33.508  1.778 0.0000000000
121902  -47.076  32.910  1.713 0.0000000000
121903  -47.746  32.680  1.475 0.0000000000
125381  -47.992  38.602  2.924 0.0000000000
162115  -47.640  37.862  2.564 0.0000000000
124289  -47.675  36.676  2.152 0.0000000000
123713  -48.175  35.900  1.851 0.0000000000
124291  -49.711  36.470  2.566 0.0000000000
123701  -49.114  35.870  2.008 0.0000000000
123127  -47.852  34.163  1.436 0.0000000000
162417  -48.422  33.422  1.335 0.0000000000
121904  -48.596  32.425  1.227 0.0000000000
166308  -49.394  31.674  0.648 0.0000000000
121291  -49.716  31.454  0.168 0.0000000000
122531  -50.942  33.240  0.782 0.0000000000
121924  -50.210  31.926  -0.118 0.0000000000
121292  -50.055  31.186  -0.581 0.0000000000
154454  -50.662  31.374  -1.530 0.0000000000
121317  -51.305  31.371  -2.481 0.0000000000
120727  -51.502  30.604  -2.916 0.0000000000
152418  -53.555  34.439  1.478 0.0000000000
122534  -53.507  34.060  0.616 0.0000000000
122543  -53.330  33.665  -0.397 0.0000000000
147779  -53.785  33.706  -1.070 0.0000000000
122553  -53.424  33.473  -1.535 0.0000000000
122552  -52.659  33.304  -1.199 0.0000000000
121947  -51.841  32.208  -2.762 0.0000000000
121324  -51.989  31.510  -3.426 0.0000000000
120741  -52.106  30.556  -3.692 0.0000000000
120131  -53.071  29.570  -4.804 0.0000000000
119470  -53.234  28.792  -5.591 0.0000000000
121334  -53.387  31.159  -5.342 0.0000000000
120146  -53.412  29.551  -6.016 0.0000000000
118910  -52.693  28.449  -6.184 0.0000000000
119484  -51.780  28.223  -6.311 0.0000000000
118896  -51.142  27.735  -5.933 0.0000000000
121344  -51.985  31.946  -6.480 0.0000000000
120763  -51.453  31.229  -6.011 0.0000000000
124358  -53.488  36.116  -4.974 0.0000000000
123788  -52.895  35.537  -6.263 0.0000000000
111318  -49.220  16.837  16.938 0.0000000000
112155  -48.546  18.662  15.684 0.0000000000
112145  -49.109  17.736  16.379 0.0000000000
111319  -49.901  17.246  16.809 0.0000000000
111320  -50.856  17.725  16.649 0.0000000000
112123  -51.847  17.874  16.822 0.0000000000
112124  -52.616  18.080  17.110 0.0000000000
158904  -48.928  21.368  14.298 0.0000000000
113555  -50.294  20.712  14.887 0.0000000000
114308  -51.038  21.267  14.954 0.0000000000
160882  -50.944  20.565  15.249 0.0000000000
112862  -51.344  20.049  15.584 0.0000000000
112842  -51.795  19.325  16.059 0.0000000000
112148  -52.480  18.788  16.657 0.0000000000
152152  -53.925  18.600  17.486 0.0000000000
112126  -54.652  19.001  17.555 0.0000000000
112822  -54.664  20.009  17.327 0.0000000000
112127  -55.250  18.833  17.598 0.0000000000
112824  -55.657  19.060  17.263 0.0000000000
140306  -56.185  19.200  16.351 0.0000000000
163691  -56.498  18.825  15.250 0.0000000000
119964  -47.051  29.571  11.207 0.0000000000
119965  -47.949  29.647  11.360 0.0000000000
119325  -48.268  29.089  11.482 0.0000000000
120685  -47.955  30.362  1.840 0.0000000000
120045  -47.743  29.882  3.801 0.0000000000
119385  -49.149  28.809  3.832 0.0000000000
155049  -48.747  29.345  4.372 0.0000000000
120648  -48.304  30.479  4.994 0.0000000000
120635  -48.831  31.112  5.497 0.0000000000
120636  -49.345  31.770  5.897 0.0000000000
120627  -49.811  31.526  6.499 0.0000000000
118807  -52.497  27.653  3.880 0.0000000000
119388  -51.762  27.981  4.724 0.0000000000
119358  -50.821  28.706  6.307 0.0000000000
119352  -52.051  28.412  7.542 0.0000000000
120013  -51.142  28.918  7.206 0.0000000000
120012  -50.496  29.708  6.851 0.0000000000
120628  -50.275  30.801  6.879 0.0000000000
121229  -50.293  31.433  7.375 0.0000000000
121224  -49.956  31.941  7.989 0.0000000000
159731  -50.474  31.443  8.973 0.0000000000
120606  -50.444  31.260  9.802 0.0000000000
157441  -51.636  31.328  10.844 0.0000000000
120594  -50.279  30.917  10.763 0.0000000000
119983  -49.745  30.409  11.143 0.0000000000
119966  -49.792  30.132  11.366 0.0000000000
118752  -49.166  28.624  11.494 0.0000000000
118149  -49.734  27.738  11.590 0.0000000000
118150  -50.474  27.510  11.750 0.0000000000
160787  -50.825  26.284  12.444 0.0000000000
118737  -52.008  27.609  12.373 0.0000000000
118140  -51.703  26.630  12.647 0.0000000000
118123  -52.291  26.193  13.253 0.0000000000
116780  -52.652  24.948  14.124 0.0000000000
118757  -54.697  28.393  10.655 0.0000000000
118754  -54.413  28.099  11.788 0.0000000000
118142  -54.458  26.931  13.383 0.0000000000
118143  -55.042  26.504  13.045 0.0000000000
118126  -54.354  26.396  14.022 0.0000000000
118119  -54.014  25.904  14.382 0.0000000000
138200  -54.323  25.191  14.847 0.0000000000
116761  -54.411  24.494  15.339 0.0000000000
115902  -55.186  22.984  16.398 0.0000000000
115077  -55.401  22.330  16.492 0.0000000000
115912  -56.073  23.091  15.305 0.0000000000
115078  -55.936  22.109  15.969 0.0000000000
114299  -55.743  21.670  16.422 0.0000000000
113540  -56.133  21.040  16.204 0.0000000000
112863  -56.457  19.606  15.307 0.0000000000
112160  -56.488  18.977  14.402 0.0000000000
112167  -56.107  18.339  13.695 0.0000000000
112166  -55.279  18.303  13.665 0.0000000000
145041  -54.166  18.589  13.695 0.0000000000
112165  -53.350  18.279  13.586 0.0000000000
114357  -56.261  21.860  11.454 0.0000000000
114356  -55.585  21.545  11.718 0.0000000000
114345  -54.779  21.025  12.359 0.0000000000
114344  -53.727  21.090  12.460 0.0000000000
113585  -54.012  20.544  12.884 0.0000000000
113576  -53.264  20.072  13.187 0.0000000000
145395  -52.605  18.780  13.347 0.0000000000
112163  -52.011  19.130  12.940 0.0000000000
112172  -51.381  18.980  12.320 0.0000000000
162472  -50.815  19.169  11.819 0.0000000000
116041  -53.989  22.830  5.161 0.0000000000
116021  -54.200  23.242  5.976 0.0000000000
140993  -53.368  23.599  6.675 0.0000000000
165817  -52.722  23.180  5.216 0.0000000000
139198  -52.491  23.882  7.450 0.0000000000
115955  -50.909  23.205  9.626 0.0000000000
138554  -48.901  24.249  4.962 0.0000000000
115991  -48.916  23.417  7.328 0.0000000000
115992  -49.818  23.520  7.614 0.0000000000
115967  -50.455  23.504  8.287 0.0000000000
115954  -50.126  23.067  9.062 0.0000000000
115138  -50.298  22.626  9.889 0.0000000000
115128  -49.834  21.995  10.236 0.0000000000
114360  -49.510  21.276  10.603 0.0000000000
113599  -49.266  20.483  10.876 0.0000000000
113598  -48.595  20.147  10.474 0.0000000000
107420  -53.090  12.635  18.893 0.0000000000
107427  -51.019  11.977  18.851 0.0000000000
112125  -53.268  18.692  17.155 0.0000000000
112823  -55.172  19.644  17.432 0.0000000000
112859  -48.754  19.615  15.138 0.0000000000
113524  -54.654  20.761  17.159 0.0000000000
114291  -54.981  21.282  17.183 0.0000000000
114296  -54.241  21.678  16.658 0.0000000000
114449  -47.351  21.586  -2.028 0.0000000000
114460  -47.408  21.290  -2.920 0.0000000000
114479  -48.225  21.297  -4.221 0.0000000000
115086  -52.218  22.104  15.308 0.0000000000
115090  -55.743  22.737  15.965 0.0000000000
115129  -51.074  22.755  10.392 0.0000000000
115185  -55.102  22.762  4.981 0.0000000000
115192  -54.953  22.665  4.351 0.0000000000
115197  -53.512  22.598  3.181 0.0000000000
115246  -47.544  22.015  -1.237 0.0000000000
115270  -50.634  23.077  -4.172 0.0000000000
115274  -47.181  21.721  -4.669 0.0000000000
115275  -48.052  21.495  -5.010 0.0000000000
115278  -50.032  22.199  -4.781 0.0000000000
115910  -54.993  23.624  16.127 0.0000000000
115947  -52.380  23.352  10.027 0.0000000000
116039  -52.039  23.325  5.095 0.0000000000
116042  -54.858  22.968  5.469 0.0000000000
116043  -55.494  23.163  5.564 0.0000000000
116066  -52.306  23.122  3.073 0.0000000000
116087  -53.623  22.837  2.638 0.0000000000
116089  -54.864  23.246  3.338 0.0000000000
116152  -50.674  23.538  -2.459 0.0000000000
116170  -47.656  21.997  -5.271 0.0000000000
116171  -48.507  22.284  -5.515 0.0000000000
116762  -54.855  24.924  15.153 0.0000000000
116777  -49.982  24.334  13.110 0.0000000000
116781  -55.623  24.763  14.431 0.0000000000
116795  -56.501  24.069  9.437 0.0000000000
116820  -56.428  23.948  6.826 0.0000000000
116872  -54.244  24.513  1.921 0.0000000000
116941  -50.363  24.017  -5.543 0.0000000000
116942  -51.661  23.923  -5.129 0.0000000000
116943  -52.239  24.596  -4.808 0.0000000000
116948  -52.262  25.277  -5.169 0.0000000000
117519  -52.033  25.347  13.528 0.0000000000
117574  -55.745  25.491  5.218 0.0000000000
117575  -56.159  24.736  5.610 0.0000000000
117640  -53.110  25.293  -2.753 0.0000000000
117649  -52.961  25.359  -3.511 0.0000000000
117654  -49.964  25.795  -5.108 0.0000000000
117666  -51.998  25.674  -5.653 0.0000000000
118124  -53.011  26.592  13.455 0.0000000000
118726  -53.974  27.477  13.256 0.0000000000
118736  -51.128  27.126  12.149 0.0000000000
118739  -53.591  28.204  12.665 0.0000000000
118768  -55.014  27.572  7.495 0.0000000000
118777  -54.096  27.386  6.198 0.0000000000
118793  -54.688  27.024  5.485 0.0000000000
118799  -52.667  27.669  4.625 0.0000000000
118826  -51.291  27.802  1.894 0.0000000000
118872  -53.037  27.080  -3.331 0.0000000000
118882  -50.604  27.064  -5.434 0.0000000000
118898  -52.513  27.580  -5.828 0.0000000000
118909  -52.234  28.086  -6.223 0.0000000000
119329  -52.150  29.934  11.977 0.0000000000
119331  -54.173  29.229  11.417 0.0000000000
119361  -53.735  27.597  7.027 0.0000000000
119374  -50.817  28.515  5.360 0.0000000000
119375  -51.451  28.262  5.665 0.0000000000
119403  -48.867  28.819  2.103 0.0000000000
119404  -49.664  28.341  2.362 0.0000000000
119437  -50.966  28.975  -1.743 0.0000000000
119444  -51.234  29.165  -2.204 0.0000000000
119446  -52.355  28.232  -3.030 0.0000000000
119455  -52.694  28.629  -3.994 0.0000000000
119483  -51.309  28.526  -6.095 0.0000000000
119485  -53.127  28.933  -6.139 0.0000000000
119503  -52.269  28.721  -6.467 0.0000000000
119984  -53.499  30.595  11.297 0.0000000000
119994  -53.528  30.327  10.087 0.0000000000
120036  -48.217  29.845  4.425 0.0000000000
120061  -47.872  29.875  2.320 0.0000000000
120080  -49.595  29.564  -0.011 0.0000000000
120159  -52.265  29.430  -6.632 0.0000000000
120160  -52.740  29.718  -6.609 0.0000000000
120161  -53.084  29.520  -6.401 0.0000000000
120596  -52.550  31.200  11.206 0.0000000000
120686  -48.522  30.210  1.305 0.0000000000
120752  -53.262  30.483  -5.105 0.0000000000
120753  -53.459  30.390  -5.812 0.0000000000
120775  -52.129  31.087  -6.645 0.0000000000
121193  -51.156  31.122  11.165 0.0000000000
121194  -52.172  31.296  10.694 0.0000000000
121200  -51.077  31.318  10.452 0.0000000000
121201  -51.646  31.324  10.185 0.0000000000
121223  -48.905  32.750  7.547 0.0000000000
121345  -53.379  31.105  -6.086 0.0000000000
121906  -50.064  32.781  0.878 0.0000000000
121914  -50.516  32.593  0.327 0.0000000000
121980  -51.746  32.780  -6.204 0.0000000000
122482  -48.610  33.480  5.919 0.0000000000
122564  -53.707  33.474  -2.632 0.0000000000
122565  -54.057  33.791  -2.194 0.0000000000
122600  -52.004  34.022  -6.461 0.0000000000
122615  -53.068  33.494  -6.622 0.0000000000
123112  -45.454  34.185  2.300 0.0000000000
123117  -53.754  34.836  2.028 0.0000000000
123133  -54.013  34.589  1.348 0.0000000000
123144  -54.223  34.425  0.462 0.0000000000
123195  -54.104  33.915  -3.370 0.0000000000
123691  -41.603  36.027  3.993 0.0000000000
123693  -42.800  35.353  3.745 0.0000000000
123703  -53.185  35.408  3.030 0.0000000000
123710  -45.712  35.231  1.815 0.0000000000
123734  -54.656  34.858  0.154 0.0000000000
123803  -52.625  35.109  -6.455 0.0000000000
124271  -41.802  36.564  3.510 0.0000000000
124273  -50.575  36.965  3.313 0.0000000000
124277  -53.448  36.518  3.603 0.0000000000
124303  -54.188  35.539  1.716 0.0000000000
124313  -54.473  35.485  0.744 0.0000000000
124333  -54.166  36.523  -1.823 0.0000000000
124818  -41.663  37.352  3.721 0.0000000000
124873  -53.499  37.684  -2.901 0.0000000000
125369  -41.711  37.982  4.047 0.0000000000
125378  -43.273  38.365  2.580 0.0000000000
125933  -46.694  39.428  2.569 0.0000000000
126487  -45.236  40.261  2.547 0.0000000000
139463  -53.070  27.378  2.996 0.0000000000
139798  -53.802  33.609  -4.203 0.0000000000
140711  -48.930  24.025  6.219 0.0000000000
141653  -46.973  22.740  -0.189 0.0000000000
142678  -53.666  33.728  -5.184 0.0000000000
144316  -53.803  30.324  10.401 0.0000000000
146294  -49.865  23.145  -5.402 0.0000000000
146843  -48.646  35.285  1.686 0.0000000000
149118  -50.485  31.834  -0.802 0.0000000000
150028  -44.142  39.305  2.482 0.0000000000
152534  -50.611  23.723  0.256 0.0000000000
153341  -53.242  32.858  -6.369 0.0000000000
153691  -43.561  38.985  2.585 0.0000000000
154556  -53.842  27.196  3.923 0.0000000000
155218  -52.749  34.045  -6.631 0.0000000000
155490  -53.347  26.254  -2.057 0.0000000000
155924  -53.664  37.322  -2.230 0.0000000000
156231  -49.635  30.882  -0.038 0.0000000000
157228  -43.181  35.455  3.277 0.0000000000
157309  -53.526  13.042  18.903 0.0000000000
157389  -53.868  24.717  14.960 0.0000000000
157561  -51.652  23.884  7.257 0.0000000000
158495  -52.454  23.213  2.459 0.0000000000
158830  -53.173  36.045  -5.802 0.0000000000
159526  -54.034  27.003  13.675 0.0000000000
161134  -52.570  26.863  -5.350 0.0000000000
161223  -44.421  37.754  2.224 0.0000000000
161384  -53.324  29.273  -5.422 0.0000000000
161742  -56.361  23.587  13.905 0.0000000000
161897  -52.494  32.728  -2.707 0.0000000000
162291  -54.209  29.758  10.020 0.0000000000
162358  -53.278  23.824  1.331 0.0000000000
163086  -53.562  22.727  15.871 0.0000000000
163572  -49.924  23.558  -1.019 0.0000000000
163835  -52.457  34.212  -6.574 0.0000000000
164217  -50.428  26.726  12.050 0.0000000000
164438  -47.663  37.270  2.396 0.0000000000
165768  -51.736  13.810  18.495 0.0000000000
165965  -52.574  24.511  -0.947 0.0000000000
166576  -54.583  28.673  9.146 0.0000000000
