#!ascii label  , from subject sub-v1s14x0051563_ses-1 vox2ras=TkReg
1874
70511  -42.704  -27.948  22.557 0.0000000000
85429  -53.389  -12.329  20.137 0.0000000000
76758  -48.966  -21.102  20.213 0.0000000000
139185  -9.337  -45.344  44.134 0.0000000000
70434  -38.781  -26.866  28.218 0.0000000000
165221  -27.920  -42.322  43.929 0.0000000000
61748  -35.640  -36.013  43.296 0.0000000000
149405  -40.887  -35.974  35.193 0.0000000000
66121  -41.680  -31.111  34.039 0.0000000000
144632  -20.394  -42.627  38.970 0.0000000000
55104  -23.653  -42.190  46.494 0.0000000000
56276  -24.712  -41.792  38.695 0.0000000000
58583  -33.793  -39.022  35.327 0.0000000000
61827  -35.140  -35.398  35.409 0.0000000000
73574  -44.572  -25.037  29.819 0.0000000000
72519  -48.424  -25.950  26.694 0.0000000000
79679  -53.067  -17.610  18.364 0.0000000000
72637  -46.400  -25.815  20.283 0.0000000000
83493  -53.239  -14.228  14.416 0.0000000000
51954  -4.592  -44.829  43.028 0.0000000000
71449  -41.833  -25.686  32.934 0.0000000000
138222  -39.711  -25.658  25.368 0.0000000000
57426  -29.210  -40.691  36.831 0.0000000000
59557  -31.733  -38.262  42.985 0.0000000000
140472  -52.847  -25.677  23.726 0.0000000000
91247  -58.189  -6.306  10.247 0.0000000000
61864  -38.959  -35.485  32.668 0.0000000000
163821  -39.708  -33.065  32.228 0.0000000000
55226  -22.330  -42.068  38.891 0.0000000000
61860  -33.512  -35.903  33.430 0.0000000000
60800  -36.667  -36.867  32.504 0.0000000000
61830  -38.535  -36.370  35.858 0.0000000000
71510  -43.824  -26.840  26.459 0.0000000000
72500  -46.496  -26.034  27.940 0.0000000000
71535  -46.074  -26.811  25.207 0.0000000000
83459  -53.372  -14.925  19.567 0.0000000000
80579  -54.609  -17.149  22.093 0.0000000000
87340  -54.690  -9.850  19.505 0.0000000000
163234  -8.608  -44.792  39.024 0.0000000000
138953  -6.757  -45.624  43.925 0.0000000000
69258  -41.378  -29.023  30.688 0.0000000000
69223  -42.558  -28.158  32.769 0.0000000000
71476  -39.831  -26.272  30.425 0.0000000000
140298  -40.451  -24.450  29.135 0.0000000000
72494  -37.832  -25.075  27.134 0.0000000000
55121  -25.671  -41.880  45.141 0.0000000000
56124  -25.581  -42.133  48.893 0.0000000000
55067  -27.882  -42.377  48.263 0.0000000000
56145  -28.732  -42.765  46.233 0.0000000000
57480  -27.550  -40.381  33.902 0.0000000000
56398  -30.661  -41.243  32.943 0.0000000000
59599  -36.208  -37.848  38.692 0.0000000000
57359  -34.656  -39.886  39.324 0.0000000000
60618  -34.018  -36.919  43.138 0.0000000000
57273  -32.505  -39.980  45.041 0.0000000000
140083  -14.408  -43.872  42.142 0.0000000000
158384  -15.847  -43.730  46.483 0.0000000000
53983  -15.475  -43.057  49.625 0.0000000000
74762  -47.317  -23.542  21.205 0.0000000000
139316  -50.214  -25.973  21.657 0.0000000000
74765  -51.944  -23.628  20.965 0.0000000000
92156  -59.771  -5.989  9.008 0.0000000000
52908  -8.414  -44.031  48.617 0.0000000000
62944  -42.889  -35.057  38.053 0.0000000000
151460  -44.462  -33.361  37.200 0.0000000000
64086  -41.767  -33.890  34.803 0.0000000000
66152  -40.568  -31.008  30.966 0.0000000000
54067  -19.170  -43.094  43.336 0.0000000000
142362  -20.802  -42.689  46.079 0.0000000000
54087  -21.241  -42.586  42.638 0.0000000000
54090  -24.415  -42.897  42.375 0.0000000000
55202  -26.948  -41.995  41.663 0.0000000000
58612  -31.741  -39.051  32.577 0.0000000000
60778  -30.945  -36.413  33.578 0.0000000000
61825  -32.508  -36.123  36.035 0.0000000000
62936  -34.522  -35.023  38.694 0.0000000000
62939  -36.825  -34.456  38.155 0.0000000000
62942  -40.416  -34.558  38.347 0.0000000000
158614  -18.128  -43.563  38.808 0.0000000000
146456  -45.018  -24.609  32.822 0.0000000000
139519  -48.103  -23.951  35.235 0.0000000000
141266  -47.128  -24.679  31.231 0.0000000000
139968  -49.046  -24.851  29.738 0.0000000000
78726  -50.976  -19.890  18.940 0.0000000000
76733  -52.086  -21.849  23.125 0.0000000000
78707  -52.926  -19.363  23.317 0.0000000000
55125  0.674  -42.413  44.270 0.0000000000
70534  -45.665  -27.569  21.259 0.0000000000
74789  -45.279  -23.395  18.584 0.0000000000
78746  -47.993  -19.246  17.579 0.0000000000
138605  -49.460  -17.461  18.055 0.0000000000
83465  -49.186  -14.463  18.600 0.0000000000
85453  -50.472  -12.875  18.107 0.0000000000
85456  -52.837  -12.147  17.342 0.0000000000
83490  -50.959  -14.916  15.002 0.0000000000
51900  -5.592  -44.806  47.796 0.0000000000
158002  -3.391  -43.690  46.463 0.0000000000
54048  -1.377  -42.514  45.029 0.0000000000
157932  -45.611  -27.532  38.112 0.0000000000
67126  -43.766  -30.771  36.875 0.0000000000
70346  -43.813  -27.408  35.556 0.0000000000
73491  -43.866  -25.174  35.110 0.0000000000
74619  -42.435  -24.493  30.834 0.0000000000
72496  -42.131  -25.820  27.550 0.0000000000
71554  -41.604  -27.019  24.647 0.0000000000
55063  -23.190  -42.046  49.777 0.0000000000
56315  -27.387  -40.930  37.853 0.0000000000
57337  -29.380  -41.407  40.596 0.0000000000
55271  -32.441  -41.639  35.770 0.0000000000
57356  -30.647  -40.238  39.824 0.0000000000
57299  -30.212  -40.922  42.483 0.0000000000
56166  -30.859  -41.618  44.347 0.0000000000
51991  -10.403  -44.945  40.407 0.0000000000
143358  -12.798  -44.621  40.953 0.0000000000
51939  -11.289  -44.731  44.370 0.0000000000
71579  -47.821  -26.891  22.983 0.0000000000
72543  -51.282  -26.172  25.168 0.0000000000
71500  -53.478  -26.664  27.089 0.0000000000
73685  -55.526  -23.754  23.125 0.0000000000
86418  -55.589  -11.665  16.572 0.0000000000
165560  -57.390  -10.308  15.771 0.0000000000
90277  -58.702  -7.791  15.028 0.0000000000
89273  -57.499  -8.410  11.235 0.0000000000
91224  -60.115  -5.869  13.343 0.0000000000
61893  -38.027  -35.860  31.337 0.0000000000
63024  -38.603  -34.403  30.894 0.0000000000
61917  -37.845  -35.229  29.909 0.0000000000
60815  -35.573  -37.099  31.277 0.0000000000
60817  -37.413  -36.657  31.213 0.0000000000
60802  -38.155  -36.555  32.721 0.0000000000
71556  -43.134  -27.369  24.965 0.0000000000
71533  -44.504  -26.963  25.658 0.0000000000
161476  -44.302  -27.420  24.263 0.0000000000
83445  -52.885  -13.913  20.053 0.0000000000
82449  -55.140  -15.517  20.055 0.0000000000
84457  -55.323  -13.799  20.574 0.0000000000
85431  -54.944  -12.687  20.718 0.0000000000
87338  -53.645  -10.883  19.720 0.0000000000
51958  -9.025  -45.617  41.889 0.0000000000
148729  -7.621  -45.553  40.934 0.0000000000
51935  -7.837  -45.654  44.300 0.0000000000
69268  -39.972  -28.005  29.184 0.0000000000
165188  -40.781  -27.827  30.552 0.0000000000
71488  -39.123  -26.620  29.032 0.0000000000
71481  -38.798  -25.608  29.102 0.0000000000
72495  -38.117  -25.404  27.836 0.0000000000
53986  -18.258  -42.772  49.248 0.0000000000
146662  -26.945  -42.110  45.168 0.0000000000
157522  -26.505  -41.904  46.745 0.0000000000
56162  -27.647  -42.241  46.189 0.0000000000
142131  -28.487  -42.443  47.691 0.0000000000
56163  -28.203  -42.325  45.511 0.0000000000
60658  -36.417  -36.760  40.541 0.0000000000
59582  -35.846  -38.126  40.940 0.0000000000
60619  -34.990  -36.630  42.913 0.0000000000
60584  -33.805  -36.865  45.735 0.0000000000
52953  -17.427  -43.716  45.289 0.0000000000
54028  -17.312  -43.614  46.858 0.0000000000
142520  -17.058  -43.261  48.710 0.0000000000
71392  -47.545  -26.615  38.765 0.0000000000
158560  -48.076  -22.524  21.182 0.0000000000
74736  -49.201  -23.349  21.515 0.0000000000
75775  -49.547  -22.684  21.957 0.0000000000
61803  -42.140  -35.645  37.054 0.0000000000
62975  -42.917  -35.142  36.293 0.0000000000
62998  -41.283  -34.632  34.550 0.0000000000
65114  -40.092  -32.354  32.295 0.0000000000
65150  -39.803  -31.638  29.807 0.0000000000
67224  -40.648  -30.411  29.643 0.0000000000
54099  -19.449  -42.913  41.188 0.0000000000
54068  -20.581  -42.709  43.221 0.0000000000
55196  -20.874  -42.356  41.099 0.0000000000
56290  -23.465  -41.833  38.162 0.0000000000
55215  -23.057  -42.158  40.240 0.0000000000
55216  -24.499  -42.515  40.375 0.0000000000
55180  -25.412  -42.538  42.416 0.0000000000
55217  -25.932  -42.376  40.197 0.0000000000
61889  -30.680  -35.821  32.307 0.0000000000
61844  -34.760  -35.714  34.470 0.0000000000
61842  -32.613  -35.677  34.826 0.0000000000
62984  -33.475  -35.363  35.941 0.0000000000
61798  -33.634  -35.719  37.612 0.0000000000
62972  -34.455  -34.891  37.143 0.0000000000
62938  -35.908  -34.458  38.424 0.0000000000
62973  -36.047  -35.007  36.568 0.0000000000
60750  -39.879  -36.542  35.486 0.0000000000
61800  -39.200  -35.383  37.288 0.0000000000
61801  -40.641  -35.789  37.301 0.0000000000
62943  -41.365  -34.768  38.441 0.0000000000
149020  -18.882  -43.241  39.064 0.0000000000
73551  -44.499  -24.719  30.708 0.0000000000
74609  -46.000  -24.604  31.863 0.0000000000
73552  -45.901  -24.894  30.530 0.0000000000
72518  -47.647  -26.056  26.883 0.0000000000
73594  -48.209  -25.302  28.776 0.0000000000
73595  -48.940  -25.248  28.361 0.0000000000
73596  -50.613  -24.947  28.536 0.0000000000
72503  -50.012  -25.446  27.120 0.0000000000
78728  -52.289  -19.241  18.718 0.0000000000
160115  -52.213  -19.277  20.626 0.0000000000
79662  -52.891  -18.885  20.160 0.0000000000
80565  -55.712  -17.350  23.940 0.0000000000
80624  -48.197  -17.958  17.767 0.0000000000
81566  -46.995  -16.688  17.575 0.0000000000
83464  -48.519  -14.123  18.162 0.0000000000
84481  -49.042  -13.661  17.648 0.0000000000
84474  -49.954  -13.355  18.508 0.0000000000
84482  -49.760  -13.364  17.422 0.0000000000
84491  -50.306  -13.579  16.740 0.0000000000
51986  -5.246  -45.057  40.097 0.0000000000
148582  -3.921  -44.538  41.958 0.0000000000
53975  -7.606  -43.543  50.103 0.0000000000
165681  -6.947  -44.716  48.462 0.0000000000
52897  -6.223  -44.025  49.488 0.0000000000
53994  -3.529  -43.202  48.584 0.0000000000
55072  -2.057  -42.695  48.093 0.0000000000
54038  -2.246  -42.941  45.552 0.0000000000
55086  -1.136  -42.478  46.954 0.0000000000
55098  -0.208  -42.625  46.481 0.0000000000
65069  -43.102  -32.091  36.127 0.0000000000
66098  -43.746  -31.697  36.710 0.0000000000
67147  -42.893  -30.429  35.574 0.0000000000
161557  -42.498  -27.274  33.128 0.0000000000
69201  -43.151  -28.356  34.085 0.0000000000
70356  -43.099  -26.837  34.306 0.0000000000
71427  -43.795  -26.473  35.511 0.0000000000
147531  -42.786  -25.309  33.822 0.0000000000
74570  -42.610  -24.917  32.939 0.0000000000
74589  -41.580  -24.835  31.943 0.0000000000
160000  -39.607  -24.751  27.521 0.0000000000
73590  -41.024  -24.727  28.303 0.0000000000
72514  -40.660  -25.645  26.406 0.0000000000
72537  -41.274  -26.285  25.945 0.0000000000
72564  -40.291  -26.193  24.866 0.0000000000
54033  -22.170  -42.558  46.246 0.0000000000
55089  -21.763  -41.988  47.762 0.0000000000
142518  -23.085  -41.858  48.058 0.0000000000
56361  -28.642  -40.492  35.005 0.0000000000
57424  -27.439  -40.468  36.414 0.0000000000
57425  -28.313  -40.541  36.610 0.0000000000
56295  -28.129  -41.361  38.576 0.0000000000
141138  -29.017  -40.883  38.415 0.0000000000
58595  -32.581  -38.722  34.128 0.0000000000
56385  -32.777  -40.973  34.174 0.0000000000
56364  -33.827  -40.886  35.555 0.0000000000
58505  -32.746  -38.741  40.859 0.0000000000
57357  -32.142  -39.909  39.490 0.0000000000
58504  -31.612  -38.996  40.845 0.0000000000
164409  -30.640  -39.944  41.441 0.0000000000
150047  -31.046  -39.730  42.647 0.0000000000
57289  -30.686  -40.452  43.274 0.0000000000
58459  -31.261  -39.541  43.665 0.0000000000
65011  -37.774  -33.903  41.640 0.0000000000
52996  -13.225  -44.383  41.605 0.0000000000
52968  -12.713  -44.011  43.536 0.0000000000
51949  -12.114  -44.586  43.216 0.0000000000
55024  -15.426  -42.387  51.961 0.0000000000
71626  -46.369  -26.727  20.425 0.0000000000
71578  -46.883  -27.153  22.663 0.0000000000
71611  -47.511  -26.889  20.902 0.0000000000
138927  -51.880  -25.629  22.861 0.0000000000
72591  -50.747  -26.145  23.284 0.0000000000
72568  -52.460  -25.932  24.324 0.0000000000
72544  -52.048  -26.035  25.611 0.0000000000
154949  -53.529  -26.075  24.905 0.0000000000
76734  -54.197  -21.491  22.970 0.0000000000
75762  -54.743  -22.320  22.327 0.0000000000
74694  -56.105  -23.162  23.489 0.0000000000
84494  -53.013  -13.598  16.045 0.0000000000
86416  -53.721  -11.952  17.034 0.0000000000
85477  -54.868  -13.260  15.776 0.0000000000
86439  -56.887  -12.168  14.676 0.0000000000
87382  -57.935  -10.838  14.229 0.0000000000
88306  -57.979  -9.450  15.271 0.0000000000
87391  -58.428  -10.264  13.018 0.0000000000
91245  -56.773  -6.634  9.948 0.0000000000
90297  -55.938  -7.769  10.834 0.0000000000
91237  -58.134  -6.949  10.710 0.0000000000
89275  -59.478  -7.864  11.899 0.0000000000
91239  -60.084  -6.216  11.323 0.0000000000
92133  -60.384  -6.092  11.313 0.0000000000
91253  -61.309  -6.183  9.813 0.0000000000
61848  -39.979  -35.988  34.164 0.0000000000
63005  -40.247  -34.986  33.786 0.0000000000
63011  -39.316  -34.794  32.669 0.0000000000
64114  -38.910  -33.798  31.104 0.0000000000
149241  -21.065  -42.286  39.365 0.0000000000
60814  -34.624  -36.960  31.364 0.0000000000
61880  -35.131  -36.559  32.946 0.0000000000
61845  -35.774  -35.889  34.546 0.0000000000
159219  -36.951  -35.962  35.230 0.0000000000
60763  -37.182  -36.660  34.083 0.0000000000
60765  -38.756  -36.744  34.545 0.0000000000
147782  -44.231  -26.307  27.911 0.0000000000
72483  -45.375  -25.751  28.841 0.0000000000
71499  -44.975  -26.495  27.515 0.0000000000
71512  -46.235  -26.547  26.440 0.0000000000
71536  -47.446  -26.523  25.523 0.0000000000
81542  -52.801  -16.264  18.788 0.0000000000
80587  -53.982  -17.865  20.183 0.0000000000
81544  -54.559  -16.207  19.426 0.0000000000
81524  -55.495  -15.979  21.624 0.0000000000
88273  -55.415  -9.487  19.352 0.0000000000
147052  -6.621  -45.538  40.901 0.0000000000
51943  -5.730  -45.347  43.841 0.0000000000
67174  -41.766  -30.124  32.377 0.0000000000
68167  -42.625  -29.497  33.609 0.0000000000
69241  -41.781  -28.731  31.410 0.0000000000
138137  -41.515  -27.237  31.866 0.0000000000
72449  -40.537  -25.495  31.439 0.0000000000
73531  -40.503  -24.913  31.293 0.0000000000
72457  -39.608  -25.357  30.357 0.0000000000
73604  -39.106  -24.717  28.017 0.0000000000
73634  -38.814  -24.895  26.067 0.0000000000
55120  -24.791  -42.152  45.419 0.0000000000
55092  -24.381  -41.788  47.609 0.0000000000
56142  -25.974  -41.813  47.334 0.0000000000
55079  -26.755  -42.464  48.392 0.0000000000
54009  -28.361  -43.537  46.824 0.0000000000
161358  -29.469  -40.913  33.419 0.0000000000
152381  -30.351  -41.305  34.418 0.0000000000
58546  -35.398  -38.483  37.181 0.0000000000
56321  -35.062  -40.398  37.135 0.0000000000
57360  -35.668  -39.645  39.102 0.0000000000
148420  -34.573  -38.965  40.469 0.0000000000
59558  -32.468  -37.799  42.784 0.0000000000
59538  -31.695  -38.126  44.432 0.0000000000
60595  -32.827  -37.135  44.679 0.0000000000
53013  -15.991  -43.898  40.667 0.0000000000
52985  -15.877  -43.820  42.269 0.0000000000
164795  -14.834  -43.750  45.660 0.0000000000
54016  -14.652  -43.639  47.851 0.0000000000
141660  -15.520  -43.624  47.984 0.0000000000
73728  -47.341  -24.489  20.920 0.0000000000
72622  -48.718  -25.963  20.491 0.0000000000
73729  -49.534  -24.609  20.623 0.0000000000
72640  -50.901  -24.867  20.919 0.0000000000
160543  -52.787  -24.871  22.190 0.0000000000
83511  -52.774  -13.929  13.657 0.0000000000
142024  -54.436  -13.626  14.097 0.0000000000
85511  -54.014  -12.356  13.128 0.0000000000
91252  -57.313  -6.429  9.517 0.0000000000
92150  -58.825  -6.126  9.397 0.0000000000
90329  -57.968  -6.934  8.463 0.0000000000
90346  -59.348  -6.797  7.542 0.0000000000
52932  -9.982  -44.311  47.075 0.0000000000
51909  -8.788  -44.724  47.145 0.0000000000
64057  -44.554  -33.743  39.566 0.0000000000
62962  -44.195  -34.299  37.467 0.0000000000
143353  -43.221  -33.222  35.959 0.0000000000
65090  -41.418  -32.030  34.247 0.0000000000
64090  -40.634  -33.122  33.712 0.0000000000
65104  -40.914  -32.217  33.757 0.0000000000
66142  -41.155  -30.915  32.625 0.0000000000
67187  -41.185  -30.352  31.191 0.0000000000
69279  -40.370  -28.913  28.819 0.0000000000
54052  -18.716  -43.445  44.897 0.0000000000
142363  -19.837  -42.783  47.049 0.0000000000
139216  -20.078  -42.847  44.634 0.0000000000
139215  -20.819  -42.743  44.174 0.0000000000
54054  -22.497  -42.861  44.528 0.0000000000
158633  -21.722  -42.204  40.981 0.0000000000
149156  -22.719  -42.938  42.819 0.0000000000
54055  -23.377  -42.937  44.191 0.0000000000
55138  -24.893  -42.475  44.060 0.0000000000
56213  -26.684  -41.763  43.871 0.0000000000
56214  -27.426  -41.912  43.335 0.0000000000
59652  -31.021  -37.330  33.808 0.0000000000
58581  -32.155  -37.940  34.914 0.0000000000
61859  -32.572  -35.791  33.359 0.0000000000
61841  -31.885  -35.956  34.739 0.0000000000
59624  -32.901  -37.334  36.198 0.0000000000
59609  -33.909  -37.044  37.323 0.0000000000
60693  -34.829  -36.207  38.678 0.0000000000
61771  -35.932  -35.237  40.281 0.0000000000
62917  -36.717  -35.103  41.672 0.0000000000
62929  -35.701  -34.751  39.786 0.0000000000
64049  -36.512  -34.052  39.783 0.0000000000
161958  -37.883  -33.799  40.182 0.0000000000
62974  -37.820  -35.328  36.761 0.0000000000
62940  -38.536  -34.448  38.172 0.0000000000
64052  -39.484  -33.671  39.596 0.0000000000
64053  -40.371  -33.488  39.715 0.0000000000
53015  -17.461  -43.767  40.331 0.0000000000
74531  -44.990  -24.776  35.094 0.0000000000
74574  -46.429  -24.405  33.949 0.0000000000
74595  -47.351  -24.282  32.849 0.0000000000
162410  -48.486  -24.319  31.767 0.0000000000
72471  -46.659  -25.422  29.243 0.0000000000
73555  -48.604  -24.711  30.424 0.0000000000
77789  -49.710  -20.749  20.473 0.0000000000
76731  -50.535  -21.751  22.482 0.0000000000
77782  -50.858  -20.340  21.944 0.0000000000
77760  -52.363  -20.933  23.701 0.0000000000
76701  -54.106  -20.949  24.001 0.0000000000
79646  -53.559  -18.511  22.843 0.0000000000
78680  -54.694  -20.303  24.241 0.0000000000
69367  -42.755  -28.473  20.950 0.0000000000
141037  -44.385  -27.918  21.566 0.0000000000
141152  -44.200  -27.959  20.616 0.0000000000
71638  -44.338  -26.809  19.703 0.0000000000
164028  -44.983  -25.268  20.096 0.0000000000
73750  -45.810  -24.207  20.415 0.0000000000
74782  -46.143  -23.385  20.128 0.0000000000
75807  -46.981  -21.890  19.219 0.0000000000
76768  -48.039  -21.140  19.017 0.0000000000
150247  -48.966  -20.531  18.555 0.0000000000
78737  -49.781  -19.647  17.997 0.0000000000
79675  -49.942  -18.296  17.752 0.0000000000
158638  -51.190  -17.611  18.017 0.0000000000
82467  -47.621  -15.350  18.047 0.0000000000
82469  -49.245  -15.667  18.699 0.0000000000
81540  -51.270  -16.288  18.893 0.0000000000
150434  -51.341  -14.832  19.507 0.0000000000
84463  -51.247  -13.008  19.246 0.0000000000
86392  -51.724  -11.972  19.002 0.0000000000
164763  -52.720  -11.317  19.115 0.0000000000
85455  -51.984  -12.315  17.681 0.0000000000
84493  -52.041  -13.604  16.243 0.0000000000
83491  -52.028  -14.753  14.999 0.0000000000
83510  -51.672  -14.384  13.728 0.0000000000
51915  -7.316  -45.377  46.870 0.0000000000
51924  -6.212  -45.532  45.678 0.0000000000
51923  -5.275  -45.035  45.360 0.0000000000
165285  -4.737  -43.555  49.468 0.0000000000
52916  -4.205  -43.957  47.513 0.0000000000
52956  -3.767  -44.147  44.166 0.0000000000
54050  -3.108  -43.687  44.300 0.0000000000
163310  -2.158  -42.919  43.800 0.0000000000
55151  -1.317  -42.141  43.106 0.0000000000
55127  -0.207  -41.913  44.379 0.0000000000
71410  -45.325  -25.943  37.551 0.0000000000
67127  -44.429  -30.502  37.587 0.0000000000
68158  -43.003  -29.132  34.315 0.0000000000
68139  -43.617  -29.216  35.976 0.0000000000
70330  -44.522  -27.236  36.877 0.0000000000
71419  -44.656  -26.221  36.847 0.0000000000
72403  -44.936  -25.046  36.456 0.0000000000
74551  -43.744  -24.857  34.026 0.0000000000
143759  -43.606  -24.603  31.830 0.0000000000
73549  -43.122  -24.626  30.245 0.0000000000
74628  -41.126  -24.401  30.424 0.0000000000
73591  -42.264  -24.913  28.847 0.0000000000
73592  -43.228  -25.225  29.006 0.0000000000
143029  -42.447  -26.376  26.944 0.0000000000
71531  -42.629  -27.013  25.601 0.0000000000
70495  -42.329  -27.691  23.570 0.0000000000
157702  -37.004  -25.837  26.464 0.0000000000
72513  -37.189  -25.319  26.403 0.0000000000
73645  -37.514  -24.974  25.050 0.0000000000
72562  -38.190  -25.284  24.855 0.0000000000
72589  -39.213  -26.186  23.998 0.0000000000
71573  -39.676  -26.811  23.412 0.0000000000
71594  -41.017  -27.501  22.980 0.0000000000
145036  -41.951  -27.953  22.252 0.0000000000
55064  -24.710  -42.303  49.199 0.0000000000
57399  -25.185  -40.865  36.908 0.0000000000
161417  -26.327  -40.641  36.658 0.0000000000
56293  -26.182  -41.576  38.068 0.0000000000
56278  -26.988  -42.157  38.841 0.0000000000
157699  -28.454  -41.945  40.928 0.0000000000
148021  -28.534  -41.807  41.944 0.0000000000
57497  -31.897  -40.188  32.583 0.0000000000
55291  -31.481  -41.571  34.610 0.0000000000
56336  -30.815  -41.268  36.329 0.0000000000
155787  -33.868  -41.067  37.365 0.0000000000
56318  -32.074  -41.314  37.328 0.0000000000
57405  -30.404  -40.843  37.961 0.0000000000
57355  -30.128  -40.674  40.130 0.0000000000
57320  -29.927  -41.104  41.728 0.0000000000
57298  -29.351  -41.685  42.913 0.0000000000
57270  -29.822  -41.576  43.767 0.0000000000
56165  -29.983  -42.123  44.761 0.0000000000
159884  -9.607  -44.755  39.366 0.0000000000
51959  -10.056  -45.437  42.071 0.0000000000
53027  -12.944  -43.970  39.086 0.0000000000
139342  -12.091  -44.201  39.301 0.0000000000
51992  -11.243  -44.882  40.605 0.0000000000
51960  -10.675  -44.977  42.699 0.0000000000
51938  -10.528  -44.856  44.630 0.0000000000
52933  -10.759  -44.020  46.830 0.0000000000
144176  -14.002  -43.168  49.316 0.0000000000
70499  -45.949  -27.378  22.829 0.0000000000
138928  -47.158  -26.838  23.901 0.0000000000
71561  -48.558  -26.551  24.583 0.0000000000
71598  -49.199  -26.614  22.469 0.0000000000
71562  -49.340  -26.487  24.365 0.0000000000
72541  -49.474  -25.985  25.926 0.0000000000
140406  -51.326  -25.923  26.193 0.0000000000
75776  -52.607  -22.670  21.583 0.0000000000
73683  -54.002  -24.067  22.062 0.0000000000
72593  -54.653  -25.070  23.778 0.0000000000
86401  -53.378  -10.943  18.426 0.0000000000
87355  -54.594  -10.496  17.884 0.0000000000
87357  -55.978  -9.936  17.232 0.0000000000
85478  -55.652  -12.981  15.505 0.0000000000
86419  -56.387  -11.375  16.242 0.0000000000
88297  -56.662  -9.625  16.905 0.0000000000
89231  -57.555  -8.509  16.890 0.0000000000
90265  -58.464  -7.246  16.728 0.0000000000
88333  -57.526  -9.980  12.090 0.0000000000
89265  -59.207  -8.639  12.255 0.0000000000
90286  -59.679  -6.530  13.652 0.0000000000
93019  -61.240  -5.972  11.101 0.0000000000
61904  -37.715  -35.938  30.563 0.0000000000
61905  -38.162  -35.127  30.715 0.0000000000
60830  -36.590  -36.987  30.769 0.0000000000
60831  -37.244  -36.586  30.422 0.0000000000
70496  -43.246  -27.761  23.445 0.0000000000
70482  -43.608  -27.557  24.240 0.0000000000
70497  -44.243  -27.622  23.418 0.0000000000
84455  -53.531  -13.250  20.214 0.0000000000
85430  -54.072  -12.747  20.400 0.0000000000
86385  -54.136  -11.954  20.404 0.0000000000
87332  -54.192  -11.047  20.200 0.0000000000
86384  -53.459  -11.491  19.995 0.0000000000
139054  -9.309  -45.539  42.760 0.0000000000
140150  -8.372  -45.630  42.647 0.0000000000
51945  -8.712  -45.571  43.619 0.0000000000
160781  -39.465  -27.489  28.602 0.0000000000
166421  -39.596  -27.306  29.134 0.0000000000
71487  -38.521  -25.926  28.436 0.0000000000
71497  -38.098  -26.187  27.760 0.0000000000
54005  -18.606  -42.866  48.456 0.0000000000
54019  -18.962  -42.916  47.510 0.0000000000
141658  -27.729  -42.363  44.691 0.0000000000
157466  -27.146  -42.271  45.476 0.0000000000
139195  -28.022  -42.355  45.156 0.0000000000
158165  -36.358  -36.482  41.193 0.0000000000
60638  -36.042  -36.817  41.859 0.0000000000
60620  -35.876  -36.308  42.518 0.0000000000
146879  -18.136  -43.117  47.936 0.0000000000
75785  -48.557  -21.878  20.949 0.0000000000
75774  -48.662  -22.745  21.585 0.0000000000
75786  -49.135  -22.164  21.621 0.0000000000
61817  -41.739  -35.791  36.508 0.0000000000
61832  -42.133  -35.433  35.849 0.0000000000
61850  -41.440  -35.477  35.161 0.0000000000
65149  -39.339  -32.303  29.500 0.0000000000
153380  -20.242  -42.628  40.747 0.0000000000
55211  -20.333  -42.629  39.857 0.0000000000
56275  -23.730  -41.700  38.723 0.0000000000
158211  -23.774  -42.226  40.056 0.0000000000
55229  -24.327  -42.055  39.515 0.0000000000
148954  -25.094  -42.396  40.011 0.0000000000
55230  -25.366  -42.179  39.407 0.0000000000
62996  -34.066  -35.393  35.260 0.0000000000
62985  -34.276  -35.119  36.144 0.0000000000
140687  -35.141  -34.992  36.370 0.0000000000
162708  -35.346  -34.806  37.104 0.0000000000
62986  -35.850  -35.311  35.900 0.0000000000
60751  -40.534  -36.283  35.522 0.0000000000
60732  -40.335  -36.399  36.118 0.0000000000
61816  -40.898  -36.078  36.670 0.0000000000
61802  -41.422  -35.753  37.218 0.0000000000
54125  -19.599  -42.923  39.444 0.0000000000
162475  -18.884  -43.191  39.847 0.0000000000
159537  -45.170  -24.881  30.433 0.0000000000
73575  -45.505  -25.133  29.920 0.0000000000
72502  -48.160  -25.827  27.344 0.0000000000
160058  -49.022  -25.603  27.334 0.0000000000
73608  -49.778  -25.171  27.985 0.0000000000
72520  -49.578  -25.787  26.638 0.0000000000
79678  -52.599  -18.407  18.237 0.0000000000
79669  -52.987  -18.848  19.101 0.0000000000
79663  -53.535  -18.395  19.617 0.0000000000
80551  -56.228  -17.951  24.643 0.0000000000
84490  -48.808  -13.771  16.874 0.0000000000
159893  -49.591  -13.935  16.343 0.0000000000
163903  -4.690  -45.010  41.684 0.0000000000
160767  -3.951  -44.634  41.093 0.0000000000
53974  -6.711  -43.636  50.176 0.0000000000
53952  -6.320  -43.093  50.807 0.0000000000
55071  -1.114  -42.547  48.045 0.0000000000
157516  -0.748  -42.850  48.623 0.0000000000
66122  -41.928  -31.696  34.869 0.0000000000
66111  -42.628  -31.380  35.489 0.0000000000
67156  -42.359  -30.634  34.742 0.0000000000
71459  -42.096  -26.471  33.102 0.0000000000
139983  -42.654  -26.624  33.665 0.0000000000
71450  -42.375  -25.778  33.532 0.0000000000
71435  -42.866  -25.902  34.203 0.0000000000
72431  -42.233  -25.330  33.244 0.0000000000
73513  -42.382  -25.185  33.161 0.0000000000
73512  -41.815  -25.227  32.722 0.0000000000
72536  -39.745  -25.247  26.120 0.0000000000
73618  -40.095  -24.967  26.887 0.0000000000
146359  -40.478  -25.920  25.625 0.0000000000
55118  -23.046  -42.621  45.974 0.0000000000
55103  -22.804  -42.231  46.763 0.0000000000
55091  -23.479  -41.893  47.354 0.0000000000
57455  -28.933  -40.577  35.924 0.0000000000
57403  -28.635  -40.736  37.494 0.0000000000
57404  -29.498  -40.800  37.750 0.0000000000
58582  -32.898  -38.476  35.009 0.0000000000
57456  -33.347  -39.464  34.619 0.0000000000
57458  -34.405  -40.040  35.663 0.0000000000
142570  -32.203  -38.527  41.537 0.0000000000
58494  -31.327  -38.915  41.686 0.0000000000
58486  -31.205  -39.040  42.421 0.0000000000
58470  -31.271  -39.572  43.406 0.0000000000
59537  -31.576  -38.875  43.669 0.0000000000
65012  -38.262  -33.430  42.071 0.0000000000
52936  -13.664  -43.753  46.438 0.0000000000
71610  -46.920  -27.051  20.727 0.0000000000
71627  -47.081  -26.434  20.391 0.0000000000
138541  -52.700  -25.335  22.949 0.0000000000
139202  -52.176  -25.809  23.616 0.0000000000
141110  -52.748  -26.103  25.058 0.0000000000
72569  -53.250  -25.835  24.308 0.0000000000
76721  -55.738  -21.181  24.024 0.0000000000
76735  -55.255  -21.677  23.144 0.0000000000
84508  -53.492  -14.125  15.261 0.0000000000
85476  -53.978  -13.482  15.915 0.0000000000
84509  -54.447  -13.738  15.248 0.0000000000
86459  -57.242  -11.349  13.138 0.0000000000
87383  -58.316  -10.439  13.742 0.0000000000
87404  -57.813  -10.568  12.702 0.0000000000
91246  -57.312  -6.302  9.905 0.0000000000
90309  -57.283  -6.616  10.301 0.0000000000
91238  -59.143  -6.659  10.760 0.0000000000
92132  -59.410  -6.406  10.462 0.0000000000
61865  -39.508  -35.589  33.315 0.0000000000
63034  -38.337  -34.435  30.103 0.0000000000
64137  -38.749  -33.718  30.408 0.0000000000
60828  -34.740  -37.297  30.447 0.0000000000
60799  -35.797  -36.877  32.277 0.0000000000
60779  -36.046  -36.663  33.119 0.0000000000
61862  -35.435  -36.193  33.746 0.0000000000
61863  -36.340  -36.440  33.905 0.0000000000
61846  -36.659  -36.182  34.630 0.0000000000
60780  -36.904  -36.778  33.303 0.0000000000
164293  -38.303  -36.611  33.232 0.0000000000
60782  -38.755  -36.232  33.082 0.0000000000
60783  -39.229  -36.446  33.893 0.0000000000
71498  -44.079  -26.610  27.254 0.0000000000
71511  -44.721  -26.763  26.624 0.0000000000
139786  -45.289  -26.934  25.189 0.0000000000
71534  -45.494  -26.802  25.973 0.0000000000
165333  -46.121  -26.709  25.835 0.0000000000
160271  -46.660  -26.629  25.707 0.0000000000
82459  -52.828  -15.502  19.245 0.0000000000
82460  -53.678  -15.958  19.018 0.0000000000
82450  -55.587  -15.412  20.947 0.0000000000
81515  -55.895  -15.864  22.602 0.0000000000
140344  -55.037  -9.812  20.135 0.0000000000
88264  -55.717  -9.434  20.202 0.0000000000
51957  -7.436  -45.648  42.476 0.0000000000
51974  -7.083  -45.651  41.681 0.0000000000
51956  -6.560  -45.600  42.351 0.0000000000
51973  -6.270  -45.576  41.635 0.0000000000
140750  -6.150  -45.460  43.070 0.0000000000
68196  -41.573  -29.567  31.198 0.0000000000
68179  -41.908  -29.463  31.852 0.0000000000
70419  -40.346  -27.142  30.484 0.0000000000
70412  -40.934  -27.323  31.173 0.0000000000
71466  -40.396  -26.361  31.054 0.0000000000
71467  -40.960  -26.373  31.738 0.0000000000
72448  -39.983  -25.129  31.023 0.0000000000
73603  -38.444  -24.953  27.960 0.0000000000
73588  -38.868  -24.838  28.600 0.0000000000
147636  -38.559  -24.860  27.407 0.0000000000
165153  -39.061  -24.746  27.472 0.0000000000
73616  -38.170  -24.874  26.623 0.0000000000
55106  -25.436  -41.782  46.004 0.0000000000
56159  -25.124  -41.714  46.945 0.0000000000
56160  -26.093  -41.677  46.500 0.0000000000
55080  -27.599  -42.129  48.273 0.0000000000
145640  -26.906  -42.214  47.964 0.0000000000
56131  -28.280  -42.496  46.819 0.0000000000
54008  -28.152  -42.716  47.615 0.0000000000
55082  -28.161  -43.073  47.056 0.0000000000
56397  -29.975  -41.085  32.814 0.0000000000
56383  -29.327  -40.829  34.204 0.0000000000
56384  -30.139  -41.221  33.545 0.0000000000
59611  -35.869  -38.169  37.931 0.0000000000
58547  -35.887  -39.183  37.717 0.0000000000
58532  -36.217  -38.884  38.614 0.0000000000
59560  -34.518  -37.307  42.429 0.0000000000
59581  -34.904  -38.447  41.155 0.0000000000
146373  -33.973  -37.925  41.749 0.0000000000
162465  -33.804  -38.567  40.992 0.0000000000
59559  -33.451  -37.498  42.583 0.0000000000
59549  -32.418  -37.570  44.132 0.0000000000
60606  -33.055  -36.968  44.194 0.0000000000
60573  -33.670  -37.611  46.193 0.0000000000
53000  -16.327  -43.852  41.499 0.0000000000
52972  -16.440  -43.785  42.919 0.0000000000
52951  -15.970  -43.753  45.738 0.0000000000
52938  -15.236  -43.740  46.045 0.0000000000
52926  -15.163  -43.702  46.993 0.0000000000
54017  -16.315  -43.667  47.282 0.0000000000
53985  -17.394  -42.927  49.337 0.0000000000
53963  -17.033  -42.805  50.148 0.0000000000
158853  -48.577  -24.800  20.528 0.0000000000
73706  -48.049  -23.880  21.265 0.0000000000
162236  -50.527  -23.834  20.943 0.0000000000
73730  -50.367  -24.406  20.759 0.0000000000
73731  -51.250  -24.136  20.805 0.0000000000
72626  -52.408  -24.567  21.582 0.0000000000
73708  -52.020  -24.230  21.029 0.0000000000
85501  -53.466  -13.167  13.337 0.0000000000
91257  -56.013  -7.146  9.239 0.0000000000
91258  -56.682  -6.904  9.153 0.0000000000
91259  -57.460  -6.601  9.026 0.0000000000
90328  -57.133  -7.076  8.742 0.0000000000
52920  -9.685  -43.959  47.774 0.0000000000
53941  -8.713  -42.479  51.503 0.0000000000
162686  -42.981  -33.998  39.462 0.0000000000
62945  -43.720  -34.616  38.340 0.0000000000
154309  -43.503  -34.912  37.548 0.0000000000
62988  -42.667  -34.774  35.677 0.0000000000
64081  -43.241  -34.330  36.030 0.0000000000
64087  -42.538  -33.779  35.315 0.0000000000
65078  -42.527  -32.489  35.386 0.0000000000
65077  -41.757  -32.847  34.737 0.0000000000
64097  -40.119  -33.945  33.408 0.0000000000
62997  -40.670  -34.153  34.017 0.0000000000
64105  -39.988  -33.070  32.986 0.0000000000
65126  -40.279  -31.679  31.594 0.0000000000
65103  -40.491  -32.324  33.088 0.0000000000
66141  -40.578  -31.619  32.437 0.0000000000
66133  -40.878  -31.617  33.217 0.0000000000
66153  -40.790  -30.975  31.798 0.0000000000
143755  -41.310  -30.484  31.924 0.0000000000
67202  -40.843  -30.420  30.395 0.0000000000
157630  -40.690  -29.603  29.354 0.0000000000
163048  -19.207  -43.123  45.174 0.0000000000
54053  -19.424  -43.042  44.640 0.0000000000
54086  -20.542  -42.626  42.452 0.0000000000
158345  -21.265  -42.698  43.437 0.0000000000
142169  -21.784  -42.791  43.968 0.0000000000
54069  -21.935  -42.788  43.146 0.0000000000
139260  -21.709  -42.015  39.722 0.0000000000
54104  -23.667  -42.862  41.651 0.0000000000
55199  -22.903  -42.560  41.089 0.0000000000
54089  -23.520  -42.970  42.525 0.0000000000
54071  -23.425  -42.996  43.333 0.0000000000
54072  -24.111  -42.975  43.049 0.0000000000
54056  -24.177  -42.877  43.769 0.0000000000
55159  -24.905  -42.645  43.241 0.0000000000
55201  -25.876  -42.395  41.614 0.0000000000
55160  -25.872  -41.998  43.298 0.0000000000
55181  -26.394  -41.955  42.474 0.0000000000
55161  -26.800  -41.706  43.168 0.0000000000
55182  -27.328  -41.766  42.607 0.0000000000
61875  -30.887  -35.886  32.979 0.0000000000
60796  -30.499  -36.426  32.711 0.0000000000
58594  -31.742  -37.655  34.372 0.0000000000
59638  -31.498  -36.643  34.466 0.0000000000
61878  -33.246  -36.164  32.558 0.0000000000
164195  -32.761  -36.147  32.160 0.0000000000
61826  -32.841  -35.651  35.646 0.0000000000
60747  -32.291  -36.831  35.803 0.0000000000
60729  -32.738  -36.576  36.387 0.0000000000
60730  -33.066  -36.741  37.009 0.0000000000
62935  -34.016  -35.315  38.262 0.0000000000
60692  -33.990  -35.908  38.288 0.0000000000
61789  -34.621  -35.443  38.875 0.0000000000
60674  -35.236  -35.883  39.292 0.0000000000
61779  -35.349  -35.321  39.577 0.0000000000
61770  -35.645  -35.067  39.896 0.0000000000
62928  -35.059  -34.954  39.345 0.0000000000
64062  -35.970  -34.287  39.141 0.0000000000
64063  -36.568  -34.162  38.945 0.0000000000
64041  -37.165  -33.916  40.343 0.0000000000
166481  -37.270  -34.208  38.648 0.0000000000
61829  -37.636  -36.080  35.620 0.0000000000
61813  -37.432  -35.603  36.267 0.0000000000
139559  -38.038  -35.837  36.232 0.0000000000
62958  -39.941  -35.199  37.693 0.0000000000
150869  -39.083  -34.829  37.761 0.0000000000
62941  -39.416  -34.346  38.347 0.0000000000
64065  -38.714  -33.968  38.776 0.0000000000
156201  -39.299  -33.875  38.962 0.0000000000
64066  -39.987  -33.899  38.902 0.0000000000
160869  -42.177  -34.860  38.472 0.0000000000
64068  -41.780  -34.193  38.940 0.0000000000
155640  -42.765  -34.490  38.879 0.0000000000
54124  -17.765  -43.693  39.521 0.0000000000
54066  -18.373  -43.537  43.412 0.0000000000
74552  -44.698  -24.744  34.255 0.0000000000
74553  -45.680  -24.602  34.469 0.0000000000
74573  -45.514  -24.590  33.520 0.0000000000
157380  -46.712  -24.593  31.729 0.0000000000
74610  -46.646  -24.493  32.365 0.0000000000
74611  -47.475  -24.427  31.978 0.0000000000
74596  -48.201  -24.139  32.606 0.0000000000
73535  -47.819  -24.551  31.319 0.0000000000
72484  -46.167  -25.766  28.687 0.0000000000
72470  -45.868  -25.474  29.360 0.0000000000
138316  -48.789  -25.073  29.106 0.0000000000
73578  -48.130  -24.988  29.640 0.0000000000
73537  -49.033  -24.449  31.097 0.0000000000
164590  -49.422  -24.604  30.421 0.0000000000
73556  -50.245  -24.523  30.328 0.0000000000
161446  -51.144  -24.760  29.239 0.0000000000
77799  -50.181  -20.337  19.456 0.0000000000
77790  -50.342  -20.453  21.079 0.0000000000
78719  -50.857  -19.999  20.069 0.0000000000
78706  -52.146  -19.596  22.698 0.0000000000
78689  -52.553  -20.270  23.668 0.0000000000
77761  -53.238  -20.849  24.045 0.0000000000
78690  -53.272  -20.010  24.064 0.0000000000
80588  -54.452  -17.335  20.925 0.0000000000
159189  -53.810  -17.944  21.080 0.0000000000
80578  -53.951  -17.778  21.940 0.0000000000
79622  -54.892  -19.342  24.490 0.0000000000
55148  0.551  -41.900  43.884 0.0000000000
140722  0.595  -41.459  42.838 0.0000000000
55147  1.071  -41.925  43.461 0.0000000000
72674  -43.927  -26.001  19.198 0.0000000000
71639  -44.653  -25.934  19.823 0.0000000000
73768  -44.888  -24.144  19.083 0.0000000000
74781  -45.483  -23.730  19.594 0.0000000000
74790  -45.869  -22.920  19.099 0.0000000000
75806  -46.380  -22.186  18.665 0.0000000000
76766  -46.889  -21.494  18.458 0.0000000000
76756  -47.627  -21.681  19.570 0.0000000000
76767  -47.435  -21.428  18.879 0.0000000000
77822  -48.083  -20.128  17.872 0.0000000000
78736  -48.975  -20.175  18.148 0.0000000000
78747  -48.842  -19.523  17.718 0.0000000000
80612  -48.624  -17.333  18.019 0.0000000000
80625  -49.047  -18.135  17.789 0.0000000000
79676  -50.948  -18.438  17.807 0.0000000000
138668  -50.361  -17.562  18.031 0.0000000000
159681  -48.638  -14.907  18.375 0.0000000000
82470  -50.266  -16.065  19.048 0.0000000000
82456  -49.899  -14.934  19.105 0.0000000000
82457  -50.865  -15.397  19.291 0.0000000000
83457  -50.546  -14.321  19.268 0.0000000000
85446  -50.469  -12.963  18.559 0.0000000000
160174  -50.478  -13.302  19.045 0.0000000000
85437  -50.913  -12.717  18.879 0.0000000000
85438  -51.369  -12.351  19.052 0.0000000000
85447  -51.132  -12.520  18.727 0.0000000000
86398  -51.700  -12.043  18.576 0.0000000000
85454  -51.203  -12.560  18.004 0.0000000000
156218  -50.529  -14.229  15.888 0.0000000000
84492  -51.104  -13.599  16.499 0.0000000000
84506  -51.569  -14.335  15.671 0.0000000000
54112  -3.104  -43.329  40.673 0.0000000000
51908  -8.090  -44.844  47.413 0.0000000000
51916  -8.324  -45.077  46.577 0.0000000000
51901  -6.389  -44.805  48.218 0.0000000000
51906  -6.411  -45.142  47.396 0.0000000000
51913  -5.623  -45.048  46.915 0.0000000000
140494  -5.666  -45.263  46.176 0.0000000000
51912  -4.951  -44.793  46.311 0.0000000000
139104  -5.059  -43.240  50.012 0.0000000000
158175  -3.092  -43.237  47.410 0.0000000000
53995  -4.184  -43.743  48.330 0.0000000000
52915  -3.520  -43.672  47.104 0.0000000000
52945  -4.306  -44.476  45.591 0.0000000000
52930  -3.567  -43.867  45.794 0.0000000000
54039  -2.969  -43.503  45.186 0.0000000000
54037  -1.433  -42.571  46.085 0.0000000000
54049  -2.311  -43.048  44.495 0.0000000000
54063  -1.541  -42.548  43.956 0.0000000000
54064  -2.075  -42.755  43.102 0.0000000000
55128  -0.983  -41.998  44.440 0.0000000000
55150  -0.814  -41.898  43.744 0.0000000000
157875  -0.647  -42.087  44.976 0.0000000000
139109  -0.195  -43.084  47.562 0.0000000000
147235  -46.754  -27.969  38.669 0.0000000000
70278  -46.639  -27.218  38.569 0.0000000000
154206  -45.829  -26.573  38.115 0.0000000000
64077  -44.777  -33.647  37.970 0.0000000000
64071  -44.963  -33.648  38.852 0.0000000000
165485  -44.902  -33.004  37.765 0.0000000000
66086  -44.205  -31.333  37.269 0.0000000000
149656  -43.926  -30.032  37.091 0.0000000000
68180  -42.576  -29.113  32.854 0.0000000000
69210  -42.873  -28.679  33.504 0.0000000000
165185  -43.603  -27.834  34.992 0.0000000000
69202  -43.406  -28.454  34.716 0.0000000000
69193  -43.713  -28.368  35.559 0.0000000000
68130  -43.945  -29.345  36.842 0.0000000000
69183  -43.973  -28.557  36.497 0.0000000000
69184  -44.383  -28.002  36.885 0.0000000000
70329  -44.055  -27.746  36.260 0.0000000000
72410  -43.793  -25.642  35.349 0.0000000000
72402  -44.168  -25.918  36.069 0.0000000000
72411  -44.284  -25.311  35.852 0.0000000000
159161  -44.612  -25.549  36.433 0.0000000000
73505  -44.100  -24.910  34.808 0.0000000000
74590  -42.291  -24.791  32.194 0.0000000000
74591  -43.116  -24.714  32.417 0.0000000000
74607  -42.810  -24.620  31.647 0.0000000000
74620  -43.547  -24.583  31.014 0.0000000000
73570  -40.519  -24.457  30.122 0.0000000000
73548  -40.827  -24.583  30.952 0.0000000000
73607  -41.872  -25.199  28.165 0.0000000000
163496  -41.646  -24.828  28.573 0.0000000000
72480  -42.801  -25.679  28.224 0.0000000000
166400  -42.821  -26.167  27.522 0.0000000000
71530  -41.813  -26.837  25.430 0.0000000000
71575  -42.096  -27.442  24.261 0.0000000000
70494  -41.442  -27.365  23.791 0.0000000000
72512  -36.839  -25.156  25.707 0.0000000000
159826  -37.645  -25.372  24.530 0.0000000000
71572  -38.787  -26.563  23.306 0.0000000000
71592  -39.301  -27.171  22.555 0.0000000000
70510  -41.399  -27.794  22.421 0.0000000000
54031  -20.604  -42.654  46.764 0.0000000000
54021  -20.442  -42.555  47.505 0.0000000000
55076  -22.419  -41.892  48.340 0.0000000000
56126  -25.022  -41.960  48.663 0.0000000000
151366  -24.521  -41.821  48.294 0.0000000000
55053  -25.062  -42.614  49.111 0.0000000000
57423  -26.628  -40.517  36.240 0.0000000000
57401  -26.848  -40.652  37.052 0.0000000000
56314  -26.499  -40.948  37.696 0.0000000000
56294  -27.254  -41.588  38.214 0.0000000000
56260  -28.843  -41.529  39.533 0.0000000000
56259  -28.724  -41.852  40.250 0.0000000000
56244  -28.559  -41.808  41.606 0.0000000000
57336  -29.018  -41.650  41.159 0.0000000000
55293  -32.976  -41.351  35.040 0.0000000000
55309  -32.328  -41.428  34.531 0.0000000000
55292  -32.188  -41.605  35.094 0.0000000000
56363  -31.552  -41.580  35.616 0.0000000000
56337  -31.772  -41.523  36.496 0.0000000000
57383  -35.041  -40.230  38.567 0.0000000000
56320  -34.437  -40.933  37.020 0.0000000000
57382  -34.022  -40.419  38.749 0.0000000000
150393  -31.269  -40.134  39.476 0.0000000000
57380  -31.770  -40.471  38.831 0.0000000000
56296  -31.391  -40.849  38.059 0.0000000000
57379  -30.720  -40.579  38.923 0.0000000000
160239  -30.114  -40.696  39.437 0.0000000000
57310  -30.303  -40.667  42.108 0.0000000000
57321  -30.408  -40.347  41.658 0.0000000000
144089  -29.606  -41.469  42.630 0.0000000000
138334  -30.040  -41.143  42.876 0.0000000000
57269  -29.392  -41.838  43.701 0.0000000000
57288  -29.855  -41.215  43.044 0.0000000000
144672  -30.894  -41.047  43.972 0.0000000000
57255  -29.746  -41.700  44.100 0.0000000000
56147  -30.153  -42.735  45.209 0.0000000000
58448  -31.916  -38.622  45.528 0.0000000000
58447  -31.544  -39.388  44.643 0.0000000000
57257  -31.954  -39.597  45.050 0.0000000000
62910  -36.972  -35.130  42.349 0.0000000000
51976  -9.640  -45.367  41.023 0.0000000000
145250  -15.125  -43.946  40.807 0.0000000000
164384  -14.758  -44.016  40.214 0.0000000000
139088  -14.359  -44.032  40.805 0.0000000000
138481  -13.526  -44.323  40.689 0.0000000000
53010  -12.687  -44.476  40.085 0.0000000000
53009  -11.775  -44.633  39.988 0.0000000000
51993  -12.079  -44.771  40.773 0.0000000000
52967  -11.990  -44.436  44.002 0.0000000000
51961  -11.673  -44.812  42.434 0.0000000000
51948  -11.264  -44.821  43.455 0.0000000000
149923  -10.689  -44.892  44.007 0.0000000000
51929  -11.173  -44.572  45.183 0.0000000000
52946  -10.982  -44.347  46.010 0.0000000000
145500  -14.835  -43.326  49.134 0.0000000000
54001  -14.288  -43.491  48.589 0.0000000000
53982  -14.624  -42.948  49.844 0.0000000000
74516  -48.502  -24.547  35.998 0.0000000000
155862  -45.056  -27.729  21.639 0.0000000000
70513  -44.686  -27.728  22.403 0.0000000000
70514  -45.477  -27.616  22.169 0.0000000000
162425  -48.119  -26.722  23.893 0.0000000000
71560  -47.746  -26.642  24.707 0.0000000000
72623  -49.567  -26.008  21.040 0.0000000000
71613  -49.014  -26.501  21.471 0.0000000000
146188  -49.633  -26.367  21.834 0.0000000000
155065  -50.910  -26.269  24.240 0.0000000000
72590  -50.095  -26.444  23.878 0.0000000000
72542  -50.162  -26.273  25.105 0.0000000000
72521  -50.317  -25.885  26.243 0.0000000000
163101  -50.770  -26.058  25.670 0.0000000000
72523  -52.987  -26.262  26.499 0.0000000000
72522  -52.235  -25.968  26.457 0.0000000000
163215  -52.977  -26.172  27.199 0.0000000000
76732  -51.283  -21.825  22.916 0.0000000000
75759  -50.824  -22.325  22.416 0.0000000000
75761  -52.680  -22.134  22.382 0.0000000000
74715  -55.301  -23.137  22.586 0.0000000000
74714  -54.452  -23.199  21.978 0.0000000000
73684  -54.835  -23.895  22.561 0.0000000000
73661  -54.297  -24.653  22.916 0.0000000000
73662  -55.181  -24.429  23.322 0.0000000000
86406  -52.411  -11.767  18.238 0.0000000000
151030  -52.792  -11.270  18.726 0.0000000000
86407  -53.162  -11.466  17.893 0.0000000000
86417  -54.676  -11.810  16.802 0.0000000000
86408  -54.050  -11.100  17.636 0.0000000000
86409  -54.966  -10.958  17.143 0.0000000000
87356  -55.272  -10.252  17.607 0.0000000000
87367  -55.778  -10.748  16.854 0.0000000000
84510  -55.153  -13.451  15.175 0.0000000000
85489  -55.667  -13.132  14.590 0.0000000000
86431  -57.423  -11.464  14.741 0.0000000000
86430  -56.808  -11.891  15.444 0.0000000000
87378  -57.102  -10.890  15.772 0.0000000000
87368  -56.526  -10.454  16.561 0.0000000000
150337  -57.078  -10.059  16.225 0.0000000000
88298  -57.251  -9.298  16.533 0.0000000000
87369  -57.543  -9.767  15.857 0.0000000000
88307  -58.594  -9.010  14.549 0.0000000000
89239  -58.197  -8.465  15.536 0.0000000000
164849  -58.811  -6.771  16.292 0.0000000000
90266  -58.951  -6.750  15.550 0.0000000000
90298  -56.691  -7.749  11.035 0.0000000000
89272  -56.463  -8.488  11.283 0.0000000000
88344  -57.073  -9.275  11.590 0.0000000000
88345  -58.031  -9.281  11.631 0.0000000000
87405  -58.310  -9.822  12.316 0.0000000000
89264  -58.752  -9.130  11.887 0.0000000000
90291  -59.757  -6.937  12.634 0.0000000000
154881  -59.483  -7.965  12.613 0.0000000000
91214  -59.927  -5.770  14.325 0.0000000000
92106  -60.659  -5.382  13.940 0.0000000000
159153  -59.779  -6.030  9.903 0.0000000000
93030  -60.400  -5.906  9.687 0.0000000000
61881  -38.501  -35.869  32.153 0.0000000000
61894  -38.518  -35.077  31.460 0.0000000000
60829  -35.847  -37.296  30.230 0.0000000000
60816  -36.548  -36.958  31.671 0.0000000000
152664  -37.449  -36.783  32.649 0.0000000000
160395  -37.234  -36.836  31.980 0.0000000000
60801  -37.861  -36.514  31.971 0.0000000000
71532  -43.499  -27.045  25.671 0.0000000000
139941  -43.964  -27.274  24.934 0.0000000000
71557  -44.768  -27.136  24.725 0.0000000000
71558  -45.606  -26.985  24.373 0.0000000000
83446  -53.938  -14.240  19.979 0.0000000000
83447  -54.888  -14.491  20.008 0.0000000000
84446  -55.876  -13.140  21.261 0.0000000000
85419  -55.791  -12.048  21.289 0.0000000000
86386  -54.926  -11.517  20.738 0.0000000000
87339  -54.242  -10.221  19.903 0.0000000000
51975  -8.600  -45.529  41.040 0.0000000000
51989  -8.210  -45.281  40.221 0.0000000000
147083  -8.032  -45.651  41.778 0.0000000000
51944  -7.671  -45.630  43.339 0.0000000000
69269  -40.618  -28.689  29.581 0.0000000000
69257  -40.890  -28.508  30.298 0.0000000000
70428  -40.413  -27.887  29.956 0.0000000000
70427  -39.764  -27.066  29.727 0.0000000000
71475  -39.278  -26.026  29.757 0.0000000000
56196  -26.530  -41.836  44.739 0.0000000000
56178  -26.326  -41.738  45.650 0.0000000000
56179  -26.759  -41.965  46.032 0.0000000000
56161  -27.061  -42.148  46.574 0.0000000000
56129  -27.532  -41.924  47.092 0.0000000000
55068  -28.558  -42.457  48.120 0.0000000000
56130  -28.692  -41.919  47.720 0.0000000000
140490  -28.538  -42.425  45.912 0.0000000000
59600  -36.348  -37.675  39.313 0.0000000000
58508  -36.424  -38.041  39.779 0.0000000000
59583  -36.355  -37.669  40.432 0.0000000000
59570  -35.317  -37.658  41.735 0.0000000000
60607  -33.755  -36.786  43.938 0.0000000000
158511  -34.229  -36.444  44.439 0.0000000000
60597  -34.365  -36.382  45.151 0.0000000000
52952  -16.751  -43.746  45.482 0.0000000000
52939  -16.606  -43.718  46.312 0.0000000000
146881  -17.305  -43.455  47.874 0.0000000000
54004  -17.770  -43.023  48.588 0.0000000000
75784  -47.478  -22.745  20.994 0.0000000000
74735  -48.527  -23.390  21.415 0.0000000000
146216  -50.044  -23.371  21.495 0.0000000000
74764  -51.065  -23.373  21.238 0.0000000000
62961  -42.888  -35.395  37.156 0.0000000000
61818  -42.414  -35.514  36.559 0.0000000000
62987  -42.007  -34.702  35.202 0.0000000000
65125  -39.682  -32.510  31.405 0.0000000000
65136  -39.999  -31.673  30.719 0.0000000000
66164  -40.377  -31.028  30.115 0.0000000000
145088  -19.371  -42.923  41.998 0.0000000000
54085  -19.791  -42.839  42.746 0.0000000000
54101  -20.928  -42.410  41.872 0.0000000000
56274  -22.965  -41.886  38.772 0.0000000000
55227  -22.547  -41.940  39.555 0.0000000000
55228  -23.339  -41.920  39.432 0.0000000000
147803  -23.749  -42.611  40.763 0.0000000000
55200  -24.736  -42.770  41.393 0.0000000000
146032  -25.405  -42.556  40.735 0.0000000000
160119  -26.247  -42.337  40.965 0.0000000000
61861  -34.470  -35.994  33.586 0.0000000000
61843  -33.638  -35.652  34.396 0.0000000000
157754  -33.285  -35.496  35.226 0.0000000000
61811  -33.040  -35.644  36.483 0.0000000000
60711  -32.953  -36.086  37.012 0.0000000000
62971  -33.684  -35.255  36.742 0.0000000000
62953  -33.873  -35.225  37.520 0.0000000000
62954  -34.394  -34.874  38.082 0.0000000000
62937  -35.106  -34.664  38.756 0.0000000000
62955  -35.130  -34.667  37.868 0.0000000000
62956  -36.215  -34.724  37.467 0.0000000000
60749  -39.062  -36.680  35.345 0.0000000000
61814  -38.755  -35.824  36.666 0.0000000000
60731  -39.422  -36.464  36.108 0.0000000000
61815  -39.896  -36.043  36.900 0.0000000000
62959  -40.965  -35.321  37.854 0.0000000000
62960  -42.007  -35.392  37.815 0.0000000000
54114  -18.242  -43.548  40.123 0.0000000000
54115  -18.795  -43.240  40.672 0.0000000000
146804  -45.136  -24.579  32.084 0.0000000000
74593  -45.813  -24.555  32.628 0.0000000000
73533  -45.352  -24.672  31.186 0.0000000000
73534  -46.308  -24.710  31.182 0.0000000000
73553  -46.752  -24.888  30.549 0.0000000000
72501  -47.437  -25.875  27.763 0.0000000000
144220  -46.985  -25.684  28.536 0.0000000000
72485  -48.240  -25.564  28.004 0.0000000000
73579  -49.613  -24.954  29.004 0.0000000000
73609  -50.507  -25.193  27.674 0.0000000000
78739  -51.609  -19.504  18.529 0.0000000000
78720  -51.646  -19.666  20.367 0.0000000000
78721  -52.353  -19.364  19.712 0.0000000000
78714  -52.582  -18.909  21.418 0.0000000000
79645  -52.840  -18.854  22.443 0.0000000000
80580  -55.006  -17.139  23.046 0.0000000000
80564  -54.881  -17.823  23.590 0.0000000000
80550  -55.272  -18.327  24.268 0.0000000000
90249  -58.029  -7.673  18.725 0.0000000000
75805  -45.601  -22.516  17.921 0.0000000000
79690  -47.856  -18.526  17.594 0.0000000000
80623  -47.271  -17.842  17.536 0.0000000000
80611  -47.834  -17.121  17.863 0.0000000000
162963  -48.282  -16.618  18.104 0.0000000000
84472  -48.355  -13.878  17.825 0.0000000000
84473  -49.227  -13.704  18.213 0.0000000000
83456  -49.808  -13.904  18.853 0.0000000000
85445  -49.764  -13.185  18.091 0.0000000000
85463  -50.668  -13.011  17.330 0.0000000000
53007  -3.555  -44.110  40.659 0.0000000000
52981  -3.402  -43.932  42.340 0.0000000000
52899  -7.997  -43.830  49.357 0.0000000000
52898  -7.111  -44.026  49.467 0.0000000000
52906  -6.631  -44.492  48.889 0.0000000000
52905  -5.673  -44.446  48.750 0.0000000000
53949  -3.768  -42.802  50.057 0.0000000000
53993  -2.741  -42.779  48.926 0.0000000000
143071  -2.477  -42.909  47.320 0.0000000000
54027  -2.897  -43.373  46.045 0.0000000000
54026  -2.279  -42.896  46.484 0.0000000000
55087  -1.517  -42.604  47.122 0.0000000000
155208  -0.924  -42.143  46.627 0.0000000000
55099  -0.342  -42.377  46.103 0.0000000000
141602  -0.481  -42.435  46.751 0.0000000000
53992  -0.302  -42.981  48.020 0.0000000000
65070  -43.859  -32.756  36.589 0.0000000000
67137  -43.192  -31.058  36.212 0.0000000000
70377  -42.936  -27.683  33.655 0.0000000000
165392  -43.343  -27.730  34.405 0.0000000000
70357  -43.536  -27.084  34.920 0.0000000000
71436  -43.334  -26.136  34.875 0.0000000000
72421  -43.336  -25.443  34.611 0.0000000000
73504  -43.416  -25.102  34.371 0.0000000000
74606  -41.966  -24.622  31.508 0.0000000000
146728  -39.995  -24.591  28.236 0.0000000000
73605  -40.473  -24.867  27.581 0.0000000000
73619  -40.831  -25.311  27.035 0.0000000000
151443  -41.546  -25.927  26.805 0.0000000000
72565  -41.044  -26.539  25.156 0.0000000000
71553  -40.816  -26.802  24.379 0.0000000000
54032  -21.365  -42.549  46.519 0.0000000000
54022  -21.184  -42.352  47.259 0.0000000000
55102  -21.958  -42.199  47.000 0.0000000000
55090  -22.564  -41.951  47.530 0.0000000000
55077  -23.243  -41.871  48.887 0.0000000000
53966  -25.680  -43.151  48.805 0.0000000000
55054  -25.583  -42.773  48.880 0.0000000000
56382  -28.353  -40.513  34.129 0.0000000000
57454  -27.661  -40.300  34.776 0.0000000000
141801  -28.017  -40.348  35.724 0.0000000000
57402  -27.768  -40.689  37.259 0.0000000000
57376  -28.220  -40.928  38.125 0.0000000000
57377  -28.775  -41.165  39.001 0.0000000000
58602  -31.835  -38.358  33.463 0.0000000000
57498  -32.381  -39.486  33.249 0.0000000000
57481  -32.926  -39.977  33.960 0.0000000000
56386  -33.369  -40.549  34.693 0.0000000000
55272  -33.247  -41.485  35.851 0.0000000000
58519  -33.515  -39.093  40.307 0.0000000000
57358  -33.406  -39.800  39.560 0.0000000000
58518  -32.427  -39.292  40.176 0.0000000000
58517  -31.349  -39.657  40.170 0.0000000000
57339  -30.677  -39.940  40.548 0.0000000000
58503  -30.870  -39.538  41.177 0.0000000000
58485  -30.785  -39.953  42.158 0.0000000000
58469  -30.690  -40.387  42.753 0.0000000000
145129  -30.700  -40.352  43.004 0.0000000000
58478  -31.083  -39.605  42.806 0.0000000000
57272  -31.449  -39.789  44.076 0.0000000000
52984  -14.520  -43.786  42.913 0.0000000000
52997  -13.973  -44.005  41.502 0.0000000000
52983  -13.696  -43.921  42.339 0.0000000000
51962  -12.800  -44.369  42.559 0.0000000000
166780  -12.365  -44.711  41.623 0.0000000000
52957  -11.889  -44.157  44.856 0.0000000000
52947  -11.714  -44.000  45.692 0.0000000000
158543  -16.221  -42.554  51.726 0.0000000000
55044  -15.777  -42.645  51.079 0.0000000000
70552  -45.591  -27.177  20.468 0.0000000000
70515  -46.249  -27.461  21.837 0.0000000000
70535  -46.362  -27.337  20.941 0.0000000000
71595  -46.981  -27.265  21.440 0.0000000000
71596  -47.687  -27.055  21.888 0.0000000000
72611  -51.472  -25.553  22.115 0.0000000000
72610  -50.779  -25.922  22.348 0.0000000000
158206  -51.265  -25.850  22.838 0.0000000000
72592  -51.437  -25.964  23.546 0.0000000000
72567  -51.711  -26.073  24.320 0.0000000000
139694  -52.049  -26.074  24.902 0.0000000000
162206  -52.655  -26.161  25.841 0.0000000000
72545  -53.299  -26.302  25.567 0.0000000000
157957  -53.443  -21.528  23.119 0.0000000000
75742  -53.653  -21.909  22.330 0.0000000000
75763  -55.571  -22.511  22.942 0.0000000000
85466  -53.404  -12.820  16.586 0.0000000000
85467  -54.362  -12.712  16.412 0.0000000000
85468  -55.275  -12.538  16.223 0.0000000000
87379  -57.715  -10.436  15.180 0.0000000000
88313  -58.271  -10.056  14.460 0.0000000000
88314  -58.663  -9.796  13.677 0.0000000000
89255  -58.971  -9.042  13.626 0.0000000000
90319  -55.437  -7.382  9.374 0.0000000000
90308  -56.503  -7.132  10.372 0.0000000000
90299  -57.315  -7.333  10.885 0.0000000000
139655  -58.144  -7.813  11.072 0.0000000000
89274  -58.487  -8.549  11.396 0.0000000000
90300  -58.995  -7.664  11.235 0.0000000000
90301  -59.734  -6.904  11.605 0.0000000000
91230  -60.215  -6.040  12.311 0.0000000000
92124  -60.608  -5.757  12.115 0.0000000000
92170  -60.193  -6.059  8.357 0.0000000000
92157  -60.606  -5.907  9.041 0.0000000000
92158  -61.075  -6.044  9.152 0.0000000000
60767  -40.330  -36.263  34.907 0.0000000000
61849  -40.752  -35.519  34.533 0.0000000000
63004  -39.747  -34.630  33.172 0.0000000000
161811  -39.615  -33.897  32.645 0.0000000000
63017  -38.890  -34.320  31.583 0.0000000000
63018  -39.200  -34.282  32.153 0.0000000000
64115  -39.321  -33.565  31.707 0.0000000000
64126  -39.204  -33.142  30.830 0.0000000000
56289  -22.798  -42.173  38.286 0.0000000000
56291  -24.192  -41.404  38.093 0.0000000000
61903  -32.866  -36.662  30.780 0.0000000000
60797  -33.998  -36.671  31.945 0.0000000000
60798  -34.885  -36.799  32.104 0.0000000000
61879  -34.210  -36.389  32.768 0.0000000000
61828  -36.193  -35.702  35.265 0.0000000000
61847  -37.444  -36.459  34.830 0.0000000000
60781  -37.776  -36.769  33.445 0.0000000000
60764  -37.988  -36.786  34.304 0.0000000000
60748  -38.239  -36.642  35.102 0.0000000000
60766  -39.558  -36.571  34.729 0.0000000000
72481  -43.867  -25.828  28.537 0.0000000000
72482  -44.631  -25.563  29.029 0.0000000000
72498  -44.779  -26.055  28.351 0.0000000000
72499  -45.622  -26.125  28.130 0.0000000000
72516  -45.937  -26.376  27.335 0.0000000000
157914  -45.471  -26.630  26.788 0.0000000000
72517  -46.818  -26.227  27.118 0.0000000000
71513  -47.124  -26.356  26.296 0.0000000000
72539  -47.938  -26.241  26.119 0.0000000000
80614  -52.651  -16.993  18.344 0.0000000000
80604  -53.588  -17.445  18.712 0.0000000000
80605  -54.036  -16.891  18.958 0.0000000000
80599  -54.424  -17.148  19.770 0.0000000000
81533  -54.911  -16.534  20.324 0.0000000000
81534  -55.296  -16.046  20.798 0.0000000000
81523  -55.005  -16.611  21.339 0.0000000000
81514  -55.278  -16.549  22.331 0.0000000000
152011  -55.793  -16.555  23.271 0.0000000000
86376  -56.623  -11.437  21.771 0.0000000000
88274  -56.160  -8.949  19.842 0.0000000000
141814  -56.129  -8.998  18.834 0.0000000000
51988  -7.159  -45.293  40.008 0.0000000000
52001  -6.440  -45.016  39.407 0.0000000000
51972  -5.552  -45.395  41.039 0.0000000000
146421  -5.621  -45.392  42.185 0.0000000000
51955  -5.355  -45.097  43.056 0.0000000000
67164  -41.718  -30.555  33.210 0.0000000000
138771  -42.194  -30.239  33.821 0.0000000000
67175  -42.207  -29.836  33.035 0.0000000000
69222  -42.272  -28.849  32.162 0.0000000000
70420  -41.251  -28.239  30.904 0.0000000000
147721  -41.560  -27.919  31.419 0.0000000000
70396  -41.981  -28.055  32.007 0.0000000000
70397  -42.021  -27.288  32.558 0.0000000000
71458  -41.594  -26.393  32.399 0.0000000000
72439  -41.217  -25.492  32.216 0.0000000000
72438  -40.836  -25.072  31.846 0.0000000000
73547  -40.047  -24.759  30.684 0.0000000000
73569  -39.692  -24.656  29.719 0.0000000000
72468  -39.066  -25.192  29.587 0.0000000000
73568  -39.095  -24.815  29.184 0.0000000000
73589  -39.525  -24.639  28.805 0.0000000000
73617  -39.119  -24.814  26.887 0.0000000000
166571  -39.296  -25.270  25.697 0.0000000000
55119  -23.923  -42.519  45.683 0.0000000000
55105  -24.505  -41.975  46.235 0.0000000000
56141  -25.157  -41.764  47.873 0.0000000000
56127  -25.753  -41.961  48.220 0.0000000000
56128  -26.305  -42.103  47.854 0.0000000000
56125  -26.282  -42.117  48.535 0.0000000000
53988  -26.365  -42.665  48.586 0.0000000000
53991  -28.000  -43.104  47.678 0.0000000000
141846  -29.610  -40.848  35.194 0.0000000000
56335  -29.876  -40.859  36.128 0.0000000000
58561  -34.928  -38.808  36.549 0.0000000000
57427  -34.937  -39.847  36.373 0.0000000000
57428  -35.470  -39.511  37.010 0.0000000000
57384  -35.738  -39.790  38.262 0.0000000000
58521  -36.106  -38.824  39.621 0.0000000000
58520  -35.235  -39.360  39.870 0.0000000000
158425  -34.289  -39.447  39.920 0.0000000000
58495  -33.074  -38.308  41.424 0.0000000000
59548  -31.793  -38.217  43.692 0.0000000000
161906  -32.249  -37.782  43.412 0.0000000000
59539  -32.230  -37.582  44.948 0.0000000000
59526  -32.446  -37.798  45.554 0.0000000000
60596  -33.547  -36.752  44.791 0.0000000000
59515  -32.886  -38.043  46.121 0.0000000000
158456  -32.845  -39.380  45.709 0.0000000000
52999  -15.544  -43.876  41.505 0.0000000000
139483  -15.096  -43.871  42.273 0.0000000000
52971  -15.471  -43.799  43.027 0.0000000000
138952  -15.075  -43.762  43.755 0.0000000000
52937  -14.478  -43.736  46.168 0.0000000000
52925  -14.191  -43.698  47.104 0.0000000000
162024  -14.984  -43.537  48.489 0.0000000000
54002  -15.614  -43.435  48.840 0.0000000000
54003  -16.385  -43.503  48.357 0.0000000000
53984  -16.440  -43.142  49.327 0.0000000000
53962  -16.120  -42.844  50.262 0.0000000000
73727  -46.446  -24.831  20.580 0.0000000000
72638  -47.189  -25.556  20.368 0.0000000000
155659  -47.933  -25.430  20.387 0.0000000000
157681  -49.361  -25.371  20.510 0.0000000000
72639  -50.174  -25.290  20.797 0.0000000000
73707  -48.916  -23.989  21.105 0.0000000000
72624  -50.890  -25.464  21.477 0.0000000000
72612  -52.172  -25.192  22.138 0.0000000000
84520  -54.063  -13.915  14.604 0.0000000000
84529  -53.757  -13.770  13.887 0.0000000000
138336  -54.305  -13.204  13.561 0.0000000000
85502  -54.891  -12.585  13.343 0.0000000000
91251  -56.762  -6.785  9.604 0.0000000000
92140  -58.069  -6.080  9.841 0.0000000000
92149  -57.917  -6.255  9.336 0.0000000000
159516  -58.279  -6.422  8.810 0.0000000000
150456  -59.017  -6.241  8.671 0.0000000000
90344  -57.705  -7.567  8.110 0.0000000000
91271  -58.759  -6.633  8.154 0.0000000000
92169  -59.526  -6.295  8.155 0.0000000000
51927  -9.643  -44.870  45.764 0.0000000000
51926  -8.776  -45.241  45.638 0.0000000000
51917  -9.299  -44.774  46.547 0.0000000000
148248  -9.347  -44.480  47.303 0.0000000000
53954  -8.107  -42.944  50.695 0.0000000000
62946  -44.482  -34.172  38.276 0.0000000000
62976  -43.569  -34.782  36.783 0.0000000000
64082  -43.887  -33.864  36.584 0.0000000000
166582  -40.758  -34.849  34.193 0.0000000000
64091  -41.206  -33.533  34.326 0.0000000000
146171  -41.153  -32.715  34.189 0.0000000000
166355  -41.229  -31.627  33.745 0.0000000000
139621  -41.595  -30.020  31.689 0.0000000000
68214  -41.213  -29.788  30.558 0.0000000000
67203  -40.924  -29.931  29.987 0.0000000000
68213  -40.930  -29.275  30.088 0.0000000000
69278  -39.819  -28.362  28.328 0.0000000000
156871  -19.266  -42.933  46.652 0.0000000000
54030  -19.959  -42.802  46.132 0.0000000000
141611  -20.629  -42.768  45.267 0.0000000000
138950  -19.833  -42.904  43.831 0.0000000000
54043  -21.476  -42.686  45.726 0.0000000000
54044  -22.343  -42.754  45.410 0.0000000000
54045  -23.260  -42.806  45.100 0.0000000000
55212  -20.958  -42.277  40.253 0.0000000000
55197  -21.383  -42.295  41.316 0.0000000000
54102  -21.505  -42.459  41.926 0.0000000000
55214  -22.180  -42.117  40.539 0.0000000000
55198  -22.049  -42.439  41.444 0.0000000000
54088  -22.036  -42.675  42.328 0.0000000000
54070  -22.621  -42.934  43.663 0.0000000000
55137  -24.235  -42.694  44.729 0.0000000000
159686  -25.048  -42.189  44.712 0.0000000000
55139  -25.719  -41.945  44.220 0.0000000000
56215  -28.055  -42.188  43.342 0.0000000000
60812  -30.017  -36.148  32.076 0.0000000000
59651  -30.552  -37.095  33.064 0.0000000000
58601  -30.968  -37.988  33.015 0.0000000000
61877  -32.308  -35.893  32.623 0.0000000000
61858  -31.566  -35.826  33.380 0.0000000000
149464  -32.837  -35.684  34.042 0.0000000000
145867  -32.047  -35.702  34.126 0.0000000000
150291  -31.537  -36.034  34.093 0.0000000000
155967  -31.863  -37.181  35.149 0.0000000000
59639  -32.484  -37.595  35.456 0.0000000000
58560  -33.672  -38.189  36.019 0.0000000000
59625  -33.700  -37.509  36.617 0.0000000000
59626  -34.550  -37.886  36.894 0.0000000000
59610  -35.016  -37.489  37.515 0.0000000000
60712  -33.633  -36.318  37.505 0.0000000000
60713  -34.349  -36.614  37.994 0.0000000000
59598  -35.480  -37.158  38.273 0.0000000000
60694  -35.922  -36.844  39.113 0.0000000000
60675  -36.047  -36.122  39.932 0.0000000000
61763  -36.410  -35.803  41.704 0.0000000000
61749  -36.384  -35.542  42.692 0.0000000000
139626  -36.378  -35.069  40.956 0.0000000000
159600  -36.549  -34.727  40.977 0.0000000000
64039  -36.558  -34.479  40.744 0.0000000000
145108  -35.550  -34.611  39.407 0.0000000000
64048  -36.052  -34.317  39.996 0.0000000000
64033  -37.091  -34.265  41.285 0.0000000000
65024  -37.334  -33.931  41.048 0.0000000000
65039  -37.691  -33.822  40.811 0.0000000000
161521  -38.204  -33.668  40.784 0.0000000000
61812  -36.732  -35.541  35.930 0.0000000000
143175  -36.949  -35.151  36.721 0.0000000000
62957  -37.329  -34.831  37.409 0.0000000000
61799  -38.358  -34.963  37.400 0.0000000000
155527  -37.714  -34.502  38.072 0.0000000000
64064  -37.964  -34.072  38.702 0.0000000000
65052  -38.764  -33.641  40.214 0.0000000000
65053  -39.594  -33.348  40.332 0.0000000000
64067  -40.885  -33.947  38.882 0.0000000000
64054  -41.337  -33.595  39.572 0.0000000000
53031  -16.490  -43.859  39.361 0.0000000000
162600  -16.832  -43.829  40.882 0.0000000000
53001  -17.041  -43.792  41.594 0.0000000000
54098  -18.062  -43.592  40.925 0.0000000000
157192  -17.756  -43.678  41.675 0.0000000000
54051  -17.875  -43.680  44.771 0.0000000000
74532  -45.915  -24.566  35.306 0.0000000000
74594  -46.502  -24.430  33.148 0.0000000000
74575  -47.222  -24.188  33.642 0.0000000000
138926  -47.921  -23.947  34.315 0.0000000000
74576  -48.056  -23.990  33.406 0.0000000000
73576  -46.312  -25.147  29.911 0.0000000000
72472  -47.466  -25.332  29.078 0.0000000000
73577  -47.168  -25.096  29.839 0.0000000000
73554  -47.700  -24.782  30.580 0.0000000000
73536  -48.323  -24.558  31.037 0.0000000000
74612  -49.489  -24.108  31.810 0.0000000000
73580  -50.422  -24.743  29.507 0.0000000000
76749  -49.266  -21.447  21.185 0.0000000000
76750  -49.813  -21.096  21.453 0.0000000000
77781  -50.320  -21.106  22.094 0.0000000000
77775  -51.092  -21.085  22.802 0.0000000000
78713  -51.627  -19.626  21.539 0.0000000000
78705  -51.405  -20.225  22.562 0.0000000000
76718  -52.631  -21.315  23.529 0.0000000000
76719  -53.455  -21.218  23.692 0.0000000000
76720  -54.497  -21.099  23.824 0.0000000000
76702  -55.138  -20.959  23.861 0.0000000000
141946  -53.331  -18.369  21.727 0.0000000000
79634  -54.296  -18.611  23.788 0.0000000000
79633  -53.573  -19.204  23.710 0.0000000000
77730  -54.883  -20.794  23.875 0.0000000000
150793  -1.190  -41.600  41.593 0.0000000000
70512  -43.793  -27.876  22.480 0.0000000000
70532  -43.416  -28.251  21.447 0.0000000000
70533  -44.989  -27.692  20.881 0.0000000000
70569  -43.940  -27.615  19.854 0.0000000000
70551  -44.710  -27.358  20.225 0.0000000000
143800  -45.525  -26.119  20.170 0.0000000000
73748  -44.522  -25.043  19.368 0.0000000000
73749  -45.126  -24.534  19.966 0.0000000000
72636  -45.620  -25.072  20.350 0.0000000000
74761  -46.510  -23.918  21.020 0.0000000000
74783  -46.811  -23.059  20.628 0.0000000000
75796  -46.553  -22.598  19.631 0.0000000000
75797  -47.212  -22.326  20.082 0.0000000000
76757  -48.297  -21.413  19.879 0.0000000000
77808  -47.560  -20.880  18.325 0.0000000000
77798  -48.834  -20.855  19.141 0.0000000000
163108  -49.456  -20.701  19.548 0.0000000000
77810  -49.544  -20.387  18.669 0.0000000000
77811  -50.316  -19.967  18.552 0.0000000000
78748  -49.447  -18.932  17.626 0.0000000000
78749  -50.253  -19.001  17.714 0.0000000000
78738  -50.879  -19.371  18.116 0.0000000000
79677  -51.837  -18.845  18.033 0.0000000000
80613  -51.916  -18.094  17.882 0.0000000000
162976  -52.450  -17.663  18.111 0.0000000000
81551  -47.650  -16.199  18.010 0.0000000000
82468  -48.342  -15.735  18.232 0.0000000000
81552  -48.950  -16.619  18.291 0.0000000000
81553  -49.832  -16.744  18.459 0.0000000000
81554  -50.797  -16.890  18.433 0.0000000000
81555  -51.795  -17.126  18.237 0.0000000000
81541  -52.115  -16.465  18.638 0.0000000000
82458  -51.921  -15.671  19.234 0.0000000000
83458  -52.197  -14.648  19.712 0.0000000000
154264  -51.244  -13.903  19.497 0.0000000000
84464  -51.971  -13.488  19.697 0.0000000000
84454  -52.598  -12.794  19.865 0.0000000000
85428  -52.824  -11.929  19.653 0.0000000000
86393  -52.463  -11.720  19.201 0.0000000000
86399  -52.286  -11.669  18.892 0.0000000000
85464  -51.536  -12.892  17.066 0.0000000000
85465  -52.456  -12.858  16.797 0.0000000000
84507  -52.528  -14.271  15.498 0.0000000000
83492  -52.762  -14.504  14.909 0.0000000000
83502  -51.627  -14.797  14.417 0.0000000000
83503  -52.385  -14.549  14.310 0.0000000000
139231  -8.049  -45.631  45.132 0.0000000000
138954  -7.080  -45.688  45.114 0.0000000000
51907  -7.244  -44.872  47.895 0.0000000000
162713  -6.948  -45.641  46.053 0.0000000000
51934  -6.026  -45.497  44.735 0.0000000000
51933  -5.276  -45.095  44.458 0.0000000000
51942  -4.909  -44.937  43.769 0.0000000000
53973  -5.849  -43.555  50.181 0.0000000000
158286  -5.399  -43.836  49.481 0.0000000000
52896  -4.859  -43.880  48.851 0.0000000000
139592  -4.185  -43.425  49.065 0.0000000000
52917  -4.848  -44.591  47.225 0.0000000000
51932  -4.428  -44.680  44.568 0.0000000000
52966  -4.136  -44.543  43.629 0.0000000000
52982  -3.966  -44.436  42.795 0.0000000000
52965  -3.402  -43.910  43.375 0.0000000000
54065  -2.613  -43.328  43.636 0.0000000000
150734  -0.679  -41.760  43.050 0.0000000000
55149  -0.061  -41.673  43.416 0.0000000000
55126  0.205  -42.253  44.689 0.0000000000
55110  -0.223  -42.104  45.256 0.0000000000
55097  0.084  -42.840  45.730 0.0000000000
71391  -47.099  -26.787  38.777 0.0000000000
71401  -46.627  -26.464  38.435 0.0000000000
64072  -45.570  -33.019  39.188 0.0000000000
150281  -44.475  -32.277  37.310 0.0000000000
162022  -42.615  -29.869  34.285 0.0000000000
68149  -42.870  -29.817  34.959 0.0000000000
67148  -43.217  -29.729  35.597 0.0000000000
68150  -43.350  -29.141  35.156 0.0000000000
67138  -43.487  -30.083  36.310 0.0000000000
68131  -44.465  -29.549  37.532 0.0000000000
158070  -45.137  -28.276  37.910 0.0000000000
71418  -44.149  -26.822  36.202 0.0000000000
71409  -45.078  -26.839  37.568 0.0000000000
72393  -44.967  -25.500  36.992 0.0000000000
73493  -45.348  -24.757  35.902 0.0000000000
74572  -44.403  -24.701  33.410 0.0000000000
74571  -43.438  -24.796  33.208 0.0000000000
74592  -44.160  -24.624  32.483 0.0000000000
74608  -44.396  -24.601  31.548 0.0000000000
73550  -43.887  -24.728  30.278 0.0000000000
73573  -43.612  -24.912  29.675 0.0000000000
73532  -41.016  -24.807  31.655 0.0000000000
74605  -41.356  -24.680  31.402 0.0000000000
74629  -41.746  -24.416  30.292 0.0000000000
161308  -41.416  -24.551  29.021 0.0000000000
73571  -41.959  -24.530  29.597 0.0000000000
74630  -42.407  -24.507  30.112 0.0000000000
73572  -42.773  -24.786  29.578 0.0000000000
73593  -43.991  -25.296  29.207 0.0000000000
72497  -43.500  -26.235  27.771 0.0000000000
72515  -43.257  -26.554  27.071 0.0000000000
72538  -42.080  -26.632  26.220 0.0000000000
71509  -42.937  -26.812  26.359 0.0000000000
70481  -42.788  -27.588  24.262 0.0000000000
70442  -38.477  -27.180  27.422 0.0000000000
71496  -37.558  -25.718  27.070 0.0000000000
73615  -37.414  -25.005  26.196 0.0000000000
73633  -37.958  -24.918  25.670 0.0000000000
72535  -38.901  -25.322  25.268 0.0000000000
72588  -38.297  -25.814  24.028 0.0000000000
139847  -38.829  -25.718  24.568 0.0000000000
72563  -39.519  -25.898  24.675 0.0000000000
71552  -40.007  -26.513  24.161 0.0000000000
71574  -40.540  -27.021  23.582 0.0000000000
71593  -40.206  -27.325  22.816 0.0000000000
157105  -41.784  -27.735  22.949 0.0000000000
54020  -19.786  -42.706  47.724 0.0000000000
54007  -20.229  -42.438  48.211 0.0000000000
55075  -21.603  -41.960  48.577 0.0000000000
144077  -23.805  -41.821  48.210 0.0000000000
55078  -24.180  -41.949  48.976 0.0000000000
57398  -24.352  -41.102  36.780 0.0000000000
56312  -24.661  -41.050  37.517 0.0000000000
56292  -25.143  -41.457  38.062 0.0000000000
56277  -25.793  -42.024  38.683 0.0000000000
55231  -26.471  -42.330  39.597 0.0000000000
55218  -26.906  -42.248  40.632 0.0000000000
56279  -28.148  -41.956  39.126 0.0000000000
160466  -27.749  -42.284  40.085 0.0000000000
146724  -27.823  -42.064  41.224 0.0000000000
56243  -27.934  -41.825  42.016 0.0000000000
56229  -28.202  -41.937  42.625 0.0000000000
57297  -28.899  -41.905  42.853 0.0000000000
138267  -31.332  -41.023  32.656 0.0000000000
56400  -32.406  -40.528  33.411 0.0000000000
56399  -31.869  -40.986  33.121 0.0000000000
55307  -31.151  -41.441  33.534 0.0000000000
56362  -30.591  -41.317  35.396 0.0000000000
56316  -30.128  -40.905  37.052 0.0000000000
56340  -34.485  -40.656  36.340 0.0000000000
56339  -33.760  -41.276  36.551 0.0000000000
56319  -33.078  -41.306  37.362 0.0000000000
57381  -32.856  -40.390  38.805 0.0000000000
56297  -32.420  -40.864  38.080 0.0000000000
56317  -31.082  -41.127  37.211 0.0000000000
154666  -29.816  -40.810  38.668 0.0000000000
57378  -29.484  -40.946  39.308 0.0000000000
57354  -29.425  -41.205  39.873 0.0000000000
57338  -30.369  -40.324  41.003 0.0000000000
142308  -29.975  -40.964  41.191 0.0000000000
150561  -29.515  -41.363  41.349 0.0000000000
57319  -29.228  -41.559  41.799 0.0000000000
57308  -29.083  -41.698  42.311 0.0000000000
57286  -28.630  -42.152  43.538 0.0000000000
56198  -28.676  -42.214  44.116 0.0000000000
56180  -28.804  -42.174  44.464 0.0000000000
56164  -29.184  -42.382  45.293 0.0000000000
56146  -29.228  -42.916  45.842 0.0000000000
58460  -31.556  -38.842  44.122 0.0000000000
57256  -31.401  -40.268  44.141 0.0000000000
139566  -8.890  -44.942  39.599 0.0000000000
154515  -8.995  -45.246  40.402 0.0000000000
51946  -9.636  -45.342  43.482 0.0000000000
157745  -11.426  -44.361  39.389 0.0000000000
51978  -11.489  -44.903  41.437 0.0000000000
51977  -10.620  -45.112  41.244 0.0000000000
164201  -10.010  -45.322  42.884 0.0000000000
143331  -10.005  -44.976  44.066 0.0000000000
51928  -10.376  -44.758  45.469 0.0000000000
55043  -14.888  -42.599  51.126 0.0000000000
70498  -45.149  -27.492  23.060 0.0000000000
159781  -45.586  -27.246  23.575 0.0000000000
71577  -46.258  -27.030  23.635 0.0000000000
71559  -46.403  -26.872  24.415 0.0000000000
140206  -46.921  -26.730  24.920 0.0000000000
71537  -48.250  -26.410  25.353 0.0000000000
72540  -48.703  -26.075  25.952 0.0000000000
71612  -48.253  -26.687  21.137 0.0000000000
71597  -48.459  -26.819  22.198 0.0000000000
71580  -48.628  -26.741  23.172 0.0000000000
72609  -50.023  -26.367  22.713 0.0000000000
71581  -49.346  -26.585  23.438 0.0000000000
166889  -48.797  -26.626  23.905 0.0000000000
72566  -49.083  -26.314  25.215 0.0000000000
72504  -50.861  -25.461  27.003 0.0000000000
138404  -51.730  -25.598  27.145 0.0000000000
75758  -50.165  -22.297  22.239 0.0000000000
74713  -51.092  -22.802  22.012 0.0000000000
74738  -51.854  -22.955  21.382 0.0000000000
75777  -53.325  -22.454  21.711 0.0000000000
74740  -53.420  -23.292  21.440 0.0000000000
73709  -52.626  -23.888  21.186 0.0000000000
73682  -53.146  -24.274  21.771 0.0000000000
72613  -53.437  -24.792  22.544 0.0000000000
141318  -53.625  -25.327  23.513 0.0000000000
72570  -54.231  -25.736  24.469 0.0000000000
72546  -54.146  -26.278  25.274 0.0000000000
86394  -53.017  -11.295  19.511 0.0000000000
86400  -53.239  -10.862  19.166 0.0000000000
87346  -53.995  -10.503  18.631 0.0000000000
87347  -54.769  -9.940  18.626 0.0000000000
88281  -55.615  -9.603  18.196 0.0000000000
88289  -56.343  -9.268  17.776 0.0000000000
86429  -56.105  -12.268  15.908 0.0000000000
85479  -56.389  -12.646  15.083 0.0000000000
88282  -56.859  -8.657  18.359 0.0000000000
88290  -56.974  -8.874  17.339 0.0000000000
89219  -57.571  -8.148  17.923 0.0000000000
89220  -58.044  -7.735  17.249 0.0000000000
89238  -57.718  -8.931  16.067 0.0000000000
89232  -57.992  -8.057  16.377 0.0000000000
90258  -58.670  -6.972  17.561 0.0000000000
91202  -59.145  -6.456  17.015 0.0000000000
88325  -58.896  -9.420  12.770 0.0000000000
89256  -59.284  -8.538  13.090 0.0000000000
140302  -59.428  -7.518  13.413 0.0000000000
89244  -59.010  -8.136  14.032 0.0000000000
90278  -59.252  -6.844  14.483 0.0000000000
92142  -60.031  -6.219  10.588 0.0000000000
93018  -60.933  -5.805  11.318 0.0000000000
93025  -61.049  -5.951  9.994 0.0000000000
51914  -6.360  -45.458  46.543 0.0000000000
51918  -10.201  -44.598  46.303 0.0000000000
51925  -7.759  -45.559  45.927 0.0000000000
51936  -8.732  -45.507  44.625 0.0000000000
51937  -9.585  -44.986  44.879 0.0000000000
51947  -10.340  -44.990  43.407 0.0000000000
51987  -6.097  -45.325  40.145 0.0000000000
51990  -9.628  -44.969  40.083 0.0000000000
52005  -11.000  -44.690  39.845 0.0000000000
52918  -8.034  -44.547  48.123 0.0000000000
52919  -8.823  -44.349  47.852 0.0000000000
52931  -4.135  -44.114  46.560 0.0000000000
52944  -3.716  -44.021  44.932 0.0000000000
52986  -16.594  -43.808  42.113 0.0000000000
52995  -3.442  -44.002  41.412 0.0000000000
52998  -14.738  -43.943  41.523 0.0000000000
53014  -16.672  -43.875  40.127 0.0000000000
53951  -5.428  -42.934  50.789 0.0000000000
53960  -14.491  -42.770  50.519 0.0000000000
53961  -15.233  -42.818  50.396 0.0000000000
53967  -26.292  -43.208  48.426 0.0000000000
53968  -0.547  -43.113  48.619 0.0000000000
53969  -0.884  -42.971  49.123 0.0000000000
53971  -3.601  -42.934  49.343 0.0000000000
53976  -8.479  -43.354  49.965 0.0000000000
54011  -0.167  -42.822  47.288 0.0000000000
54012  -2.939  -42.954  48.016 0.0000000000
54042  -19.702  -42.914  45.285 0.0000000000
54084  -18.895  -43.177  42.609 0.0000000000
54100  -20.185  -42.671  41.734 0.0000000000
54103  -22.808  -42.820  41.962 0.0000000000
55055  -0.567  -42.923  48.451 0.0000000000
55065  -26.035  -42.312  48.895 0.0000000000
55066  -27.213  -42.298  48.574 0.0000000000
55069  -0.520  -42.769  47.979 0.0000000000
55070  -0.763  -42.644  48.163 0.0000000000
55081  -28.651  -41.949  48.251 0.0000000000
55084  -0.423  -42.674  47.327 0.0000000000
55085  -0.579  -42.572  47.594 0.0000000000
55088  -20.985  -42.156  48.002 0.0000000000
55093  -28.417  -42.853  46.697 0.0000000000
55109  0.037  -42.561  45.566 0.0000000000
55111  -0.679  -42.187  45.704 0.0000000000
55171  -1.019  -41.726  42.379 0.0000000000
55213  -21.454  -42.174  40.658 0.0000000000
55308  -32.071  -41.316  33.829 0.0000000000
56143  -26.712  -42.054  47.244 0.0000000000
56144  -28.072  -42.327  46.638 0.0000000000
56181  -28.926  -42.154  44.746 0.0000000000
56197  -27.314  -42.106  44.171 0.0000000000
56298  -33.470  -40.845  38.053 0.0000000000
56299  -34.523  -40.732  37.854 0.0000000000
56300  -35.286  -40.342  37.895 0.0000000000
56338  -32.753  -41.562  36.576 0.0000000000
56396  -28.872  -40.691  33.583 0.0000000000
56412  -30.630  -40.968  32.296 0.0000000000
56413  -31.272  -40.520  31.954 0.0000000000
57271  -30.607  -40.588  43.478 0.0000000000
57287  -29.405  -41.750  43.278 0.0000000000
57309  -29.764  -41.283  42.172 0.0000000000
57406  -35.578  -39.917  37.594 0.0000000000
57457  -33.854  -40.052  35.095 0.0000000000
58449  -32.751  -38.714  46.052 0.0000000000
58477  -30.632  -40.343  42.420 0.0000000000
58493  -30.859  -39.588  41.783 0.0000000000
58506  -35.561  -38.761  40.444 0.0000000000
58507  -36.172  -38.324  40.248 0.0000000000
58533  -36.369  -38.288  39.194 0.0000000000
58559  -33.104  -38.109  35.638 0.0000000000
58584  -34.394  -39.026  35.998 0.0000000000
59525  -31.652  -38.211  45.031 0.0000000000
59527  -33.125  -37.443  45.846 0.0000000000
59550  -33.040  -37.281  43.435 0.0000000000
59556  -31.444  -38.944  43.088 0.0000000000
59568  -31.868  -38.356  42.275 0.0000000000
59569  -32.775  -37.939  42.011 0.0000000000
59571  -36.233  -37.300  41.171 0.0000000000
60583  -32.981  -37.179  45.298 0.0000000000
60637  -35.370  -37.003  42.334 0.0000000000
60657  -36.340  -35.857  40.780 0.0000000000
60676  -36.396  -37.190  39.822 0.0000000000
60746  -31.975  -36.395  35.296 0.0000000000
61831  -41.188  -36.019  35.838 0.0000000000
62922  -36.105  -34.704  40.365 0.0000000000
63010  -38.847  -34.930  32.132 0.0000000000
64024  -37.978  -33.832  42.353 0.0000000000
64032  -36.873  -34.727  41.450 0.0000000000
64040  -36.683  -34.156  40.574 0.0000000000
64050  -37.346  -33.944  39.427 0.0000000000
64051  -38.251  -33.851  39.428 0.0000000000
64069  -43.507  -34.293  39.082 0.0000000000
65025  -38.090  -33.657  41.395 0.0000000000
66134  -41.321  -31.165  33.367 0.0000000000
70279  -47.091  -27.446  38.850 0.0000000000
70314  -44.873  -27.761  37.474 0.0000000000
70530  -41.472  -28.117  21.674 0.0000000000
71402  -47.181  -26.245  38.558 0.0000000000
71555  -42.343  -27.238  24.878 0.0000000000
71576  -44.938  -27.304  23.908 0.0000000000
71625  -44.970  -26.683  20.090 0.0000000000
71628  -47.819  -26.221  20.430 0.0000000000
72458  -39.961  -25.612  30.939 0.0000000000
72467  -38.765  -25.063  29.048 0.0000000000
72469  -45.192  -25.429  29.421 0.0000000000
72479  -38.566  -25.253  28.505 0.0000000000
72625  -51.619  -24.887  21.360 0.0000000000
73492  -44.533  -24.991  35.572 0.0000000000
73514  -42.967  -25.004  33.667 0.0000000000
73521  -41.318  -25.034  32.201 0.0000000000
73522  -41.934  -25.002  32.572 0.0000000000
73606  -41.322  -25.318  27.571 0.0000000000
73610  -51.259  -25.165  27.797 0.0000000000
74513  -46.220  -24.538  36.103 0.0000000000
74618  -41.541  -24.467  30.914 0.0000000000
74635  -41.168  -24.392  29.776 0.0000000000
74737  -50.388  -22.839  22.063 0.0000000000
74739  -52.523  -23.277  21.208 0.0000000000
74741  -54.001  -22.600  21.770 0.0000000000
74763  -49.789  -23.935  20.978 0.0000000000
75741  -52.888  -21.641  23.151 0.0000000000
75760  -51.697  -22.366  22.343 0.0000000000
75773  -47.976  -23.130  21.393 0.0000000000
75798  -47.849  -22.062  20.476 0.0000000000
76717  -51.845  -21.323  23.305 0.0000000000
76742  -49.747  -21.839  22.038 0.0000000000
77743  -54.112  -20.725  24.070 0.0000000000
77759  -51.814  -20.638  23.294 0.0000000000
77791  -50.991  -19.908  21.023 0.0000000000
77809  -48.432  -20.648  18.461 0.0000000000
78679  -53.858  -20.391  24.161 0.0000000000
78727  -51.689  -19.707  19.355 0.0000000000
79621  -54.051  -19.668  24.207 0.0000000000
79624  -56.873  -18.474  24.921 0.0000000000
79647  -54.332  -17.797  22.871 0.0000000000
79655  -53.396  -18.425  20.667 0.0000000000
79670  -53.411  -18.159  18.744 0.0000000000
79691  -48.583  -18.746  17.615 0.0000000000
80598  -53.886  -17.679  19.266 0.0000000000
81501  -56.574  -16.644  24.010 0.0000000000
81543  -53.351  -16.853  18.581 0.0000000000
84456  -54.473  -13.546  20.307 0.0000000000
84521  -54.834  -13.581  14.630 0.0000000000
85439  -52.096  -12.194  19.340 0.0000000000
86450  -57.605  -11.403  13.831 0.0000000000
87390  -57.911  -10.848  13.419 0.0000000000
88343  -56.055  -9.222  11.706 0.0000000000
90257  -58.304  -7.437  18.117 0.0000000000
90270  -58.459  -7.518  15.917 0.0000000000
91244  -56.202  -7.040  9.713 0.0000000000
92141  -59.060  -6.171  10.053 0.0000000000
92143  -60.646  -5.928  11.163 0.0000000000
92151  -61.447  -6.190  10.750 0.0000000000
93024  -60.628  -5.945  10.550 0.0000000000
138111  -2.960  -43.256  46.796 0.0000000000
138299  -4.872  -44.299  48.099 0.0000000000
140041  -27.356  -42.271  45.753 0.0000000000
142361  -21.585  -42.766  44.843 0.0000000000
144303  -16.100  -43.763  44.926 0.0000000000
144509  -48.048  -24.119  35.762 0.0000000000
147347  -32.301  -35.932  35.346 0.0000000000
147706  -51.836  -12.724  19.408 0.0000000000
148703  -28.772  -44.158  46.636 0.0000000000
149262  -53.853  -10.491  19.389 0.0000000000
151070  -3.543  -43.509  47.836 0.0000000000
151449  -54.222  -10.092  19.290 0.0000000000
153003  -34.280  -38.233  36.355 0.0000000000
153104  -10.879  -44.988  41.972 0.0000000000
155900  -29.142  -40.791  32.865 0.0000000000
156977  -31.427  -38.988  44.498 0.0000000000
158159  -24.213  -41.853  46.920 0.0000000000
158521  -49.044  -25.884  26.516 0.0000000000
159408  -33.424  -35.629  37.083 0.0000000000
159494  -4.386  -44.824  42.391 0.0000000000
159653  -49.744  -24.752  29.809 0.0000000000
159734  -38.487  -36.692  33.750 0.0000000000
159978  -47.671  -25.568  28.440 0.0000000000
160176  -38.895  -33.805  39.387 0.0000000000
160768  -29.933  -40.983  40.589 0.0000000000
161863  -46.227  -27.069  38.431 0.0000000000
162972  -42.187  -29.476  32.430 0.0000000000
163362  -50.258  -20.375  20.262 0.0000000000
163744  -4.954  -44.983  42.466 0.0000000000
163898  -59.039  -8.437  11.683 0.0000000000
164982  -25.340  -42.274  43.706 0.0000000000
165290  -58.602  -6.175  10.095 0.0000000000
165424  -6.910  -45.586  43.037 0.0000000000
165514  -31.081  -39.496  40.722 0.0000000000
165781  0.119  -42.812  47.969 0.0000000000
165831  -17.440  -43.748  41.084 0.0000000000
166822  -52.137  -18.439  18.007 0.0000000000
