#!ascii label  , from subject sub-v1s14x0051563_ses-1 vox2ras=TkReg
1956
31522  37.946  -58.104  -34.960 0.6000000238
30536  39.147  -58.822  -34.119 0.5000000000
32475  35.951  -57.299  -34.130 0.6999999881
33435  35.449  -56.760  -34.352 0.6000000238
33442  35.145  -56.243  -34.718 0.6000000238
34416  34.739  -55.631  -34.789 0.6000000238
160183  37.078  -58.077  -33.950 0.6999999881
32473  37.114  -57.827  -34.601 0.6000000238
32480  36.719  -57.349  -35.151 0.5000000000
33440  36.330  -56.844  -35.567 0.5000000000
33452  35.979  -56.228  -35.938 0.5000000000
34415  35.331  -55.889  -35.447 0.6000000238
35311  34.316  -54.797  -34.853 0.6000000238
31490  38.404  -58.595  -33.552 0.5000000000
31510  38.500  -58.554  -34.515 0.5000000000
32479  37.465  -57.620  -35.429 0.6000000238
35314  34.481  -54.058  -35.726 0.6000000238
30534  40.622  -58.837  -33.582 0.5000000000
31487  41.513  -58.615  -33.312 0.5000000000
160734  34.540  -54.345  -32.597 0.6000000238
35308  33.865  -54.281  -33.268 0.6999999881
33413  36.546  -56.803  -32.655 0.6000000238
33414  35.642  -56.515  -32.873 0.6999999881
34382  34.755  -55.516  -32.873 0.6000000238
34395  34.152  -54.909  -33.491 0.6000000238
35312  33.900  -54.552  -34.013 0.6000000238
31474  37.192  -57.907  -32.999 0.6000000238
32466  36.225  -57.384  -33.570 0.6999999881
35315  33.879  -53.950  -34.707 0.6000000238
31472  39.006  -58.379  -32.714 0.5000000000
32452  37.313  -57.447  -32.641 0.5000000000
31489  39.363  -58.762  -33.329 0.5000000000
36205  33.980  -53.067  -35.358 0.6000000238
31470  40.830  -58.479  -32.740 0.5000000000
37171  34.351  -52.496  -36.068 0.6000000238
38158  34.202  -51.364  -35.908 0.6999999881
38170  34.484  -51.822  -36.346 0.6000000238
39103  34.676  -50.939  -36.609 0.6999999881
157138  35.134  -50.266  -37.134 0.6000000238
40067  36.070  -48.876  -38.337 0.6000000238
39116  35.741  -49.982  -37.869 0.6000000238
42042  33.337  -46.485  -39.167 0.5000000000
43009  32.176  -46.429  -38.401 0.6999999881
42043  32.501  -46.727  -38.752 0.6000000238
43002  31.777  -46.286  -37.926 0.8000000119
42034  31.871  -47.104  -37.983 0.6999999881
36175  34.467  -53.662  -32.531 0.6000000238
36176  33.927  -53.212  -32.729 0.6999999881
145477  35.755  -55.403  -32.508 0.6999999881
34381  35.292  -55.816  -32.663 0.6999999881
35295  35.088  -54.158  -32.462 0.6000000238
36200  33.595  -53.767  -33.833 0.6999999881
37149  33.618  -52.824  -33.028 0.6999999881
145251  36.851  -56.229  -32.421 0.6000000238
35293  36.730  -55.376  -32.528 0.6000000238
37157  33.437  -52.856  -33.672 0.8000000119
153638  38.464  -56.071  -32.388 0.5000000000
34379  37.572  -56.089  -32.382 0.5000000000
149092  33.359  -52.050  -33.820 0.8000000119
36206  33.564  -53.225  -34.431 0.6000000238
32436  39.247  -57.324  -32.143 0.5000000000
32451  38.281  -57.307  -32.339 0.5000000000
38151  33.412  -51.447  -34.286 0.8000000119
37164  33.995  -52.079  -35.619 0.6000000238
159378  41.211  -57.934  -32.234 0.5000000000
149990  33.619  -50.809  -34.813 0.8000000119
39093  34.113  -50.575  -35.698 0.8000000119
40045  34.854  -48.845  -36.719 0.6999999881
40032  34.236  -49.505  -35.772 0.6999999881
41031  35.320  -47.792  -37.464 0.6999999881
144763  34.681  -49.951  -36.548 0.6999999881
42021  34.921  -46.701  -37.621 0.6000000238
40044  35.499  -48.604  -37.572 0.6000000238
40057  35.329  -49.459  -37.312 0.6000000238
42999  35.100  -45.857  -38.680 0.6999999881
42033  35.732  -46.818  -38.323 0.6999999881
41045  35.948  -47.793  -38.291 0.6000000238
43007  33.787  -45.576  -38.827 0.6999999881
42041  35.325  -46.040  -39.274 0.6000000238
43008  32.826  -45.873  -38.715 0.8000000119
43012  34.550  -46.095  -39.375 0.6000000238
149105  31.782  -45.639  -37.770 0.8999999762
42991  31.087  -46.687  -36.399 0.6999999881
43982  31.466  -45.221  -37.208 0.8000000119
42022  31.482  -47.045  -37.246 0.6999999881
147657  34.830  -52.170  -32.404 0.6000000238
149093  34.373  -52.058  -32.518 0.6999999881
39060  34.910  -50.448  -31.978 0.6999999881
36174  35.124  -53.370  -32.449 0.6000000238
39061  34.233  -50.877  -32.436 0.6000000238
151014  37.234  -53.070  -33.552 0.4000000060
36172  36.588  -54.312  -32.785 0.6000000238
142437  35.748  -53.128  -32.625 0.6000000238
38126  34.136  -51.607  -32.574 0.6999999881
36189  37.397  -53.907  -33.468 0.6000000238
38127  33.756  -51.363  -32.861 0.8000000119
35291  38.929  -55.165  -33.116 0.4000000060
35292  37.997  -55.376  -32.762 0.5000000000
35307  37.360  -54.701  -32.957 0.6000000238
149465  33.553  -50.740  -33.188 0.8000000119
34373  39.291  -56.066  -32.295 0.5000000000
39086  33.405  -50.581  -33.948 0.8000000119
33402  39.696  -56.604  -31.978 0.4000000060
40033  33.815  -49.109  -34.884 0.8000000119
32434  41.085  -57.199  -31.813 0.5000000000
150826  34.253  -48.471  -35.841 0.8000000119
163766  33.908  -46.721  -35.990 0.8000000119
41017  34.723  -47.858  -36.721 0.6999999881
159623  34.538  -45.780  -37.976 0.8000000119
139507  34.197  -47.323  -36.146 0.6999999881
43980  33.326  -45.125  -37.192 0.8999999762
42988  33.882  -45.521  -37.706 0.8999999762
43000  34.098  -45.635  -38.544 0.8999999762
164930  35.503  -46.275  -38.462 0.6999999881
152315  34.632  -45.733  -38.970 0.6000000238
43001  32.352  -45.609  -38.230 0.8999999762
43989  32.715  -45.187  -37.923 0.8999999762
43968  30.520  -45.512  -35.441 0.8000000119
42961  29.994  -46.205  -34.634 0.8000000119
43983  30.986  -45.815  -36.426 0.8000000119
42975  30.590  -46.447  -35.477 0.8000000119
148891  30.995  -44.961  -36.368 0.8000000119
42990  31.377  -46.104  -37.264 0.6999999881
147387  35.664  -51.114  -32.351 0.6999999881
39999  35.325  -49.628  -31.804 0.6000000238
37130  35.276  -52.643  -32.466 0.6000000238
164417  34.716  -49.653  -31.876 0.6999999881
37147  37.527  -52.418  -33.763 0.4000000060
37148  36.804  -52.448  -33.202 0.5000000000
37129  36.039  -52.521  -32.734 0.6000000238
39062  33.820  -50.426  -32.704 0.6999999881
143714  37.983  -53.209  -34.105 0.5000000000
40001  33.889  -49.672  -32.559 0.6999999881
36199  38.877  -53.690  -34.408 0.5000000000
36187  39.881  -54.025  -34.316 0.4000000060
35305  39.114  -54.524  -33.804 0.4000000060
138743  33.573  -48.106  -33.537 0.8000000119
41004  33.566  -48.941  -33.851 0.8000000119
35290  40.034  -54.946  -32.910 0.4000000060
41018  33.753  -48.059  -34.784 0.8000000119
40023  33.529  -49.694  -34.132 0.8000000119
33401  40.589  -56.485  -31.792 0.3000000119
43958  33.242  -45.744  -35.029 0.8000000119
42960  33.420  -46.530  -34.613 0.8000000119
42010  33.730  -47.053  -35.207 0.8000000119
44987  32.851  -44.573  -36.415 0.8999999762
42989  33.671  -45.639  -36.747 0.8999999762
44988  32.470  -44.287  -36.790 0.8999999762
43981  32.873  -44.804  -37.355 0.8999999762
44994  32.389  -44.717  -37.362 0.8999999762
43959  29.979  -45.476  -34.630 0.8000000119
42945  29.425  -45.778  -34.117 0.8000000119
44989  32.083  -44.207  -36.923 0.8999999762
157419  31.898  -44.649  -37.326 0.8999999762
152952  30.613  -44.713  -35.654 0.8000000119
44990  31.538  -44.436  -36.820 0.8000000119
39058  36.653  -49.948  -32.522 0.6000000238
39059  35.902  -50.241  -32.136 0.6000000238
40961  36.075  -48.563  -31.878 0.6000000238
39073  37.342  -50.011  -33.132 0.6000000238
149575  38.330  -50.988  -34.203 0.4000000060
147138  37.616  -50.842  -33.549 0.4000000060
38140  36.330  -51.741  -32.787 0.5000000000
144578  34.311  -49.121  -32.105 0.6999999881
37146  38.149  -52.390  -34.238 0.4000000060
37156  38.865  -52.764  -34.639 0.5000000000
40989  33.712  -48.861  -32.794 0.6999999881
37155  39.759  -52.732  -35.092 0.5000000000
41979  33.473  -47.394  -33.143 0.8000000119
150734  33.707  -48.007  -32.772 0.8000000119
152402  33.177  -46.047  -34.101 0.8000000119
41991  33.486  -47.327  -34.115 0.8000000119
44958  32.640  -44.488  -33.920 0.8000000119
163757  32.544  -43.653  -35.365 0.8999999762
43967  33.347  -45.316  -36.103 0.8999999762
44976  32.434  -43.688  -36.021 0.8999999762
46083  32.115  -43.638  -36.348 0.8999999762
44969  29.600  -43.942  -34.404 0.8000000119
46084  31.641  -43.678  -36.390 1.0000000000
44968  30.296  -44.119  -35.164 0.8000000119
44977  30.992  -44.105  -36.123 0.8000000119
46075  30.837  -43.059  -35.624 0.8000000119
146722  36.637  -48.764  -32.398 0.6000000238
41957  36.538  -47.317  -32.265 0.6000000238
40012  37.662  -49.231  -33.412 0.6000000238
41945  35.961  -47.792  -31.763 0.6999999881
39085  38.849  -50.387  -34.643 0.4000000060
39072  38.135  -49.997  -33.885 0.4000000060
149962  38.861  -51.257  -34.693 0.4000000060
39990  34.657  -48.288  -31.777 0.6999999881
38157  40.004  -51.916  -35.458 0.5000000000
39084  39.379  -51.123  -35.124 0.4000000060
41958  34.350  -47.462  -31.910 0.8000000119
138074  33.450  -46.702  -32.754 0.8000000119
42927  33.927  -46.712  -32.080 0.8000000119
159404  32.803  -45.129  -33.337 0.8000000119
43940  33.045  -45.915  -33.223 0.8000000119
46053  32.540  -43.783  -33.533 0.8000000119
43941  32.900  -45.261  -34.252 0.8000000119
44967  32.712  -44.297  -35.162 0.8999999762
46073  32.160  -42.948  -35.762 0.8999999762
47126  32.297  -42.260  -35.051 0.8999999762
47140  31.874  -42.121  -35.339 1.0000000000
46074  31.752  -42.911  -35.872 1.0000000000
47127  29.944  -42.714  -34.890 0.8000000119
43960  29.653  -44.850  -34.331 0.8000000119
47141  31.162  -42.039  -35.464 1.0000000000
47142  30.394  -42.208  -35.196 0.8000000119
40988  37.782  -47.916  -33.549 0.6000000238
39997  36.987  -49.297  -32.763 0.6000000238
41956  37.171  -47.600  -32.963 0.6000000238
145111  35.911  -46.983  -31.744 0.6999999881
42907  35.922  -46.081  -31.883 0.6999999881
40021  39.162  -49.566  -34.897 0.4000000060
40022  38.661  -49.542  -34.390 0.5000000000
40011  38.287  -49.053  -33.953 0.5000000000
42908  35.314  -46.595  -31.598 0.8000000119
44936  35.637  -45.165  -31.771 0.8000000119
147251  39.488  -50.274  -35.228 0.4000000060
42909  34.602  -46.671  -31.659 0.8000000119
40030  40.722  -49.803  -36.284 0.4000000060
40031  40.031  -49.222  -35.704 0.4000000060
138429  33.474  -46.001  -32.346 0.8000000119
43919  33.063  -45.273  -32.597 0.8000000119
140872  32.491  -43.001  -34.312 0.8999999762
47120  32.423  -42.262  -33.892 0.8000000119
48264  32.080  -41.263  -35.053 1.0000000000
49384  32.290  -40.598  -34.645 1.0000000000
49405  30.438  -39.623  -35.637 1.0000000000
47143  29.637  -42.065  -34.978 0.8999999762
47128  29.152  -42.602  -34.525 0.8000000119
48245  28.873  -41.996  -34.801 0.8999999762
150368  30.330  -41.384  -35.282 1.0000000000
49406  29.722  -40.110  -35.953 1.0000000000
48267  29.411  -41.535  -35.218 1.0000000000
51556  30.418  -39.062  -36.386 1.0000000000
51573  31.701  -39.735  -38.118 1.0000000000
51574  30.563  -39.763  -37.576 1.0000000000
50487  31.028  -41.386  -39.572 1.0000000000
50486  32.477  -40.856  -39.612 1.0000000000
42925  37.029  -46.786  -32.843 0.6999999881
43938  37.065  -45.347  -33.038 0.6999999881
42942  38.492  -46.948  -34.358 0.6000000238
41978  37.760  -47.011  -33.589 0.6000000238
43918  36.743  -46.047  -32.597 0.6999999881
40987  38.307  -48.274  -34.017 0.6000000238
41989  39.260  -48.058  -35.029 0.5000000000
41015  40.495  -48.659  -36.279 0.4000000060
43901  34.990  -45.786  -31.480 0.8000000119
44921  33.955  -44.583  -31.504 0.8000000119
46036  32.784  -43.709  -32.483 0.8000000119
44937  33.197  -44.568  -32.108 0.8000000119
47114  32.477  -43.032  -33.199 0.6999999881
152164  32.705  -42.920  -32.459 0.8000000119
48239  32.396  -41.565  -33.242 0.8000000119
48244  32.330  -41.434  -34.405 0.8999999762
144423  32.422  -40.729  -33.661 1.0000000000
145723  32.473  -39.925  -34.060 1.0000000000
51526  32.640  -39.159  -34.563 1.0000000000
49404  32.014  -40.393  -35.176 1.0000000000
51535  32.722  -38.799  -35.488 1.0000000000
50456  32.077  -39.300  -35.546 1.0000000000
51554  32.400  -39.073  -37.085 1.0000000000
51555  31.144  -38.833  -36.665 1.0000000000
50471  29.665  -40.006  -36.504 1.0000000000
140005  28.927  -40.910  -35.903 1.0000000000
51572  32.986  -39.685  -38.477 1.0000000000
50470  29.852  -40.053  -37.220 1.0000000000
50488  29.659  -41.416  -38.633 1.0000000000
50517  30.490  -41.721  -40.220 1.0000000000
50503  32.239  -41.329  -40.306 1.0000000000
43957  37.676  -45.338  -33.790 0.6999999881
43966  38.916  -45.730  -35.131 0.5000000000
42959  38.061  -46.146  -34.036 0.6999999881
43939  36.365  -45.342  -32.316 0.6999999881
42007  39.586  -47.268  -35.539 0.5000000000
159765  39.044  -47.334  -34.854 0.5000000000
146696  35.622  -44.331  -31.793 0.8000000119
46010  35.151  -43.866  -31.500 0.8000000119
46011  34.400  -43.723  -31.377 0.6999999881
46012  33.810  -43.024  -31.446 0.8000000119
46013  33.138  -43.035  -31.898 0.8000000119
48233  32.612  -41.754  -32.415 0.6999999881
47091  32.815  -42.348  -32.081 0.6999999881
49373  32.597  -39.999  -33.013 0.8999999762
50417  33.084  -39.320  -32.441 0.8000000119
51498  33.385  -38.413  -32.651 0.8000000119
52645  34.026  -37.073  -33.047 0.8000000119
50426  32.730  -39.282  -33.480 0.8999999762
51499  32.967  -38.755  -33.100 0.8000000119
147240  33.160  -38.294  -33.277 0.8000000119
51513  32.925  -38.632  -33.814 0.8999999762
52653  33.453  -37.724  -34.462 0.8999999762
52646  33.588  -37.339  -33.790 0.8000000119
51525  33.111  -38.383  -34.755 0.8999999762
51534  33.373  -38.448  -35.933 1.0000000000
162932  32.884  -38.780  -36.329 1.0000000000
140064  32.028  -38.949  -36.106 1.0000000000
50518  29.590  -41.435  -40.165 1.0000000000
51571  34.025  -39.522  -38.820 1.0000000000
50485  33.304  -40.384  -39.735 1.0000000000
51585  33.854  -39.837  -39.637 1.0000000000
51596  33.621  -39.756  -40.064 1.0000000000
52725  32.451  -39.138  -40.814 1.0000000000
139272  38.754  -44.971  -35.240 0.6999999881
44965  38.354  -44.382  -34.990 0.6999999881
44966  37.834  -44.514  -34.248 0.6999999881
44956  37.300  -44.581  -33.468 0.6999999881
44957  36.948  -43.929  -33.063 0.6999999881
43965  39.256  -45.184  -35.877 0.6000000238
42973  39.419  -46.200  -35.613 0.5000000000
46033  36.555  -43.324  -32.669 0.6999999881
42987  39.829  -46.593  -36.061 0.5000000000
46034  35.765  -43.411  -31.911 0.8000000119
151637  35.043  -43.130  -31.443 0.6999999881
47089  34.105  -42.292  -31.329 0.6999999881
47088  34.833  -42.342  -31.392 0.6999999881
48217  33.720  -41.594  -31.423 0.6999999881
48218  33.000  -41.624  -31.812 0.6999999881
49368  32.672  -40.824  -32.407 0.6999999881
51484  33.921  -38.670  -31.878 0.8000000119
52616  34.719  -37.985  -32.032 0.8000000119
53787  34.869  -36.785  -32.798 0.8000000119
51497  33.944  -37.834  -32.447 0.8000000119
53801  34.506  -36.408  -33.530 0.8000000119
53802  33.956  -36.748  -33.841 0.8000000119
52667  33.661  -37.880  -35.301 1.0000000000
53813  33.862  -37.097  -34.646 0.8999999762
53828  34.402  -36.659  -35.284 0.8000000119
52666  34.131  -37.412  -35.554 1.0000000000
52687  34.198  -38.198  -36.469 1.0000000000
143220  33.629  -38.912  -37.294 1.0000000000
51553  34.573  -38.777  -37.970 1.0000000000
51570  34.609  -39.119  -38.985 1.0000000000
51599  30.704  -40.572  -40.603 1.0000000000
51586  29.523  -39.619  -40.161 1.0000000000
51584  34.310  -39.127  -39.497 1.0000000000
51595  34.101  -38.899  -39.882 1.0000000000
52724  33.434  -38.792  -40.328 1.0000000000
51598  32.079  -40.532  -41.025 1.0000000000
46072  38.344  -43.502  -35.505 0.6999999881
46060  37.946  -43.788  -34.705 0.6999999881
47118  37.338  -42.777  -33.828 0.6000000238
47119  36.890  -42.648  -33.055 0.6000000238
47112  36.238  -42.604  -32.334 0.6999999881
48215  35.305  -41.697  -31.550 0.6999999881
48232  35.992  -41.795  -32.000 0.6999999881
48216  34.533  -41.509  -31.351 0.6999999881
148011  34.009  -40.951  -31.310 0.6999999881
51483  34.938  -38.742  -31.671 0.8000000119
49352  33.944  -40.201  -31.411 0.6999999881
50402  34.372  -39.422  -31.527 0.8000000119
53800  35.344  -36.182  -33.276 0.8000000119
54957  34.915  -35.782  -34.041 0.8000000119
54970  34.876  -35.781  -35.035 0.8000000119
138972  34.615  -37.266  -36.223 0.8000000119
53827  34.975  -36.400  -35.953 0.8000000119
52686  34.938  -37.963  -37.329 1.0000000000
52685  35.211  -37.009  -36.887 0.6999999881
52699  35.174  -38.391  -38.452 1.0000000000
52698  35.552  -37.530  -37.924 0.8999999762
52710  35.051  -38.433  -39.096 1.0000000000
53878  35.239  -37.111  -39.681 1.0000000000
147581  29.549  -38.027  -39.653 1.0000000000
52722  34.771  -38.159  -39.599 1.0000000000
52723  34.190  -38.088  -40.093 1.0000000000
53881  31.808  -37.754  -40.401 1.0000000000
52726  31.359  -39.066  -40.765 1.0000000000
52711  30.273  -38.572  -40.270 1.0000000000
53880  32.855  -37.588  -40.398 1.0000000000
46051  37.465  -43.685  -33.923 0.6999999881
48231  36.393  -41.094  -32.338 0.6000000238
48214  35.742  -41.026  -31.761 0.6999999881
49350  35.377  -40.292  -31.548 0.6999999881
151832  34.699  -40.008  -31.402 0.6999999881
51482  35.674  -38.939  -31.792 0.8000000119
52633  35.303  -37.407  -32.362 0.6999999881
53786  35.778  -36.800  -32.739 0.6999999881
54969  35.440  -35.282  -34.529 0.6999999881
153054  35.455  -35.203  -35.207 0.6999999881
54981  35.454  -35.580  -35.933 0.6999999881
55014  36.269  -36.024  -37.875 0.8000000119
54996  35.884  -35.745  -36.909 0.6999999881
52709  35.638  -37.721  -38.808 0.8999999762
52721  35.462  -37.563  -39.267 1.0000000000
53876  36.042  -36.196  -39.682 1.0000000000
53868  30.184  -37.066  -39.385 1.0000000000
52734  34.619  -37.217  -40.070 1.0000000000
48263  38.083  -42.097  -35.150 0.6000000238
151804  37.562  -42.110  -34.349 0.6000000238
146468  37.184  -41.998  -33.507 0.6000000238
49383  37.886  -40.655  -34.365 0.6000000238
48238  36.987  -41.209  -33.131 0.6000000238
49372  37.344  -40.515  -33.492 0.6000000238
49366  36.796  -40.400  -32.672 0.6000000238
50416  36.582  -39.611  -32.307 0.6000000238
50400  35.930  -39.556  -31.809 0.6000000238
51495  36.397  -38.779  -32.189 0.6999999881
53785  36.626  -37.039  -32.793 0.6999999881
53799  36.359  -36.148  -33.212 0.6999999881
145437  35.731  -35.552  -33.751 0.6999999881
54968  36.101  -34.909  -34.205 0.6999999881
55931  35.869  -34.692  -34.973 0.6999999881
55944  35.869  -34.856  -35.723 0.6999999881
61457  40.681  -29.739  -41.049 0.3000000119
54995  36.443  -35.054  -37.352 0.6999999881
55953  36.416  -34.545  -36.443 0.6999999881
62386  40.328  -28.540  -41.067 0.3000000119
55013  36.578  -35.346  -38.501 0.8000000119
52689  26.174  -38.293  -37.238 0.8999999762
53866  36.065  -36.865  -39.184 1.0000000000
52701  27.488  -38.209  -38.351 1.0000000000
53869  29.257  -37.202  -38.822 1.0000000000
52700  28.439  -37.658  -38.526 1.0000000000
55041  34.977  -35.735  -40.256 1.0000000000
55032  33.223  -36.034  -40.299 1.0000000000
53879  33.860  -37.077  -40.422 1.0000000000
53882  30.888  -37.707  -40.198 1.0000000000
48243  38.236  -41.235  -35.103 0.6000000238
159416  37.822  -41.496  -34.606 0.6000000238
49382  38.423  -40.528  -34.988 0.6000000238
50440  38.369  -39.746  -34.499 0.6000000238
50439  39.038  -39.254  -34.868 0.6000000238
50424  38.068  -39.000  -33.847 0.6999999881
51510  37.774  -38.294  -33.384 0.6999999881
50425  37.499  -39.016  -33.188 0.6000000238
51511  37.134  -38.390  -32.740 0.6999999881
55028  42.739  -35.844  -39.333 0.3000000119
55020  42.494  -35.558  -38.474 0.3000000119
52644  37.399  -37.501  -33.063 0.6999999881
53798  37.298  -36.531  -33.220 0.6999999881
55908  36.934  -34.825  -33.904 0.6999999881
60452  41.634  -30.253  -39.652 0.3000000119
61422  41.308  -29.474  -39.108 0.4000000060
61458  40.392  -28.985  -40.735 0.4000000060
158555  40.127  -28.387  -39.983 0.4000000060
51558  25.909  -38.738  -37.251 0.6999999881
52690  25.632  -38.115  -36.814 0.6999999881
67258  40.987  -23.660  -40.245 0.3000000119
63349  40.081  -27.772  -40.904 0.3000000119
55971  36.963  -34.453  -38.058 0.6999999881
52688  27.265  -37.616  -37.302 0.8999999762
66308  40.832  -24.587  -40.232 0.3000000119
161912  39.896  -27.559  -40.708 0.3000000119
155014  28.158  -37.340  -37.627 0.8999999762
137487  40.338  -25.604  -40.309 0.3000000119
64269  39.587  -26.575  -40.406 0.3000000119
55021  36.498  -35.154  -39.195 0.8000000119
56002  35.387  -35.359  -40.134 1.0000000000
55023  30.735  -35.918  -38.617 1.0000000000
56004  34.508  -35.337  -40.459 1.0000000000
53867  31.197  -36.664  -39.650 1.0000000000
55031  33.990  -35.579  -40.563 1.0000000000
55033  32.207  -36.431  -39.940 1.0000000000
55995  33.510  -34.541  -40.667 1.0000000000
142595  32.513  -35.159  -39.989 1.0000000000
55996  32.740  -34.086  -40.353 1.0000000000
51523  39.121  -38.310  -34.519 0.6999999881
51524  38.398  -38.282  -33.942 0.6999999881
53864  42.527  -36.422  -38.632 0.3000000119
158042  42.228  -36.899  -37.849 0.4000000060
52652  38.707  -37.495  -33.988 0.6999999881
151456  38.125  -36.848  -33.549 0.6999999881
55011  42.189  -35.353  -37.668 0.4000000060
54955  37.169  -35.654  -33.484 0.6999999881
155521  42.414  -34.710  -38.262 0.3000000119
55970  41.851  -34.869  -37.072 0.5000000000
55928  38.502  -34.263  -34.206 0.6999999881
55929  37.473  -34.135  -34.245 0.6999999881
55969  42.154  -34.548  -37.608 0.5000000000
55930  36.559  -34.161  -34.739 0.6999999881
59273  42.352  -31.810  -38.004 0.4000000060
58052  41.267  -32.418  -35.889 0.6000000238
60404  41.325  -30.699  -36.841 0.5000000000
56881  36.897  -33.715  -35.509 0.6999999881
59291  42.378  -31.490  -38.870 0.3000000119
55952  37.043  -33.803  -36.494 0.6999999881
66275  40.255  -24.688  -37.480 0.4000000060
60422  41.012  -29.911  -37.248 0.4000000060
149736  36.866  -34.298  -37.221 0.6999999881
146966  25.488  -37.443  -36.416 0.6999999881
67240  40.576  -23.301  -38.843 0.4000000060
61443  40.624  -28.930  -39.636 0.4000000060
62348  40.006  -28.446  -39.185 0.4000000060
52668  25.028  -37.870  -36.545 0.6000000238
68269  41.178  -22.832  -40.130 0.3000000119
160903  39.984  -24.592  -39.807 0.3000000119
66286  40.130  -24.147  -39.353 0.4000000060
62365  39.528  -27.768  -39.687 0.4000000060
62349  39.209  -28.119  -38.969 0.4000000060
55980  37.090  -33.727  -38.471 0.6999999881
56908  37.360  -33.150  -38.155 0.6999999881
145100  26.734  -37.293  -36.524 0.6999999881
65249  39.340  -25.723  -38.661 0.4000000060
63330  39.037  -27.078  -39.664 0.4000000060
144786  38.818  -27.611  -38.932 0.4000000060
55981  36.703  -34.469  -38.823 0.8000000119
65280  40.089  -24.971  -40.033 0.3000000119
64255  39.240  -26.453  -39.965 0.3000000119
64239  38.933  -26.458  -39.215 0.4000000060
55991  36.267  -34.661  -39.393 0.8000000119
53857  29.910  -36.305  -38.072 1.0000000000
56941  35.707  -34.268  -39.536 0.8999999762
56942  34.771  -33.928  -40.170 1.0000000000
55022  31.536  -35.509  -39.321 1.0000000000
56944  33.471  -33.127  -41.171 1.0000000000
144413  33.997  -33.579  -41.100 1.0000000000
144848  34.279  -33.599  -40.846 1.0000000000
56945  32.219  -33.235  -40.293 1.0000000000
55982  31.815  -34.412  -39.529 1.0000000000
58113  33.107  -32.193  -41.351 1.0000000000
58114  32.033  -32.182  -40.685 1.0000000000
51533  39.587  -38.725  -35.260 0.6000000238
51532  40.242  -38.095  -35.639 0.6000000238
52665  40.043  -37.214  -35.145 0.6000000238
52651  39.399  -37.323  -34.527 0.6999999881
52684  41.251  -37.141  -36.565 0.5000000000
52664  40.620  -37.165  -35.823 0.6000000238
53811  38.913  -36.533  -34.053 0.6999999881
53854  42.003  -36.143  -37.377 0.5000000000
53841  41.478  -36.178  -36.665 0.4000000060
162016  38.382  -36.283  -33.749 0.6999999881
53797  37.915  -36.016  -33.578 0.6999999881
54994  40.932  -35.773  -35.944 0.6000000238
54966  39.320  -35.628  -34.340 0.6999999881
55941  41.493  -34.407  -36.465 0.6000000238
145374  38.744  -35.082  -34.062 0.6999999881
141921  41.889  -34.025  -37.127 0.6000000238
56890  41.536  -33.397  -36.376 0.6000000238
56863  38.756  -33.414  -34.493 0.6999999881
56864  37.928  -33.428  -34.552 0.6999999881
58064  41.671  -32.550  -36.628 0.5000000000
59246  40.777  -31.540  -35.789 0.6000000238
58053  40.406  -32.366  -35.300 0.6000000238
58036  37.701  -32.938  -35.128 0.6000000238
65224  39.893  -26.013  -36.120 0.4000000060
60421  41.622  -30.399  -37.656 0.4000000060
60391  40.317  -30.900  -36.137 0.5000000000
58054  39.426  -32.073  -35.164 0.6000000238
56880  37.496  -33.037  -35.969 0.6999999881
60405  40.650  -30.381  -36.656 0.5000000000
56891  37.569  -33.033  -37.314 0.6999999881
66287  39.833  -24.785  -38.573 0.4000000060
65238  40.121  -25.373  -36.812 0.5000000000
61404  40.457  -29.381  -37.859 0.4000000060
61405  39.455  -29.262  -37.918 0.4000000060
53844  27.503  -36.804  -36.355 0.8999999762
53845  26.152  -36.927  -36.101 0.6999999881
140702  39.287  -25.877  -39.598 0.4000000060
63312  38.402  -27.809  -38.304 0.4000000060
58100  36.679  -33.068  -38.681 0.6999999881
58099  37.056  -33.001  -38.581 0.6999999881
63311  38.655  -27.132  -38.772 0.4000000060
156062  28.994  -35.820  -36.398 0.8999999762
145860  35.201  -33.728  -39.320 0.8999999762
155090  29.658  -35.816  -37.120 0.8999999762
55015  30.284  -35.329  -37.557 1.0000000000
56928  34.374  -33.112  -40.706 1.0000000000
56943  34.134  -32.702  -41.378 1.0000000000
55983  30.943  -34.700  -38.351 1.0000000000
143144  30.706  -33.866  -37.918 1.0000000000
58121  34.092  -31.951  -41.540 1.0000000000
148490  32.492  -29.304  -40.181 0.8999999762
60453  33.090  -30.328  -40.786 1.0000000000
59317  33.343  -30.928  -41.296 1.0000000000
58102  31.295  -32.782  -39.396 1.0000000000
56929  31.223  -33.707  -38.901 1.0000000000
60462  33.089  -30.496  -40.611 1.0000000000
161378  31.960  -31.453  -40.810 1.0000000000
59309  31.356  -30.928  -40.265 0.8999999762
61459  32.424  -29.720  -40.468 1.0000000000
60454  32.064  -30.202  -40.756 0.8999999762
53826  40.387  -36.335  -35.379 0.6000000238
53810  39.694  -36.459  -34.672 0.6999999881
53809  39.971  -35.782  -34.828 0.6999999881
54980  40.414  -35.424  -35.275 0.6999999881
55927  39.304  -34.715  -34.369 0.6999999881
54979  40.922  -34.826  -35.780 0.6000000238
55942  40.621  -34.065  -35.291 0.6000000238
154021  39.240  -34.014  -34.431 0.6999999881
56879  40.234  -33.357  -35.004 0.6999999881
56862  39.521  -33.421  -34.648 0.6000000238
58034  39.048  -32.701  -34.742 0.6000000238
58055  38.651  -32.144  -35.274 0.6000000238
157532  40.899  -23.785  -35.746 0.3000000119
56878  40.989  -33.252  -35.535 0.6000000238
58056  38.065  -32.430  -35.627 0.6000000238
65223  40.219  -25.258  -35.761 0.4000000060
65198  39.975  -25.054  -34.984 0.4000000060
59259  39.504  -30.892  -36.277 0.6000000238
59248  38.986  -31.434  -35.830 0.6000000238
60407  38.957  -30.407  -37.080 0.5000000000
58066  38.011  -32.215  -36.936 0.6000000238
60423  39.145  -29.805  -37.477 0.4000000060
63273  38.973  -27.191  -35.611 0.5000000000
62337  38.086  -28.426  -38.086 0.4000000060
61425  38.742  -28.824  -38.283 0.4000000060
58082  37.475  -32.414  -38.072 0.6000000238
64218  39.362  -26.738  -36.432 0.5000000000
63302  38.478  -27.303  -37.978 0.4000000060
58083  36.957  -32.460  -38.467 0.6000000238
64219  38.988  -26.864  -37.404 0.4000000060
151430  38.205  -27.968  -37.703 0.4000000060
53843  28.247  -36.710  -36.707 0.8999999762
161511  35.222  -33.396  -38.662 0.8999999762
58084  36.080  -32.850  -38.491 0.8000000119
146835  29.765  -35.012  -36.725 0.8999999762
55973  29.694  -34.083  -36.770 0.8999999762
55972  30.316  -34.380  -37.298 0.8999999762
58101  34.177  -32.759  -39.803 1.0000000000
59307  33.568  -30.881  -41.164 1.0000000000
58103  30.709  -32.327  -38.594 0.8999999762
163628  32.111  -29.083  -40.529 1.0000000000
60463  31.592  -29.464  -40.484 1.0000000000
60455  30.964  -30.092  -40.181 0.8999999762
62378  31.728  -28.196  -40.439 1.0000000000
158998  31.115  -28.436  -40.285 0.8999999762
54965  39.918  -35.073  -34.711 0.6999999881
68219  41.438  -22.483  -36.416 0.3000000119
67188  40.383  -23.828  -34.780 0.3000000119
66231  39.742  -24.463  -34.634 0.3000000119
59260  38.860  -30.936  -36.657 0.6000000238
64184  39.095  -25.923  -34.639 0.5000000000
139124  38.258  -26.143  -34.438 0.4000000060
61406  38.339  -29.305  -37.968 0.5000000000
59275  38.175  -30.876  -37.430 0.5000000000
58081  37.792  -31.654  -37.649 0.5000000000
64198  39.429  -26.440  -35.372 0.5000000000
62338  37.835  -29.039  -37.879 0.5000000000
60425  37.732  -30.601  -37.520 0.5000000000
62291  37.961  -28.205  -35.308 0.5000000000
160410  37.645  -29.550  -37.401 0.5000000000
138216  37.234  -31.737  -38.040 0.6000000238
153940  38.480  -27.907  -35.891 0.5000000000
157529  38.235  -28.113  -36.880 0.5000000000
59277  36.451  -32.128  -37.970 0.6999999881
61365  37.023  -29.395  -35.407 0.5000000000
62310  37.563  -28.977  -35.779 0.5000000000
59262  35.477  -31.901  -36.921 0.6000000238
58067  34.399  -32.349  -37.264 0.8999999762
56927  34.614  -33.446  -39.761 0.8999999762
59292  33.535  -32.057  -39.144 0.8999999762
62351  32.433  -28.630  -38.551 0.8999999762
61426  32.661  -30.013  -39.834 0.8999999762
60440  32.877  -30.553  -39.590 0.8999999762
59306  34.030  -31.664  -40.914 1.0000000000
58087  30.354  -32.687  -37.817 0.8999999762
56910  30.223  -33.418  -37.368 0.8999999762
59294  30.595  -31.470  -38.867 0.8999999762
62376  32.329  -29.100  -40.313 0.8000000119
159276  32.309  -27.368  -40.191 0.6999999881
59279  30.183  -32.001  -37.961 0.8999999762
141504  30.663  -29.462  -39.953 0.8999999762
60441  30.427  -30.625  -39.085 0.8999999762
67203  41.253  -22.849  -35.660 0.3000000119
68204  40.835  -23.113  -34.918 0.3000000119
147802  40.139  -23.088  -34.493 0.4000000060
146279  39.406  -23.029  -34.369 0.3000000119
146392  39.191  -24.207  -34.396 0.3000000119
67190  38.943  -23.693  -34.335 0.4000000060
65200  38.734  -25.275  -34.444 0.4000000060
161885  38.145  -26.949  -34.587 0.5000000000
64186  37.515  -26.880  -34.457 0.4000000060
60408  37.352  -30.267  -37.262 0.5000000000
163781  37.577  -31.288  -37.663 0.5000000000
61348  36.699  -28.992  -34.861 0.5000000000
62309  37.963  -28.538  -36.377 0.5000000000
59276  37.228  -31.050  -37.614 0.5000000000
61389  36.762  -30.138  -36.068 0.5000000000
60409  36.616  -30.800  -36.831 0.5000000000
61366  36.254  -29.722  -35.209 0.5000000000
60410  35.858  -31.185  -36.418 0.5000000000
140551  35.412  -30.219  -35.445 0.6000000238
59249  35.090  -31.259  -36.199 0.6000000238
152267  34.340  -29.098  -35.511 0.6999999881
59264  33.848  -31.489  -36.905 0.6999999881
58086  33.987  -32.759  -38.277 0.6999999881
147991  33.410  -29.971  -36.498 0.6999999881
61408  32.953  -30.127  -37.246 0.8000000119
59278  33.481  -31.955  -37.825 0.8000000119
58088  29.802  -32.620  -37.461 0.8999999762
61409  32.570  -29.413  -37.886 0.8999999762
60439  33.025  -31.216  -38.693 0.8999999762
147123  32.408  -27.889  -39.122 0.6999999881
59295  29.969  -31.182  -38.072 0.8999999762
61427  30.177  -29.820  -39.116 0.8999999762
63347  31.646  -27.229  -40.396 1.0000000000
68192  39.163  -22.318  -34.374 0.3000000119
67191  38.197  -23.714  -34.432 0.4000000060
68193  38.444  -22.240  -34.601 0.3000000119
144704  38.028  -25.277  -34.354 0.4000000060
67192  37.416  -23.720  -34.743 0.3000000119
65201  37.489  -25.983  -34.391 0.4000000060
148973  37.257  -25.211  -34.510 0.4000000060
151927  36.929  -24.432  -34.799 0.4000000060
62293  36.656  -28.348  -34.608 0.4000000060
65202  36.843  -25.797  -34.516 0.4000000060
64188  36.157  -26.061  -34.709 0.4000000060
63263  36.410  -27.671  -34.481 0.4000000060
63274  35.659  -27.662  -34.695 0.4000000060
62311  35.410  -28.381  -34.852 0.5000000000
61367  35.218  -29.288  -35.095 0.5000000000
61390  32.986  -29.357  -36.849 0.6000000238
158101  32.426  -27.270  -39.597 0.6999999881
61446  29.892  -29.033  -39.346 0.8999999762
64272  31.153  -26.413  -40.248 0.8999999762
64257  30.513  -26.910  -39.949 0.8000000119
62367  30.280  -28.331  -39.770 0.8000000119
65284  31.169  -25.660  -40.264 0.6999999881
148050  30.484  -25.161  -40.107 0.8000000119
69229  38.891  -21.606  -34.505 0.3000000119
68194  37.815  -22.877  -34.731 0.3000000119
146853  37.087  -23.089  -35.153 0.4000000060
65203  36.323  -25.183  -34.884 0.4000000060
66246  36.093  -24.295  -35.334 0.4000000060
65212  34.821  -25.639  -35.688 0.5000000000
152265  35.241  -27.088  -34.977 0.5000000000
162689  34.675  -26.235  -35.602 0.5000000000
64200  34.170  -26.106  -36.035 0.5000000000
63276  34.134  -27.672  -35.689 0.5000000000
64201  33.786  -26.939  -36.137 0.5000000000
63292  33.428  -27.737  -36.281 0.6000000238
62332  32.671  -28.617  -37.408 0.6999999881
163731  32.510  -27.897  -37.992 0.6999999881
63313  32.497  -27.228  -38.595 0.6999999881
150007  32.524  -25.859  -38.802 0.6999999881
63331  32.359  -26.739  -40.042 0.6999999881
65265  32.405  -25.180  -39.327 0.6999999881
64271  31.831  -26.315  -40.426 0.8000000119
66296  32.191  -24.478  -39.639 0.6999999881
150209  39.253  -21.052  -34.491 0.3000000119
70264  38.641  -20.870  -34.750 0.3000000119
70276  37.845  -20.718  -35.312 0.4000000060
68205  37.828  -22.093  -34.973 0.3000000119
68206  37.130  -22.294  -35.424 0.4000000060
67205  35.874  -23.564  -35.817 0.4000000060
145858  35.452  -24.094  -35.896 0.4000000060
67214  35.237  -23.534  -36.326 0.3000000119
66248  34.666  -24.966  -36.077 0.5000000000
65225  34.322  -25.391  -36.215 0.6000000238
144826  34.282  -24.059  -36.843 0.3000000119
66261  34.166  -24.752  -36.637 0.5000000000
63303  33.131  -27.040  -36.777 0.6999999881
64220  33.489  -26.260  -36.655 0.6999999881
65240  33.268  -25.635  -37.229 0.6000000238
64231  32.955  -26.379  -37.354 0.6999999881
65241  32.788  -25.756  -37.935 0.6999999881
65251  32.696  -25.121  -38.489 0.6000000238
69240  36.812  -21.508  -35.908 0.3000000119
68220  36.432  -22.082  -36.058 0.3000000119
68221  35.763  -22.257  -36.487 0.3000000119
69250  36.159  -21.495  -36.459 0.3000000119
68236  35.213  -22.078  -37.038 0.3000000119
150189  35.391  -20.968  -37.350 0.3000000119
68222  35.052  -22.792  -36.778 0.3000000119
68237  34.568  -22.245  -37.485 0.4000000060
66278  33.371  -24.472  -37.633 0.5000000000
67231  34.073  -23.567  -37.304 0.5000000000
68238  33.843  -22.831  -37.858 0.5000000000
67232  33.417  -23.744  -37.876 0.6000000238
67241  32.839  -23.692  -38.674 0.6000000238
72413  38.524  -18.396  -35.053 0.4000000060
72414  37.921  -18.517  -35.747 0.3000000119
70283  37.197  -20.190  -36.056 0.3000000119
71345  37.503  -19.272  -36.051 0.3000000119
70284  36.591  -20.760  -36.375 0.3000000119
71358  36.818  -19.585  -36.727 0.3000000119
70285  35.917  -20.856  -36.910 0.3000000119
70299  35.558  -20.202  -37.482 0.3000000119
70300  34.825  -20.699  -37.909 0.3000000119
69266  34.399  -21.455  -37.977 0.4000000060
150637  34.189  -20.836  -38.400 0.4000000060
150325  33.200  -23.058  -38.440 0.6000000238
68250  34.000  -22.038  -38.116 0.4000000060
70315  33.647  -20.540  -38.923 0.4000000060
68251  33.308  -22.174  -38.675 0.5000000000
151463  31.258  -23.781  -39.984 0.6999999881
65285  29.694  -25.061  -39.847 0.8000000119
73534  38.242  -17.759  -35.556 0.4000000060
72427  37.515  -18.575  -36.416 0.3000000119
151410  37.175  -18.910  -36.758 0.3000000119
71366  36.680  -18.846  -37.313 0.3000000119
71368  35.406  -19.335  -37.948 0.3000000119
71379  34.675  -19.225  -38.528 0.4000000060
70314  34.189  -19.997  -38.587 0.4000000060
70321  33.524  -19.781  -39.293 0.4000000060
69278  33.202  -21.162  -39.187 0.4000000060
68258  32.636  -22.845  -39.147 0.5000000000
70322  33.272  -20.070  -39.494 0.4000000060
67246  32.339  -23.696  -39.336 0.6000000238
69283  32.648  -21.876  -39.400 0.4000000060
67260  31.393  -23.051  -39.850 0.6999999881
69284  32.022  -21.749  -39.749 0.4000000060
69292  31.813  -20.997  -39.865 0.4000000060
68260  31.618  -22.420  -39.789 0.6000000238
69293  31.232  -21.782  -39.937 0.5000000000
68271  30.857  -22.377  -39.995 0.6000000238
151993  30.516  -23.778  -40.100 0.6999999881
67262  29.954  -23.076  -40.167 0.6999999881
143579  38.543  -17.004  -35.397 0.3000000119
73535  37.745  -17.925  -36.336 0.3000000119
72436  37.264  -18.195  -37.132 0.3000000119
72437  36.527  -18.111  -37.842 0.3000000119
72446  35.235  -18.620  -38.462 0.3000000119
72447  34.523  -18.586  -38.978 0.4000000060
71380  33.844  -19.103  -39.364 0.3000000119
72468  34.799  -18.887  -40.741 0.3000000119
71389  33.952  -19.645  -40.582 0.3000000119
71395  34.255  -19.620  -41.142 0.3000000119
70323  32.644  -20.687  -39.630 0.4000000060
71396  33.983  -20.045  -40.962 0.3000000119
71415  33.751  -19.691  -41.221 0.3000000119
70347  33.423  -19.476  -40.599 0.3000000119
71416  32.772  -19.254  -40.500 0.3000000119
71397  32.344  -19.665  -40.125 0.3000000119
71417  31.727  -19.288  -40.513 0.4000000060
70330  31.535  -20.419  -40.104 0.5000000000
139033  30.320  -21.748  -40.190 0.5000000000
159522  29.402  -22.571  -40.169 0.5000000000
74579  37.867  -16.481  -36.623 0.3000000119
73549  37.601  -17.308  -37.001 0.3000000119
73558  37.160  -17.446  -37.870 0.3000000119
73559  36.422  -17.523  -38.474 0.3000000119
72457  35.061  -18.027  -39.016 0.3000000119
73604  34.689  -17.961  -41.260 0.3000000119
71414  34.065  -18.790  -41.394 0.3000000119
72483  33.154  -18.853  -41.213 0.3000000119
72484  32.179  -18.731  -40.768 0.3000000119
71398  31.034  -19.943  -40.380 0.4000000060
149068  29.966  -21.251  -40.363 0.5000000000
71399  29.784  -20.155  -40.664 0.5000000000
156212  29.358  -21.478  -40.382 0.5000000000
75605  37.805  -15.551  -36.995 0.3000000119
74589  37.555  -16.509  -37.745 0.3000000119
73567  36.938  -16.794  -38.649 0.3000000119
73568  36.235  -17.197  -39.085 0.3000000119
73579  35.699  -17.783  -39.391 0.3000000119
73592  35.087  -18.196  -40.737 0.3000000119
73605  34.126  -17.615  -41.348 0.3000000119
72493  33.227  -17.734  -41.315 0.3000000119
72485  31.165  -18.628  -40.851 0.4000000060
71418  30.350  -19.306  -40.831 0.4000000060
72486  29.502  -18.982  -41.783 0.4000000060
70332  29.360  -20.858  -40.589 0.5000000000
71419  29.113  -19.744  -41.321 0.4000000060
76626  38.958  -14.508  -35.709 0.3000000119
75604  38.405  -14.973  -36.155 0.3000000119
74612  36.708  -16.731  -39.538 0.3000000119
73578  36.400  -17.444  -39.870 0.3000000119
73590  36.193  -17.261  -40.668 0.3000000119
141939  35.442  -17.566  -41.000 0.3000000119
74642  33.695  -16.778  -41.421 0.3000000119
73609  32.352  -17.178  -41.271 0.3000000119
74651  32.029  -16.498  -41.836 0.3000000119
73610  31.584  -17.254  -41.420 0.3000000119
72495  30.808  -17.826  -41.422 0.4000000060
160691  30.337  -18.562  -41.324 0.3000000119
76637  37.994  -14.608  -36.914 0.3000000119
75617  37.588  -15.590  -38.089 0.3000000119
75630  37.273  -15.515  -38.876 0.3000000119
74601  37.332  -16.113  -38.536 0.3000000119
74627  36.842  -16.133  -40.047 0.3000000119
74639  36.546  -16.503  -41.145 0.3000000119
74647  36.201  -16.230  -41.866 0.3000000119
74640  35.723  -16.834  -41.290 0.3000000119
74641  34.716  -16.942  -41.334 0.3000000119
75673  34.716  -15.654  -42.296 0.3000000119
140062  32.825  -16.631  -41.506 0.3000000119
150104  37.798  -14.255  -37.668 0.3000000119
75642  36.825  -15.598  -39.627 0.3000000119
76674  37.140  -14.937  -39.306 0.3000000119
75659  36.864  -15.735  -40.579 0.3000000119
74646  36.940  -15.906  -41.770 0.3000000119
75674  33.813  -15.463  -42.186 0.3000000119
153768  32.549  -15.877  -42.061 0.3000000119
75676  31.723  -15.682  -42.135 0.3000000119
140179  37.423  -14.146  -39.091 0.3000000119
76689  36.755  -14.441  -39.747 0.3000000119
154324  37.081  -15.562  -41.587 0.3000000119
76701  36.525  -15.114  -40.851 0.4000000060
75671  36.367  -15.718  -42.227 0.3000000119
75689  35.215  -15.301  -42.897 0.3000000119
75690  34.224  -15.127  -42.774 0.3000000119
75687  37.064  -15.206  -43.058 0.4000000060
76700  37.336  -15.122  -42.162 0.4000000060
76714  35.743  -14.871  -43.143 0.4000000060
76690  36.303  -14.575  -40.331 0.3000000119
136212  37.053  -14.161  -43.556 0.4000000060
147030  31.265  -39.950  -35.411 1.0000000000
50457  30.951  -38.992  -35.527 1.0000000000
48266  30.642  -40.468  -35.457 0.8999999762
150801  32.157  -26.984  -40.367 0.6999999881
65283  31.841  -25.458  -40.288 0.8000000119
66310  31.099  -24.685  -40.190 0.8000000119
67259  31.859  -23.759  -39.747 0.6999999881
33415  34.949  -56.160  -33.125 0.6000000238
33436  34.809  -56.180  -33.906 0.6000000238
32450  39.592  -57.955  -32.291 0.5000000000
32449  40.448  -57.964  -32.218 0.5000000000
35294  35.791  -54.700  -32.511 0.6000000238
164798  33.551  -45.539  -38.554 0.8999999762
36190  36.524  -53.314  -32.978 0.5000000000
35306  38.103  -54.631  -33.412 0.5000000000
34378  39.656  -55.523  -32.534 0.4000000060
39075  33.533  -49.862  -33.222 0.6999999881
42009  34.161  -46.201  -36.847 0.8999999762
40962  35.347  -48.355  -31.640 0.6999999881
36188  38.216  -54.007  -33.954 0.5000000000
36198  39.672  -53.399  -34.783 0.5000000000
41959  33.835  -47.419  -32.436 0.8000000119
34377  40.620  -55.212  -32.152 0.4000000060
38149  39.222  -51.957  -34.955 0.4000000060
146033  32.554  -43.714  -34.616 0.8000000119
40970  37.252  -48.494  -33.031 0.6000000238
164914  39.628  -49.601  -35.343 0.4000000060
39091  40.593  -50.731  -35.983 0.4000000060
43902  34.326  -45.272  -31.533 0.8000000119
48265  31.450  -41.023  -35.291 1.0000000000
41016  39.822  -48.325  -35.608 0.5000000000
41003  38.846  -48.736  -34.573 0.5000000000
138063  38.578  -46.146  -34.614 0.6999999881
50442  32.342  -39.852  -34.927 1.0000000000
50516  31.636  -41.499  -40.556 1.0000000000
50515  32.593  -41.124  -40.716 1.0000000000
49367  33.202  -40.111  -31.877 0.8000000119
51496  35.716  -38.151  -32.048 0.6999999881
53855  36.358  -36.270  -38.684 0.8000000119
53891  35.542  -36.217  -39.954 1.0000000000
55042  34.478  -36.212  -40.334 1.0000000000
55992  35.823  -34.995  -39.908 1.0000000000
50441  37.701  -39.754  -33.751 0.6000000238
50415  36.988  -39.072  -32.601 0.6999999881
58098  42.505  -32.310  -38.696 0.4000000060
149398  26.606  -38.676  -37.980 1.0000000000
53858  29.037  -36.694  -37.477 1.0000000000
60420  42.139  -30.960  -38.218 0.4000000060
58122  33.745  -31.497  -41.422 1.0000000000
56906  42.330  -33.774  -37.936 0.4000000060
59274  41.876  -31.261  -37.360 0.5000000000
56907  41.982  -33.123  -37.213 0.5000000000
65239  39.527  -26.113  -37.350 0.4000000060
64230  38.872  -26.597  -38.298 0.4000000060
60406  39.839  -30.300  -36.726 0.5000000000
63332  30.878  -27.783  -40.157 0.8000000119
63261  37.754  -27.617  -34.712 0.5000000000
61388  37.292  -29.646  -36.491 0.5000000000
60393  35.455  -30.789  -35.887 0.5000000000
59263  34.602  -31.649  -36.594 0.6999999881
61368  34.554  -29.868  -35.553 0.6000000238
62312  34.598  -28.429  -35.328 0.5000000000
62313  33.834  -28.469  -35.831 0.5000000000
64199  35.250  -26.341  -35.146 0.5000000000
66289  32.553  -24.424  -38.968 0.6999999881
67247  32.028  -23.035  -39.627 0.6000000238
72467  35.112  -18.240  -39.787 0.3000000119
145921  36.489  -47.833  -39.184 0.5000000000
42032  35.798  -46.178  -38.962 0.5000000000
39126  36.856  -49.426  -39.745 0.5000000000
41054  36.567  -48.074  -39.941 0.5000000000
38192  36.648  -51.259  -38.721 0.5000000000
39127  36.522  -49.627  -38.816 0.5000000000
40066  36.695  -48.721  -39.457 0.5000000000
38181  35.733  -51.549  -37.840 0.5000000000
36218  35.450  -53.208  -37.389 0.4000000060
38182  35.010  -51.669  -37.064 0.5000000000
35322  35.579  -54.203  -37.135 0.4000000060
37182  34.751  -52.414  -36.686 0.5000000000
34426  34.964  -55.058  -35.738 0.5000000000
36209  34.550  -53.144  -36.253 0.5000000000
48247  26.563  -41.324  -34.332 0.6999999881
147254  25.846  -41.847  -34.107 0.6999999881
48246  27.387  -41.492  -34.392 0.8000000119
153143  28.115  -41.804  -34.631 0.8000000119
47121  27.598  -42.647  -33.610 0.8000000119
48268  28.661  -41.386  -35.368 0.8999999762
48248  25.851  -41.173  -34.400 0.6999999881
48269  27.765  -41.220  -35.220 0.8999999762
49408  27.323  -40.574  -36.025 0.8999999762
49407  28.076  -40.955  -35.978 0.8999999762
49425  28.468  -41.047  -36.716 0.8999999762
50458  25.961  -39.721  -35.690 0.6000000238
140339  26.583  -40.296  -35.384 0.8000000119
49426  27.575  -40.841  -36.793 0.8999999762
49441  27.405  -41.286  -37.964 0.8999999762
49440  28.159  -41.758  -38.217 0.8999999762
50504  29.627  -41.884  -39.697 0.8999999762
49438  39.798  -41.220  -37.331 0.5000000000
47154  38.655  -42.172  -36.465 0.5000000000
48262  38.469  -41.692  -35.795 0.5000000000
47166  38.966  -42.658  -37.078 0.6000000238
144172  38.536  -42.875  -36.315 0.5000000000
47139  38.231  -42.741  -35.528 0.5000000000
143363  38.813  -43.606  -36.429 0.6000000238
162713  25.672  -39.248  -36.127 0.6000000238
50472  26.343  -39.616  -37.540 0.8999999762
49427  27.062  -40.414  -37.280 0.8999999762
50490  27.126  -40.780  -38.558 0.8999999762
50506  27.889  -41.725  -38.886 0.8999999762
50505  28.700  -41.660  -39.522 0.8999999762
50469  39.727  -39.976  -36.269 0.5000000000
50454  39.400  -39.599  -35.585 0.5000000000
49422  40.102  -40.420  -36.933 0.5000000000
163906  39.029  -40.875  -36.158 0.5000000000
49424  38.698  -40.878  -35.690 0.5000000000
49437  40.409  -40.857  -37.689 0.5000000000
48288  38.912  -41.421  -36.423 0.5000000000
51557  26.078  -38.973  -37.767 0.8999999762
50473  26.004  -39.272  -36.637 0.6999999881
51576  26.466  -39.761  -38.145 0.8999999762
51575  27.048  -39.595  -38.682 0.8999999762
51588  27.734  -40.822  -39.257 0.8999999762
51587  28.637  -40.376  -39.809 0.8999999762
50468  40.385  -39.531  -36.617 0.5000000000
50484  40.708  -39.947  -37.349 0.5000000000
50483  41.331  -39.444  -37.778 0.5000000000
52713  27.984  -39.078  -39.111 0.8999999762
52712  28.824  -38.486  -39.436 0.8999999762
51552  40.034  -39.122  -35.915 0.5000000000
51550  41.211  -38.089  -36.795 0.5000000000
160256  40.778  -37.777  -36.228 0.5000000000
51568  41.548  -38.470  -37.538 0.5000000000
52683  41.704  -37.535  -37.322 0.4000000060
54999  26.136  -35.976  -35.742 0.6000000238
156314  26.079  -35.119  -35.893 0.6000000238
143779  26.953  -36.409  -35.893 0.8000000119
55957  26.523  -34.464  -36.242 0.6999999881
56894  25.906  -33.558  -36.601 0.6999999881
157809  25.218  -33.165  -36.734 0.6999999881
55956  27.687  -34.744  -36.215 0.8000000119
54997  27.960  -35.980  -35.816 0.8000000119
56893  26.998  -33.700  -36.594 0.6999999881
56914  26.468  -32.845  -36.927 0.6999999881
56915  25.639  -32.707  -36.921 0.6999999881
58090  26.979  -32.194  -37.345 0.6999999881
164746  26.386  -31.743  -37.464 0.6999999881
56912  28.414  -33.083  -37.004 0.8000000119
58089  27.981  -32.392  -37.342 0.8000000119
55955  28.882  -34.653  -36.386 0.8000000119
60428  26.987  -31.438  -37.593 0.6999999881
59281  27.781  -31.711  -37.614 0.8000000119
56911  29.369  -33.239  -37.036 0.8000000119
59297  27.665  -30.966  -37.798 0.6999999881
60443  28.346  -30.343  -38.152 0.8000000119
62353  27.623  -28.739  -38.493 0.6000000238
59280  29.380  -31.920  -37.731 0.8000000119
59296  28.708  -31.231  -37.908 0.8000000119
61429  28.385  -29.026  -38.583 0.6000000238
63314  27.677  -27.835  -38.724 0.6000000238
63335  27.603  -26.853  -38.928 0.6000000238
61428  29.033  -29.582  -38.639 0.8000000119
63334  28.577  -27.508  -39.050 0.6000000238
136638  28.469  -26.679  -39.231 0.6000000238
60442  29.531  -30.391  -38.319 0.8000000119
62368  29.292  -28.263  -39.167 0.6999999881
64258  29.370  -26.560  -39.521 0.6000000238
66297  28.932  -24.947  -39.653 0.6999999881
65267  28.358  -25.350  -39.502 0.6000000238
153462  28.606  -26.058  -39.409 0.6000000238
147156  29.267  -23.238  -40.050 0.6000000238
63333  29.690  -27.496  -39.532 0.6999999881
64273  30.230  -25.931  -39.877 0.6999999881
34425  35.667  -55.528  -36.270 0.4000000060
35318  35.061  -54.414  -36.367 0.5000000000
150920  36.167  -50.606  -38.293 0.5000000000
50489  28.959  -41.280  -37.771 0.8999999762
156470  42.104  -37.929  -38.095 0.3000000119
151334  36.849  -50.269  -39.313 0.5000000000
37193  36.135  -52.403  -38.186 0.5000000000
49385  27.057  -40.827  -34.898 0.8000000119
48299  39.091  -42.034  -37.094 0.5000000000
56892  28.032  -33.782  -36.640 0.8000000119
56913  27.437  -32.961  -36.970 0.6999999881
157958  28.905  -32.526  -37.366 0.8000000119
60444  27.392  -30.239  -38.024 0.6999999881
136523  27.965  -29.565  -38.306 0.6999999881
42019  40.618  -47.840  -36.634 0.4000000060
42031  41.379  -46.994  -37.919 0.4000000060
42986  40.249  -46.431  -36.693 0.4000000060
141067  40.744  -47.085  -37.048 0.4000000060
43979  39.752  -45.853  -36.332 0.5000000000
43006  41.172  -46.029  -38.216 0.4000000060
42998  41.650  -46.563  -38.561 0.4000000060
44986  39.256  -44.312  -36.565 0.5000000000
44992  40.324  -44.669  -38.275 0.5000000000
43994  40.914  -45.200  -38.574 0.4000000060
43978  40.178  -45.635  -37.105 0.4000000060
43999  41.930  -45.673  -39.468 0.4000000060
44000  41.288  -44.952  -39.143 0.4000000060
145416  40.712  -46.269  -37.475 0.4000000060
43998  42.375  -45.523  -40.074 0.4000000060
46082  38.940  -43.151  -36.997 0.5000000000
164725  39.894  -44.290  -38.006 0.5000000000
45017  41.844  -43.941  -40.122 0.4000000060
45007  41.697  -44.653  -39.739 0.4000000060
47200  45.146  -42.942  -42.409 0.4000000060
46116  44.065  -43.697  -41.667 0.4000000060
45016  42.391  -44.667  -40.369 0.4000000060
138830  45.714  -43.028  -42.754 0.4000000060
45025  43.835  -44.583  -41.421 0.4000000060
46081  39.275  -43.659  -37.204 0.5000000000
140741  39.651  -43.751  -37.933 0.5000000000
151997  40.419  -43.758  -38.861 0.4000000060
47226  50.246  -41.994  -48.769 0.3000000119
45008  40.992  -44.163  -39.224 0.4000000060
47220  49.698  -41.773  -48.048 0.3000000119
46113  42.808  -43.135  -40.734 0.4000000060
153588  50.185  -42.194  -46.943 0.3000000119
48353  49.117  -41.665  -47.171 0.3000000119
163917  47.803  -40.788  -45.342 0.3000000119
48335  46.801  -41.139  -43.608 0.3000000119
47199  45.688  -42.123  -42.805 0.4000000060
47194  44.433  -42.878  -41.959 0.4000000060
46117  43.284  -43.798  -41.141 0.4000000060
48344  48.365  -41.162  -45.448 0.3000000119
48334  47.443  -40.944  -44.018 0.3000000119
47206  46.301  -41.783  -43.218 0.4000000060
47177  39.684  -42.823  -38.181 0.4000000060
47187  40.591  -42.740  -39.016 0.4000000060
46115  41.503  -43.295  -39.748 0.4000000060
46107  40.383  -43.236  -38.920 0.4000000060
48357  49.651  -41.013  -48.923 0.3000000119
49494  47.384  -40.032  -47.822 0.3000000119
48354  48.358  -41.040  -47.641 0.3000000119
154406  46.988  -40.543  -46.072 0.3000000119
49482  46.912  -39.889  -44.505 0.3000000119
49478  46.165  -40.199  -43.285 0.4000000060
48330  45.394  -41.389  -42.634 0.4000000060
47195  43.596  -42.816  -41.371 0.4000000060
48349  48.311  -41.295  -46.639 0.3000000119
49484  47.373  -40.545  -45.336 0.3000000119
48329  46.122  -41.041  -43.135 0.3000000119
47165  39.423  -42.507  -37.667 0.4000000060
148401  45.345  -38.623  -44.422 0.3000000119
146657  45.458  -39.094  -42.790 0.3000000119
50528  44.434  -39.942  -41.702 0.4000000060
49469  43.765  -40.344  -41.169 0.4000000060
48323  42.734  -41.301  -40.387 0.4000000060
160408  41.542  -41.993  -39.543 0.4000000060
50547  46.145  -39.455  -47.103 0.3000000119
50538  45.618  -39.261  -44.927 0.3000000119
50531  45.204  -39.847  -42.439 0.3000000119
49473  44.894  -40.658  -42.228 0.4000000060
48322  43.420  -41.224  -40.943 0.4000000060
47192  41.816  -42.689  -39.897 0.4000000060
50537  46.159  -39.674  -45.174 0.3000000119
50535  46.400  -39.446  -43.714 0.3000000119
49472  45.572  -40.571  -42.767 0.4000000060
150420  43.668  -41.891  -41.299 0.4000000060
47191  42.382  -42.689  -40.342 0.4000000060
49489  47.091  -40.451  -46.918 0.3000000119
50534  46.478  -39.461  -44.379 0.3000000119
48326  44.784  -41.405  -42.226 0.4000000060
50500  41.607  -39.892  -38.541 0.4000000060
50514  41.875  -40.315  -39.176 0.4000000060
49454  40.719  -41.291  -38.378 0.4000000060
48297  40.111  -41.666  -37.998 0.4000000060
51613  43.961  -38.942  -41.406 0.3000000119
158545  42.135  -40.661  -39.604 0.4000000060
49461  41.665  -41.142  -39.327 0.4000000060
48308  40.446  -42.139  -38.624 0.4000000060
161184  43.906  -39.716  -41.293 0.4000000060
49465  42.580  -40.534  -40.063 0.4000000060
48318  42.156  -41.304  -39.825 0.4000000060
48319  40.922  -42.275  -39.118 0.4000000060
60429  26.319  -31.122  -37.645 0.6000000238
60430  25.502  -30.742  -37.766 0.6000000238
160426  26.829  -28.759  -38.429 0.5000000000
61430  27.082  -29.475  -38.255 0.5000000000
63315  26.876  -27.413  -38.692 0.5000000000
160945  27.223  -26.179  -38.986 0.5000000000
66298  28.270  -24.437  -39.653 0.5000000000
138565  28.733  -22.576  -40.054 0.4000000060
76718  31.756  -14.426  -43.192 0.3000000119
76736  30.354  -14.100  -44.148 0.3000000119
76720  29.919  -14.404  -43.278 0.3000000119
76715  34.752  -15.120  -43.236 0.3000000119
76716  33.645  -14.521  -43.181 0.3000000119
76717  32.698  -14.470  -43.141 0.3000000119
76735  31.283  -14.137  -44.104 0.3000000119
77804  29.847  -13.794  -44.978 0.3000000119
76738  28.505  -13.912  -44.104 0.3000000119
77806  27.987  -13.374  -44.987 0.3000000119
76731  35.518  -14.061  -44.290 0.3000000119
76732  33.910  -14.186  -43.888 0.3000000119
76733  33.036  -14.127  -43.837 0.3000000119
77802  31.765  -13.550  -44.664 0.3000000119
77803  30.839  -13.598  -44.965 0.3000000119
77817  30.234  -13.006  -45.290 0.3000000119
164263  29.529  -13.179  -45.239 0.3000000119
78874  27.393  -12.409  -45.127 0.3000000119
79916  25.983  -12.011  -44.134 0.3000000119
76730  36.116  -14.190  -44.081 0.3000000119
157173  33.983  -13.611  -44.881 0.3000000119
77801  32.583  -13.586  -44.498 0.3000000119
77815  32.258  -13.095  -45.096 0.3000000119
77816  31.505  -13.018  -45.199 0.3000000119
160392  30.882  -12.772  -45.249 0.3000000119
77818  29.671  -12.357  -45.400 0.3000000119
77819  28.841  -12.897  -45.324 0.3000000119
79914  27.330  -11.476  -45.156 0.3000000119
136007  36.305  -13.824  -44.070 0.3000000119
154705  34.567  -13.481  -44.571 0.3000000119
77813  33.628  -13.172  -45.008 0.3000000119
78871  31.895  -12.431  -45.129 0.3000000119
78882  31.042  -11.247  -45.554 0.3000000119
152168  29.928  -11.137  -44.962 0.3000000119
160707  29.683  -11.259  -45.089 0.3000000119
136088  34.447  -14.057  -43.899 0.3000000119
135993  33.728  -12.709  -44.610 0.3000000119
78869  33.366  -12.777  -45.064 0.3000000119
79909  32.237  -12.327  -44.995 0.3000000119
79912  30.189  -11.379  -45.354 0.3000000119
135660  33.726  -13.403  -42.571 0.3000000119
156910  33.022  -12.734  -43.949 0.3000000119
79880  32.276  -12.912  -42.853 0.3000000119
79891  32.204  -12.553  -44.138 0.3000000119
78856  32.954  -13.142  -42.196 0.3000000119
79875  32.713  -12.381  -42.205 0.3000000119
80936  34.086  -11.235  -42.239 0.3000000119
45015  43.081  -44.631  -40.905 0.4000000060
41044  41.239  -47.830  -37.367 0.4000000060
42039  41.914  -47.223  -38.559 0.4000000060
137471  42.531  -46.469  -39.746 0.4000000060
43005  42.137  -46.726  -39.101 0.4000000060
46121  45.492  -43.938  -42.444 0.4000000060
45024  44.759  -44.528  -41.901 0.4000000060
44003  43.694  -45.443  -41.128 0.4000000060
46134  51.548  -43.189  -47.634 0.3000000119
135554  50.833  -42.331  -45.817 0.3000000119
47216  49.815  -42.001  -46.255 0.3000000119
48340  48.629  -41.503  -44.570 0.3000000119
144838  47.338  -41.790  -43.765 0.3000000119
47198  46.200  -42.609  -43.098 0.3000000119
47225  51.007  -42.879  -48.587 0.3000000119
49499  48.198  -40.281  -48.201 0.3000000119
50543  45.367  -39.279  -45.877 0.3000000119
49500  47.715  -39.733  -48.103 0.3000000119
50499  42.157  -39.411  -39.049 0.4000000060
51594  42.597  -38.944  -39.716 0.4000000060
50525  43.400  -38.999  -40.794 0.4000000060
51618  45.018  -38.369  -42.715 0.3000000119
51621  45.351  -38.234  -43.555 0.3000000119
51583  41.837  -38.899  -38.337 0.4000000060
146760  25.344  -32.137  -37.256 0.6000000238
135669  36.382  -14.227  -42.146 0.3000000119
140080  35.218  -13.812  -41.431 0.3000000119
135659  34.160  -13.310  -41.568 0.3000000119
79874  33.676  -12.712  -41.731 0.3000000119
79873  34.593  -12.288  -41.680 0.3000000119
48361  50.989  -41.643  -49.636 0.3000000119
42020  40.191  -47.178  -36.292 0.4000000060
46114  42.134  -43.296  -40.244 0.4000000060
48350  47.761  -40.707  -47.289 0.3000000119
49453  41.342  -40.812  -38.750 0.4000000060
77799  35.314  -13.886  -44.228 0.3000000119
79913  28.156  -11.443  -45.384 0.3000000119
155809  31.670  -12.002  -45.329 0.3000000119
79910  31.251  -11.461  -45.495 0.3000000119
80935  35.066  -10.882  -42.340 0.3000000119
41030  41.060  -48.419  -36.923 0.3000000119
41043  41.615  -48.636  -37.487 0.3000000119
42023  31.171  -47.447  -36.306 0.6000000238
42011  30.652  -47.327  -35.493 0.6999999881
41005  29.967  -47.954  -34.793 0.6999999881
41053  41.928  -48.005  -38.170 0.3000000119
36186  40.530  -54.306  -33.376 0.3000000119
148850  40.709  -53.906  -34.204 0.3000000119
42963  28.095  -46.749  -34.069 0.6999999881
39102  41.187  -50.682  -36.470 0.3000000119
41994  28.424  -47.502  -34.324 0.6999999881
41993  29.302  -47.558  -34.417 0.6999999881
146134  41.839  -49.374  -37.454 0.3000000119
41992  29.989  -47.078  -34.700 0.6999999881
41042  42.384  -49.047  -38.066 0.3000000119
42047  43.599  -47.803  -39.977 0.3000000119
146009  43.098  -48.449  -39.067 0.3000000119
42038  42.450  -47.740  -38.840 0.3000000119
43015  44.508  -47.253  -40.885 0.3000000119
43016  43.657  -47.109  -40.397 0.3000000119
156052  43.063  -47.050  -39.988 0.3000000119
36197  40.520  -53.645  -34.717 0.3000000119
38156  40.927  -52.185  -35.787 0.4000000060
43943  28.102  -45.476  -33.604 0.6999999881
40043  41.639  -50.132  -37.030 0.3000000119
38169  41.166  -51.474  -36.218 0.3000000119
42946  28.627  -46.046  -33.808 0.6999999881
42962  29.171  -46.746  -34.145 0.6999999881
40056  42.428  -49.958  -37.690 0.3000000119
41052  43.179  -49.159  -38.673 0.3000000119
41051  43.926  -49.255  -39.179 0.3000000119
42054  45.567  -48.172  -40.723 0.3000000119
36204  40.301  -53.248  -35.048 0.4000000060
44961  27.071  -44.334  -33.528 0.6999999881
38167  42.954  -51.990  -36.719 0.3000000119
38168  42.006  -51.274  -36.783 0.3000000119
39114  43.273  -50.733  -37.724 0.3000000119
39115  42.418  -50.696  -37.320 0.3000000119
44960  28.391  -44.655  -33.503 0.6999999881
40065  43.929  -49.893  -38.672 0.3000000119
43942  28.964  -45.209  -33.696 0.6999999881
143325  44.506  -45.456  -41.549 0.3000000119
43017  42.988  -46.304  -40.288 0.3000000119
44008  45.999  -46.435  -41.921 0.3000000119
44002  44.460  -46.355  -41.264 0.3000000119
160550  27.840  -44.226  -33.398 0.6999999881
38180  43.708  -51.558  -37.193 0.3000000119
163446  28.209  -43.055  -33.594 0.6999999881
39123  45.067  -50.177  -38.267 0.3000000119
39124  44.553  -50.370  -38.243 0.3000000119
44959  29.092  -44.353  -33.797 0.6999999881
45030  45.650  -44.987  -42.239 0.3000000119
38165  44.384  -51.431  -37.082 0.3000000119
46055  28.811  -43.114  -33.954 0.6999999881
52733  43.282  -37.729  -40.658 0.3000000119
145840  31.787  -47.808  -37.544 0.5000000000
142388  30.583  -49.163  -35.435 0.6999999881
41033  31.422  -47.980  -36.730 0.6000000238
41019  31.356  -48.922  -36.264 0.6000000238
41995  27.483  -47.249  -34.677 0.6999999881
43944  27.236  -45.687  -33.951 0.6999999881
36196  41.323  -53.482  -34.695 0.3000000119
43945  26.652  -45.099  -33.986 0.6999999881
36202  41.659  -53.171  -35.213 0.4000000060
46057  26.721  -43.761  -33.555 0.6999999881
37169  42.949  -52.519  -36.113 0.4000000060
37170  41.968  -52.297  -36.180 0.4000000060
47130  26.836  -42.087  -33.787 0.6999999881
38166  43.765  -52.067  -36.483 0.3000000119
38154  44.283  -51.688  -36.465 0.3000000119
39089  44.492  -51.273  -36.271 0.3000000119
41029  41.258  -49.151  -36.878 0.3000000119
46056  27.559  -43.511  -33.430 0.6999999881
41020  30.808  -48.251  -35.613 0.6000000238
39100  44.774  -51.066  -36.994 0.3000000119
37168  43.438  -52.430  -35.924 0.3000000119
41063  36.139  -47.675  -40.219 0.5000000000
41056  33.491  -47.367  -39.497 0.5000000000
41064  34.040  -47.982  -39.974 0.5000000000
41055  36.303  -47.216  -39.747 0.4000000060
36222  30.072  -53.840  -36.964 0.4000000060
35336  28.896  -54.925  -38.247 0.5000000000
42051  34.516  -46.907  -39.880 0.4000000060
42049  35.901  -46.901  -40.076 0.5000000000
41057  32.606  -47.681  -38.880 0.5000000000
34455  27.731  -56.063  -39.190 0.4000000060
34456  26.699  -56.121  -39.225 0.4000000060
35325  29.419  -54.402  -37.646 0.5000000000
41046  32.281  -48.438  -38.301 0.4000000060
34442  26.305  -55.436  -38.867 0.4000000060
33486  25.866  -57.049  -39.604 0.4000000060
34441  27.329  -55.275  -38.696 0.4000000060
35326  28.349  -54.314  -37.945 0.5000000000
146090  28.059  -54.864  -38.366 0.4000000060
36212  29.592  -53.138  -36.602 0.5000000000
37166  30.536  -51.804  -35.857 0.4000000060
41032  31.696  -48.472  -37.142 0.5000000000
39095  31.307  -50.475  -36.109 0.4000000060
38160  30.775  -51.115  -35.761 0.4000000060
40046  31.781  -49.150  -37.158 0.4000000060
33472  25.867  -56.180  -39.250 0.4000000060
35328  21.949  -54.945  -37.957 0.4000000060
35338  26.605  -54.665  -38.434 0.4000000060
37190  22.640  -52.870  -37.375 0.4000000060
36224  27.659  -53.714  -37.770 0.5000000000
35337  27.443  -54.450  -38.206 0.4000000060
37189  23.712  -52.653  -37.474 0.4000000060
163165  28.624  -52.875  -36.871 0.5000000000
151921  24.061  -51.766  -37.340 0.4000000060
38190  23.116  -51.947  -37.158 0.4000000060
37175  29.091  -52.450  -36.329 0.5000000000
155186  28.745  -51.881  -36.088 0.5000000000
39122  24.029  -50.486  -37.051 0.4000000060
39108  23.166  -50.265  -36.888 0.4000000060
150903  29.572  -51.897  -35.869 0.5000000000
39097  29.564  -50.721  -35.427 0.6000000238
39096  30.408  -50.553  -35.546 0.6000000238
40035  30.918  -49.789  -35.697 0.5000000000
34444  22.964  -55.925  -38.822 0.4000000060
35327  22.797  -54.571  -38.048 0.4000000060
158035  25.392  -55.641  -39.076 0.4000000060
36228  23.261  -53.616  -37.681 0.4000000060
146726  26.961  -53.127  -37.675 0.5000000000
36236  26.757  -53.909  -38.049 0.4000000060
36227  24.281  -53.409  -37.768 0.4000000060
36213  27.853  -52.950  -37.351 0.5000000000
38187  24.741  -51.534  -37.441 0.4000000060
37176  28.025  -52.133  -36.703 0.5000000000
148222  28.851  -50.559  -35.368 0.5000000000
40049  24.172  -49.660  -36.982 0.4000000060
40036  29.676  -49.894  -35.169 0.6000000238
35341  23.273  -55.146  -38.573 0.4000000060
153939  26.026  -54.205  -38.280 0.4000000060
35340  24.115  -54.805  -38.546 0.4000000060
36238  24.683  -54.156  -38.171 0.4000000060
37187  25.644  -52.476  -37.683 0.4000000060
149458  27.583  -51.280  -36.451 0.5000000000
149069  25.375  -51.637  -37.538 0.4000000060
38188  24.385  -51.018  -37.260 0.4000000060
38172  28.226  -51.516  -36.064 0.5000000000
39121  24.721  -50.287  -37.222 0.4000000060
140927  29.828  -48.864  -34.908 0.6000000238
41021  28.851  -49.255  -34.828 0.6000000238
40037  28.245  -49.921  -35.188 0.6000000238
34457  24.431  -55.967  -39.269 0.4000000060
35339  24.913  -54.922  -38.693 0.4000000060
36226  25.178  -53.315  -37.890 0.4000000060
37188  24.732  -52.384  -37.598 0.4000000060
37185  27.196  -52.335  -37.367 0.5000000000
37186  26.429  -52.474  -37.604 0.5000000000
38186  26.102  -51.690  -37.558 0.5000000000
38174  26.536  -50.969  -37.310 0.5000000000
138660  25.832  -50.878  -37.505 0.5000000000
39106  27.275  -50.496  -36.346 0.5000000000
158656  27.031  -50.872  -36.913 0.5000000000
39120  25.463  -50.164  -37.351 0.4000000060
39098  27.530  -50.102  -35.737 0.6000000238
40062  25.083  -49.481  -37.169 0.5000000000
41036  24.674  -48.737  -36.977 0.4000000060
41006  28.849  -48.373  -34.534 0.6000000238
41022  27.946  -48.984  -34.895 0.6000000238
40047  27.023  -49.678  -36.321 0.6000000238
39107  26.646  -50.074  -36.953 0.5000000000
40061  25.735  -49.415  -37.196 0.5000000000
40038  27.415  -49.370  -35.596 0.6000000238
40039  26.825  -48.860  -36.272 0.6000000238
40060  26.160  -49.389  -37.090 0.5000000000
41007  27.705  -48.092  -34.762 0.6000000238
44978  25.088  -45.101  -35.306 0.5000000000
43962  25.880  -45.118  -34.718 0.6000000238
140303  25.536  -46.407  -36.008 0.5000000000
43961  26.479  -45.780  -34.736 0.6000000238
42976  25.970  -46.590  -36.103 0.6000000238
42993  25.636  -46.829  -36.341 0.5000000000
164774  25.295  -46.956  -36.459 0.5000000000
41023  27.223  -48.501  -35.539 0.6000000238
41034  26.227  -48.491  -36.739 0.5000000000
41048  25.918  -48.824  -36.982 0.5000000000
140242  25.275  -48.033  -36.850 0.5000000000
138955  24.603  -47.965  -36.798 0.5000000000
44970  25.445  -44.338  -34.544 0.5000000000
46065  25.215  -43.443  -34.402 0.5000000000
46064  26.006  -43.612  -33.881 0.6000000238
44962  26.239  -44.404  -33.982 0.6000000238
42992  26.021  -47.105  -36.450 0.6000000238
41035  25.784  -48.165  -36.824 0.5000000000
41996  26.854  -46.907  -35.296 0.6000000238
42013  26.394  -46.958  -36.001 0.6000000238
147512  32.478  -48.757  -38.722 0.4000000060
138951  32.026  -48.501  -37.729 0.4000000060
41058  32.213  -47.348  -38.383 0.5000000000
42012  26.924  -47.578  -35.592 0.6000000238
41067  35.878  -48.342  -40.542 0.5000000000
40076  33.453  -49.170  -39.643 0.5000000000
40074  35.327  -47.460  -40.279 0.5000000000
41065  32.998  -48.440  -39.267 0.5000000000
36223  28.772  -53.601  -37.339 0.5000000000
152964  25.804  -54.857  -38.619 0.4000000060
38189  23.577  -51.114  -37.097 0.4000000060
164112  25.556  -54.498  -38.437 0.4000000060
36225  26.042  -53.366  -37.930 0.4000000060
34443  23.830  -55.530  -38.974 0.4000000060
41024  26.606  -48.053  -36.273 0.6000000238
36229  22.087  -53.950  -37.647 0.3000000119
38175  22.561  -51.173  -36.942 0.3000000119
37191  21.510  -53.095  -37.313 0.3000000119
37177  21.885  -52.082  -37.020 0.3000000119
38176  21.397  -51.182  -36.757 0.3000000119
30535  39.850  -58.931  -33.840 0.5000000000
30550  41.160  -58.857  -34.171 0.5000000000
31471  39.895  -58.454  -32.684 0.5000000000
31473  38.030  -58.081  -32.731 0.5000000000
31488  40.111  -58.759  -33.152 0.5000000000
31491  37.485  -58.212  -33.466 0.5000000000
31492  36.842  -57.821  -33.504 0.6000000238
31511  37.691  -58.353  -34.181 0.6999999881
32435  40.096  -57.287  -31.933 0.5000000000
32453  36.050  -57.046  -33.111 0.6999999881
32474  36.548  -57.725  -34.041 0.6000000238
32481  36.040  -57.096  -34.807 0.5000000000
33403  38.875  -56.669  -32.203 0.5000000000
33411  38.135  -56.607  -32.298 0.5000000000
33412  37.426  -56.766  -32.390 0.5000000000
33426  35.497  -56.816  -33.547 0.6999999881
33441  35.676  -56.540  -35.146 0.6000000238
33485  26.986  -56.854  -39.708 0.4000000060
34372  40.143  -55.906  -32.002 0.3000000119
34380  36.096  -56.042  -32.506 0.6000000238
34394  34.514  -55.511  -33.350 0.6000000238
34407  34.332  -55.308  -34.050 0.6000000238
34424  36.330  -55.914  -36.738 0.4000000060
35296  34.017  -54.010  -32.769 0.6999999881
35342  22.427  -55.499  -38.314 0.4000000060
36173  35.794  -53.834  -32.595 0.6000000238
36191  33.677  -53.513  -33.131 0.6999999881
36203  40.986  -53.314  -35.124 0.4000000060
36208  34.974  -53.708  -36.641 0.4000000060
36219  34.963  -52.981  -36.894 0.5000000000
36237  25.431  -54.086  -38.206 0.4000000060
36239  23.785  -54.299  -38.076 0.4000000060
37131  34.503  -52.779  -32.487 0.6000000238
37132  33.890  -52.301  -32.733 0.6999999881
37161  42.213  -52.832  -35.601 0.4000000060
37162  41.403  -52.857  -35.545 0.4000000060
37163  40.548  -52.775  -35.366 0.4000000060
37165  33.519  -52.326  -34.618 0.8000000119
37174  30.150  -52.539  -36.123 0.5000000000
37181  35.298  -52.380  -37.355 0.5000000000
38124  35.459  -51.932  -32.465 0.6000000238
38125  34.723  -51.455  -32.326 0.6999999881
38138  37.896  -51.674  -33.951 0.4000000060
38139  37.153  -51.652  -33.340 0.4000000060
38141  33.455  -51.403  -33.502 0.8000000119
38150  38.543  -51.836  -34.482 0.4000000060
38159  33.741  -51.428  -35.186 0.6999999881
38161  29.974  -51.250  -35.605 0.6000000238
38162  28.952  -51.282  -35.641 0.5000000000
38173  27.191  -51.557  -37.105 0.5000000000
38185  26.698  -51.800  -37.414 0.5000000000
39074  36.704  -50.807  -32.773 0.5000000000
39092  39.998  -50.928  -35.543 0.4000000060
39094  33.745  -50.035  -34.887 0.8000000119
39101  42.899  -51.356  -37.213 0.3000000119
39105  28.009  -50.808  -35.706 0.6000000238
39112  44.765  -50.755  -37.633 0.3000000119
39113  44.237  -50.956  -37.707 0.3000000119
39117  35.387  -50.861  -37.442 0.6000000238
39119  26.111  -50.101  -37.353 0.5000000000
39125  43.883  -50.431  -38.203 0.3000000119
39988  35.559  -48.992  -31.730 0.6000000238
39989  34.918  -49.020  -31.669 0.6999999881
39998  36.195  -49.360  -32.078 0.6000000238
40000  34.291  -50.031  -32.228 0.6999999881
40028  44.629  -50.546  -36.270 0.3000000119
40034  31.512  -49.671  -36.441 0.4000000060
40048  26.457  -49.210  -36.773 0.5000000000
40054  45.046  -50.408  -37.660 0.3000000119
40055  43.164  -49.872  -38.230 0.3000000119
40971  36.634  -48.092  -32.344 0.6000000238
40972  34.110  -48.206  -32.261 0.8000000119
41002  39.459  -48.908  -35.189 0.5000000000
41047  32.086  -47.833  -38.004 0.4000000060
41049  25.473  -48.746  -37.005 0.5000000000
41061  44.335  -49.019  -39.542 0.3000000119
41062  43.641  -48.466  -39.536 0.3000000119
41946  35.113  -47.456  -31.585 0.6999999881
41977  38.230  -47.587  -33.989 0.6000000238
41990  38.702  -47.818  -34.483 0.6000000238
42006  40.139  -47.852  -36.030 0.4000000060
42008  39.038  -46.599  -34.984 0.5000000000
42024  26.099  -47.717  -36.635 0.5000000000
42025  25.638  -47.422  -36.635 0.5000000000
42026  25.001  -47.374  -36.676 0.5000000000
42040  35.861  -46.502  -39.591 0.5000000000
42048  42.898  -47.538  -39.466 0.3000000119
42050  35.390  -46.515  -39.827 0.5000000000
42910  34.119  -45.975  -31.732 0.8000000119
42926  36.449  -46.637  -32.235 0.6999999881
42943  37.403  -46.113  -33.339 0.6999999881
42944  33.302  -46.676  -33.600 0.8000000119
42947  27.820  -46.128  -33.874 0.6999999881
42964  27.167  -46.439  -34.524 0.6000000238
42965  26.412  -46.410  -35.478 0.6000000238
42974  33.635  -46.189  -35.779 0.8999999762
43021  45.428  -47.299  -41.298 0.3000000119
43903  33.645  -45.299  -31.881 0.8000000119
43956  38.346  -45.310  -34.560 0.6999999881
43969  25.782  -45.903  -35.568 0.6000000238
43986  40.542  -45.439  -37.883 0.4000000060
43987  40.014  -44.883  -37.598 0.5000000000
43988  33.336  -45.350  -38.087 0.8999999762
43990  32.054  -45.097  -37.753 0.8999999762
43993  41.544  -45.835  -38.870 0.4000000060
43995  33.143  -45.445  -38.458 0.8999999762
44004  42.981  -45.456  -40.625 0.4000000060
44009  45.292  -46.394  -41.626 0.3000000119
44920  34.876  -44.686  -31.433 0.8000000119
44935  36.280  -44.067  -32.365 0.6999999881
44938  32.713  -44.542  -32.948 0.8000000119
44975  38.771  -44.316  -35.768 0.6000000238
44985  39.623  -44.293  -37.371 0.5000000000
44993  40.074  -43.999  -38.472 0.4000000060
44999  40.651  -44.408  -38.797 0.4000000060
45023  45.362  -45.597  -41.900 0.3000000119
46035  33.498  -43.797  -31.675 0.8000000119
46052  37.081  -43.271  -33.304 0.6000000238
46054  29.103  -43.680  -33.962 0.6999999881
46061  32.431  -43.128  -35.338 0.8999999762
46062  30.032  -43.402  -34.911 0.8000000119
46063  29.436  -43.236  -34.426 0.8000000119
46089  39.373  -43.117  -37.703 0.5000000000
46099  39.895  -43.332  -38.445 0.5000000000
46106  40.902  -43.237  -39.307 0.4000000060
46122  44.744  -43.588  -42.086 0.4000000060
47090  33.417  -42.325  -31.611 0.6999999881
47113  35.526  -42.496  -31.711 0.6999999881
47122  26.773  -43.012  -33.509 0.6999999881
47125  37.811  -42.950  -34.752 0.6999999881
47129  28.377  -42.436  -34.063 0.8000000119
47131  25.931  -42.714  -33.864 0.6999999881
47132  25.071  -42.508  -34.371 0.5000000000
47176  40.083  -42.779  -38.601 0.4000000060
47186  41.174  -42.717  -39.435 0.4000000060
47205  46.762  -42.146  -43.435 0.3000000119
47219  50.623  -42.425  -47.808 0.3000000119
47230  50.809  -42.360  -49.207 0.3000000119
48237  37.463  -41.329  -33.931 0.6000000238
48287  39.342  -41.503  -37.027 0.5000000000
48298  39.569  -41.897  -37.592 0.4000000060
48307  41.094  -41.653  -38.951 0.4000000060
48309  39.846  -42.328  -38.166 0.4000000060
48324  42.244  -42.044  -40.126 0.4000000060
48333  47.968  -41.629  -44.124 0.3000000119
48339  49.300  -41.531  -45.035 0.3000000119
48341  47.880  -40.874  -44.673 0.3000000119
48345  47.587  -40.862  -46.163 0.3000000119
48348  49.092  -41.682  -45.993 0.3000000119
48358  48.898  -41.023  -48.296 0.3000000119
49349  36.179  -40.311  -31.961 0.6000000238
49351  34.606  -40.660  -31.373 0.6999999881
49353  33.386  -40.870  -31.602 0.6999999881
49365  37.183  -39.714  -32.967 0.6000000238
49386  26.310  -40.682  -34.702 0.6999999881
49403  39.181  -40.380  -35.923 0.5000000000
49423  39.418  -40.828  -36.582 0.5000000000
49428  26.600  -39.939  -36.429 0.8999999762
49439  28.740  -42.014  -38.951 0.8999999762
49464  43.170  -40.436  -40.604 0.4000000060
49468  44.186  -41.091  -41.609 0.4000000060
49477  47.208  -40.343  -43.972 0.3000000119
49481  47.294  -40.399  -44.575 0.3000000119
49485  46.732  -40.149  -45.431 0.3000000119
49490  46.564  -40.108  -46.493 0.3000000119
49495  46.785  -39.744  -47.413 0.3000000119
49498  49.115  -40.288  -48.890 0.3000000119
50401  35.193  -39.489  -31.544 0.6999999881
50403  33.651  -39.519  -31.725 0.8000000119
50455  38.831  -40.065  -35.282 0.6000000238
50491  26.774  -40.516  -38.024 0.8999999762
50501  41.033  -40.403  -38.091 0.4000000060
50502  33.237  -40.625  -40.320 1.0000000000
50513  42.391  -39.910  -39.654 0.4000000060
50530  45.823  -39.723  -43.076 0.3000000119
50542  45.964  -39.730  -46.181 0.3000000119
51512  33.232  -38.000  -33.840 0.8000000119
51536  30.929  -38.769  -35.855 1.0000000000
51537  30.438  -39.137  -35.842 1.0000000000
51551  40.609  -38.598  -36.366 0.5000000000
51569  40.998  -39.021  -37.040 0.5000000000
51597  32.930  -40.250  -40.718 1.0000000000
51607  43.082  -38.556  -40.378 0.4000000060
51612  44.833  -39.038  -42.123 0.4000000060
51617  45.884  -38.893  -43.524 0.3000000119
52631  36.586  -37.876  -32.495 0.6999999881
52632  36.046  -37.445  -32.433 0.6999999881
52634  34.553  -37.397  -32.493 0.8000000119
52643  38.091  -37.675  -33.569 0.6999999881
53812  34.345  -36.342  -34.383 0.8000000119
53842  40.932  -36.517  -36.074 0.6000000238
53853  42.330  -36.078  -37.964 0.3000000119
53856  36.051  -36.921  -38.386 0.8000000119
53865  36.382  -35.918  -39.229 0.8000000119
53877  35.733  -36.826  -39.564 1.0000000000
53892  34.989  -36.497  -40.067 1.0000000000
54954  37.921  -35.076  -33.802 0.6999999881
54956  36.461  -35.400  -33.650 0.6999999881
54967  38.558  -35.759  -33.881 0.6999999881
54993  41.440  -35.282  -36.508 0.5000000000
54998  26.920  -35.432  -35.863 0.8000000119
55012  41.822  -35.570  -37.052 0.5000000000
55029  36.167  -35.427  -39.640 0.8000000119
55030  35.845  -35.641  -39.928 1.0000000000
55943  36.395  -34.271  -35.608 0.6999999881
55951  37.242  -33.737  -37.680 0.6999999881
55954  28.918  -33.761  -36.708 0.8000000119
55993  35.132  -34.661  -40.095 1.0000000000
55994  34.257  -34.497  -40.696 1.0000000000
56003  34.806  -34.951  -40.390 1.0000000000
56865  37.188  -33.440  -34.976 0.6999999881
56909  34.598  -33.297  -38.817 0.8999999762
56925  36.549  -33.750  -38.911 0.8000000119
56926  36.075  -33.495  -39.023 0.8000000119
56930  30.740  -33.135  -38.245 1.0000000000
56952  33.853  -32.132  -41.568 1.0000000000
58033  39.738  -32.778  -34.903 0.6000000238
58035  38.280  -32.756  -34.867 0.6000000238
58065  38.416  -31.403  -36.837 0.6000000238
58079  42.374  -32.735  -37.924 0.5000000000
58080  42.003  -32.189  -37.243 0.5000000000
58085  34.782  -33.040  -38.048 0.8999999762
58112  34.253  -32.361  -41.152 1.0000000000
58115  31.241  -31.874  -39.832 1.0000000000
58123  32.860  -31.448  -41.341 1.0000000000
59247  39.899  -31.471  -35.641 0.6000000238
59257  41.468  -31.624  -36.483 0.6000000238
59258  40.966  -30.955  -36.241 0.4000000060
59261  36.566  -31.441  -37.433 0.5000000000
59282  25.757  -31.617  -37.486 0.6999999881
59293  33.376  -31.046  -40.228 0.8999999762
59308  32.534  -30.839  -41.059 1.0000000000
60392  36.107  -30.550  -35.847 0.5000000000
60394  34.802  -30.631  -35.794 0.6000000238
60395  34.036  -30.288  -36.037 0.6999999881
60411  34.320  -31.019  -36.276 0.6999999881
60412  33.596  -30.654  -36.670 0.6999999881
60424  38.262  -30.080  -37.601 0.5000000000
60426  33.188  -30.974  -37.549 0.8000000119
60427  32.676  -30.252  -38.482 0.8999999762
60438  41.785  -30.196  -38.585 0.4000000060
60445  26.453  -30.215  -37.901 0.6000000238
60451  42.135  -30.770  -39.041 0.3000000119
61349  36.089  -28.874  -34.701 0.5000000000
61369  33.705  -29.385  -36.026 0.6999999881
61387  40.183  -29.764  -37.225 0.5000000000
61403  41.244  -29.630  -38.080 0.4000000060
61407  37.863  -29.738  -37.619 0.5000000000
61423  40.623  -29.045  -38.648 0.4000000060
61424  39.612  -28.745  -38.487 0.4000000060
61442  40.942  -29.628  -40.253 0.3000000119
61444  32.591  -29.877  -40.391 0.8999999762
61445  30.854  -28.941  -40.149 0.8999999762
61447  28.990  -28.853  -38.846 0.6999999881
61460  31.678  -28.825  -40.472 1.0000000000
61468  40.610  -29.326  -41.235 0.3000000119
62292  37.307  -28.522  -34.888 0.5000000000
62294  36.071  -28.212  -34.559 0.4000000060
62329  37.918  -28.567  -37.508 0.4000000060
62330  37.614  -29.100  -37.076 0.5000000000
62331  33.182  -28.555  -36.504 0.6000000238
62350  38.571  -28.275  -38.491 0.4000000060
62352  28.415  -28.362  -38.756 0.6000000238
62354  27.025  -28.173  -38.565 0.5000000000
62366  32.447  -28.536  -39.891 0.6999999881
62374  40.027  -28.027  -40.597 0.4000000060
62375  39.598  -27.383  -40.321 0.4000000060
62377  32.142  -28.683  -40.447 1.0000000000
62385  40.839  -28.732  -41.296 0.3000000119
63260  38.406  -27.458  -34.999 0.5000000000
63262  37.117  -27.723  -34.518 0.4000000060
63275  34.893  -27.676  -35.166 0.5000000000
63291  38.695  -27.480  -36.848 0.5000000000
63293  32.839  -27.823  -37.017 0.6999999881
63345  39.776  -27.136  -40.678 0.3000000119
63346  39.396  -26.925  -40.271 0.3000000119
64185  38.753  -26.696  -34.795 0.5000000000
64187  36.842  -26.479  -34.453 0.4000000060
64232  32.625  -26.503  -38.215 0.6999999881
64240  32.444  -26.601  -39.172 0.6999999881
64256  32.360  -25.972  -39.715 0.6999999881
64259  27.788  -25.946  -39.233 0.6000000238
64270  32.141  -26.156  -40.231 0.8000000119
65199  39.390  -25.173  -34.657 0.4000000060
65210  39.763  -25.688  -35.166 0.4000000060
65211  35.547  -25.615  -35.197 0.5000000000
65226  33.807  -25.496  -36.634 0.5000000000
65250  33.099  -25.051  -37.761 0.5000000000
65264  39.693  -25.093  -39.555 0.3000000119
65266  29.183  -25.667  -39.599 0.6000000238
65281  39.678  -25.836  -40.193 0.3000000119
65282  32.175  -25.310  -40.002 0.6999999881
66232  39.120  -24.715  -34.447 0.3000000119
66233  38.572  -24.485  -34.377 0.4000000060
66234  37.747  -24.484  -34.466 0.4000000060
66245  40.397  -24.541  -35.291 0.4000000060
66247  35.350  -24.854  -35.609 0.4000000060
66260  34.816  -24.250  -36.317 0.5000000000
66262  33.577  -24.930  -37.171 0.6000000238
66276  39.790  -25.321  -37.785 0.4000000060
66277  33.794  -24.242  -37.223 0.4000000060
66288  32.980  -24.415  -38.217 0.6000000238
66307  41.515  -23.976  -40.555 0.3000000119
66309  31.813  -24.585  -40.026 0.8000000119
66311  30.156  -24.433  -40.081 0.6999999881
66312  29.220  -24.182  -39.876 0.6999999881
67189  39.626  -23.710  -34.436 0.4000000060
67204  36.637  -23.661  -35.231 0.4000000060
67215  34.645  -23.525  -36.787 0.3000000119
67261  30.677  -23.020  -40.056 0.6000000238
67263  28.430  -23.447  -39.832 0.4000000060
68191  39.903  -22.362  -34.377 0.3000000119
68207  36.356  -22.844  -35.772 0.4000000060
68259  32.191  -22.411  -39.594 0.6000000238
68272  29.942  -22.284  -40.201 0.5000000000
68273  29.072  -21.995  -40.261 0.5000000000
69230  38.199  -21.508  -34.890 0.3000000119
69239  37.513  -21.519  -35.393 0.4000000060
69251  35.573  -21.529  -36.944 0.3000000119
69265  35.004  -21.502  -37.447 0.3000000119
69277  33.785  -21.384  -38.552 0.4000000060
70262  39.874  -20.887  -34.389 0.3000000119
70275  38.408  -20.085  -34.945 0.3000000119
70277  37.169  -20.938  -35.797 0.3000000119
70298  36.297  -20.186  -36.910 0.3000000119
70313  34.970  -19.905  -38.116 0.4000000060
70328  33.266  -19.256  -39.900 0.3000000119
70329  32.567  -19.899  -39.872 0.3000000119
70331  30.380  -20.665  -40.365 0.5000000000
71344  38.238  -19.231  -35.206 0.4000000060
71367  36.126  -19.480  -37.375 0.3000000119
71400  28.725  -20.336  -40.916 0.4000000060
72438  35.930  -18.706  -37.860 0.3000000119
72458  34.451  -18.610  -39.644 0.3000000119
72482  34.499  -18.764  -41.213 0.3000000119
72494  32.334  -17.991  -41.055 0.3000000119
72496  29.837  -18.092  -41.971 0.3000000119
73569  35.795  -18.061  -38.422 0.3000000119
73591  35.731  -17.852  -40.208 0.3000000119
74611  36.935  -16.119  -39.202 0.3000000119
74628  36.765  -16.734  -40.355 0.3000000119
74638  36.966  -16.138  -40.981 0.3000000119
74648  35.225  -16.298  -41.844 0.3000000119
74649  34.227  -16.161  -41.784 0.3000000119
74650  33.347  -16.058  -41.927 0.3000000119
75668  37.217  -15.285  -42.356 0.3000000119
75672  35.676  -15.746  -42.424 0.3000000119
75675  33.069  -15.402  -42.215 0.3000000119
75688  35.861  -15.280  -43.056 0.4000000060
76650  37.555  -14.761  -38.470 0.3000000119
76706  36.957  -15.289  -42.803 0.4000000060
76713  36.467  -14.726  -43.300 0.4000000060
76729  36.555  -14.263  -43.591 0.3000000119
76734  32.161  -14.143  -43.954 0.3000000119
76737  29.412  -14.012  -44.090 0.3000000119
77800  33.354  -13.656  -44.440 0.3000000119
77805  28.985  -13.750  -44.988 0.3000000119
77812  34.482  -13.388  -44.720 0.3000000119
77814  32.962  -13.154  -45.026 0.3000000119
78870  32.542  -12.789  -45.187 0.3000000119
78872  31.261  -12.051  -45.130 0.3000000119
78873  28.928  -11.970  -45.491 0.3000000119
78879  32.765  -12.514  -45.052 0.3000000119
78880  32.025  -12.275  -45.032 0.3000000119
78881  30.989  -11.722  -45.190 0.3000000119
78883  30.428  -11.327  -45.254 0.3000000119
78888  31.560  -12.090  -45.084 0.3000000119
79864  33.126  -12.883  -41.830 0.3000000119
79892  31.593  -12.166  -44.935 0.3000000119
79894  30.340  -11.019  -45.327 0.3000000119
79895  29.941  -11.060  -44.998 0.3000000119
79896  26.312  -12.067  -44.372 0.3000000119
79897  25.768  -11.882  -43.984 0.3000000119
79898  25.988  -11.517  -44.010 0.3000000119
79908  33.140  -12.598  -44.961 0.3000000119
79911  30.854  -10.992  -45.634 0.3000000119
79915  27.088  -11.771  -44.948 0.3000000119
80964  29.112  -11.027  -45.049 0.3000000119
80968  26.753  -11.402  -44.595 0.3000000119
80969  26.223  -11.469  -44.088 0.3000000119
135558  51.195  -42.764  -46.714 0.3000000119
135991  37.158  -15.174  -42.896 0.4000000060
136063  33.832  -12.719  -45.036 0.3000000119
136130  37.031  -14.839  -43.208 0.4000000060
136179  34.773  -13.530  -42.752 0.3000000119
136211  33.119  -13.128  -43.226 0.3000000119
136255  34.091  -12.914  -45.035 0.3000000119
136548  33.423  -13.156  -41.804 0.3000000119
137762  36.167  -46.915  -39.070 0.6999999881
138797  29.122  -11.181  -45.141 0.3000000119
139347  29.718  -40.709  -35.586 1.0000000000
139429  35.444  -54.884  -36.540 0.5000000000
139871  33.489  -37.773  -33.114 0.8000000119
141685  34.373  -19.526  -40.772 0.3000000119
142161  42.983  -42.181  -40.717 0.4000000060
142534  40.379  -24.205  -39.944 0.3000000119
142632  35.755  -36.584  -37.431 0.6999999881
142819  38.603  -38.925  -34.350 0.6999999881
142871  32.405  -27.793  -40.002 0.6999999881
143254  36.042  -26.918  -34.558 0.4000000060
143379  28.224  -12.387  -45.317 0.3000000119
143800  38.673  -22.988  -34.417 0.3000000119
143987  40.066  -50.084  -35.670 0.4000000060
144288  40.519  -51.455  -35.802 0.3000000119
144335  32.726  -27.146  -37.610 0.6999999881
144400  41.252  -43.809  -39.558 0.4000000060
146207  39.702  -45.008  -36.786 0.5000000000
146496  35.020  -54.994  -32.533 0.6000000238
146699  46.110  -39.044  -44.199 0.3000000119
147187  26.066  -32.195  -37.232 0.6999999881
147196  35.638  -22.994  -36.255 0.3000000119
147198  34.447  -22.996  -37.248 0.5000000000
147639  26.130  -48.946  -36.918 0.5000000000
147702  34.348  -54.811  -32.907 0.6000000238
147715  34.556  -26.858  -35.528 0.5000000000
147932  38.845  -57.875  -32.398 0.5000000000
148254  36.640  -41.897  -32.725 0.6000000238
148271  37.817  -19.896  -35.479 0.3000000119
148291  25.101  -50.910  -37.430 0.4000000060
148545  38.443  -31.846  -36.016 0.6000000238
148643  39.712  -37.950  -34.997 0.6999999881
148950  36.811  -27.144  -34.428 0.4000000060
149098  33.545  -52.146  -33.217 0.8000000119
149211  38.189  -28.732  -38.155 0.4000000060
149349  36.446  -57.472  -34.527 0.6000000238
149643  35.130  -41.032  -31.456 0.6999999881
149995  30.233  -44.942  -34.992 0.8000000119
150106  26.046  -37.652  -36.599 0.6999999881
150222  28.479  -43.776  -33.567 0.6999999881
150356  42.939  -39.563  -40.315 0.4000000060
150428  43.676  -46.295  -40.777 0.3000000119
150518  40.373  -34.724  -35.112 0.6999999881
150654  46.745  -40.103  -43.754 0.4000000060
150935  42.558  -43.914  -40.604 0.4000000060
150956  34.435  -42.908  -31.363 0.6999999881
151388  30.838  -21.175  -40.111 0.5000000000
151389  32.202  -28.004  -40.324 0.6999999881
151454  44.263  -42.054  -41.800 0.4000000060
151590  27.530  -44.933  -33.566 0.6999999881
151618  44.926  -42.139  -42.346 0.4000000060
151864  34.589  -34.310  -40.469 1.0000000000
152331  29.833  -23.734  -40.107 0.6999999881
152592  38.782  -16.218  -35.340 0.3000000119
152748  36.481  -15.191  -39.948 0.3000000119
153048  31.840  -39.694  -35.384 1.0000000000
153553  30.499  -12.134  -45.349 0.3000000119
154296  34.572  -14.172  -44.288 0.3000000119
154392  36.634  -57.483  -33.014 0.6000000238
154549  34.289  -12.844  -44.802 0.3000000119
154605  36.879  -14.966  -41.469 0.4000000060
154687  34.134  -12.960  -44.090 0.3000000119
154718  36.038  -13.422  -43.256 0.3000000119
154998  35.401  -32.543  -37.651 0.6000000238
155202  27.698  -42.036  -33.973 0.8000000119
155206  32.472  -29.330  -39.155 0.8999999762
155668  26.944  -30.806  -37.768 0.6999999881
156000  39.933  -34.201  -34.717 0.6999999881
156960  37.729  -14.958  -37.650 0.3000000119
157073  35.109  -13.524  -44.517 0.3000000119
157089  31.616  -18.081  -40.976 0.3000000119
157262  41.180  -33.988  -35.864 0.6000000238
157369  32.489  -42.338  -32.818 0.6999999881
157375  37.870  -48.585  -33.605 0.6000000238
157723  35.436  -36.252  -36.592 0.8000000119
158009  45.164  -41.019  -42.490 0.4000000060
158594  40.757  -43.622  -39.169 0.4000000060
158761  33.018  -45.013  -35.403 0.8999999762
158828  43.537  -39.657  -40.905 0.4000000060
159679  36.706  -44.665  -32.727 0.6999999881
159938  45.469  -38.677  -43.125 0.3000000119
160115  32.850  -41.075  -40.287 1.0000000000
160696  35.985  -35.129  -36.429 0.6999999881
160857  26.361  -47.427  -36.303 0.6000000238
160993  28.431  -35.314  -36.152 0.8000000119
161440  24.006  -49.026  -36.894 0.4000000060
161826  33.315  -12.107  -41.971 0.3000000119
161840  29.004  -27.071  -39.302 0.6000000238
161906  35.183  -14.199  -44.022 0.3000000119
161973  34.237  -19.960  -40.941 0.3000000119
162704  42.613  -48.473  -38.592 0.3000000119
162846  35.764  -17.638  -38.878 0.3000000119
163673  36.714  -20.177  -36.524 0.3000000119
164149  38.373  -42.329  -35.863 0.5000000000
164261  28.516  -31.966  -37.641 0.8000000119
164337  41.763  -36.774  -37.148 0.4000000060
164741  36.112  -44.721  -32.154 0.8000000119
164813  32.853  -40.058  -32.387 0.6999999881
164936  38.865  -55.651  -32.681 0.4000000060
164969  33.995  -46.655  -39.555 0.6000000238
