#!ascii label  , from subject sub-v1s14x0051563_ses-1 vox2ras=TkReg
1713
37066  28.151  -52.041  -28.086 0.8999999762
152325  28.289  -52.732  -28.509 0.8000000119
157275  28.679  -52.596  -29.057 0.8000000119
35244  28.055  -53.607  -29.597 0.6999999881
36152  27.562  -53.048  -30.408 0.8000000119
37067  26.996  -52.875  -27.679 0.8999999762
137633  28.694  -51.961  -28.604 1.0000000000
143140  29.028  -51.876  -29.252 1.0000000000
36151  28.614  -52.431  -29.766 0.8999999762
37109  28.140  -52.333  -30.397 0.8000000119
37111  26.687  -52.673  -30.961 0.8000000119
37110  27.356  -52.191  -30.927 0.8999999762
36161  25.915  -52.969  -31.008 0.8000000119
37119  25.416  -52.564  -31.518 0.6999999881
36162  25.058  -53.183  -31.072 0.6999999881
145498  25.540  -52.022  -27.493 0.8000000119
145499  26.517  -52.016  -27.546 0.8999999762
38065  27.020  -51.274  -27.547 0.8999999762
144716  25.948  -51.099  -27.521 0.8999999762
142125  23.953  -51.328  -27.737 0.8999999762
38074  29.086  -51.220  -28.730 0.8999999762
38091  29.242  -51.091  -29.445 1.0000000000
38105  27.917  -51.592  -30.860 0.8999999762
39991  27.757  -50.310  -31.290 1.0000000000
39047  27.664  -51.005  -31.259 0.8999999762
38113  27.172  -51.476  -31.387 0.8999999762
37117  26.599  -52.007  -31.430 0.8000000119
37120  24.571  -52.810  -31.713 0.6999999881
39935  28.154  -49.635  -27.452 0.8999999762
38997  26.630  -50.628  -27.468 0.8999999762
148029  25.968  -50.202  -27.456 0.8999999762
38998  25.129  -50.403  -27.570 0.8999999762
38999  24.405  -50.603  -27.713 0.8999999762
38064  27.902  -51.284  -27.743 0.8999999762
39011  28.954  -50.486  -28.324 0.8999999762
39034  28.963  -50.684  -30.188 1.0000000000
38114  26.373  -51.259  -31.955 0.8000000119
38128  25.437  -51.380  -32.316 0.8000000119
38129  24.527  -51.496  -32.626 0.8000000119
39066  24.088  -50.838  -33.047 0.8000000119
38130  23.570  -51.601  -32.910 0.8000000119
38142  22.491  -51.642  -33.120 0.8000000119
39937  26.269  -49.494  -27.309 0.8999999762
39939  24.415  -49.871  -27.742 0.8999999762
39012  22.663  -50.356  -28.336 0.8999999762
144642  24.314  -48.991  -27.658 0.8999999762
140530  23.444  -48.903  -27.939 0.8000000119
157462  22.005  -50.819  -28.501 0.8000000119
39950  28.855  -49.653  -27.876 0.8999999762
40912  23.768  -48.240  -27.603 0.6999999881
39951  22.303  -49.502  -28.460 0.6999999881
39952  21.544  -49.353  -28.753 0.6999999881
39949  29.220  -49.728  -28.518 0.8999999762
40925  21.214  -48.642  -28.535 0.6999999881
39953  20.258  -49.343  -29.326 0.6999999881
139325  29.417  -49.142  -28.899 1.0000000000
40926  20.347  -48.584  -28.735 0.6000000238
39967  29.251  -49.038  -29.773 1.0000000000
150959  28.601  -49.264  -30.531 1.0000000000
39979  28.466  -50.067  -30.718 1.0000000000
39992  27.096  -49.825  -31.779 1.0000000000
39048  27.104  -50.713  -31.694 0.8999999762
140236  27.815  -49.363  -31.205 1.0000000000
40964  26.976  -48.804  -31.766 0.8999999762
40002  26.325  -49.437  -32.225 0.8000000119
39064  25.790  -50.723  -32.400 0.8000000119
145593  24.447  -50.086  -33.007 0.8000000119
141372  23.610  -50.179  -33.214 0.8000000119
39076  23.149  -50.883  -33.202 0.8000000119
148016  22.838  -50.237  -33.321 0.8000000119
40013  23.090  -49.603  -33.295 0.8000000119
40014  22.129  -49.747  -33.326 0.8000000119
39936  27.219  -49.547  -27.284 0.8999999762
39938  25.257  -49.506  -27.468 0.8999999762
40910  26.753  -48.779  -27.077 0.8999999762
40911  25.787  -48.795  -27.172 0.8999999762
150252  25.032  -48.749  -27.334 0.8999999762
155240  24.551  -48.211  -27.322 0.8999999762
152009  28.660  -48.791  -27.453 0.8999999762
145957  21.972  -48.782  -28.393 0.6999999881
159788  29.293  -48.678  -28.096 0.8999999762
41898  22.315  -47.579  -27.674 0.6000000238
40914  21.673  -48.116  -28.083 0.6000000238
40941  29.481  -48.328  -29.052 1.0000000000
41914  19.042  -47.861  -28.177 0.5000000000
40942  29.133  -48.263  -29.839 1.0000000000
42868  19.300  -46.301  -27.529 0.5000000000
41939  28.654  -47.742  -30.252 1.0000000000
40955  28.124  -48.731  -30.869 1.0000000000
40963  27.609  -48.561  -31.252 1.0000000000
40973  26.064  -48.488  -32.248 0.8999999762
163730  25.023  -50.034  -32.835 0.8000000119
41960  25.484  -47.794  -32.364 0.8999999762
40974  25.209  -48.555  -32.596 0.8000000119
146592  24.704  -47.872  -32.619 0.8999999762
40975  24.367  -48.605  -32.875 0.8000000119
147392  24.134  -47.207  -32.609 0.8999999762
40976  23.402  -48.512  -33.082 0.8000000119
40991  21.736  -48.884  -33.209 0.8000000119
40978  21.372  -48.063  -33.016 0.8000000119
41895  25.298  -48.169  -27.036 0.8999999762
40909  27.789  -48.775  -27.128 0.8999999762
40895  27.287  -47.985  -26.806 0.8999999762
141218  24.083  -47.555  -27.218 0.6999999881
41897  23.256  -47.536  -27.456 0.8000000119
40907  29.345  -47.797  -27.735 0.8999999762
41894  28.418  -47.891  -26.982 0.8999999762
42864  22.766  -46.784  -27.235 0.6999999881
41899  21.329  -47.383  -27.680 0.6000000238
41900  20.418  -47.320  -27.698 0.6000000238
42865  21.854  -46.674  -27.348 0.6999999881
42866  20.853  -46.517  -27.379 0.6000000238
42867  20.042  -46.713  -27.487 0.5000000000
41932  29.211  -47.652  -29.588 1.0000000000
153057  20.126  -46.099  -27.373 0.5000000000
151441  28.740  -47.007  -29.991 1.0000000000
152196  28.078  -47.078  -30.618 1.0000000000
41947  27.344  -47.139  -31.186 1.0000000000
140220  27.157  -47.936  -31.455 1.0000000000
41949  25.749  -47.067  -32.082 0.8999999762
42901  27.489  -46.356  -30.865 1.0000000000
42911  26.787  -46.407  -31.345 0.8999999762
41948  26.529  -47.213  -31.690 0.8999999762
42913  25.268  -46.350  -32.055 0.8999999762
42912  26.038  -46.364  -31.714 0.8999999762
42928  24.445  -46.399  -32.335 0.8999999762
42929  23.505  -46.480  -32.518 0.8999999762
41962  23.128  -47.455  -32.833 0.8999999762
42914  24.774  -45.695  -32.072 0.8999999762
43920  23.943  -45.598  -32.288 0.8999999762
42930  22.506  -46.592  -32.635 0.8999999762
44939  23.363  -44.978  -32.290 0.8999999762
40896  26.166  -47.995  -26.815 0.8999999762
41896  24.841  -47.588  -26.977 0.8999999762
41882  25.900  -47.289  -26.646 0.8999999762
42851  24.948  -46.320  -26.562 1.0000000000
42863  23.637  -46.853  -27.030 0.8000000119
41880  27.758  -47.160  -26.566 0.8999999762
41911  29.506  -47.759  -28.301 0.8999999762
41893  29.167  -47.257  -27.222 0.8999999762
42853  23.220  -46.092  -26.859 0.6999999881
43852  21.494  -45.807  -27.129 0.6999999881
43853  20.652  -45.555  -27.255 0.5000000000
41931  29.518  -47.547  -28.947 1.0000000000
43854  19.781  -45.429  -27.433 0.5000000000
43855  18.876  -45.445  -27.686 0.5000000000
150105  29.321  -46.963  -29.330 1.0000000000
42891  28.898  -46.319  -29.727 1.0000000000
145630  28.951  -45.112  -29.600 1.0000000000
43887  28.473  -45.628  -29.996 1.0000000000
43904  26.991  -45.798  -31.069 1.0000000000
43888  27.610  -45.493  -30.588 1.0000000000
44891  28.150  -44.808  -30.140 1.0000000000
43889  26.779  -45.129  -31.049 0.8999999762
44923  25.519  -44.691  -31.507 0.8999999762
44924  24.766  -44.313  -31.716 0.8999999762
43974  21.209  -45.416  -34.974 0.6999999881
160953  20.660  -44.793  -34.631 0.8000000119
44982  20.023  -45.345  -34.775 0.8000000119
44963  20.049  -43.915  -34.041 0.8000000119
41879  28.602  -47.010  -26.729 0.8999999762
42849  27.054  -46.428  -26.366 1.0000000000
43837  25.443  -45.699  -26.260 1.0000000000
43838  24.572  -45.534  -26.437 0.6999999881
42852  24.088  -46.185  -26.726 0.6999999881
41892  29.539  -47.076  -27.824 0.8999999762
42847  29.083  -46.366  -26.752 0.8999999762
43840  22.871  -45.308  -26.753 0.6999999881
42890  29.461  -46.287  -29.067 1.0000000000
149316  29.745  -46.128  -28.226 0.8999999762
42861  29.508  -46.329  -27.367 0.8999999762
44870  18.517  -44.691  -28.088 0.4000000060
43879  29.092  -45.771  -29.495 1.0000000000
45991  27.866  -43.908  -30.162 1.0000000000
44905  26.312  -44.304  -31.081 1.0000000000
46001  26.943  -43.603  -30.577 1.0000000000
139901  20.666  -43.996  -32.615 0.8999999762
44981  23.257  -44.740  -35.394 0.6000000238
160973  21.579  -44.544  -34.788 0.6000000238
46078  21.763  -43.802  -34.719 0.8000000119
46069  20.483  -43.174  -34.192 0.8000000119
43963  19.151  -45.007  -34.074 0.8999999762
44942  20.387  -44.773  -32.898 0.8999999762
42848  28.194  -46.254  -26.347 0.8999999762
43839  23.707  -45.414  -26.603 0.6999999881
44854  22.595  -44.542  -26.683 0.6999999881
44856  21.101  -44.179  -26.984 0.6000000238
150671  19.743  -43.798  -27.462 0.4000000060
43866  29.808  -45.090  -28.337 1.0000000000
44890  29.470  -44.659  -29.086 1.0000000000
151472  28.747  -44.271  -29.699 1.0000000000
47060  27.613  -42.880  -30.092 1.0000000000
48196  26.988  -41.885  -30.201 1.0000000000
46018  21.841  -43.321  -32.110 0.8999999762
145469  21.938  -42.080  -31.676 0.8999999762
47097  21.429  -42.562  -32.109 0.8999999762
47123  20.093  -42.646  -33.404 0.8999999762
46037  20.329  -43.326  -32.964 0.8999999762
46076  24.097  -43.943  -35.268 0.6000000238
46077  23.396  -43.812  -35.165 0.6000000238
145524  22.537  -44.184  -35.001 0.6000000238
156641  22.465  -43.225  -34.834 0.8000000119
46068  21.354  -43.135  -34.541 0.8000000119
46058  20.046  -43.267  -33.733 0.8999999762
144922  27.330  -45.629  -26.081 0.8999999762
146274  26.366  -45.749  -26.136 0.8999999762
44852  25.063  -44.929  -26.121 0.6999999881
43836  26.657  -45.021  -25.837 0.8999999762
162549  26.157  -44.546  -25.692 0.8999999762
150248  23.357  -44.684  -26.540 0.6000000238
43834  29.491  -45.562  -26.891 1.0000000000
44849  29.366  -44.792  -26.464 1.0000000000
43835  28.880  -45.536  -26.380 1.0000000000
146249  23.104  -44.002  -26.487 0.6000000238
45952  22.397  -43.766  -26.614 0.6000000238
45953  21.546  -43.453  -26.771 0.5000000000
44881  30.042  -44.549  -27.718 1.0000000000
43850  29.788  -45.423  -27.560 1.0000000000
44880  30.224  -43.726  -27.898 1.0000000000
147908  29.880  -44.185  -28.486 1.0000000000
45989  29.393  -43.696  -29.250 1.0000000000
162213  29.057  -43.148  -29.522 1.0000000000
47059  28.593  -42.680  -29.646 1.0000000000
139444  27.941  -41.980  -29.735 1.0000000000
48176  27.519  -41.329  -29.890 1.0000000000
48197  26.297  -41.157  -30.519 1.0000000000
47073  25.907  -42.631  -30.965 1.0000000000
47074  25.394  -42.178  -31.101 1.0000000000
47093  24.572  -42.337  -31.397 1.0000000000
48219  24.001  -41.748  -31.421 1.0000000000
47094  23.590  -42.499  -31.653 0.8999999762
150056  24.348  -42.928  -31.588 0.8999999762
47096  22.215  -42.789  -31.901 0.8999999762
151031  20.707  -42.049  -32.347 0.8999999762
152057  20.115  -42.063  -33.950 0.8999999762
48249  25.037  -41.509  -34.488 0.6000000238
46066  24.423  -43.283  -34.765 0.6000000238
47144  23.503  -42.167  -34.854 0.6000000238
156811  23.210  -42.938  -34.912 0.6000000238
47134  21.871  -42.420  -34.693 0.8000000119
47135  20.788  -42.363  -34.392 0.8000000119
43823  27.538  -44.846  -25.808 0.8999999762
155416  26.019  -44.038  -25.572 0.6999999881
45950  24.179  -44.002  -26.169 0.6000000238
45951  23.661  -43.503  -26.252 0.6000000238
45948  29.661  -43.450  -26.277 0.8999999762
47021  23.233  -42.780  -26.276 0.6000000238
145872  22.381  -42.875  -26.504 0.5000000000
44865  30.177  -43.974  -27.194 1.0000000000
45962  30.378  -43.190  -27.432 0.8999999762
45976  29.981  -43.323  -28.592 1.0000000000
47058  29.486  -42.740  -29.215 1.0000000000
48175  28.911  -41.898  -29.445 1.0000000000
149094  28.223  -41.159  -29.556 1.0000000000
49317  27.496  -40.521  -29.864 1.0000000000
48177  26.993  -41.066  -30.154 1.0000000000
159261  25.682  -40.866  -30.824 1.0000000000
48199  24.852  -41.642  -31.218 1.0000000000
151243  23.546  -41.103  -31.334 1.0000000000
49356  22.066  -40.662  -31.329 0.8999999762
149905  21.264  -41.827  -31.943 0.8999999762
49369  18.925  -40.160  -32.832 0.8999999762
47133  24.266  -42.345  -34.692 0.6000000238
48270  24.147  -41.459  -34.721 0.6000000238
48272  22.912  -41.577  -34.868 0.6999999881
161363  21.737  -40.416  -34.698 0.6999999881
145032  21.162  -40.928  -34.595 0.6999999881
49374  19.383  -40.452  -33.776 0.8999999762
47132  25.071  -42.508  -34.371 0.6000000238
49390  20.892  -40.167  -34.577 0.6999999881
48252  20.488  -41.511  -34.367 0.8000000119
50445  19.781  -39.918  -34.337 0.8999999762
45934  24.487  -43.462  -25.926 0.6999999881
47009  24.034  -42.752  -25.969 0.6000000238
44834  28.515  -43.865  -25.806 0.8999999762
44835  27.761  -44.048  -25.669 0.8000000119
47006  26.619  -42.682  -25.404 0.6999999881
45947  30.188  -43.386  -26.799 0.8999999762
162580  29.539  -43.001  -26.047 0.8000000119
45975  30.346  -43.028  -28.053 1.0000000000
47018  30.471  -42.640  -26.962 0.8000000119
47031  30.533  -42.340  -27.788 0.8999999762
48174  29.820  -41.844  -29.037 1.0000000000
143728  29.238  -40.946  -29.166 1.0000000000
49316  28.352  -40.240  -29.435 1.0000000000
50375  27.691  -39.608  -29.750 1.0000000000
50376  27.087  -39.814  -30.116 1.0000000000
50390  25.603  -39.639  -30.899 1.0000000000
49338  25.366  -40.343  -30.985 1.0000000000
49354  23.930  -40.411  -31.264 1.0000000000
49355  23.072  -40.470  -31.312 0.8999999762
50407  21.402  -39.759  -31.327 0.8999999762
48222  21.497  -41.320  -31.562 0.8999999762
157035  19.141  -39.790  -31.973 0.8999999762
48271  23.524  -41.323  -34.819 0.6000000238
155509  22.415  -40.284  -34.800 0.6999999881
49387  25.555  -40.661  -34.670 0.6000000238
50443  21.782  -39.642  -34.756 0.6999999881
148179  20.652  -39.460  -34.591 0.6999999881
45933  25.385  -43.578  -25.650 0.6999999881
47008  24.892  -42.737  -25.678 0.6000000238
47004  28.447  -42.518  -25.581 0.8000000119
47005  27.497  -42.602  -25.454 0.8000000119
157278  26.164  -42.106  -25.393 0.6999999881
48115  25.374  -41.884  -25.498 0.6999999881
47020  29.431  -42.422  -25.868 0.6999999881
48146  30.642  -41.844  -27.147 0.6999999881
48159  30.710  -41.407  -27.829 0.6999999881
153530  30.534  -40.878  -28.377 0.8000000119
50351  30.089  -39.482  -28.827 0.8000000119
49315  29.201  -39.880  -29.076 0.8000000119
50373  29.212  -38.935  -29.070 0.8000000119
50374  28.419  -39.305  -29.376 0.8999999762
51461  27.139  -39.048  -30.155 1.0000000000
50389  26.417  -39.504  -30.510 1.0000000000
49339  24.705  -40.392  -31.187 1.0000000000
152197  23.979  -38.927  -31.362 1.0000000000
51474  25.816  -38.814  -30.889 1.0000000000
150446  24.951  -39.024  -31.148 1.0000000000
50405  23.494  -39.707  -31.319 1.0000000000
149957  23.013  -38.953  -31.467 1.0000000000
50406  22.526  -39.751  -31.335 0.8999999762
51488  21.406  -38.166  -31.352 0.8999999762
151568  20.775  -38.960  -31.355 0.8999999762
152319  19.493  -39.020  -31.753 0.8999999762
49388  24.753  -40.703  -34.714 0.6000000238
49411  23.138  -40.654  -34.860 0.6000000238
50461  22.959  -39.601  -34.995 0.6999999881
50418  18.645  -39.268  -32.567 0.8999999762
50427  18.829  -39.616  -33.653 0.8999999762
51541  22.095  -38.335  -35.500 0.6999999881
51527  21.111  -38.734  -34.889 0.6999999881
50444  19.558  -38.907  -34.249 0.8999999762
142173  18.862  -38.137  -33.832 0.8999999762
48113  27.824  -41.808  -25.422 0.6999999881
48114  26.901  -41.917  -25.353 0.6000000238
142279  26.210  -41.394  -25.336 0.6000000238
149920  24.391  -41.974  -25.732 0.6000000238
48133  29.723  -41.479  -25.863 0.6999999881
49257  27.937  -40.358  -25.338 0.6000000238
151660  30.456  -41.312  -26.496 0.6999999881
158494  30.780  -41.139  -27.234 0.6999999881
49289  30.920  -40.482  -27.689 0.6999999881
51444  30.097  -38.541  -28.930 0.8000000119
51459  28.501  -38.472  -29.482 0.8000000119
51460  27.807  -38.765  -29.773 0.8000000119
51472  27.318  -38.145  -30.245 0.8000000119
161096  25.331  -38.254  -31.168 1.0000000000
51485  24.513  -38.026  -31.448 1.0000000000
51486  23.467  -38.145  -31.594 1.0000000000
52618  24.628  -37.067  -31.704 1.0000000000
52619  23.802  -37.343  -31.761 1.0000000000
52620  22.869  -37.446  -31.732 1.0000000000
159267  21.979  -37.540  -31.493 1.0000000000
140745  23.875  -39.903  -34.978 0.6000000238
51500  18.836  -38.177  -32.292 0.8999999762
49409  25.289  -39.966  -35.058 0.6000000238
50460  24.632  -39.457  -35.296 0.6000000238
51539  23.858  -39.045  -35.373 0.6999999881
51540  23.022  -38.666  -35.414 0.6999999881
52654  21.099  -37.833  -35.357 0.6999999881
51528  19.996  -38.010  -34.529 0.8999999762
141610  25.547  -41.065  -25.382 0.5000000000
164367  28.145  -41.096  -25.419 0.6000000238
140977  27.025  -40.078  -25.130 0.5000000000
49279  30.126  -40.632  -25.907 0.6999999881
49280  29.050  -40.696  -25.533 0.6999999881
140070  30.561  -39.836  -26.109 0.6999999881
50329  31.121  -39.427  -27.773 0.6999999881
143813  31.041  -39.789  -26.935 0.6999999881
50350  30.739  -39.038  -28.447 0.6999999881
51443  30.948  -38.001  -28.631 0.6999999881
51458  29.239  -38.100  -29.268 0.8000000119
145538  29.307  -37.476  -29.580 0.8000000119
52590  28.570  -37.690  -29.792 0.8000000119
52606  27.861  -37.569  -30.224 0.8000000119
53768  28.588  -36.737  -30.587 0.8000000119
53769  27.764  -36.938  -30.700 0.8000000119
159728  26.148  -37.177  -31.182 0.8999999762
52608  25.991  -37.972  -30.994 1.0000000000
53775  27.328  -36.467  -31.367 0.8000000119
53776  26.460  -36.508  -31.515 0.8999999762
53777  25.467  -36.607  -31.697 1.0000000000
156933  23.998  -36.723  -31.957 1.0000000000
147340  20.798  -36.251  -31.659 1.0000000000
52621  20.858  -37.282  -31.454 0.8999999762
52622  19.603  -37.493  -31.804 0.8999999762
52635  18.892  -37.034  -32.371 0.8999999762
157471  19.913  -36.844  -31.788 0.8999999762
53792  18.979  -36.202  -32.881 0.8999999762
50459  25.307  -39.248  -35.727 0.6000000238
140956  22.897  -37.921  -35.874 0.6999999881
52655  19.929  -37.123  -35.004 0.8000000119
160240  19.122  -36.767  -34.172 0.8999999762
51559  25.435  -38.596  -36.549 0.6000000238
52669  23.498  -37.469  -36.210 0.6999999881
52670  21.965  -37.604  -36.212 0.6999999881
53803  18.959  -36.163  -33.758 0.8999999762
52671  21.122  -37.044  -35.910 0.6999999881
53815  19.383  -36.215  -34.640 0.8999999762
143475  26.923  -39.337  -24.996 0.5000000000
50311  29.706  -39.835  -25.632 0.6999999881
50289  27.706  -39.577  -25.196 0.5000000000
163346  31.254  -39.168  -27.034 0.6999999881
50309  30.968  -39.156  -26.395 0.6999999881
50328  31.358  -38.638  -27.441 0.6999999881
51442  31.372  -38.191  -28.021 0.6999999881
52588  30.654  -37.219  -29.157 0.6999999881
52589  30.054  -37.689  -29.209 0.6999999881
53767  29.408  -36.593  -30.376 0.8000000119
54927  29.028  -36.252  -31.043 0.8000000119
53774  28.175  -36.381  -31.211 0.8000000119
54935  26.900  -35.955  -31.935 0.8000000119
54937  25.128  -35.906  -32.204 0.8999999762
53778  24.555  -36.355  -32.047 1.0000000000
53788  23.698  -36.164  -32.188 1.0000000000
53779  23.214  -36.744  -31.970 1.0000000000
54934  27.784  -35.954  -31.851 0.8000000119
54936  25.988  -35.925  -32.024 0.8000000119
54947  24.312  -35.651  -32.437 0.8999999762
53789  22.730  -36.043  -32.093 1.0000000000
53790  21.815  -35.915  -31.856 1.0000000000
54948  23.285  -35.433  -32.405 0.8999999762
54938  20.348  -35.697  -32.058 1.0000000000
54958  19.212  -35.567  -33.602 0.8999999762
155396  23.759  -38.182  -35.774 0.6999999881
54950  19.731  -35.471  -32.716 0.8999999762
51538  24.666  -38.520  -35.869 0.6000000238
155543  24.338  -37.619  -36.196 0.6000000238
55933  19.435  -34.882  -34.268 0.8999999762
53830  24.008  -36.865  -36.264 0.6999999881
146228  22.636  -37.367  -36.431 0.6999999881
53832  22.008  -37.003  -36.655 0.6999999881
53814  20.183  -36.242  -35.502 0.6999999881
54985  20.390  -35.370  -35.619 0.8000000119
53833  21.316  -36.211  -36.078 0.6999999881
55932  19.792  -34.550  -35.015 0.8000000119
56871  19.806  -33.898  -34.415 0.8999999762
50288  28.659  -39.770  -25.396 0.6000000238
50287  29.229  -39.062  -25.401 0.5000000000
51417  30.985  -38.368  -26.172 0.6999999881
50310  30.317  -38.980  -25.732 0.5000000000
52572  31.510  -37.495  -28.040 0.6999999881
51428  31.468  -38.009  -27.497 0.6999999881
53745  31.243  -37.006  -28.774 0.6999999881
163867  31.626  -36.906  -27.557 0.6999999881
53758  30.898  -36.532  -29.576 0.6999999881
53759  29.905  -36.958  -29.690 0.6999999881
54925  30.879  -35.879  -30.387 0.6999999881
53766  30.224  -36.430  -30.180 0.6999999881
54926  29.945  -36.120  -30.840 0.8000000119
54933  28.665  -35.884  -31.727 0.8000000119
54932  29.562  -35.726  -31.538 0.8000000119
54943  28.312  -35.470  -32.406 0.8000000119
54944  27.410  -35.503  -32.493 0.8000000119
55895  28.873  -34.926  -32.946 0.8000000119
55897  27.063  -35.012  -33.149 0.8000000119
54946  25.525  -35.398  -32.681 0.8000000119
55899  24.705  -35.132  -32.851 0.8999999762
55901  22.860  -34.612  -32.641 0.8999999762
54949  22.185  -35.193  -32.197 1.0000000000
55913  26.742  -34.368  -33.640 0.8000000119
55898  26.168  -34.942  -33.251 0.8000000119
55902  21.256  -34.778  -32.390 1.0000000000
138961  21.944  -34.305  -32.568 1.0000000000
53829  24.833  -37.139  -36.302 0.6000000238
55903  20.324  -34.621  -32.883 1.0000000000
53831  23.000  -36.829  -36.441 0.6999999881
144996  22.391  -36.212  -36.394 0.6999999881
56855  19.899  -34.259  -33.708 0.8999999762
56854  20.154  -33.465  -33.838 1.0000000000
54983  22.771  -35.038  -36.194 0.6999999881
55945  21.750  -34.543  -36.063 0.8000000119
140621  20.735  -34.497  -35.666 0.8000000119
53744  31.616  -36.581  -28.229 0.6999999881
53726  31.717  -36.161  -27.533 0.6999999881
53757  31.553  -36.190  -28.992 0.6999999881
54921  31.394  -35.883  -29.665 0.6999999881
54930  31.357  -35.160  -30.889 0.6999999881
54941  30.117  -35.147  -32.033 0.6999999881
55888  30.961  -34.828  -31.700 0.6999999881
54942  29.217  -35.357  -32.262 0.8000000119
55911  28.504  -34.357  -33.505 0.8000000119
55910  29.403  -34.256  -33.342 0.8000000119
55912  27.598  -34.406  -33.575 0.8000000119
55915  24.360  -34.421  -33.268 0.8999999762
55900  23.832  -34.906  -32.777 0.8999999762
55914  25.903  -34.242  -33.739 0.8000000119
56851  23.941  -33.611  -33.543 0.8999999762
55917  22.433  -33.683  -32.918 0.8999999762
53847  24.573  -36.286  -36.037 0.6000000238
58026  23.278  -32.704  -33.614 0.8999999762
56852  23.134  -33.418  -33.260 0.8999999762
159946  21.593  -33.648  -32.894 1.0000000000
53846  25.398  -36.595  -35.966 0.6000000238
143751  20.856  -33.404  -33.255 0.8999999762
58028  20.554  -32.705  -33.710 0.8999999762
56882  21.186  -33.806  -35.808 0.8000000119
56883  20.086  -33.516  -35.088 0.8999999762
146791  20.097  -32.470  -34.992 0.8000000119
54912  31.899  -35.646  -28.372 0.6999999881
54920  31.887  -35.492  -29.247 0.6999999881
55893  30.581  -34.447  -32.442 0.6999999881
55892  31.350  -34.095  -32.072 0.6999999881
55909  30.215  -34.059  -33.112 0.6999999881
56850  26.473  -33.727  -34.064 0.8000000119
146246  24.987  -33.862  -33.833 0.8000000119
157023  25.775  -33.613  -34.091 0.8000000119
58024  25.330  -33.063  -34.266 0.8000000119
58025  24.392  -32.981  -34.035 0.8000000119
58044  23.935  -32.037  -34.262 0.8999999762
58027  22.162  -32.231  -33.367 0.8999999762
56836  21.582  -32.884  -33.201 0.8999999762
55000  25.241  -35.464  -35.910 0.6000000238
54982  23.597  -35.970  -36.252 0.6999999881
143873  21.146  -32.002  -33.599 0.8999999762
55960  23.358  -34.106  -36.327 0.6999999881
58045  20.354  -31.926  -34.358 0.8000000119
56898  21.569  -33.187  -36.078 0.6999999881
58057  20.727  -32.392  -35.740 0.8000000119
55880  32.162  -34.944  -29.580 0.6999999881
55886  32.380  -33.917  -30.884 0.6999999881
56828  32.021  -33.701  -31.626 0.6999999881
56849  27.253  -33.785  -34.012 0.8000000119
58041  26.706  -32.482  -34.571 0.8000000119
58042  25.775  -32.258  -34.576 0.8000000119
154050  24.908  -31.708  -34.649 0.8000000119
59223  22.764  -31.713  -33.768 0.8999999762
55001  24.380  -35.424  -36.072 0.6000000238
59224  21.809  -31.517  -33.624 0.8999999762
55002  23.885  -34.874  -36.246 0.6999999881
59225  20.955  -31.188  -33.939 0.8999999762
58070  23.030  -32.372  -36.803 0.6999999881
59239  20.298  -31.002  -34.687 0.8000000119
59266  21.661  -31.489  -36.617 0.6999999881
59267  20.355  -30.677  -36.216 0.8000000119
58058  20.142  -31.616  -35.149 0.8000000119
60413  21.147  -30.477  -36.886 0.8000000119
55883  32.568  -33.937  -30.192 0.6999999881
55958  25.570  -34.454  -36.217 0.6000000238
59237  24.104  -31.160  -34.612 0.8000000119
60381  23.242  -30.585  -34.563 0.8999999762
60365  22.064  -30.742  -34.029 0.8999999762
56895  25.035  -33.828  -36.505 0.6000000238
60382  21.130  -29.919  -34.653 0.8999999762
56897  22.694  -33.266  -36.431 0.8000000119
60366  20.866  -30.548  -34.353 0.8999999762
60399  19.913  -30.080  -35.701 0.8000000119
59265  22.810  -31.264  -37.210 0.6999999881
60414  20.078  -29.821  -36.467 0.8000000119
61375  20.104  -29.393  -35.889 0.8000000119
150553  24.582  -33.249  -36.708 0.6999999881
60380  24.149  -30.366  -34.977 0.8000000119
58091  24.620  -32.084  -37.258 0.5000000000
58069  24.190  -32.613  -36.929 0.6000000238
59284  24.093  -31.413  -37.473 0.6000000238
61355  20.748  -29.239  -35.284 0.8000000119
151340  23.451  -30.631  -37.670 0.6000000238
139167  22.849  -29.768  -37.852 0.6000000238
60433  20.611  -29.550  -37.111 0.6999999881
61413  20.391  -28.779  -37.145 0.8000000119
61356  20.268  -29.747  -35.274 0.8000000119
61412  21.482  -29.243  -37.554 0.6000000238
61354  23.192  -29.838  -34.943 0.8000000119
143113  22.825  -29.031  -35.242 0.8000000119
145992  21.981  -29.417  -34.931 0.8999999762
59283  25.002  -31.520  -37.556 0.6000000238
61391  20.503  -28.142  -36.718 0.8000000119
152149  20.458  -28.669  -35.951 0.8000000119
62300  21.437  -28.692  -35.403 0.8000000119
62341  20.872  -28.242  -37.477 0.6000000238
62298  23.526  -28.380  -35.419 0.8000000119
62299  22.254  -28.301  -35.473 0.8000000119
60431  24.493  -30.754  -37.784 0.6000000238
160827  23.887  -30.131  -37.998 0.6000000238
62320  21.095  -27.859  -35.927 0.8000000119
63295  20.900  -27.171  -36.664 0.6999999881
63284  21.551  -27.106  -36.082 0.8000000119
150858  22.298  -26.655  -38.262 0.6000000238
63318  21.136  -26.564  -37.636 0.6000000238
64224  21.574  -25.840  -37.114 0.6999999881
61433  24.232  -28.810  -38.409 0.6000000238
148734  23.385  -27.785  -38.469 0.6000000238
63281  25.395  -27.377  -35.792 0.8000000119
162155  23.463  -27.513  -35.588 0.8000000119
60430  25.502  -30.742  -37.766 0.6000000238
63282  24.502  -27.911  -35.565 0.8000000119
60446  25.686  -29.817  -37.986 0.5000000000
64210  22.215  -25.811  -36.376 0.8000000119
63283  22.575  -26.712  -35.866 0.8000000119
61432  25.355  -28.989  -38.300 0.6000000238
61410  24.722  -29.846  -38.099 0.6000000238
65231  22.232  -25.075  -36.903 0.6000000238
61431  26.269  -29.236  -38.209 0.5000000000
138604  24.798  -27.985  -38.599 0.6000000238
63316  25.320  -27.119  -38.692 0.6000000238
63317  23.935  -26.781  -38.703 0.6000000238
64243  23.913  -25.721  -38.825 0.6000000238
64244  22.738  -25.635  -38.586 0.6000000238
64208  24.885  -26.184  -35.997 0.8000000119
137884  24.085  -26.945  -35.743 0.8000000119
143471  25.929  -26.742  -36.091 0.8000000119
65217  23.977  -25.218  -36.330 0.6999999881
62355  26.114  -28.108  -38.506 0.6000000238
65242  22.052  -24.954  -37.550 0.6000000238
66269  22.528  -24.496  -37.304 0.6000000238
65218  22.981  -25.331  -36.452 0.6999999881
161900  26.161  -27.083  -38.681 0.5000000000
152958  22.294  -24.721  -38.262 0.6000000238
64242  25.660  -26.293  -38.782 0.5000000000
64241  26.636  -26.413  -38.831 0.5000000000
64207  26.029  -25.972  -36.270 0.6999999881
65216  25.154  -25.151  -36.344 0.6000000238
66254  23.084  -24.632  -36.830 0.6000000238
162969  23.777  -23.569  -37.553 0.6000000238
66253  24.235  -24.155  -36.837 0.6000000238
65252  25.924  -25.515  -38.901 0.5000000000
65253  24.767  -25.238  -38.879 0.6000000238
67250  25.356  -23.567  -38.939 0.6000000238
65254  23.292  -24.652  -38.766 0.6000000238
66280  22.629  -24.250  -37.864 0.6000000238
67223  24.544  -23.353  -37.431 0.6000000238
65269  25.966  -24.626  -39.049 0.6000000238
67249  26.185  -23.111  -39.294 0.6000000238
65268  27.538  -24.932  -39.426 0.5000000000
67248  27.257  -23.710  -39.607 0.5000000000
67263  28.430  -23.447  -39.832 0.4000000060
67264  27.853  -22.639  -39.870 0.5000000000
156786  25.423  -24.420  -36.650 0.6000000238
66267  25.180  -23.763  -36.978 0.6000000238
66300  24.271  -23.592  -38.691 0.6000000238
67233  24.610  -22.923  -38.113 0.6000000238
67221  25.590  -23.138  -37.373 0.6000000238
68263  25.467  -22.738  -38.830 0.6000000238
66299  26.310  -23.923  -39.272 0.5000000000
68261  26.869  -22.536  -39.655 0.6000000238
69294  27.936  -21.319  -40.320 0.5000000000
146414  28.653  -21.459  -40.377 0.4000000060
70333  28.491  -20.884  -40.580 0.4000000060
68253  25.261  -22.619  -38.384 0.6000000238
68229  25.569  -22.583  -37.801 0.5000000000
68228  26.397  -22.579  -37.593 0.5000000000
66266  26.292  -24.105  -36.873 0.5000000000
67242  24.712  -23.062  -38.480 0.6000000238
68243  25.313  -22.498  -38.076 0.5000000000
68276  26.673  -21.733  -39.572 0.6000000238
70334  27.637  -20.651  -40.428 0.5000000000
68241  27.119  -21.983  -37.723 0.4000000060
145451  26.138  -21.722  -39.070 0.6000000238
69279  26.381  -21.140  -38.964 0.5000000000
157031  27.409  -19.998  -40.544 0.4000000060
70335  27.092  -20.427  -40.035 0.6000000238
71402  27.191  -19.622  -40.323 0.6000000238
70316  26.736  -20.534  -38.809 0.4000000060
71420  28.046  -19.784  -41.560 0.4000000060
72488  27.517  -19.127  -41.863 0.4000000060
71383  27.045  -19.773  -39.095 0.4000000060
71421  27.371  -19.385  -41.230 0.4000000060
71403  26.976  -18.912  -40.963 0.4000000060
72487  28.436  -19.260  -42.011 0.4000000060
70304  28.479  -20.680  -37.719 0.4000000060
70305  27.485  -20.675  -38.072 0.4000000060
71390  27.103  -19.281  -39.924 0.4000000060
73614  27.197  -17.523  -42.229 0.4000000060
151522  26.942  -18.547  -41.654 0.4000000060
158266  26.650  -17.795  -41.734 0.4000000060
158092  26.831  -18.189  -41.339 0.4000000060
145893  27.895  -20.048  -38.175 0.4000000060
71381  27.749  -18.932  -38.675 0.4000000060
72451  27.251  -18.910  -39.305 0.4000000060
73615  26.401  -17.133  -42.068 0.3000000119
73593  26.427  -17.390  -41.499 0.4000000060
72459  27.077  -18.523  -40.402 0.4000000060
72449  28.425  -18.634  -38.455 0.4000000060
73581  27.406  -17.945  -39.737 0.4000000060
163490  19.266  -45.288  -34.574 0.8000000119
43946  19.263  -45.607  -33.732 0.8999999762
43923  20.877  -45.455  -32.685 0.8999999762
42933  19.675  -46.326  -33.392 0.8999999762
42932  20.550  -46.250  -32.950 0.8999999762
44922  26.111  -45.066  -31.359 0.8999999762
46002  26.085  -43.336  -31.008 1.0000000000
47072  26.592  -42.722  -30.560 1.0000000000
43921  22.868  -45.638  -32.403 0.8999999762
161537  24.444  -45.273  -32.095 0.8999999762
155559  23.964  -43.924  -32.004 0.8999999762
47092  25.211  -42.974  -31.313 1.0000000000
150649  22.221  -45.250  -32.350 0.8999999762
43908  24.094  -44.736  -32.117 0.8999999762
143674  23.240  -43.626  -32.108 0.8999999762
46014  24.603  -43.561  -31.623 1.0000000000
43922  21.618  -45.332  -32.426 0.8999999762
46016  22.855  -43.076  -31.987 0.8999999762
68242  26.182  -22.015  -38.049 0.4000000060
69271  26.491  -21.304  -38.478 0.4000000060
68240  28.131  -22.164  -37.456 0.4000000060
38063  28.566  -51.251  -28.193 0.8999999762
39035  28.290  -50.888  -30.794 1.0000000000
37133  24.986  -52.115  -32.120 0.8000000119
144352  24.922  -51.243  -27.577 0.8999999762
39010  29.305  -50.488  -28.901 1.0000000000
39065  25.011  -50.650  -32.738 0.8000000119
155049  26.560  -48.020  -31.856 0.8999999762
160872  25.636  -49.181  -32.511 0.8000000119
145202  23.897  -49.353  -33.141 0.8000000119
40990  22.684  -49.002  -33.264 0.8000000119
42900  28.216  -46.303  -30.326 1.0000000000
145866  23.959  -47.933  -32.810 0.8999999762
40977  22.387  -48.197  -33.086 0.8000000119
147003  21.605  -46.664  -32.715 0.8999999762
41964  21.061  -47.320  -32.853 0.8000000119
43905  26.372  -45.702  -31.394 0.8999999762
44940  22.700  -44.759  -32.301 0.8999999762
41881  26.687  -47.233  -26.593 0.8999999762
42850  25.936  -46.547  -26.429 1.0000000000
44867  21.239  -44.938  -27.048 0.6000000238
44869  19.351  -44.629  -27.597 0.4000000060
44868  20.362  -44.580  -27.266 0.4000000060
44904  27.281  -44.527  -30.614 1.0000000000
44906  25.427  -43.864  -31.372 0.8999999762
43976  19.047  -45.881  -35.108 0.6999999881
47136  20.220  -42.687  -34.026 0.8000000119
149133  28.135  -45.413  -26.057 0.8999999762
43909  21.291  -44.590  -32.394 0.8999999762
143694  22.114  -45.861  -35.362 0.6000000238
143758  20.038  -44.078  -33.404 0.8999999762
44837  24.804  -44.182  -25.972 0.6999999881
45954  20.598  -43.535  -27.103 0.4000000060
44941  22.050  -44.627  -32.265 0.8999999762
143638  20.016  -41.878  -33.062 0.8999999762
47145  22.738  -42.354  -34.857 0.6999999881
48250  22.275  -41.820  -34.793 0.6999999881
156590  26.788  -44.197  -25.584 0.8000000119
44850  28.524  -44.671  -25.969 0.8999999762
46015  23.754  -43.255  -31.868 0.8999999762
48220  23.115  -41.750  -31.477 0.8999999762
47095  22.633  -42.314  -31.685 0.8999999762
44926  22.587  -43.910  -32.191 0.8999999762
48223  20.394  -41.330  -32.075 0.8999999762
47019  30.012  -42.854  -26.398 0.8000000119
148387  23.555  -42.063  -26.012 0.5000000000
47045  30.190  -42.508  -28.551 1.0000000000
50408  20.184  -39.755  -31.551 0.8999999762
48132  30.229  -42.108  -26.422 0.6999999881
48160  30.387  -41.698  -28.429 0.8999999762
152229  30.119  -41.177  -28.831 0.8999999762
50462  22.267  -38.987  -35.022 0.6999999881
51514  18.515  -38.644  -33.274 0.8999999762
48134  28.794  -41.677  -25.553 0.8000000119
49258  27.153  -40.998  -25.286 0.6000000238
49278  30.749  -40.544  -26.699 0.6999999881
49297  30.649  -39.980  -28.364 0.6999999881
51473  26.561  -38.515  -30.581 1.0000000000
51487  22.497  -38.194  -31.504 1.0000000000
52647  18.564  -37.709  -33.073 0.8999999762
49259  26.174  -40.487  -25.203 0.6000000238
48116  24.769  -41.173  -25.547 0.5000000000
155735  27.305  -37.451  -30.558 0.8999999762
50290  26.386  -39.767  -25.038 0.5000000000
53781  19.576  -36.220  -32.152 0.8999999762
51401  28.459  -38.363  -25.178 0.5000000000
51416  31.394  -38.151  -26.840 0.6999999881
162223  24.926  -35.532  -32.539 0.8999999762
55896  27.965  -35.042  -33.101 0.8000000119
54945  26.500  -35.475  -32.576 0.8000000119
56870  20.002  -32.929  -34.413 0.8999999762
51400  29.598  -38.259  -25.427 0.5000000000
52543  31.226  -37.561  -26.410 0.6999999881
54931  30.490  -35.509  -31.266 0.6999999881
55894  29.744  -34.728  -32.720 0.8000000119
154158  25.272  -34.703  -33.303 0.8999999762
55916  23.429  -34.138  -33.098 0.8999999762
55961  22.292  -34.019  -36.173 0.8000000119
160030  20.663  -33.058  -35.556 0.8000000119
54924  31.667  -35.352  -30.040 0.6999999881
55887  31.740  -34.423  -31.281 0.6999999881
56867  27.696  -33.168  -34.290 0.8000000119
55884  32.142  -34.623  -30.352 0.6999999881
59238  23.264  -31.245  -34.229 0.8999999762
55879  32.481  -34.248  -29.431 0.6000000238
60432  22.109  -30.186  -37.405 0.6999999881
164035  22.380  -30.071  -34.567 0.8999999762
63305  20.695  -27.273  -37.241 0.6999999881
62340  22.174  -28.827  -38.027 0.6000000238
62356  21.703  -27.667  -38.011 0.6000000238
63294  21.447  -26.464  -36.489 0.8000000119
64233  21.596  -25.666  -37.886 0.6000000238
64209  23.439  -25.995  -36.024 0.6999999881
153554  24.796  -26.268  -38.800 0.6000000238
66291  23.457  -23.764  -38.602 0.6000000238
69269  27.799  -21.356  -37.718 0.4000000060
70306  26.904  -20.747  -38.378 0.4000000060
146878  28.623  -19.943  -37.892 0.4000000060
42931  21.266  -46.074  -32.653 0.8999999762
29431  23.961  -60.902  -28.209 0.4000000060
29416  22.681  -60.552  -27.372 0.4000000060
29417  21.755  -60.613  -27.398 0.4000000060
30468  25.386  -59.158  -28.505 0.4000000060
30451  23.558  -59.172  -26.920 0.4000000060
30473  21.240  -59.732  -27.244 0.4000000060
31419  25.692  -58.460  -28.522 0.3000000119
30450  24.413  -59.333  -27.233 0.4000000060
32411  25.347  -57.791  -29.265 0.4000000060
33384  24.661  -56.979  -29.477 0.4000000060
34355  24.085  -56.118  -29.698 0.4000000060
35276  23.317  -54.812  -30.450 0.4000000060
31396  23.187  -58.344  -26.723 0.5000000000
31398  21.644  -58.796  -26.988 0.4000000060
32383  25.461  -57.989  -27.373 0.4000000060
31395  24.142  -58.555  -26.822 0.4000000060
159282  26.121  -57.264  -29.027 0.5000000000
34354  25.291  -56.030  -29.456 0.4000000060
155064  24.696  -55.251  -29.765 0.4000000060
157377  24.232  -54.587  -30.206 0.5000000000
156931  23.505  -53.742  -31.315 0.5000000000
36177  22.707  -53.744  -31.736 0.6000000238
161401  22.397  -54.624  -31.310 0.5000000000
36178  21.686  -53.829  -32.270 0.6000000238
36179  20.797  -53.899  -32.711 0.4000000060
32368  22.822  -57.529  -26.627 0.5000000000
150630  21.573  -57.900  -26.836 0.5000000000
31399  20.851  -58.089  -27.026 0.5000000000
31415  19.550  -58.099  -27.776 0.5000000000
32365  25.217  -57.323  -26.958 0.6000000238
32367  23.763  -57.628  -26.643 0.6000000238
32381  26.366  -57.235  -27.952 0.5000000000
33353  26.320  -56.745  -27.646 0.6000000238
33382  26.502  -56.632  -28.924 0.5000000000
34353  26.496  -55.883  -29.272 0.5000000000
35275  25.434  -54.517  -30.075 0.4000000060
36155  24.713  -53.878  -30.629 0.6000000238
36163  24.214  -53.453  -31.202 0.6000000238
37121  23.707  -53.171  -31.802 0.6000000238
37135  23.192  -52.931  -32.262 0.6000000238
156391  22.246  -52.381  -32.855 0.6000000238
37150  21.700  -52.114  -33.152 0.6000000238
37136  22.408  -52.997  -32.443 0.6000000238
37137  21.501  -52.943  -32.911 0.6000000238
37151  20.676  -52.283  -33.573 0.6000000238
146723  22.649  -56.883  -26.610 0.5000000000
32370  21.171  -57.278  -26.851 0.5000000000
32384  20.500  -57.270  -27.102 0.5000000000
32385  19.875  -57.238  -27.526 0.5000000000
33335  25.622  -56.664  -27.091 0.6000000238
33337  23.884  -56.771  -26.601 0.6000000238
34337  27.003  -55.846  -28.750 0.6000000238
34323  26.072  -56.005  -27.315 0.6000000238
142629  27.131  -54.570  -29.684 0.5000000000
34336  27.497  -54.900  -28.841 0.6000000238
35274  26.488  -54.190  -30.132 0.6000000238
36154  25.691  -53.676  -30.587 0.6000000238
37134  23.967  -52.368  -32.370 0.6000000238
38143  21.412  -51.451  -33.447 0.6000000238
39079  20.133  -51.248  -34.068 0.6999999881
33340  21.441  -56.528  -26.829 0.6000000238
33355  20.271  -56.544  -27.283 0.5000000000
33367  19.631  -56.493  -27.793 0.5000000000
34308  25.163  -55.901  -26.830 0.6000000238
34309  24.099  -55.886  -26.629 0.6000000238
33338  23.113  -56.301  -26.627 0.6000000238
34326  20.086  -55.763  -27.584 0.5000000000
33386  18.576  -56.459  -29.332 0.5000000000
35213  25.612  -55.192  -27.061 0.6000000238
36153  26.616  -53.417  -30.552 0.6000000238
164013  21.372  -50.206  -33.473 0.6999999881
34311  22.564  -55.663  -26.823 0.6000000238
34312  21.742  -55.752  -26.921 0.6000000238
34325  20.852  -55.892  -27.079 0.6000000238
35214  24.696  -55.145  -26.811 0.6000000238
35217  22.157  -55.041  -27.078 0.6000000238
35233  20.570  -55.059  -27.463 0.6000000238
35234  19.788  -54.893  -27.981 0.6000000238
144902  19.088  -55.100  -28.447 0.6000000238
35229  24.341  -54.426  -27.011 0.6000000238
34357  18.318  -55.616  -29.707 0.5000000000
143367  26.562  -55.289  -27.548 0.6000000238
35265  18.094  -54.631  -29.784 0.6000000238
157120  20.291  -50.208  -34.017 0.6999999881
35230  23.449  -54.371  -27.150 0.6000000238
140905  21.035  -54.369  -27.503 0.6000000238
157536  24.973  -53.757  -27.152 0.6000000238
36105  23.964  -53.717  -27.282 0.6000000238
35232  21.814  -54.395  -27.379 0.6000000238
155523  20.398  -54.399  -27.762 0.6000000238
35246  19.055  -54.240  -28.547 0.6000000238
140590  25.983  -54.335  -27.220 0.6000000238
36123  19.390  -53.269  -28.623 0.6000000238
35228  26.971  -54.489  -27.745 0.6000000238
36139  28.384  -52.988  -29.480 0.6000000238
40005  20.720  -48.697  -33.284 0.6999999881
40992  19.723  -48.307  -33.714 0.6999999881
156740  25.769  -53.483  -27.316 0.6000000238
36107  22.300  -53.146  -27.719 0.6999999881
36108  21.541  -53.615  -27.700 0.6999999881
36104  26.564  -53.635  -27.533 0.6000000238
40980  19.681  -47.610  -33.456 0.6999999881
145848  23.630  -53.087  -27.483 0.6999999881
37068  26.104  -52.816  -27.460 0.6999999881
37069  25.223  -52.873  -27.400 0.6999999881
37071  23.015  -52.710  -27.674 0.6999999881
138483  21.715  -52.848  -27.968 0.6999999881
36110  19.924  -53.944  -28.178 0.6000000238
36122  20.241  -53.098  -28.333 0.6999999881
37084  20.650  -52.330  -28.550 0.6000000238
42948  18.878  -46.301  -34.002 0.8000000119
145497  24.624  -52.137  -27.519 0.6999999881
144758  23.781  -52.350  -27.598 0.6999999881
38066  23.119  -51.812  -27.879 0.6999999881
37083  21.420  -52.251  -28.313 0.6999999881
37099  19.167  -51.895  -29.380 0.5000000000
38077  21.764  -51.494  -28.441 0.6999999881
38078  21.037  -51.586  -28.787 0.6000000238
38093  19.684  -51.391  -29.332 0.6000000238
59236  25.766  -31.331  -34.879 0.6999999881
147550  29.821  -33.655  -33.541 0.6999999881
56847  29.037  -33.579  -33.883 0.6999999881
58040  27.367  -32.661  -34.503 0.6999999881
56835  30.987  -33.694  -32.817 0.6000000238
56846  30.489  -33.299  -33.406 0.6000000238
59234  27.373  -32.043  -34.772 0.6999999881
59235  26.585  -31.717  -34.864 0.6999999881
143978  24.974  -30.872  -34.907 0.6999999881
61352  25.014  -30.088  -35.221 0.6999999881
56834  31.718  -33.320  -32.362 0.6000000238
58022  30.504  -32.471  -33.737 0.6000000238
58038  29.096  -32.658  -34.277 0.6999999881
59233  28.109  -31.605  -34.847 0.6999999881
148243  32.256  -33.095  -31.868 0.6000000238
60379  25.747  -30.525  -35.154 0.6999999881
60398  25.705  -29.872  -35.353 0.6999999881
62318  24.635  -28.727  -35.456 0.6999999881
56845  31.366  -32.743  -33.167 0.6000000238
59222  31.140  -31.795  -33.638 0.6000000238
59231  30.211  -31.559  -34.151 0.6000000238
136988  28.855  -31.135  -34.811 0.6999999881
60377  27.338  -31.229  -35.050 0.6999999881
60397  26.392  -30.050  -35.356 0.6999999881
61373  26.063  -29.297  -35.486 0.6999999881
62317  25.531  -28.468  -35.579 0.6999999881
58015  32.260  -32.466  -32.414 0.6000000238
59221  31.972  -31.796  -33.157 0.6000000238
60364  30.972  -31.065  -33.931 0.5000000000
60375  29.650  -30.784  -34.592 0.6000000238
61371  28.520  -29.459  -35.362 0.5000000000
140559  27.745  -29.450  -35.426 0.6999999881
147783  26.907  -27.949  -35.733 0.6999999881
63280  26.401  -27.365  -35.931 0.6999999881
73611  30.190  -17.224  -42.117 0.3000000119
73612  29.269  -17.374  -42.259 0.3000000119
164046  27.897  -18.723  -42.091 0.3000000119
28401  23.171  -61.167  -27.816 0.4000000060
28403  21.350  -61.551  -27.732 0.3000000119
28404  20.387  -61.569  -27.645 0.4000000060
29430  24.528  -60.573  -28.678 0.3000000119
29418  20.729  -60.666  -27.452 0.4000000060
152135  24.543  -58.509  -29.659 0.4000000060
30474  20.282  -59.582  -27.435 0.4000000060
32412  23.988  -57.830  -29.787 0.4000000060
34356  23.177  -56.263  -30.015 0.4000000060
34363  22.816  -55.762  -30.404 0.4000000060
35283  23.061  -54.340  -31.059 0.5000000000
35298  20.771  -54.788  -32.038 0.4000000060
143803  19.665  -58.961  -27.714 0.4000000060
36192  20.555  -53.168  -33.197 0.5000000000
149144  18.901  -58.030  -28.470 0.5000000000
31435  18.245  -57.930  -29.228 0.5000000000
33368  19.051  -56.485  -28.484 0.5000000000
32413  18.288  -57.103  -29.777 0.5000000000
33393  18.223  -56.446  -30.228 0.5000000000
34365  18.083  -55.771  -30.658 0.4000000060
160669  19.782  -49.219  -34.090 0.6999999881
36140  18.055  -53.745  -29.707 0.5000000000
40993  18.856  -47.679  -34.242 0.6999999881
143706  18.203  -52.833  -29.759 0.5000000000
41980  18.586  -46.914  -34.303 0.8000000119
42983  18.640  -46.646  -35.166 0.6999999881
37112  17.704  -52.131  -30.660 0.5000000000
38094  18.891  -51.196  -29.789 0.6000000238
52556  31.544  -37.493  -27.165 0.6000000238
56827  32.578  -33.241  -31.250 0.6000000238
59220  32.380  -30.968  -33.127 0.5000000000
60363  31.297  -30.350  -33.931 0.5000000000
60373  30.846  -29.703  -34.336 0.5000000000
61370  29.221  -29.390  -35.209 0.5000000000
63279  28.640  -27.860  -35.715 0.5000000000
64205  28.350  -27.076  -36.098 0.5000000000
64223  27.701  -26.476  -36.340 0.5000000000
74653  30.496  -16.359  -42.098 0.3000000119
74654  29.653  -16.437  -42.274 0.3000000119
73613  28.284  -17.475  -42.346 0.3000000119
36121  27.967  -53.576  -28.449 0.6000000238
35245  28.009  -54.126  -28.916 0.6000000238
35262  27.636  -54.425  -29.324 0.6000000238
38075  23.180  -50.991  -28.027 0.8000000119
39077  22.098  -50.718  -33.352 0.6999999881
40015  21.014  -49.533  -33.390 0.6999999881
40979  20.446  -47.887  -33.046 0.6999999881
58023  29.834  -33.032  -33.888 0.6999999881
61353  24.138  -29.429  -35.275 0.6999999881
64206  26.829  -26.713  -36.192 0.6000000238
72497  28.755  -18.331  -42.157 0.3000000119
41966  19.229  -47.000  -33.663 0.8000000119
42017  18.636  -47.289  -35.305 0.6999999881
58039  28.127  -32.462  -34.526 0.6999999881
29415  23.551  -60.433  -27.514 0.4000000060
31412  25.531  -58.632  -27.860 0.4000000060
31433  25.291  -58.726  -29.135 0.3000000119
32393  26.027  -57.865  -28.125 0.5000000000
156482  20.838  -58.956  -27.177 0.5000000000
35284  21.866  -55.433  -31.379 0.3000000119
36193  19.873  -53.787  -33.005 0.4000000060
31420  18.463  -58.764  -28.629 0.5000000000
37085  19.779  -52.347  -28.907 0.6000000238
60396  27.314  -30.270  -35.320 0.6999999881
61374  25.210  -29.334  -35.423 0.6999999881
58037  29.850  -32.348  -34.100 0.6999999881
143013  29.501  -31.985  -34.325 0.6999999881
60376  28.120  -30.769  -35.128 0.6999999881
60374  30.489  -30.541  -34.284 0.5000000000
61351  28.936  -30.213  -35.089 0.6000000238
158374  28.132  -30.044  -35.311 0.6999999881
151379  26.521  -28.614  -35.593 0.6999999881
143771  26.171  -27.957  -35.722 0.6999999881
148593  31.666  -31.052  -33.568 0.5000000000
61350  29.920  -29.771  -34.750 0.5000000000
159628  28.151  -28.918  -35.480 0.5000000000
62316  27.452  -28.632  -35.572 0.5000000000
156036  27.567  -27.110  -36.144 0.5000000000
144584  32.842  -30.799  -32.624 0.5000000000
145506  30.514  -29.021  -34.674 0.5000000000
62297  29.788  -28.750  -35.070 0.5000000000
64222  28.478  -26.259  -36.319 0.5000000000
41008  18.310  -48.220  -34.944 0.6000000238
163172  18.342  -47.727  -35.113 0.6000000238
42015  20.810  -47.382  -36.087 0.5000000000
41026  19.805  -48.081  -36.043 0.6000000238
42016  19.592  -47.356  -35.757 0.6000000238
42979  23.585  -46.109  -35.870 0.5000000000
42980  21.834  -46.688  -35.736 0.5000000000
42981  20.496  -46.675  -35.703 0.6000000238
39954  19.511  -48.888  -29.114 0.5000000000
43975  20.191  -45.979  -35.271 0.6000000238
42978  24.432  -46.118  -35.967 0.5000000000
151677  22.769  -46.218  -35.701 0.5000000000
43971  24.552  -45.441  -35.681 0.5000000000
145541  19.549  -48.344  -28.600 0.4000000060
40927  18.756  -48.419  -28.771 0.4000000060
41915  18.168  -47.768  -28.521 0.4000000060
43972  23.861  -45.391  -35.732 0.5000000000
44978  25.088  -45.101  -35.306 0.5000000000
44980  23.980  -44.630  -35.561 0.5000000000
41902  18.519  -47.046  -27.968 0.4000000060
44979  24.681  -44.176  -34.974 0.5000000000
158971  24.426  -44.681  -35.409 0.5000000000
42878  17.811  -46.390  -28.404 0.4000000060
47022  22.800  -42.129  -26.291 0.4000000060
160007  22.128  -42.100  -26.442 0.4000000060
47024  20.915  -42.173  -26.795 0.4000000060
47032  20.430  -42.673  -27.071 0.3000000119
51403  26.787  -38.558  -24.879 0.4000000060
141593  26.172  -39.188  -24.910 0.4000000060
48117  23.791  -41.208  -25.792 0.4000000060
48118  23.102  -41.529  -26.110 0.4000000060
155832  26.378  -38.006  -24.749 0.4000000060
147769  23.483  -40.350  -25.692 0.4000000060
48135  22.356  -41.399  -26.286 0.4000000060
50294  23.121  -39.623  -25.643 0.4000000060
49262  22.951  -40.871  -26.032 0.4000000060
48136  21.522  -41.609  -26.529 0.4000000060
50291  25.694  -39.787  -25.094 0.4000000060
141592  25.370  -39.104  -24.964 0.4000000060
49261  24.339  -40.441  -25.496 0.4000000060
52529  27.047  -37.738  -24.846 0.4000000060
51404  25.920  -38.522  -24.777 0.4000000060
51405  25.088  -38.345  -24.799 0.4000000060
50293  23.965  -39.674  -25.405 0.4000000060
146920  23.572  -38.883  -25.408 0.4000000060
49281  22.123  -40.524  -26.165 0.4000000060
51407  23.101  -38.100  -25.511 0.4000000060
143266  21.834  -38.938  -26.063 0.4000000060
49282  21.227  -40.686  -26.490 0.4000000060
53695  27.242  -36.810  -24.873 0.4000000060
144712  26.390  -37.315  -24.721 0.4000000060
52531  24.957  -37.518  -24.719 0.4000000060
52544  30.755  -37.691  -25.896 0.5000000000
52545  29.967  -37.389  -25.533 0.4000000060
52527  28.905  -37.508  -25.240 0.4000000060
53694  28.270  -36.796  -25.147 0.4000000060
144711  25.613  -37.044  -24.681 0.4000000060
144640  24.972  -36.853  -24.760 0.4000000060
51406  24.113  -38.030  -25.065 0.4000000060
52533  23.487  -37.271  -25.380 0.4000000060
143218  22.201  -38.157  -25.824 0.4000000060
53708  31.487  -36.706  -26.739 0.5000000000
53709  30.788  -36.852  -25.921 0.5000000000
53710  29.947  -36.537  -25.576 0.5000000000
53693  29.167  -36.699  -25.363 0.4000000060
146447  27.808  -36.051  -25.146 0.4000000060
53696  26.265  -36.493  -24.832 0.4000000060
52532  24.301  -37.073  -25.001 0.4000000060
141265  30.423  -35.957  -25.798 0.5000000000
159344  28.584  -36.159  -25.301 0.4000000060
144609  26.892  -35.888  -25.057 0.4000000060
144608  25.977  -35.733  -25.115 0.4000000060
54880  30.009  -35.099  -25.869 0.4000000060
55829  28.994  -34.848  -25.652 0.4000000060
54862  28.370  -35.459  -25.417 0.4000000060
54863  27.462  -35.272  -25.349 0.4000000060
54864  26.549  -35.129  -25.355 0.4000000060
56795  30.305  -33.719  -26.598 0.4000000060
56775  29.509  -33.451  -26.538 0.4000000060
143494  28.943  -33.593  -26.302 0.4000000060
56776  28.196  -33.433  -26.351 0.4000000060
56777  27.316  -33.314  -26.397 0.4000000060
54898  31.908  -35.305  -27.516 0.5000000000
55861  32.022  -34.326  -27.526 0.5000000000
57942  28.840  -32.921  -26.788 0.4000000060
57944  26.951  -32.689  -26.868 0.3000000119
54919  32.238  -34.925  -28.865 0.5000000000
55846  30.642  -34.549  -26.372 0.5000000000
55848  28.578  -34.069  -25.899 0.4000000060
55830  28.036  -34.662  -25.594 0.4000000060
56762  26.783  -33.841  -25.970 0.4000000060
55847  29.570  -34.177  -26.128 0.4000000060
56761  27.677  -33.926  -25.898 0.4000000060
56794  31.532  -33.386  -27.393 0.5000000000
56796  29.881  -32.886  -27.017 0.4000000060
57959  29.160  -32.400  -27.348 0.4000000060
57943  27.836  -32.784  -26.857 0.3000000119
56813  32.546  -33.455  -28.888 0.5000000000
57957  30.757  -32.666  -27.477 0.4000000060
57958  29.817  -32.062  -27.719 0.4000000060
59145  28.965  -31.926  -27.741 0.4000000060
144828  28.310  -32.226  -27.454 0.3000000119
57960  27.379  -32.236  -27.395 0.3000000119
57961  26.566  -32.152  -27.420 0.3000000119
57996  32.728  -32.586  -29.298 0.5000000000
56822  32.740  -33.410  -29.751 0.4000000060
56825  32.762  -33.319  -30.531 0.5000000000
57980  30.857  -31.922  -28.098 0.3000000119
150838  28.380  -31.599  -28.087 0.3000000119
59146  27.620  -31.745  -27.940 0.3000000119
59162  26.982  -31.458  -28.376 0.3000000119
148102  26.272  -31.643  -28.091 0.3000000119
59158  32.221  -31.918  -28.817 0.3000000119
58002  33.022  -32.717  -30.149 0.4000000060
58006  33.336  -31.846  -31.049 0.4000000060
56833  32.655  -32.674  -31.649 0.4000000060
59211  32.632  -31.511  -32.551 0.4000000060
160230  30.655  -31.267  -28.558 0.3000000119
138051  29.979  -31.382  -28.342 0.3000000119
59160  29.161  -31.468  -28.201 0.3000000119
59161  27.711  -31.254  -28.557 0.3000000119
59163  25.795  -31.266  -28.546 0.3000000119
59164  25.163  -31.244  -28.394 0.3000000119
59159  31.424  -31.495  -28.617 0.3000000119
60294  26.954  -30.969  -29.043 0.3000000119
60295  26.096  -30.933  -29.029 0.3000000119
60313  24.831  -30.473  -29.280 0.3000000119
59180  32.694  -31.700  -29.422 0.3000000119
57995  33.057  -32.129  -29.820 0.3000000119
59194  33.347  -31.276  -30.615 0.3000000119
59210  33.161  -31.017  -32.090 0.4000000060
60347  32.720  -30.222  -32.950 0.4000000060
60362  32.087  -30.269  -33.513 0.4000000060
62285  31.597  -28.599  -34.220 0.4000000060
62314  28.871  -28.692  -35.478 0.4000000060
60297  24.520  -30.815  -28.665 0.3000000119
59181  32.016  -31.043  -29.167 0.3000000119
60290  30.999  -30.792  -28.917 0.3000000119
146547  32.714  -31.034  -29.641 0.3000000119
60325  33.442  -30.367  -30.874 0.3000000119
60346  33.193  -30.261  -32.353 0.3000000119
61324  33.085  -29.499  -32.650 0.4000000060
61335  32.508  -29.482  -33.324 0.4000000060
62284  32.283  -28.692  -33.686 0.4000000060
62295  30.987  -28.471  -34.614 0.4000000060
63266  30.810  -27.748  -34.871 0.4000000060
63277  30.070  -27.259  -35.322 0.4000000060
63278  29.459  -27.975  -35.434 0.4000000060
143231  29.197  -27.224  -35.712 0.4000000060
60304  33.110  -30.699  -30.105 0.3000000119
62277  32.891  -28.720  -33.011 0.3000000119
63253  32.659  -27.947  -33.353 0.3000000119
63265  31.636  -27.252  -34.489 0.4000000060
64190  30.964  -26.804  -35.043 0.4000000060
143641  29.641  -26.558  -35.681 0.4000000060
66252  29.836  -25.225  -36.119 0.4000000060
65227  29.056  -25.125  -36.594 0.4000000060
153425  28.187  -25.067  -36.890 0.4000000060
145928  27.221  -25.036  -36.742 0.5000000000
63246  33.085  -28.042  -32.713 0.3000000119
64178  32.756  -26.325  -33.459 0.3000000119
64189  32.146  -26.399  -34.331 0.3000000119
162153  31.561  -26.653  -34.696 0.4000000060
65213  31.361  -25.380  -35.269 0.4000000060
65215  30.056  -25.895  -35.685 0.4000000060
65214  30.599  -25.274  -35.711 0.3000000119
66263  29.641  -24.467  -36.511 0.4000000060
66264  28.679  -24.268  -36.984 0.3000000119
66265  27.572  -24.261  -37.098 0.3000000119
65230  26.209  -25.082  -36.508 0.4000000060
67219  27.990  -23.541  -37.259 0.3000000119
68227  27.498  -22.735  -37.414 0.3000000119
64177  33.102  -26.227  -32.637 0.3000000119
65204  32.617  -25.580  -34.019 0.3000000119
65205  32.042  -25.556  -34.703 0.3000000119
66237  31.965  -24.780  -35.059 0.3000000119
66250  31.154  -24.480  -35.722 0.3000000119
67207  31.279  -23.456  -35.935 0.3000000119
68225  29.843  -22.852  -36.775 0.3000000119
67218  29.420  -23.666  -36.806 0.3000000119
68239  29.021  -22.418  -37.165 0.3000000119
69255  29.664  -21.898  -37.034 0.3000000119
65186  33.062  -25.421  -33.182 0.3000000119
66249  31.973  -23.922  -35.334 0.3000000119
67206  32.059  -23.065  -35.564 0.3000000119
68223  31.393  -22.487  -36.140 0.3000000119
67216  30.692  -22.958  -36.384 0.3000000119
69254  30.307  -21.339  -36.945 0.3000000119
69267  29.471  -21.040  -37.343 0.3000000119
69268  28.779  -21.591  -37.403 0.3000000119
70302  30.163  -20.515  -37.250 0.3000000119
70303  29.327  -20.204  -37.584 0.3000000119
71371  29.144  -19.488  -37.854 0.3000000119
158618  31.146  -36.130  -26.212 0.5000000000
54878  31.546  -35.760  -26.778 0.5000000000
40025  18.908  -48.516  -34.493 0.6000000238
164786  18.449  -49.645  -35.220 0.5000000000
40041  18.490  -48.945  -35.245 0.5000000000
41025  21.018  -48.164  -36.344 0.5000000000
41039  19.968  -48.807  -36.269 0.5000000000
42994  24.710  -46.788  -36.363 0.5000000000
42028  22.943  -47.851  -36.471 0.5000000000
42014  21.996  -47.537  -36.187 0.5000000000
39013  21.814  -50.140  -28.712 0.6000000238
38092  20.486  -50.829  -29.310 0.6000000238
39023  20.154  -49.983  -29.565 0.6000000238
39968  19.276  -49.607  -29.581 0.5000000000
152839  18.464  -50.078  -29.966 0.5000000000
39969  18.212  -49.567  -29.790 0.5000000000
147071  17.439  -49.495  -29.906 0.5000000000
40928  17.755  -48.412  -29.056 0.4000000060
41916  17.290  -47.548  -28.741 0.4000000060
42879  17.073  -46.719  -28.751 0.4000000060
151269  18.765  -43.848  -27.941 0.3000000119
47033  19.759  -42.357  -27.312 0.3000000119
143881  20.322  -42.003  -26.998 0.4000000060
50314  20.959  -38.936  -26.493 0.4000000060
51420  21.429  -38.194  -26.251 0.4000000060
144607  25.100  -35.685  -25.287 0.4000000060
52534  22.597  -37.364  -25.705 0.4000000060
53711  22.125  -36.641  -25.962 0.4000000060
53698  24.635  -36.343  -25.125 0.4000000060
53699  23.836  -36.476  -25.344 0.4000000060
54865  25.641  -35.035  -25.442 0.4000000060
54867  23.848  -35.228  -25.536 0.4000000060
55832  26.225  -34.425  -25.669 0.4000000060
56778  26.455  -33.207  -26.417 0.4000000060
57962  25.714  -31.969  -27.497 0.3000000119
148101  25.597  -31.537  -28.113 0.3000000119
57963  25.016  -31.928  -27.256 0.3000000119
42977  25.125  -46.453  -36.117 0.5000000000
164352  18.215  -44.188  -28.377 0.4000000060
52546  21.768  -37.441  -26.078 0.4000000060
54866  24.666  -34.954  -25.538 0.4000000060
144343  24.247  -35.752  -25.386 0.4000000060
43867  17.924  -45.457  -28.410 0.4000000060
160841  21.204  -46.128  -35.399 0.5000000000
51402  27.603  -38.856  -25.062 0.4000000060
54897  32.207  -34.924  -28.145 0.5000000000
58007  33.084  -32.582  -30.978 0.5000000000
145468  27.910  -37.561  -25.029 0.4000000060
55873  32.367  -34.245  -28.467 0.5000000000
61336  31.700  -29.455  -33.940 0.4000000060
163184  28.586  -25.638  -36.530 0.4000000060
64221  29.252  -25.911  -36.140 0.4000000060
42996  23.066  -46.896  -36.102 0.5000000000
42027  24.042  -47.374  -36.551 0.5000000000
159840  22.779  -40.217  -25.867 0.4000000060
51419  22.675  -38.895  -25.706 0.4000000060
50312  22.318  -39.667  -25.924 0.4000000060
50313  21.512  -39.768  -26.275 0.4000000060
53700  22.997  -36.578  -25.621 0.4000000060
54861  29.359  -35.812  -25.518 0.4000000060
54879  30.971  -35.391  -26.216 0.5000000000
55831  27.120  -34.521  -25.604 0.4000000060
55862  31.267  -34.000  -26.828 0.5000000000
55845  31.507  -34.873  -26.787 0.5000000000
56814  32.244  -33.457  -28.024 0.5000000000
57979  31.657  -32.665  -27.879 0.4000000060
59201  33.378  -31.154  -31.377 0.3000000119
63254  32.040  -27.944  -34.051 0.4000000060
147500  31.408  -27.999  -34.463 0.4000000060
60305  32.432  -30.247  -29.693 0.3000000119
64202  30.789  -25.993  -35.330 0.4000000060
64169  32.994  -27.175  -32.864 0.3000000119
63264  32.401  -27.171  -33.763 0.3000000119
67217  30.363  -23.798  -36.345 0.3000000119
66236  32.624  -24.251  -34.571 0.3000000119
67194  32.656  -23.419  -34.919 0.3000000119
35266  17.814  -54.628  -30.623 0.4000000060
152625  17.513  -53.944  -31.108 0.4000000060
142766  17.288  -53.897  -32.212 0.4000000060
36157  17.212  -53.001  -31.740 0.3000000119
36141  17.645  -53.205  -30.568 0.4000000060
37122  17.208  -52.021  -31.818 0.3000000119
37153  18.968  -52.805  -34.061 0.5000000000
38106  17.962  -51.147  -30.439 0.5000000000
146195  17.344  -51.423  -31.290 0.3000000119
38152  18.755  -51.369  -34.608 0.5000000000
39087  18.525  -50.283  -34.962 0.5000000000
38153  18.812  -52.157  -34.466 0.5000000000
39024  19.392  -50.460  -29.693 0.5000000000
145553  18.490  -50.610  -30.035 0.4000000060
136713  19.070  -49.897  -34.564 0.5000000000
38163  18.629  -51.172  -35.282 0.5000000000
39099  18.661  -50.236  -35.509 0.3000000119
40024  18.498  -49.261  -34.898 0.5000000000
38177  20.126  -51.050  -36.408 0.3000000119
149620  19.001  -50.851  -35.959 0.3000000119
39110  20.876  -50.551  -36.557 0.3000000119
39111  19.678  -50.205  -36.255 0.3000000119
40050  22.302  -49.613  -36.658 0.3000000119
39109  21.956  -50.452  -36.721 0.3000000119
40051  21.082  -49.882  -36.527 0.4000000060
40040  18.919  -49.432  -35.903 0.4000000060
40945  16.461  -48.736  -29.350 0.3000000119
41037  23.769  -48.418  -36.751 0.4000000060
160588  23.359  -49.295  -36.791 0.4000000060
141351  21.355  -48.999  -36.448 0.4000000060
40929  16.763  -47.995  -28.967 0.3000000119
43868  17.038  -45.839  -28.898 0.3000000119
49290  20.309  -40.618  -26.829 0.3000000119
150000  20.700  -39.850  -26.611 0.3000000119
160479  19.969  -39.855  -26.913 0.3000000119
50330  20.273  -39.239  -26.784 0.3000000119
51421  20.804  -38.149  -26.569 0.3000000119
53712  21.301  -36.758  -26.386 0.3000000119
54868  23.097  -35.138  -25.655 0.3000000119
54881  22.562  -35.855  -25.815 0.3000000119
54882  21.582  -35.849  -26.248 0.3000000119
54899  19.911  -35.940  -27.201 0.3000000119
55833  25.368  -34.343  -25.739 0.3000000119
55834  24.660  -34.217  -25.763 0.3000000119
55836  22.794  -34.358  -25.717 0.3000000119
54869  22.199  -35.069  -25.922 0.3000000119
56763  25.927  -33.757  -26.026 0.3000000119
56764  25.122  -33.689  -26.040 0.3000000119
56766  23.393  -33.638  -25.755 0.3000000119
56767  22.471  -33.603  -25.723 0.3000000119
56765  23.921  -32.925  -26.047 0.3000000119
57931  23.052  -32.919  -25.832 0.3000000119
57945  26.115  -32.562  -26.862 0.3000000119
57946  25.296  -32.452  -26.807 0.3000000119
56780  24.802  -33.003  -26.294 0.3000000119
57948  23.494  -32.299  -26.305 0.3000000119
37152  19.717  -52.948  -33.583 0.5000000000
41038  22.649  -48.743  -36.598 0.4000000060
41917  16.655  -47.088  -28.827 0.3000000119
55835  23.815  -34.439  -25.659 0.3000000119
143419  20.797  -36.181  -26.654 0.3000000119
146569  24.311  -33.648  -25.892 0.3000000119
38107  17.226  -50.913  -31.179 0.3000000119
39025  17.647  -50.005  -30.249 0.3000000119
138099  16.778  -49.437  -29.863 0.3000000119
30483  18.630  -59.596  -28.214 0.4000000060
29441  17.336  -60.271  -28.839 0.4000000060
30495  17.451  -59.254  -29.322 0.4000000060
30510  15.782  -59.879  -30.916 0.4000000060
31453  16.814  -58.613  -30.952 0.3000000119
31436  17.628  -58.375  -29.717 0.4000000060
31452  17.348  -58.055  -30.557 0.4000000060
35297  21.747  -54.685  -31.752 0.3000000119
32414  17.799  -57.539  -30.134 0.4000000060
32440  17.473  -57.081  -31.927 0.3000000119
33407  17.723  -56.408  -31.945 0.3000000119
32427  18.017  -56.966  -30.653 0.4000000060
33423  17.012  -55.873  -33.463 0.3000000119
32458  16.752  -56.621  -33.280 0.3000000119
35300  17.018  -54.596  -33.615 0.3000000119
33394  17.999  -56.407  -31.117 0.4000000060
34390  17.441  -55.769  -32.692 0.3000000119
35286  17.357  -54.824  -32.660 0.3000000119
30496  16.804  -59.815  -29.674 0.4000000060
30508  17.098  -58.921  -30.112 0.4000000060
36180  17.008  -53.880  -33.294 0.3000000119
30475  19.378  -59.775  -27.781 0.3000000119
35310  16.082  -54.678  -34.045 0.3000000119
28402  22.298  -61.294  -27.714 0.3000000119
29414  24.441  -60.106  -27.815 0.4000000060
29419  19.991  -61.028  -27.517 0.4000000060
29420  18.813  -60.305  -27.886 0.3000000119
29432  18.130  -60.411  -28.172 0.4000000060
30452  22.643  -59.014  -26.889 0.5000000000
30469  25.102  -59.381  -27.776 0.4000000060
30470  23.823  -59.793  -27.249 0.4000000060
30471  23.077  -59.815  -27.098 0.4000000060
30472  22.172  -59.756  -27.147 0.4000000060
30482  25.033  -59.912  -28.494 0.3000000119
30484  17.966  -59.485  -28.683 0.5000000000
30509  16.457  -59.445  -30.504 0.4000000060
30518  16.220  -59.189  -31.387 0.3000000119
31397  22.290  -58.132  -26.763 0.5000000000
31413  25.003  -58.705  -27.232 0.4000000060
31414  20.209  -58.582  -27.386 0.5000000000
31416  19.082  -58.865  -28.107 0.4000000060
31421  17.948  -58.743  -29.099 0.4000000060
32366  24.717  -57.932  -26.857 0.6000000238
32369  22.001  -57.227  -26.704 0.5000000000
32382  25.911  -57.332  -27.486 0.6000000238
32392  26.362  -57.163  -28.556 0.5000000000
32394  19.251  -57.258  -28.108 0.5000000000
32395  18.724  -57.222  -28.890 0.5000000000
32410  25.899  -57.877  -28.833 0.3000000119
32428  17.637  -57.325  -31.034 0.4000000060
32441  16.950  -57.662  -32.266 0.3000000119
33336  24.760  -56.627  -26.716 0.6000000238
33339  22.230  -56.386  -26.719 0.6000000238
33352  26.597  -56.813  -28.124 0.5000000000
33354  20.817  -56.689  -26.970 0.5000000000
33366  26.662  -56.548  -28.502 0.5000000000
33383  25.928  -56.840  -29.254 0.5000000000
33422  17.275  -56.442  -32.669 0.3000000119
34310  23.298  -55.572  -26.746 0.6000000238
34322  27.228  -55.281  -28.252 0.6000000238
34324  21.340  -55.079  -27.206 0.6000000238
34338  19.378  -55.736  -28.115 0.5000000000
34339  18.793  -55.727  -28.802 0.6000000238
34352  27.205  -55.155  -29.244 0.6000000238
34358  18.040  -55.178  -30.313 0.6000000238
34362  23.659  -55.387  -29.984 0.4000000060
34375  17.807  -55.624  -31.676 0.3000000119
34391  17.161  -55.233  -33.350 0.3000000119
34404  16.706  -55.115  -33.960 0.3000000119
34405  15.920  -55.373  -34.093 0.3000000119
35215  23.806  -55.050  -26.817 0.6000000238
35216  22.971  -55.011  -26.992 0.6000000238
35227  27.596  -54.416  -28.365 0.6000000238
35231  22.609  -54.389  -27.282 0.6000000238
35247  18.540  -54.923  -28.991 0.6000000238
35263  26.534  -54.963  -29.665 0.5000000000
35264  25.747  -55.319  -29.652 0.4000000060
35273  27.330  -53.923  -30.005 0.6000000238
35277  22.565  -55.147  -30.858 0.4000000060
35278  17.626  -54.708  -31.515 0.3000000119
36103  27.373  -53.689  -27.914 0.6000000238
36106  23.028  -53.620  -27.444 0.6999999881
36109  20.682  -53.725  -27.874 0.6999999881
36120  28.358  -53.332  -28.969 0.6000000238
36124  18.646  -53.465  -29.076 0.5000000000
36156  23.822  -54.092  -30.776 0.5000000000
37070  24.365  -52.997  -27.416 0.6999999881
37072  22.253  -52.212  -27.994 0.6999999881
37073  21.050  -52.984  -28.115 0.6999999881
37082  27.750  -52.865  -28.026 0.8999999762
37086  18.934  -52.611  -29.183 0.5000000000
37100  18.484  -51.934  -29.831 0.5000000000
37118  26.088  -52.422  -31.342 0.8000000119
38076  22.503  -51.270  -28.202 0.8000000119
38079  20.358  -51.715  -29.005 0.6000000238
38104  28.745  -51.610  -30.174 0.8999999762
38115  25.836  -51.966  -31.811 0.6999999881
38131  23.014  -52.331  -32.715 0.6000000238
38144  19.285  -52.132  -34.007 0.5000000000
38164  18.566  -51.991  -35.010 0.5000000000
38995  28.389  -50.477  -27.786 0.8999999762
38996  27.495  -50.438  -27.494 0.8999999762
39000  23.645  -50.297  -27.972 0.8999999762
39014  21.008  -49.928  -29.248 0.6999999881
39022  29.288  -50.395  -29.594 1.0000000000
39036  17.776  -50.473  -30.446 0.3000000119
39037  17.028  -50.417  -30.878 0.3000000119
39038  16.550  -50.060  -30.476 0.3000000119
39063  26.414  -50.329  -32.168 0.8000000119
39078  21.110  -50.770  -33.604 0.6999999881
39940  23.105  -49.560  -28.194 0.8000000119
39966  29.372  -49.795  -29.283 1.0000000000
39978  29.121  -49.884  -30.088 1.0000000000
40003  25.617  -49.972  -32.593 0.8000000119
40004  24.906  -49.406  -32.822 0.8000000119
40052  18.972  -48.697  -35.814 0.6000000238
40908  29.080  -48.096  -27.457 0.8999999762
40913  22.972  -48.245  -27.831 0.6999999881
40924  22.705  -48.875  -28.200 0.6999999881
40943  18.585  -49.003  -29.354 0.5000000000
40944  17.143  -48.860  -29.464 0.4000000060
40954  28.657  -48.502  -30.395 1.0000000000
41027  18.682  -48.084  -35.389 0.6999999881
41883  25.255  -47.039  -26.722 0.8999999762
41901  19.510  -47.240  -27.709 0.5000000000
41912  20.825  -48.000  -28.121 0.6000000238
41913  19.952  -47.924  -28.120 0.6000000238
41940  27.967  -47.952  -30.903 1.0000000000
41961  24.978  -47.110  -32.372 0.8999999762
41963  21.996  -47.372  -32.870 0.8999999762
41965  20.210  -47.064  -33.051 0.8999999762
41997  18.307  -47.252  -34.930 0.6999999881
42862  24.461  -46.928  -26.846 1.0000000000
42966  18.485  -46.362  -34.791 0.6999999881
42982  19.343  -46.615  -35.464 0.6999999881
42995  24.002  -46.608  -36.234 0.5000000000
43841  22.047  -45.157  -26.902 0.6999999881
43851  22.347  -45.986  -26.977 0.6999999881
43878  29.501  -45.520  -28.969 1.0000000000
43906  25.565  -45.556  -31.694 0.8999999762
43907  24.877  -45.045  -31.861 0.8999999762
43924  20.110  -45.575  -33.215 0.8999999762
43970  25.143  -45.942  -35.772 0.5000000000
43973  23.032  -45.543  -35.551 0.6000000238
44836  25.537  -44.397  -25.775 0.6999999881
44848  29.803  -44.082  -26.626 0.8999999762
44851  25.850  -45.080  -25.908 0.8999999762
44853  24.209  -44.695  -26.331 0.6000000238
44855  21.816  -44.345  -26.834 0.6000000238
44866  29.867  -44.766  -27.007 1.0000000000
44925  23.296  -44.278  -32.214 0.8999999762
44927  21.965  -43.955  -32.167 0.8999999762
44928  21.428  -43.860  -32.273 0.8999999762
44943  19.640  -44.895  -33.520 0.8999999762
44971  20.754  -43.975  -34.433 0.8000000119
44972  19.833  -44.693  -34.300 0.8000000119
45930  28.061  -43.285  -25.606 0.8000000119
45931  27.162  -43.381  -25.482 0.8000000119
45932  26.280  -43.440  -25.476 0.6999999881
45949  29.003  -43.244  -25.814 0.8000000119
45963  19.982  -43.100  -27.324 0.4000000060
45964  19.310  -43.065  -27.619 0.3000000119
45990  28.536  -43.438  -29.754 1.0000000000
46017  22.316  -43.378  -32.104 0.8999999762
46019  21.059  -43.296  -32.410 0.8999999762
46067  23.786  -43.103  -34.941 0.6000000238
47007  25.766  -42.741  -25.468 0.6999999881
47023  21.579  -42.512  -26.636 0.4000000060
47115  20.539  -42.634  -32.661 0.8999999762
48137  20.683  -41.413  -26.773 0.4000000060
48198  25.593  -41.480  -30.911 1.0000000000
48221  22.324  -41.563  -31.448 0.8999999762
48234  19.505  -40.968  -32.976 0.8999999762
48240  19.820  -41.268  -33.849 0.8999999762
48251  21.472  -41.682  -34.640 0.6999999881
49260  25.227  -40.445  -25.330 0.4000000060
49298  30.075  -40.413  -28.849 0.8000000119
49318  26.711  -40.401  -30.298 1.0000000000
49337  26.015  -40.324  -30.667 1.0000000000
49357  20.850  -40.538  -31.514 0.8999999762
49358  19.656  -40.489  -31.994 0.8999999762
49389  22.192  -41.066  -34.814 0.6999999881
49391  20.140  -40.722  -34.362 0.8000000119
49410  23.995  -40.687  -34.797 0.6000000238
50292  24.845  -39.739  -25.239 0.4000000060
50349  31.179  -38.675  -28.108 0.6999999881
50391  25.012  -39.825  -31.128 1.0000000000
50404  24.357  -39.714  -31.230 1.0000000000
51418  30.397  -38.162  -25.711 0.5000000000
51489  20.145  -38.174  -31.555 0.8999999762
52528  27.552  -38.207  -24.994 0.4000000060
52530  25.730  -37.810  -24.687 0.4000000060
52591  27.993  -38.121  -29.898 0.8000000119
52605  28.333  -37.187  -30.254 0.8000000119
52607  26.705  -37.688  -30.738 0.8999999762
52617  25.352  -37.494  -31.365 1.0000000000
52656  19.023  -37.439  -34.038 0.8999999762
53697  25.424  -36.331  -24.934 0.4000000060
53760  28.984  -37.095  -30.033 0.8000000119
53770  26.944  -37.023  -30.994 0.8000000119
53780  22.069  -36.730  -31.704 1.0000000000
53791  21.174  -35.462  -31.944 1.0000000000
54971  19.554  -35.429  -34.918 0.8999999762
54972  19.132  -35.593  -34.236 0.8999999762
54984  21.575  -35.327  -36.091 0.6999999881
55889  20.561  -35.180  -32.324 1.0000000000
55918  19.630  -34.949  -33.444 0.8999999762
55959  24.707  -34.640  -36.215 0.6000000238
56779  25.630  -33.103  -26.406 0.3000000119
56837  21.082  -34.078  -32.823 1.0000000000
56848  28.080  -33.769  -33.970 0.8000000119
56853  22.519  -32.951  -33.201 0.8999999762
56866  28.409  -33.140  -34.233 0.8000000119
56868  26.946  -33.150  -34.316 0.8000000119
56869  26.174  -33.061  -34.349 0.8000000119
56896  23.739  -33.300  -36.643 0.6000000238
57978  32.282  -32.686  -28.475 0.3000000119
58001  33.253  -32.039  -30.422 0.3000000119
58043  24.869  -32.431  -34.394 0.8000000119
58068  24.949  -32.636  -36.964 0.5000000000
58071  21.757  -32.414  -36.335 0.6999999881
58072  20.633  -31.591  -36.000 0.8000000119
58092  23.822  -31.974  -37.146 0.6000000238
59147  26.961  -31.832  -27.839 0.3000000119
59148  25.104  -31.580  -27.861 0.3000000119
59165  24.661  -31.233  -28.135 0.3000000119
59179  33.117  -31.488  -29.960 0.3000000119
59202  32.989  -31.915  -31.743 0.4000000060
59232  29.430  -31.473  -34.493 0.6999999881
59250  20.014  -30.824  -35.441 0.8000000119
60296  25.336  -30.905  -28.887 0.3000000119
60332  33.417  -30.375  -31.717 0.3000000119
60378  26.530  -30.864  -35.121 0.6999999881
60383  20.195  -30.270  -34.953 0.8000000119
61372  26.920  -29.388  -35.473 0.6999999881
61392  20.042  -28.989  -36.607 0.8000000119
61411  23.558  -29.367  -38.168 0.6000000238
62296  30.441  -28.403  -34.872 0.4000000060
62315  28.175  -28.377  -35.616 0.5000000000
62319  22.376  -27.609  -35.634 0.8000000119
62339  23.064  -28.537  -38.281 0.6000000238
63267  30.127  -28.034  -35.142 0.5000000000
63304  21.000  -26.552  -37.098 0.6999999881
64203  30.301  -26.499  -35.404 0.4000000060
64204  29.002  -26.619  -36.021 0.5000000000
64260  26.853  -25.473  -39.091 0.5000000000
65228  27.874  -25.740  -36.575 0.4000000060
65229  26.994  -25.849  -36.446 0.5000000000
65270  24.954  -24.328  -38.889 0.6000000238
66251  30.336  -24.655  -36.094 0.4000000060
66268  23.123  -23.999  -37.399 0.6000000238
66279  23.329  -23.660  -38.058 0.6000000238
66290  24.043  -24.207  -38.834 0.6000000238
66292  22.836  -24.059  -38.393 0.6000000238
67220  26.877  -23.346  -37.235 0.5000000000
67222  24.858  -22.886  -37.810 0.6000000238
67234  24.080  -23.181  -37.908 0.6000000238
67243  23.984  -23.347  -38.279 0.6000000238
68224  30.502  -22.181  -36.630 0.3000000119
68226  28.443  -22.921  -37.259 0.3000000119
68252  25.961  -22.044  -38.514 0.6000000238
68262  26.108  -22.317  -39.196 0.6000000238
68274  28.311  -21.920  -40.138 0.5000000000
68275  27.471  -21.850  -39.931 0.5000000000
69270  26.941  -21.291  -38.076 0.4000000060
69285  26.615  -21.028  -39.508 0.6000000238
69295  27.204  -21.143  -39.979 0.6000000238
71372  28.291  -19.354  -38.262 0.4000000060
71373  27.170  -20.187  -38.517 0.4000000060
71382  27.435  -19.515  -38.646 0.4000000060
71401  27.911  -20.160  -40.825 0.5000000000
72443  28.940  -18.959  -38.149 0.3000000119
72498  27.847  -18.123  -42.157 0.3000000119
72499  27.145  -18.440  -41.981 0.4000000060
72500  26.636  -17.820  -41.808 0.4000000060
73606  26.181  -17.035  -41.742 0.4000000060
74656  26.901  -16.548  -42.434 0.3000000119
137437  17.834  -49.076  -29.574 0.5000000000
139136  29.590  -46.974  -28.578 1.0000000000
139395  26.126  -42.011  -30.686 1.0000000000
139984  22.341  -45.052  -35.157 0.6000000238
140158  21.991  -45.932  -32.481 0.8999999762
140365  28.849  -31.890  -34.554 0.6999999881
140480  17.813  -56.855  -31.356 0.4000000060
140584  26.793  -24.554  -39.309 0.5000000000
142123  23.424  -35.843  -25.550 0.4000000060
142275  24.482  -38.973  -25.130 0.4000000060
142400  20.173  -57.845  -27.325 0.5000000000
143781  32.462  -24.993  -34.466 0.3000000119
144456  24.239  -34.005  -36.440 0.6999999881
144903  28.327  -39.119  -25.241 0.5000000000
144930  26.834  -56.182  -28.041 0.6000000238
146110  23.215  -57.013  -26.567 0.5000000000
146713  24.474  -57.256  -26.707 0.6000000238
146800  20.906  -49.148  -28.984 0.6000000238
146953  20.153  -49.467  -36.352 0.3000000119
147950  27.431  -52.074  -27.753 0.8999999762
148034  29.187  -44.037  -26.105 0.8999999762
148223  31.133  -29.051  -34.389 0.4000000060
148236  21.385  -50.810  -28.906 0.6000000238
148473  31.472  -26.133  -34.890 0.4000000060
148636  21.960  -38.953  -31.348 0.8999999762
148637  22.806  -41.133  -31.353 0.8999999762
148741  17.903  -55.188  -30.944 0.4000000060
148895  26.711  -50.077  -27.380 0.8999999762
149314  18.791  -36.877  -33.326 0.8999999762
149447  25.748  -22.291  -38.751 0.6000000238
149497  17.090  -52.315  -32.607 0.3000000119
150011  21.003  -42.886  -26.848 0.4000000060
150308  23.693  -44.171  -26.365 0.6000000238
150403  31.724  -32.130  -28.345 0.4000000060
152224  25.984  -40.195  -34.999 0.6000000238
152627  24.365  -41.054  -31.263 1.0000000000
153674  25.113  -40.974  -31.098 1.0000000000
153719  18.774  -45.630  -34.427 0.8000000119
154062  18.424  -54.200  -29.161 0.6000000238
154189  28.750  -23.513  -37.107 0.3000000119
154317  25.128  -54.554  -26.980 0.6000000238
155079  24.835  -46.025  -35.856 0.5000000000
155666  22.958  -43.378  -26.450 0.6000000238
156303  17.776  -54.054  -30.296 0.4000000060
156343  26.908  -20.241  -39.455 0.5000000000
156360  18.489  -46.130  -27.894 0.4000000060
156849  23.781  -49.514  -27.926 0.8999999762
157153  26.406  -31.258  -28.644 0.3000000119
157230  29.123  -23.078  -37.041 0.3000000119
158214  25.484  -47.617  -26.811 0.8999999762
158425  19.506  -44.414  -33.916 0.8999999762
158514  22.330  -48.325  -28.040 0.6999999881
158577  20.440  -33.938  -33.308 1.0000000000
158616  24.533  -40.106  -34.896 0.6000000238
158688  27.096  -27.392  -35.967 0.6999999881
158773  30.776  -33.312  -27.013 0.4000000060
159034  27.748  -27.781  -35.846 0.5000000000
159244  22.255  -53.843  -27.513 0.6000000238
159865  22.019  -48.253  -36.450 0.5000000000
160558  28.234  -52.934  -29.992 0.8000000119
161102  26.091  -47.704  -32.082 0.8999999762
161232  21.803  -41.050  -26.364 0.4000000060
161807  25.427  -24.939  -38.946 0.6000000238
161818  17.425  -52.591  -31.161 0.5000000000
162336  23.285  -49.113  -33.243 0.8000000119
162423  17.737  -47.126  -28.473 0.4000000060
162540  31.259  -38.712  -26.723 0.6999999881
162551  19.055  -50.611  -34.481 0.5000000000
164436  21.252  -26.186  -37.404 0.6999999881
164737  20.930  -46.705  -32.803 0.8000000119
