#!ascii label  , from subject sub-v1s14x0051563_ses-1 vox2ras=TkReg
281
88642  23.293  -2.772  -41.233 0.0000000000
77746  23.179  -13.103  -38.109 0.0000000000
93234  22.254  2.573  -41.664 0.0000000000
102653  19.490  12.331  -42.298 0.0000000000
75621  21.062  -15.480  -38.450 0.0000000000
96046  23.771  5.029  -40.086 0.0000000000
98817  23.932  8.023  -40.764 0.0000000000
85873  21.633  -5.457  -42.030 0.0000000000
82970  23.237  -8.486  -41.080 0.0000000000
144122  24.654  -5.832  -39.644 0.0000000000
141254  23.559  -0.373  -38.633 0.0000000000
88620  25.032  -3.176  -38.210 0.0000000000
90486  22.546  -0.194  -41.912 0.0000000000
93198  23.285  2.389  -39.430 0.0000000000
153286  20.832  10.450  -41.935 0.0000000000
101678  24.198  11.291  -41.733 0.0000000000
80882  24.216  -10.573  -37.904 0.0000000000
96993  23.217  6.500  -41.153 0.0000000000
98828  23.122  8.287  -41.245 0.0000000000
86812  22.660  -4.274  -42.266 0.0000000000
160781  23.340  -5.818  -41.230 0.0000000000
86804  24.016  -4.421  -40.510 0.0000000000
137528  22.192  -14.117  -38.491 0.0000000000
91434  22.310  0.993  -41.699 0.0000000000
143736  22.930  0.911  -39.933 0.0000000000
93225  22.877  2.662  -40.625 0.0000000000
97879  25.316  7.232  -39.950 0.0000000000
96044  25.291  5.932  -39.420 0.0000000000
101697  17.955  11.315  -43.212 0.0000000000
99801  19.283  9.228  -43.083 0.0000000000
150302  20.446  11.172  -41.999 0.0000000000
104585  22.366  14.207  -45.058 0.0000000000
103657  23.251  13.497  -44.287 0.0000000000
102664  23.569  12.442  -42.446 0.0000000000
102680  24.296  12.354  -43.666 0.0000000000
101695  24.837  11.534  -42.453 0.0000000000
83860  24.689  -8.178  -38.945 0.0000000000
81942  24.089  -9.577  -39.320 0.0000000000
75622  19.833  -15.553  -37.951 0.0000000000
94151  23.019  3.546  -40.618 0.0000000000
95085  23.128  4.938  -40.845 0.0000000000
164866  23.978  6.535  -40.443 0.0000000000
98815  25.453  8.661  -40.468 0.0000000000
82972  21.669  -8.254  -41.451 0.0000000000
83898  22.210  -6.913  -41.383 0.0000000000
83885  23.572  -7.304  -40.459 0.0000000000
84820  24.960  -7.390  -38.831 0.0000000000
147788  23.469  -2.084  -40.286 0.0000000000
88626  24.124  -3.011  -39.342 0.0000000000
150845  24.226  -1.803  -38.365 0.0000000000
87746  22.025  -3.214  -42.989 0.0000000000
89524  21.442  -1.669  -43.351 0.0000000000
89518  23.145  -1.792  -41.231 0.0000000000
90473  23.150  -0.414  -40.403 0.0000000000
91379  23.576  0.551  -38.399 0.0000000000
93183  24.482  2.127  -37.729 0.0000000000
94141  23.376  3.312  -39.756 0.0000000000
94121  24.617  3.585  -38.467 0.0000000000
161987  21.456  8.971  -42.026 0.0000000000
103621  21.194  13.135  -41.715 0.0000000000
102651  21.480  12.371  -41.632 0.0000000000
101679  22.626  11.314  -41.498 0.0000000000
139014  22.904  9.977  -41.345 0.0000000000
99791  24.356  9.850  -41.053 0.0000000000
99790  25.263  9.983  -41.134 0.0000000000
78834  22.267  -12.421  -40.371 0.0000000000
81957  22.336  -9.578  -41.175 0.0000000000
86784  25.468  -4.438  -38.482 0.0000000000
147672  25.940  -5.992  -38.075 0.0000000000
97905  22.415  7.631  -41.733 0.0000000000
87736  23.162  -3.666  -41.892 0.0000000000
86805  23.370  -4.497  -41.524 0.0000000000
87729  23.657  -3.667  -40.861 0.0000000000
73555  19.292  -17.092  -36.666 0.0000000000
156166  19.525  -16.565  -37.177 0.0000000000
77737  22.779  -13.788  -37.958 0.0000000000
92347  21.850  1.641  -42.120 0.0000000000
92332  22.546  1.755  -41.219 0.0000000000
97891  26.480  7.771  -40.088 0.0000000000
97878  25.982  7.364  -39.810 0.0000000000
100721  18.986  11.511  -42.682 0.0000000000
100731  18.767  10.684  -42.873 0.0000000000
162361  19.597  11.107  -42.418 0.0000000000
101682  20.011  11.745  -42.122 0.0000000000
102681  23.761  12.933  -43.975 0.0000000000
101711  24.796  11.922  -44.188 0.0000000000
161581  25.163  -8.075  -38.301 0.0000000000
164683  24.843  -9.220  -37.997 0.0000000000
76680  20.626  -14.073  -39.364 0.0000000000
151513  22.140  4.147  -42.037 0.0000000000
95086  22.414  4.796  -41.880 0.0000000000
97894  23.927  7.198  -40.629 0.0000000000
97893  24.742  7.725  -40.350 0.0000000000
98816  24.685  8.483  -40.556 0.0000000000
142412  17.822  12.604  -43.268 0.0000000000
139394  21.661  -6.673  -41.564 0.0000000000
84854  21.996  -6.165  -41.792 0.0000000000
150381  24.010  -5.855  -40.501 0.0000000000
84843  23.452  -6.516  -40.790 0.0000000000
84842  24.151  -6.681  -39.958 0.0000000000
145005  24.529  -7.183  -39.434 0.0000000000
84832  24.883  -6.591  -39.233 0.0000000000
137671  20.620  -15.856  -38.053 0.0000000000
74594  21.087  -16.471  -37.649 0.0000000000
89493  23.661  -1.278  -38.864 0.0000000000
88627  23.810  -2.201  -39.280 0.0000000000
148293  24.027  -0.902  -38.039 0.0000000000
87738  21.939  -3.969  -42.778 0.0000000000
148068  21.591  -0.883  -43.236 0.0000000000
142974  22.294  -0.858  -42.455 0.0000000000
89519  22.539  -1.608  -42.101 0.0000000000
150893  22.923  -0.879  -41.382 0.0000000000
89497  23.339  -1.228  -40.430 0.0000000000
92320  22.900  1.673  -40.142 0.0000000000
92302  23.267  1.343  -39.053 0.0000000000
92301  23.855  1.384  -38.041 0.0000000000
93197  23.749  2.199  -38.480 0.0000000000
95064  23.450  4.230  -40.130 0.0000000000
95063  24.615  4.338  -38.881 0.0000000000
95042  25.446  4.338  -38.525 0.0000000000
99795  20.087  9.681  -42.574 0.0000000000
155105  19.858  9.123  -42.868 0.0000000000
98830  20.521  8.942  -42.570 0.0000000000
99794  21.171  9.635  -41.955 0.0000000000
104576  22.357  14.468  -44.191 0.0000000000
104577  21.826  14.846  -44.748 0.0000000000
103633  21.719  13.722  -41.898 0.0000000000
103620  22.066  12.995  -41.671 0.0000000000
102649  23.341  11.907  -41.818 0.0000000000
149111  23.406  11.175  -41.528 0.0000000000
100719  22.949  10.682  -41.405 0.0000000000
151000  23.583  9.699  -41.144 0.0000000000
100718  23.741  10.488  -41.319 0.0000000000
101707  25.661  11.366  -43.029 0.0000000000
100729  25.668  11.075  -42.232 0.0000000000
100715  26.166  10.605  -41.955 0.0000000000
99789  26.082  10.094  -41.413 0.0000000000
144032  21.617  -11.902  -40.721 0.0000000000
82971  22.498  -7.990  -41.306 0.0000000000
81967  22.078  -8.990  -41.554 0.0000000000
81966  22.844  -9.037  -41.307 0.0000000000
81929  24.120  -10.104  -38.611 0.0000000000
80906  23.666  -10.338  -39.374 0.0000000000
153989  23.712  -10.944  -38.620 0.0000000000
162126  23.482  -11.450  -38.959 0.0000000000
162332  24.580  -3.965  -39.367 0.0000000000
87711  25.184  -3.826  -38.522 0.0000000000
96066  22.753  5.574  -41.521 0.0000000000
97001  22.290  6.117  -42.148 0.0000000000
97904  23.221  7.421  -41.198 0.0000000000
86813  21.938  -4.738  -42.277 0.0000000000
85872  22.418  -5.511  -41.904 0.0000000000
85871  23.126  -5.299  -41.660 0.0000000000
85864  23.697  -5.158  -40.918 0.0000000000
85863  24.326  -5.109  -40.064 0.0000000000
76656  21.525  -14.773  -38.563 0.0000000000
75620  21.783  -15.451  -37.927 0.0000000000
76655  22.429  -14.667  -37.805 0.0000000000
76641  23.739  -14.655  -36.806 0.0000000000
90453  23.956  -0.015  -37.833 0.0000000000
90489  21.946  -0.066  -42.930 0.0000000000
155368  22.304  0.379  -42.130 0.0000000000
90474  22.883  -0.154  -41.103 0.0000000000
91416  22.644  1.003  -40.763 0.0000000000
96057  24.493  6.225  -39.944 0.0000000000
96045  24.398  5.462  -39.701 0.0000000000
96982  25.784  6.720  -39.596 0.0000000000
100730  19.803  10.488  -42.474 0.0000000000
142196  22.768  13.945  -44.506 0.0000000000
103658  22.796  13.961  -43.764 0.0000000000
103631  23.084  13.095  -42.681 0.0000000000
143120  23.702  12.733  -43.193 0.0000000000
102663  24.251  12.146  -42.885 0.0000000000
101708  24.903  11.796  -43.360 0.0000000000
82942  24.252  -8.265  -39.608 0.0000000000
82943  24.034  -8.993  -39.983 0.0000000000
143906  24.430  -8.870  -39.179 0.0000000000
146663  24.484  -9.386  -38.579 0.0000000000
74596  19.313  -15.855  -37.462 0.0000000000
75636  19.547  -14.994  -38.205 0.0000000000
75634  20.794  -15.013  -38.820 0.0000000000
151051  20.954  -14.564  -39.079 0.0000000000
76663  21.601  -13.956  -39.181 0.0000000000
77747  22.573  -13.357  -38.880 0.0000000000
94152  22.511  3.401  -41.408 0.0000000000
95077  22.760  4.160  -41.156 0.0000000000
96058  23.682  5.768  -40.491 0.0000000000
96992  24.588  6.932  -40.159 0.0000000000
97892  25.639  7.964  -40.143 0.0000000000
98814  26.270  8.532  -40.442 0.0000000000
141807  17.719  11.095  -43.056 0.0000000000
102666  18.340  12.090  -43.058 0.0000000000
103635  18.851  13.034  -42.556 0.0000000000
83899  21.667  -7.401  -41.389 0.0000000000
147610  23.244  -7.816  -40.936 0.0000000000
84853  22.746  -6.285  -41.497 0.0000000000
83897  22.920  -7.118  -41.026 0.0000000000
82958  23.731  -8.218  -40.402 0.0000000000
83874  24.514  -7.716  -39.330 0.0000000000
161878  25.498  -7.359  -38.099 0.0000000000
87717  23.722  -2.914  -40.099 0.0000000000
88621  24.419  -2.686  -38.647 0.0000000000
149165  24.818  -2.330  -37.855 0.0000000000
88613  24.620  -1.425  -37.550 0.0000000000
88612  25.297  -1.936  -37.057 0.0000000000
88597  25.443  -2.861  -37.477 0.0000000000
87737  22.524  -3.650  -42.506 0.0000000000
88653  22.743  -2.992  -42.324 0.0000000000
88660  22.128  -2.292  -42.808 0.0000000000
157218  22.784  -2.282  -41.932 0.0000000000
162962  23.517  -1.518  -39.647 0.0000000000
90462  23.380  -0.766  -39.544 0.0000000000
91415  22.904  0.320  -40.479 0.0000000000
91399  23.208  0.222  -39.455 0.0000000000
158542  24.197  4.677  -39.479 0.0000000000
94140  23.963  3.883  -39.207 0.0000000000
94122  23.794  3.054  -38.852 0.0000000000
147923  24.300  2.792  -38.245 0.0000000000
148245  21.199  8.336  -42.452 0.0000000000
103634  19.785  13.752  -42.181 0.0000000000
104547  20.801  13.814  -41.942 0.0000000000
103622  20.131  13.113  -41.953 0.0000000000
102652  20.558  12.446  -41.835 0.0000000000
101681  20.836  11.842  -41.782 0.0000000000
101680  21.514  11.388  -41.610 0.0000000000
102665  22.805  12.679  -42.031 0.0000000000
102650  22.365  12.160  -41.618 0.0000000000
100720  22.006  10.398  -41.536 0.0000000000
99793  22.134  9.440  -41.634 0.0000000000
98829  22.162  8.514  -41.772 0.0000000000
99792  22.982  9.153  -41.299 0.0000000000
99773  23.916  8.990  -40.846 0.0000000000
101677  25.010  11.050  -41.865 0.0000000000
99772  24.938  9.264  -40.711 0.0000000000
99771  25.941  9.361  -40.814 0.0000000000
156503  26.576  9.590  -41.295 0.0000000000
77774  22.030  -13.136  -39.798 0.0000000000
78804  23.202  -12.568  -38.755 0.0000000000
80922  22.366  -10.382  -40.584 0.0000000000
81943  23.615  -9.721  -40.095 0.0000000000
80921  23.169  -10.462  -40.135 0.0000000000
79856  22.725  -11.098  -40.237 0.0000000000
78833  22.915  -11.872  -40.057 0.0000000000
78817  23.305  -11.949  -39.300 0.0000000000
87716  24.173  -3.704  -39.822 0.0000000000
86793  24.523  -4.405  -39.656 0.0000000000
85850  25.057  -4.998  -39.195 0.0000000000
86779  26.012  -4.591  -37.810 0.0000000000
85839  25.726  -5.186  -38.387 0.0000000000
84831  25.333  -5.855  -38.873 0.0000000000
84819  25.420  -6.646  -38.511 0.0000000000
75610  22.556  -15.477  -37.269 0.0000000000
76642  23.089  -14.907  -37.189 0.0000000000
76664  20.227  -14.637  -38.882 0.0000000000
78818  22.812  -12.629  -39.647 0.0000000000
79831  23.551  -11.789  -38.424 0.0000000000
81919  24.573  -9.838  -37.921 0.0000000000
81956  23.521  -9.085  -40.778 0.0000000000
82916  25.662  -8.034  -37.624 0.0000000000
82925  24.814  -8.737  -38.465 0.0000000000
82957  24.093  -7.556  -39.831 0.0000000000
86785  24.937  -4.202  -39.037 0.0000000000
87712  24.610  -3.531  -38.964 0.0000000000
96983  25.098  6.621  -39.772 0.0000000000
100716  25.511  10.602  -41.649 0.0000000000
100717  24.691  10.557  -41.447 0.0000000000
101696  24.066  11.891  -42.233 0.0000000000
102667  17.430  12.074  -43.333 0.0000000000
103632  22.425  13.447  -42.193 0.0000000000
104557  22.050  14.179  -42.462 0.0000000000
138292  21.082  -6.882  -41.480 0.0000000000
141725  23.017  -9.745  -40.765 0.0000000000
143727  25.135  8.214  -40.365 0.0000000000
148742  22.633  0.393  -41.344 0.0000000000
149004  24.434  -11.013  -37.357 0.0000000000
151083  22.563  6.906  -41.698 0.0000000000
157843  24.977  5.035  -39.075 0.0000000000
159287  21.984  -1.485  -42.877 0.0000000000
159391  22.726  -4.894  -42.018 0.0000000000
160243  21.844  -9.969  -40.859 0.0000000000
161931  22.924  -5.760  -41.700 0.0000000000
