#!ascii label  , from subject sub-v1s14x0051562_ses-1 vox2ras=TkReg
452
73351  -28.571  2.330  -46.367 0.0000000000
70495  -23.142  -0.460  -42.938 0.0000000000
67565  -31.630  -3.823  -45.394 0.0000000000
66567  -26.353  -5.278  -41.790 0.0000000000
85002  -26.608  15.424  -45.982 0.0000000000
80472  -28.672  10.912  -44.710 0.0000000000
77103  -24.197  7.216  -46.089 0.0000000000
62384  -23.382  -8.320  -39.284 0.0000000000
67532  -24.709  -2.623  -42.241 0.0000000000
66553  -22.218  -4.068  -40.429 0.0000000000
82241  -27.146  12.955  -45.178 0.0000000000
81356  -25.176  11.478  -46.339 0.0000000000
74351  -23.733  2.881  -44.533 0.0000000000
76220  -21.513  5.782  -43.505 0.0000000000
75331  -26.021  4.661  -46.381 0.0000000000
77107  -29.513  6.999  -46.693 0.0000000000
132885  -31.313  4.199  -46.293 0.0000000000
72380  -31.702  1.651  -44.562 0.0000000000
72344  -22.580  1.279  -43.187 0.0000000000
141249  -26.007  0.467  -44.635 0.0000000000
70535  -30.858  -0.891  -44.665 0.0000000000
69532  -27.326  -1.523  -43.283 0.0000000000
67546  -28.717  -4.834  -43.861 0.0000000000
124763  -28.476  -6.885  -42.637 0.0000000000
79594  -22.148  9.658  -44.909 0.0000000000
120995  -26.143  9.020  -46.708 0.0000000000
79598  -30.163  8.902  -44.984 0.0000000000
65553  -21.721  -5.196  -39.431 0.0000000000
127357  -24.524  -6.445  -40.475 0.0000000000
128864  -21.783  -2.821  -40.794 0.0000000000
67501  -20.717  -3.589  -39.861 0.0000000000
82239  -24.357  12.391  -45.895 0.0000000000
143857  -22.978  11.160  -45.531 0.0000000000
73342  -26.093  2.289  -45.663 0.0000000000
129402  -24.860  3.101  -45.344 0.0000000000
74367  -27.975  3.005  -46.529 0.0000000000
125660  -28.915  4.919  -46.458 0.0000000000
126740  -29.982  3.368  -46.328 0.0000000000
73355  -31.767  3.133  -45.359 0.0000000000
72392  -30.722  2.233  -45.204 0.0000000000
71434  -22.889  0.625  -43.237 0.0000000000
72356  -23.640  0.995  -43.803 0.0000000000
71447  -24.367  0.343  -43.891 0.0000000000
70523  -26.304  -0.081  -44.325 0.0000000000
141201  -25.424  -0.921  -43.570 0.0000000000
67522  -24.686  -3.377  -41.707 0.0000000000
67533  -26.727  -3.566  -42.302 0.0000000000
66575  -27.196  -4.608  -42.522 0.0000000000
65598  -28.864  -6.578  -43.794 0.0000000000
65588  -27.039  -6.230  -42.331 0.0000000000
84049  -25.591  14.717  -45.858 0.0000000000
85849  -24.769  15.931  -44.918 0.0000000000
85851  -26.070  16.043  -46.123 0.0000000000
85870  -26.800  17.132  -46.543 0.0000000000
85004  -28.121  15.953  -45.077 0.0000000000
81332  -27.633  12.190  -44.878 0.0000000000
77090  -22.214  6.221  -44.352 0.0000000000
123640  -21.728  7.680  -44.338 0.0000000000
78750  -23.028  8.298  -45.698 0.0000000000
123936  -24.584  9.162  -46.629 0.0000000000
78761  -25.713  8.329  -46.629 0.0000000000
77949  -30.923  7.170  -46.307 0.0000000000
78752  -29.397  8.193  -46.303 0.0000000000
77931  -32.113  7.603  -44.919 0.0000000000
68556  -31.960  -2.907  -45.805 0.0000000000
69550  -32.457  -1.658  -44.982 0.0000000000
63437  -21.723  -7.315  -38.489 0.0000000000
64490  -22.506  -6.258  -39.304 0.0000000000
65554  -22.445  -5.528  -39.601 0.0000000000
64491  -23.160  -6.828  -39.510 0.0000000000
69507  -22.566  -1.253  -42.064 0.0000000000
69523  -23.964  -1.352  -42.962 0.0000000000
68517  -22.901  -1.942  -41.958 0.0000000000
67520  -22.975  -2.887  -41.471 0.0000000000
66564  -23.792  -4.142  -40.999 0.0000000000
122896  -25.184  14.002  -46.044 0.0000000000
84051  -27.252  14.457  -45.337 0.0000000000
83118  -26.126  13.352  -46.019 0.0000000000
81347  -26.476  11.825  -45.851 0.0000000000
81358  -26.936  10.890  -45.929 0.0000000000
74339  -22.023  3.618  -43.355 0.0000000000
134533  -22.805  3.847  -44.078 0.0000000000
76225  -23.297  5.029  -44.884 0.0000000000
76231  -24.900  5.643  -46.068 0.0000000000
121002  -26.473  7.070  -46.530 0.0000000000
76234  -27.438  5.645  -46.477 0.0000000000
76237  -30.546  5.788  -46.622 0.0000000000
76239  -32.163  5.283  -46.392 0.0000000000
74353  -32.567  4.074  -45.104 0.0000000000
62368  -23.650  -8.998  -39.235 0.0000000000
62385  -24.141  -8.645  -39.652 0.0000000000
141189  -22.962  2.243  -43.765 0.0000000000
72373  -25.112  1.613  -44.718 0.0000000000
71472  -27.413  0.874  -45.372 0.0000000000
72378  -29.960  1.102  -44.895 0.0000000000
71460  -28.246  0.078  -44.444 0.0000000000
69540  -29.943  -1.658  -44.413 0.0000000000
68548  -30.258  -2.996  -44.594 0.0000000000
68539  -26.668  -2.012  -42.882 0.0000000000
68541  -28.857  -3.590  -43.723 0.0000000000
67555  -30.177  -4.538  -44.461 0.0000000000
66589  -30.046  -6.130  -43.905 0.0000000000
66576  -29.699  -6.386  -43.323 0.0000000000
127184  -28.304  14.819  -44.302 0.0000000000
80492  -23.497  10.113  -46.093 0.0000000000
123328  -25.260  10.178  -46.627 0.0000000000
80497  -27.539  10.132  -45.947 0.0000000000
78762  -27.703  8.402  -46.482 0.0000000000
78751  -28.570  8.718  -46.128 0.0000000000
79589  -29.629  9.923  -44.665 0.0000000000
71475  -31.306  0.555  -44.624 0.0000000000
70528  -32.841  -0.575  -44.431 0.0000000000
66540  -20.583  -4.265  -39.316 0.0000000000
66541  -21.429  -4.361  -39.843 0.0000000000
66555  -23.446  -4.678  -40.590 0.0000000000
65568  -24.863  -5.758  -40.824 0.0000000000
63463  -24.778  -8.255  -40.130 0.0000000000
64506  -25.350  -6.940  -40.909 0.0000000000
64518  -26.841  -7.203  -41.787 0.0000000000
81331  -21.900  11.889  -44.681 0.0000000000
73350  -27.620  2.120  -46.285 0.0000000000
73349  -26.949  2.666  -46.255 0.0000000000
74368  -29.021  3.210  -46.499 0.0000000000
73352  -29.559  2.458  -46.101 0.0000000000
73353  -30.393  2.806  -45.851 0.0000000000
124462  -30.122  2.254  -45.533 0.0000000000
70494  -22.730  -0.054  -42.783 0.0000000000
125355  -23.223  0.099  -43.260 0.0000000000
70506  -23.542  0.194  -43.477 0.0000000000
70507  -23.883  -0.037  -43.586 0.0000000000
70508  -24.976  -0.193  -43.856 0.0000000000
69530  -23.875  -0.604  -43.344 0.0000000000
66566  -25.462  -4.351  -41.515 0.0000000000
66574  -26.428  -4.301  -41.957 0.0000000000
144354  -26.896  -5.174  -42.266 0.0000000000
143037  -26.168  14.848  -45.971 0.0000000000
85001  -25.861  15.415  -45.916 0.0000000000
122837  -26.735  16.121  -46.142 0.0000000000
85003  -27.413  15.873  -45.705 0.0000000000
124212  -27.167  15.096  -45.684 0.0000000000
81333  -28.464  11.767  -44.446 0.0000000000
82225  -29.052  12.259  -43.761 0.0000000000
81334  -29.276  11.386  -44.124 0.0000000000
77096  -23.444  6.849  -45.564 0.0000000000
77930  -22.075  6.952  -44.556 0.0000000000
77935  -22.815  7.373  -45.334 0.0000000000
78742  -22.357  7.966  -45.011 0.0000000000
77936  -23.565  7.753  -45.941 0.0000000000
77944  -24.203  7.988  -46.373 0.0000000000
77945  -24.901  7.691  -46.476 0.0000000000
77938  -31.855  7.058  -45.881 0.0000000000
140816  -32.479  -3.637  -45.906 0.0000000000
68557  -33.363  -3.148  -46.380 0.0000000000
67567  -33.151  -3.992  -47.084 0.0000000000
63438  -22.585  -7.904  -38.844 0.0000000000
64483  -21.849  -6.437  -38.832 0.0000000000
131531  -22.493  -7.022  -39.008 0.0000000000
63447  -23.094  -7.534  -39.277 0.0000000000
69506  -21.973  -1.309  -41.490 0.0000000000
68516  -22.338  -1.815  -41.574 0.0000000000
67509  -22.325  -3.265  -40.905 0.0000000000
67521  -23.788  -3.365  -41.491 0.0000000000
67510  -23.046  -3.826  -40.917 0.0000000000
83104  -25.998  14.108  -46.077 0.0000000000
83103  -24.766  13.207  -46.029 0.0000000000
81355  -24.611  11.656  -46.156 0.0000000000
82252  -25.173  12.360  -46.193 0.0000000000
121704  -25.757  11.681  -46.234 0.0000000000
81357  -26.236  10.920  -46.289 0.0000000000
74340  -22.736  3.137  -43.783 0.0000000000
74350  -23.206  3.191  -44.214 0.0000000000
74365  -25.550  3.762  -45.978 0.0000000000
75322  -24.010  4.457  -45.255 0.0000000000
75330  -25.232  4.714  -46.067 0.0000000000
76226  -24.024  5.370  -45.514 0.0000000000
76232  -25.684  5.337  -46.353 0.0000000000
76233  -26.462  5.489  -46.485 0.0000000000
128886  -30.449  4.213  -46.367 0.0000000000
140263  -29.519  4.951  -46.460 0.0000000000
125300  -30.968  4.940  -46.543 0.0000000000
76238  -31.487  5.620  -46.588 0.0000000000
123143  -31.798  4.777  -46.461 0.0000000000
75324  -32.465  4.601  -46.022 0.0000000000
75333  -32.012  4.122  -46.225 0.0000000000
72393  -31.371  2.413  -45.006 0.0000000000
128632  -32.216  3.280  -44.953 0.0000000000
72367  -32.180  1.694  -44.205 0.0000000000
61330  -23.536  -9.440  -38.690 0.0000000000
61331  -24.203  -9.313  -38.636 0.0000000000
73313  -22.064  2.191  -43.016 0.0000000000
73326  -22.440  2.670  -43.427 0.0000000000
127268  -22.793  1.812  -43.513 0.0000000000
71456  -24.777  0.823  -44.227 0.0000000000
72365  -24.613  1.254  -44.345 0.0000000000
72366  -25.256  1.146  -44.572 0.0000000000
72374  -25.842  1.542  -45.112 0.0000000000
128085  -26.612  0.675  -44.990 0.0000000000
71473  -28.290  0.716  -45.005 0.0000000000
71459  -27.420  0.382  -44.807 0.0000000000
70511  -27.589  -0.871  -43.711 0.0000000000
70525  -28.255  -0.609  -43.905 0.0000000000
69539  -29.109  -1.275  -43.958 0.0000000000
133435  -29.586  -2.321  -44.144 0.0000000000
69534  -28.958  -2.387  -43.758 0.0000000000
68527  -24.054  -2.131  -42.452 0.0000000000
68528  -24.652  -1.887  -42.796 0.0000000000
121872  -25.301  -2.414  -42.521 0.0000000000
67534  -27.591  -4.046  -42.811 0.0000000000
68540  -28.090  -3.540  -43.186 0.0000000000
67547  -29.440  -4.822  -44.212 0.0000000000
66596  -30.108  -5.664  -44.264 0.0000000000
66588  -29.298  -6.002  -44.128 0.0000000000
144599  -28.564  -6.791  -43.274 0.0000000000
65599  -29.409  -6.493  -43.752 0.0000000000
137176  -29.085  -6.807  -43.300 0.0000000000
65581  -29.136  -6.252  -42.371 0.0000000000
83105  -26.713  13.732  -45.605 0.0000000000
84038  -27.795  14.436  -44.725 0.0000000000
83089  -27.544  13.695  -44.842 0.0000000000
129061  -21.355  5.366  -43.247 0.0000000000
80470  -21.076  10.376  -43.793 0.0000000000
80471  -21.589  10.504  -44.427 0.0000000000
80482  -22.253  10.532  -45.062 0.0000000000
79595  -22.853  9.759  -45.629 0.0000000000
121234  -25.308  9.077  -46.686 0.0000000000
79605  -24.938  9.637  -46.652 0.0000000000
79607  -26.476  9.537  -46.601 0.0000000000
121514  -26.751  10.177  -46.383 0.0000000000
79608  -27.260  9.454  -46.410 0.0000000000
121000  -28.144  7.295  -46.459 0.0000000000
120997  -26.520  7.858  -46.584 0.0000000000
121204  -28.699  7.510  -46.544 0.0000000000
126640  -29.870  8.575  -45.631 0.0000000000
127541  -29.191  8.779  -45.786 0.0000000000
79596  -28.718  9.306  -45.640 0.0000000000
79590  -30.179  9.495  -44.568 0.0000000000
80475  -30.849  9.677  -43.955 0.0000000000
143027  -30.027  0.449  -44.716 0.0000000000
70536  -31.527  -0.695  -44.642 0.0000000000
70537  -33.121  -1.465  -44.943 0.0000000000
65545  -21.113  -5.704  -38.758 0.0000000000
66530  -20.437  -4.876  -38.749 0.0000000000
142802  -21.062  -4.902  -39.242 0.0000000000
65555  -23.148  -5.983  -39.783 0.0000000000
65566  -22.994  -5.181  -40.109 0.0000000000
65567  -23.853  -5.631  -40.367 0.0000000000
63464  -26.214  -7.600  -41.246 0.0000000000
68506  -21.706  -2.059  -40.939 0.0000000000
68499  -20.988  -2.689  -40.262 0.0000000000
67508  -21.531  -3.512  -40.412 0.0000000000
82238  -23.516  12.226  -45.446 0.0000000000
81346  -24.018  11.756  -45.852 0.0000000000
81354  -24.107  11.111  -46.028 0.0000000000
73341  -24.971  2.254  -44.980 0.0000000000
74360  -25.514  2.727  -45.560 0.0000000000
74366  -26.247  3.166  -46.171 0.0000000000
133791  -26.382  4.002  -46.376 0.0000000000
125661  -27.912  4.801  -46.522 0.0000000000
128557  -28.430  3.980  -46.595 0.0000000000
128887  -29.494  4.228  -46.481 0.0000000000
74369  -30.832  3.527  -46.078 0.0000000000
74370  -31.637  3.592  -45.952 0.0000000000
73354  -31.114  2.997  -45.542 0.0000000000
72379  -31.212  1.565  -44.786 0.0000000000
71433  -22.385  0.675  -42.735 0.0000000000
72355  -23.114  1.177  -43.566 0.0000000000
71445  -23.397  0.576  -43.526 0.0000000000
71446  -23.800  0.495  -43.716 0.0000000000
70521  -24.988  0.441  -44.157 0.0000000000
70522  -25.552  0.197  -44.253 0.0000000000
70509  -25.843  -0.466  -43.940 0.0000000000
69531  -26.238  -1.218  -43.453 0.0000000000
67523  -25.631  -3.250  -42.015 0.0000000000
66586  -27.827  -5.180  -43.238 0.0000000000
66587  -28.486  -5.699  -43.820 0.0000000000
65597  -28.154  -6.258  -43.451 0.0000000000
65589  -27.911  -6.758  -42.817 0.0000000000
84989  -24.451  15.230  -44.745 0.0000000000
85850  -25.360  16.154  -45.541 0.0000000000
85869  -26.194  16.730  -46.463 0.0000000000
134994  -27.676  12.952  -44.632 0.0000000000
83090  -28.108  13.319  -44.294 0.0000000000
82224  -28.279  12.625  -44.259 0.0000000000
78724  -20.863  7.545  -43.194 0.0000000000
78740  -21.143  8.216  -43.537 0.0000000000
78748  -21.977  8.679  -44.667 0.0000000000
78749  -22.558  8.896  -45.362 0.0000000000
79603  -23.475  9.463  -46.181 0.0000000000
78760  -23.800  8.739  -46.378 0.0000000000
120947  -24.730  8.510  -46.583 0.0000000000
137829  -29.228  7.656  -46.589 0.0000000000
77948  -30.004  7.439  -46.622 0.0000000000
77937  -30.342  7.908  -46.036 0.0000000000
78753  -30.588  8.329  -45.169 0.0000000000
69549  -31.614  -1.934  -45.071 0.0000000000
133272  -32.546  -2.411  -45.635 0.0000000000
120087  -33.767  -2.339  -45.966 0.0000000000
123552  -21.199  -6.580  -38.449 0.0000000000
141819  -21.948  -5.817  -39.157 0.0000000000
64504  -23.874  -6.630  -40.020 0.0000000000
70484  -22.216  -0.571  -42.027 0.0000000000
70485  -22.779  -0.696  -42.520 0.0000000000
69522  -23.470  -0.863  -42.959 0.0000000000
69521  -23.064  -1.115  -42.525 0.0000000000
68526  -23.489  -1.618  -42.493 0.0000000000
68518  -23.544  -2.431  -41.982 0.0000000000
68507  -22.353  -2.481  -41.300 0.0000000000
67531  -24.140  -2.761  -41.960 0.0000000000
66565  -24.476  -4.149  -41.250 0.0000000000
65577  -24.945  -4.897  -41.092 0.0000000000
128796  -24.173  14.427  -44.895 0.0000000000
84048  -24.860  14.603  -45.456 0.0000000000
84050  -26.629  14.622  -45.812 0.0000000000
82253  -25.936  12.600  -46.107 0.0000000000
82240  -26.528  12.815  -45.706 0.0000000000
141782  -26.998  12.281  -45.433 0.0000000000
81348  -27.247  11.560  -45.458 0.0000000000
81349  -27.906  11.273  -45.001 0.0000000000
75314  -22.565  4.786  -44.193 0.0000000000
75315  -23.395  3.947  -44.573 0.0000000000
76224  -22.659  5.693  -44.581 0.0000000000
122862  -23.356  5.957  -45.223 0.0000000000
77104  -24.941  6.728  -46.277 0.0000000000
77946  -25.733  7.335  -46.521 0.0000000000
77105  -25.858  6.260  -46.472 0.0000000000
122133  -26.909  6.415  -46.521 0.0000000000
122132  -27.859  6.589  -46.427 0.0000000000
76235  -28.530  5.832  -46.447 0.0000000000
139959  -29.276  6.350  -46.559 0.0000000000
142766  -31.046  6.127  -46.635 0.0000000000
77108  -31.523  6.402  -46.476 0.0000000000
77098  -32.416  6.350  -45.963 0.0000000000
76227  -32.582  5.504  -46.016 0.0000000000
75316  -32.941  5.027  -45.182 0.0000000000
74361  -32.200  3.760  -45.730 0.0000000000
66608  -32.120  -4.735  -45.003 0.0000000000
123813  -22.872  -8.911  -38.795 0.0000000000
73335  -23.404  2.306  -44.127 0.0000000000
73327  -23.337  1.601  -43.838 0.0000000000
72364  -23.936  1.491  -44.169 0.0000000000
73340  -24.500  1.813  -44.523 0.0000000000
140604  -25.500  2.039  -45.150 0.0000000000
73343  -26.710  1.842  -45.789 0.0000000000
72389  -28.179  1.684  -46.170 0.0000000000
72390  -28.914  1.740  -45.900 0.0000000000
72377  -29.070  1.195  -45.227 0.0000000000
71474  -29.284  0.357  -44.672 0.0000000000
70534  -30.137  -0.191  -44.611 0.0000000000
70524  -27.303  -0.230  -44.257 0.0000000000
71461  -28.891  -0.385  -44.277 0.0000000000
70527  -30.271  -1.026  -44.571 0.0000000000
69548  -30.700  -1.878  -44.746 0.0000000000
68555  -31.105  -2.945  -45.197 0.0000000000
68538  -24.611  -0.987  -43.367 0.0000000000
140844  -25.552  -1.708  -43.017 0.0000000000
68529  -26.161  -2.603  -42.505 0.0000000000
130221  -27.549  -2.410  -42.913 0.0000000000
129036  -28.241  -2.443  -43.280 0.0000000000
68542  -29.551  -3.434  -44.138 0.0000000000
67556  -30.841  -4.237  -44.947 0.0000000000
135681  -30.690  -5.246  -44.547 0.0000000000
66597  -30.773  -5.718  -44.268 0.0000000000
84990  -27.765  15.177  -45.041 0.0000000000
84039  -28.298  14.047  -44.173 0.0000000000
125427  -21.679  11.308  -44.561 0.0000000000
80484  -23.532  10.776  -45.857 0.0000000000
79604  -24.125  9.674  -46.532 0.0000000000
124033  -24.635  10.126  -46.576 0.0000000000
80495  -25.537  10.855  -46.480 0.0000000000
80486  -28.113  10.493  -45.299 0.0000000000
136904  -26.547  8.516  -46.634 0.0000000000
120794  -27.033  8.869  -46.606 0.0000000000
78763  -28.483  8.165  -46.455 0.0000000000
120427  -27.820  8.794  -46.393 0.0000000000
79609  -27.992  9.334  -46.052 0.0000000000
80487  -28.883  10.031  -45.052 0.0000000000
80473  -29.458  10.586  -44.435 0.0000000000
72391  -30.235  1.811  -45.110 0.0000000000
71484  -30.699  1.334  -44.848 0.0000000000
141382  -31.670  0.818  -44.516 0.0000000000
71476  -32.152  -0.420  -44.519 0.0000000000
71462  -32.261  0.533  -44.254 0.0000000000
67500  -20.040  -3.626  -39.219 0.0000000000
66542  -22.279  -4.803  -39.954 0.0000000000
66554  -22.795  -4.512  -40.410 0.0000000000
66556  -24.235  -4.853  -40.805 0.0000000000
65578  -25.652  -5.622  -41.337 0.0000000000
63448  -23.875  -7.681  -39.773 0.0000000000
64505  -24.670  -7.373  -40.370 0.0000000000
136670  -25.588  -7.976  -40.668 0.0000000000
142641  -25.460  -6.246  -41.118 0.0000000000
65579  -26.479  -6.336  -41.798 0.0000000000
142527  -26.949  -6.844  -42.131 0.0000000000
64517  -26.010  -6.752  -41.423 0.0000000000
67545  -28.164  -4.695  -43.450 0.0000000000
67557  -31.367  -4.920  -44.850 0.0000000000
67566  -32.359  -4.257  -45.557 0.0000000000
68530  -27.178  -2.948  -42.616 0.0000000000
69533  -28.271  -1.439  -43.529 0.0000000000
70496  -23.488  -0.242  -43.285 0.0000000000
70510  -26.736  -0.746  -43.888 0.0000000000
70526  -29.617  -0.651  -44.435 0.0000000000
71455  -24.165  0.888  -44.018 0.0000000000
71457  -25.386  0.718  -44.445 0.0000000000
71458  -25.894  0.971  -44.840 0.0000000000
71471  -26.580  1.176  -45.395 0.0000000000
72375  -27.428  1.405  -45.910 0.0000000000
72376  -28.247  1.173  -45.720 0.0000000000
73336  -23.980  2.133  -44.419 0.0000000000
74352  -24.366  2.559  -44.780 0.0000000000
74359  -24.163  3.475  -45.023 0.0000000000
75313  -21.810  5.092  -43.636 0.0000000000
75323  -24.726  4.063  -45.585 0.0000000000
75329  -24.578  4.856  -45.709 0.0000000000
75332  -26.910  4.719  -46.493 0.0000000000
76222  -32.879  5.854  -45.481 0.0000000000
76236  -29.558  5.624  -46.514 0.0000000000
77095  -22.707  6.500  -44.961 0.0000000000
77097  -24.142  6.295  -45.782 0.0000000000
77106  -28.700  6.800  -46.511 0.0000000000
77109  -32.119  5.861  -46.422 0.0000000000
77947  -27.209  8.210  -46.576 0.0000000000
78725  -21.290  7.516  -43.712 0.0000000000
78743  -30.758  8.918  -44.491 0.0000000000
78744  -31.372  8.260  -44.637 0.0000000000
78754  -31.186  7.681  -45.476 0.0000000000
78759  -23.135  9.040  -45.916 0.0000000000
79597  -29.502  9.274  -45.178 0.0000000000
79606  -25.690  9.599  -46.675 0.0000000000
80483  -22.908  10.600  -45.589 0.0000000000
80485  -27.533  10.857  -45.525 0.0000000000
80493  -24.105  10.416  -46.343 0.0000000000
80494  -24.772  10.817  -46.444 0.0000000000
80496  -25.999  10.193  -46.604 0.0000000000
80498  -28.237  9.840  -45.608 0.0000000000
81330  -21.250  11.977  -44.092 0.0000000000
81344  -22.375  11.231  -45.138 0.0000000000
81345  -23.482  11.446  -45.655 0.0000000000
83117  -25.533  13.312  -46.157 0.0000000000
120925  -27.953  7.880  -46.490 0.0000000000
121001  -27.319  7.381  -46.511 0.0000000000
121921  -30.659  0.310  -44.687 0.0000000000
122031  -29.913  6.318  -46.652 0.0000000000
124537  -30.513  6.613  -46.644 0.0000000000
125659  -30.098  4.975  -46.491 0.0000000000
126948  -22.143  0.156  -42.253 0.0000000000
129243  -24.280  -0.258  -43.632 0.0000000000
132876  -29.655  1.788  -45.435 0.0000000000
133035  -27.251  3.756  -46.532 0.0000000000
135145  -27.485  -5.698  -42.801 0.0000000000
143356  -26.686  0.225  -44.660 0.0000000000
144911  -22.935  12.295  -45.041 0.0000000000
