#!ascii label  , from subject sub-v1s14x0051562_ses-1 vox2ras=TkReg
705
22765  -33.138  -50.815  -38.066 0.5000000000
22774  -33.307  -50.505  -39.874 0.8000000119
130242  -31.623  -49.379  -40.568 0.8000000119
23737  -32.279  -49.680  -40.169 0.8000000119
23726  -32.192  -49.751  -39.277 0.8000000119
21804  -33.517  -51.439  -37.387 0.5000000000
126463  -33.342  -50.864  -38.941 0.5000000000
22764  -32.761  -50.261  -38.894 0.6000000238
24617  -30.012  -48.669  -39.885 0.6999999881
24618  -30.864  -49.064  -39.770 0.6999999881
23725  -31.584  -49.401  -38.684 0.8000000119
126334  -32.114  -49.771  -38.293 0.6999999881
21796  -33.945  -51.974  -36.732 0.6000000238
22756  -32.956  -50.809  -37.033 0.5000000000
24625  -28.896  -48.317  -41.039 0.6999999881
22755  -32.564  -50.226  -37.705 0.6000000238
22744  -32.457  -50.063  -36.584 0.6000000238
140719  -29.190  -48.264  -40.054 0.6999999881
122890  -29.772  -48.628  -40.847 0.6999999881
24605  -30.980  -49.053  -38.892 0.6999999881
23714  -32.059  -49.580  -37.287 0.6000000238
23705  -32.010  -49.284  -36.439 0.6000000238
130139  -31.115  -49.003  -38.212 0.8000000119
23713  -31.543  -49.247  -37.813 0.8000000119
24569  -31.613  -48.902  -36.986 0.6999999881
22740  -33.211  -51.335  -35.431 0.4000000060
22745  -32.829  -50.803  -36.065 0.6000000238
25473  -27.726  -47.574  -40.544 0.6999999881
25474  -28.448  -47.848  -40.323 0.6999999881
125916  -30.237  -48.665  -38.976 0.6999999881
24587  -30.588  -48.548  -38.235 0.6000000238
24588  -31.081  -48.507  -37.530 0.6999999881
25439  -31.066  -47.524  -37.132 0.5000000000
25452  -29.916  -47.974  -38.334 0.6000000238
25438  -30.514  -47.772  -37.713 0.6000000238
26311  -30.781  -46.755  -37.502 0.5000000000
22730  -33.037  -51.070  -34.382 0.4000000060
143598  -32.785  -50.769  -35.270 0.5000000000
26344  -27.513  -46.849  -40.127 0.6999999881
22739  -32.526  -50.178  -35.653 0.6000000238
23701  -32.290  -49.561  -35.241 0.6000000238
128607  -28.809  -47.616  -39.399 0.6999999881
128270  -31.715  -48.565  -36.249 0.6000000238
25451  -29.283  -47.167  -38.595 0.6999999881
24550  -31.565  -47.901  -36.163 0.5000000000
25427  -31.413  -47.303  -36.518 0.6000000238
132992  -30.080  -46.972  -38.014 0.6000000238
26312  -31.296  -46.552  -37.006 0.5000000000
26326  -30.495  -45.913  -37.949 0.5000000000
26334  -24.719  -46.444  -40.288 0.6000000238
27141  -25.499  -45.962  -40.278 0.6000000238
22720  -33.192  -50.900  -33.231 0.5000000000
22719  -32.679  -50.274  -33.815 0.5000000000
27142  -26.345  -45.965  -40.226 0.6999999881
26343  -26.722  -46.763  -40.328 0.6999999881
22729  -32.582  -50.249  -34.796 0.5000000000
23692  -32.362  -49.516  -34.393 0.5000000000
24531  -32.168  -48.713  -34.062 0.4000000060
121808  -32.036  -48.836  -34.925 0.5000000000
25463  -28.141  -47.067  -39.702 0.6999999881
124758  -28.597  -46.887  -38.991 0.6999999881
144119  -31.674  -47.486  -35.096 0.5000000000
26337  -28.939  -46.116  -38.693 0.6999999881
25418  -31.602  -47.321  -35.795 0.5000000000
26296  -31.556  -46.372  -36.211 0.5000000000
26325  -29.721  -46.038  -38.312 0.5000000000
27127  -30.944  -44.930  -38.136 0.5000000000
125008  -31.476  -45.641  -37.034 0.5000000000
26327  -31.087  -45.758  -37.524 0.5000000000
27921  -31.626  -44.377  -36.715 0.3000000119
24491  -32.609  -48.393  -32.344 0.3000000119
27132  -23.827  -45.421  -39.956 0.6000000238
27133  -24.844  -45.426  -40.225 0.6000000238
23672  -32.481  -49.434  -33.455 0.4000000060
24509  -32.328  -48.578  -33.163 0.4000000060
127010  -26.827  -45.233  -39.956 0.6000000238
25419  -31.831  -48.052  -34.613 0.5000000000
27143  -27.317  -45.938  -39.949 0.6999999881
27135  -27.957  -45.561  -39.282 0.6999999881
141649  -31.631  -46.709  -35.214 0.5000000000
27125  -29.480  -45.014  -38.589 0.5000000000
26282  -31.607  -45.766  -35.393 0.4000000060
127341  -31.588  -45.312  -36.344 0.3000000119
27120  -31.338  -44.881  -37.713 0.5000000000
27926  -31.555  -43.969  -37.816 0.4000000060
27939  -23.530  -44.946  -39.706 0.6000000238
27940  -24.448  -44.677  -39.874 0.6000000238
27941  -25.474  -44.565  -39.860 0.6000000238
28833  -25.974  -44.211  -39.066 0.6000000238
27942  -26.426  -44.622  -39.721 0.6000000238
144954  -31.751  -46.680  -33.882 0.3000000119
25407  -31.733  -47.163  -34.342 0.4000000060
125079  -27.609  -45.048  -39.413 0.6000000238
26269  -31.660  -46.179  -34.382 0.3000000119
26336  -28.254  -46.228  -39.108 0.6999999881
27087  -31.611  -45.312  -34.682 0.3000000119
133418  -28.439  -44.569  -38.974 0.6000000238
126947  -31.587  -43.935  -35.093 0.3000000119
27944  -29.215  -43.717  -38.951 0.5000000000
130634  -28.653  -45.218  -38.848 0.5000000000
125156  -31.649  -43.746  -36.103 0.3000000119
27094  -31.600  -44.721  -35.508 0.3000000119
27136  -30.280  -43.926  -38.766 0.5000000000
27934  -30.839  -44.150  -38.558 0.5000000000
131336  -30.653  -43.083  -38.926 0.5000000000
143190  -31.753  -43.020  -38.067 0.4000000060
136486  -31.676  -43.410  -37.346 0.3000000119
27932  -23.947  -44.249  -39.577 0.5000000000
28822  -24.627  -43.568  -39.066 0.6000000238
27933  -25.091  -44.058  -39.397 0.5000000000
138369  -27.207  -44.701  -39.509 0.6000000238
28834  -26.879  -44.173  -39.112 0.5000000000
28789  -31.591  -43.609  -34.336 0.3000000119
27943  -28.097  -44.087  -39.116 0.6000000238
28803  -31.591  -43.036  -35.308 0.3000000119
128706  -29.329  -44.217  -38.834 0.5000000000
136960  -30.915  -42.619  -39.045 0.5000000000
133826  -31.501  -42.950  -38.593 0.4000000060
28828  -31.753  -42.107  -38.956 0.4000000060
29712  -24.146  -42.896  -38.796 0.5000000000
29713  -25.437  -43.054  -38.380 0.5000000000
28823  -25.522  -43.710  -38.839 0.5000000000
28824  -26.309  -43.610  -38.669 0.5000000000
29669  -31.574  -42.443  -33.644 0.3000000119
131813  -31.568  -42.898  -34.271 0.3000000119
28835  -29.162  -43.332  -38.986 0.5000000000
28836  -30.113  -43.050  -39.023 0.5000000000
136681  -31.954  -42.371  -37.972 0.4000000060
29718  -32.336  -41.676  -39.380 0.4000000060
29704  -24.825  -42.345  -37.925 0.5000000000
29705  -25.980  -42.364  -37.701 0.5000000000
29660  -31.702  -42.671  -32.939 0.4000000060
126937  -31.597  -41.337  -33.015 0.4000000060
29714  -26.679  -42.950  -38.219 0.5000000000
29715  -27.774  -42.788  -38.482 0.5000000000
30607  -31.544  -41.675  -33.744 0.4000000060
29681  -31.573  -42.134  -34.699 0.3000000119
30618  -31.618  -41.458  -35.453 0.3000000119
28826  -28.345  -43.324  -38.897 0.5000000000
29716  -28.995  -42.684  -38.809 0.4000000060
29723  -29.869  -42.808  -39.062 0.4000000060
30638  -24.319  -41.636  -37.637 0.5000000000
30639  -25.410  -41.703  -37.301 0.5000000000
30594  -32.082  -41.543  -32.251 0.4000000060
30640  -26.479  -41.759  -37.156 0.4000000060
32447  -31.598  -39.892  -33.262 0.4000000060
31531  -31.562  -40.780  -33.822 0.4000000060
30641  -27.568  -41.641  -37.174 0.4000000060
29707  -28.234  -42.065  -38.084 0.4000000060
139636  -31.555  -41.342  -34.571 0.4000000060
29717  -30.129  -42.282  -39.044 0.4000000060
29724  -30.827  -42.439  -39.180 0.4000000060
30656  -31.205  -41.908  -39.277 0.4000000060
126912  -32.473  -41.243  -39.141 0.4000000060
30644  -32.533  -41.199  -39.091 0.4000000060
30630  -24.961  -41.101  -36.971 0.4000000060
134779  -32.015  -39.857  -32.237 0.4000000060
31517  -31.768  -40.676  -32.651 0.4000000060
30631  -25.944  -41.092  -36.718 0.5000000000
30632  -26.920  -41.258  -36.707 0.4000000060
133499  -31.547  -39.898  -34.489 0.4000000060
30648  -29.372  -41.800  -38.501 0.4000000060
30633  -32.374  -41.031  -38.411 0.3000000119
30657  -32.207  -41.626  -39.366 0.4000000060
31549  -24.848  -40.446  -36.749 0.4000000060
31550  -25.784  -40.222  -36.504 0.5000000000
135375  -26.604  -39.893  -36.393 0.4000000060
134129  -31.761  -39.077  -32.802 0.4000000060
134072  -27.479  -40.100  -36.421 0.4000000060
135959  -27.726  -40.935  -36.643 0.4000000060
30642  -28.734  -41.176  -37.380 0.4000000060
129939  -29.559  -40.339  -37.517 0.4000000060
30649  -30.437  -41.646  -38.919 0.4000000060
31560  -32.312  -40.513  -38.526 0.4000000060
31564  -32.359  -40.743  -38.623 0.4000000060
32480  -26.030  -39.312  -36.428 0.4000000060
32481  -27.014  -39.266  -36.410 0.4000000060
138952  -28.509  -40.327  -36.750 0.4000000060
31559  -30.829  -40.279  -38.447 0.4000000060
32488  -30.344  -39.559  -37.874 0.4000000060
31563  -32.034  -40.554  -38.683 0.4000000060
33462  -26.439  -38.491  -36.530 0.4000000060
33463  -27.477  -38.497  -36.617 0.4000000060
32482  -28.091  -39.413  -36.535 0.4000000060
33474  -28.582  -38.610  -36.927 0.4000000060
32487  -29.139  -39.558  -37.075 0.4000000060
128721  -29.743  -38.703  -37.571 0.4000000060
32490  -32.130  -39.963  -38.250 0.3000000119
32489  -31.584  -39.669  -38.354 0.4000000060
32494  -32.094  -39.940  -38.289 0.4000000060
34439  -25.887  -37.791  -36.636 0.4000000060
34440  -26.853  -37.731  -36.742 0.4000000060
34451  -26.316  -37.106  -36.732 0.4000000060
33473  -27.911  -37.745  -36.968 0.4000000060
33464  -31.996  -38.861  -37.623 0.4000000060
33477  -32.093  -39.230  -38.086 0.3000000119
33475  -31.058  -38.684  -38.303 0.4000000060
33476  -31.842  -39.129  -38.243 0.5000000000
33487  -32.007  -39.072  -38.129 0.4000000060
35406  -26.757  -36.385  -36.882 0.4000000060
34452  -27.303  -37.046  -36.966 0.4000000060
35407  -27.769  -36.333  -37.247 0.4000000060
34454  -30.236  -37.860  -38.016 0.4000000060
33486  -31.723  -38.370  -38.232 0.5000000000
36458  -26.153  -35.624  -36.806 0.4000000060
133024  -27.234  -35.646  -37.117 0.4000000060
33485  -30.961  -37.927  -38.385 0.4000000060
137453  -31.700  -37.683  -38.269 0.5000000000
133110  -25.963  -34.651  -36.743 0.4000000060
133109  -26.896  -34.879  -36.949 0.4000000060
37492  -27.562  -34.260  -37.172 0.4000000060
34461  -31.494  -37.108  -38.453 0.5000000000
39338  -26.542  -32.765  -36.643 0.4000000060
37491  -26.636  -34.063  -36.774 0.4000000060
38430  -27.238  -33.358  -36.840 0.4000000060
38429  -26.209  -33.323  -36.669 0.4000000060
28837  -31.114  -42.456  -39.089 0.5000000000
28818  -31.933  -42.107  -38.904 0.4000000060
21814  -33.710  -51.397  -38.382 0.5000000000
23747  -32.360  -49.776  -40.927 0.8000000119
23746  -31.226  -49.276  -41.312 0.8000000119
24630  -30.343  -48.936  -41.482 0.6999999881
127981  -34.397  -52.291  -36.119 0.5000000000
24629  -29.397  -48.676  -41.687 0.6999999881
20813  -34.513  -52.392  -35.144 0.5000000000
24624  -28.031  -48.111  -41.239 0.6999999881
20792  -33.721  -51.817  -34.708 0.4000000060
21789  -33.818  -51.921  -35.754 0.4000000060
21780  -33.690  -51.638  -33.641 0.4000000060
134134  -24.091  -46.051  -40.145 0.6000000238
23651  -32.694  -49.260  -32.558 0.4000000060
27131  -23.104  -45.573  -39.378 0.6000000238
27931  -22.765  -44.802  -39.314 0.5000000000
140425  -23.179  -43.661  -39.436 0.5000000000
29703  -23.632  -42.225  -38.463 0.5000000000
134556  -24.121  -40.110  -36.838 0.4000000060
32479  -24.934  -39.537  -36.587 0.4000000060
34438  -24.966  -37.905  -36.653 0.4000000060
34450  -25.395  -37.230  -36.666 0.4000000060
35405  -25.782  -36.530  -36.715 0.4000000060
39337  -25.670  -32.551  -36.641 0.4000000060
23738  -32.841  -50.096  -40.545 0.8000000119
23736  -31.621  -49.386  -39.590 0.8000000119
21795  -33.348  -51.419  -36.399 0.5000000000
24626  -30.666  -49.018  -40.674 0.6999999881
25464  -29.468  -48.173  -39.106 0.6999999881
144732  -32.252  -49.611  -35.923 0.6000000238
131634  -31.984  -49.006  -35.710 0.6000000238
24568  -31.369  -48.144  -36.742 0.6000000238
24551  -31.725  -48.173  -35.504 0.5000000000
27134  -25.915  -45.244  -40.176 0.6000000238
22694  -32.862  -50.109  -32.840 0.5000000000
25408  -32.009  -47.894  -33.755 0.3000000119
131871  -31.231  -44.003  -38.376 0.5000000000
28827  -31.118  -43.178  -38.795 0.5000000000
29725  -31.497  -42.103  -39.107 0.4000000060
132831  -32.361  -41.632  -39.095 0.4000000060
30650  -31.481  -41.174  -39.038 0.4000000060
30643  -30.020  -41.009  -38.296 0.4000000060
33461  -25.437  -38.569  -36.544 0.4000000060
15294  -33.368  -58.344  -39.139 0.4000000060
16170  -33.745  -57.390  -38.691 0.4000000060
16207  -34.401  -57.130  -40.340 0.4000000060
18013  -35.280  -55.864  -40.066 0.4000000060
16223  -34.483  -57.655  -41.528 0.4000000060
121601  -34.708  -56.883  -41.245 0.4000000060
139235  -35.317  -55.899  -40.902 0.4000000060
17118  -35.049  -56.268  -41.603 0.4000000060
18975  -36.119  -54.884  -42.718 0.5000000000
120814  -34.681  -58.052  -42.687 0.4000000060
17132  -34.812  -57.070  -42.513 0.4000000060
17119  -35.236  -56.128  -42.892 0.5000000000
18054  -35.611  -55.386  -43.321 0.5000000000
19001  -35.972  -54.046  -43.747 0.6000000238
15356  -34.775  -59.029  -43.609 0.4000000060
16238  -34.991  -57.969  -43.876 0.4000000060
17144  -34.881  -56.826  -44.548 0.4000000060
20793  -34.326  -52.269  -34.025 0.4000000060
21741  -34.108  -50.884  -31.961 0.3000000119
18988  -36.539  -54.097  -43.189 0.5000000000
20836  -35.760  -52.579  -37.489 0.5000000000
123173  -35.065  -52.638  -36.009 0.4000000060
128846  -32.566  -57.274  -44.395 0.4000000060
18068  -35.264  -55.613  -44.238 0.5000000000
19000  -35.396  -54.840  -44.148 0.5000000000
16263  -34.084  -58.061  -44.974 0.4000000060
16250  -34.905  -57.856  -44.751 0.4000000060
19913  -36.603  -53.178  -43.316 0.6000000238
20899  -36.928  -52.308  -43.028 0.6000000238
21866  -36.558  -51.741  -42.455 0.6999999881
20824  -34.775  -52.407  -36.968 0.5000000000
21867  -37.363  -51.832  -42.492 0.6999999881
21842  -37.334  -51.440  -40.864 0.6999999881
20844  -35.921  -52.299  -38.594 0.6999999881
21854  -36.954  -51.479  -42.010 0.6999999881
122777  -36.516  -51.647  -40.322 0.6999999881
18078  -34.902  -55.552  -44.386 0.5000000000
140956  -35.443  -54.084  -44.015 0.6000000238
133254  -35.664  -52.649  -43.389 0.6000000238
18076  -32.924  -56.814  -44.421 0.4000000060
18077  -33.381  -56.193  -44.415 0.5000000000
19911  -34.742  -53.947  -43.945 0.6000000238
137483  -36.303  -52.658  -43.331 0.6000000238
21865  -35.641  -51.566  -42.379 0.6000000238
21853  -36.001  -51.362  -41.963 0.6000000238
23652  -33.185  -49.813  -32.054 0.3000000119
21841  -36.464  -51.377  -41.340 0.6999999881
20835  -34.945  -52.269  -38.090 0.6000000238
21805  -34.155  -51.961  -37.721 0.5000000000
18067  -31.920  -55.830  -43.790 0.6000000238
18998  -32.001  -54.915  -43.579 0.6000000238
18999  -32.962  -54.421  -43.660 0.6999999881
19910  -33.852  -53.755  -43.551 0.6000000238
20905  -34.735  -52.909  -43.342 0.6000000238
142437  -32.585  -56.215  -44.187 0.5000000000
19003  -33.890  -54.718  -44.011 0.6000000238
21840  -35.304  -51.240  -41.469 0.6000000238
21828  -34.707  -51.564  -39.807 0.6999999881
125526  -35.556  -51.502  -40.618 0.6999999881
21815  -34.372  -51.801  -38.733 0.6000000238
19908  -31.048  -53.569  -43.214 0.6000000238
19909  -32.080  -53.994  -43.285 0.6999999881
20903  -32.326  -52.868  -43.066 0.6999999881
139075  -32.979  -53.578  -43.315 0.6999999881
21869  -34.309  -51.979  -42.792 0.6000000238
22786  -34.224  -50.821  -41.424 0.6999999881
127959  -34.743  -51.201  -40.800 0.6999999881
21827  -33.878  -51.232  -39.377 0.6000000238
131199  -31.820  -50.403  -42.733 0.6999999881
23756  -32.335  -49.991  -41.561 0.6999999881
120620  -32.200  -51.724  -42.900 0.6999999881
22800  -32.651  -50.512  -42.413 0.6000000238
22795  -32.984  -50.402  -41.948 0.5000000000
20897  -33.271  -51.886  -42.802 0.6999999881
21863  -33.867  -51.221  -42.471 0.6000000238
126673  -33.472  -50.500  -41.590 0.6999999881
21864  -34.727  -51.401  -42.388 0.6000000238
22775  -34.052  -50.921  -40.397 0.6999999881
23755  -31.658  -49.655  -41.785 0.6999999881
141958  -31.900  -49.574  -41.243 0.6999999881
22785  -33.472  -50.447  -40.920 0.6000000238
23748  -32.906  -50.212  -41.292 0.6999999881
20825  -35.526  -52.663  -36.654 0.5000000000
138262  -33.900  -57.747  -39.677 0.4000000060
18042  -35.612  -55.536  -41.903 0.4000000060
15363  -34.833  -58.731  -44.732 0.4000000060
17143  -35.046  -56.954  -43.941 0.4000000060
17158  -34.451  -56.994  -44.744 0.4000000060
126335  -34.162  -57.517  -44.883 0.4000000060
20857  -36.633  -52.026  -39.383 0.6999999881
20856  -35.721  -51.881  -39.635 0.6999999881
144618  -35.368  -53.364  -43.713 0.6000000238
21870  -35.261  -52.021  -42.873 0.6000000238
19002  -32.935  -55.451  -44.044 0.6999999881
20904  -33.616  -52.833  -43.058 0.6000000238
125460  -32.226  -50.880  -42.771 0.6999999881
22796  -33.838  -50.699  -41.975 0.6000000238
22794  -32.134  -50.170  -42.143 0.6000000238
20896  -31.087  -52.492  -43.249 0.5000000000
18066  -31.199  -55.948  -43.661 0.4000000060
18996  -30.299  -54.320  -43.266 0.5000000000
21861  -31.192  -51.326  -43.188 0.6000000238
18053  -30.829  -55.902  -43.432 0.4000000060
18052  -30.057  -55.465  -42.974 0.5000000000
18987  -30.501  -55.216  -43.273 0.5000000000
19902  -30.021  -53.313  -43.347 0.5000000000
20895  -29.900  -52.283  -43.432 0.5000000000
21859  -28.757  -51.447  -43.121 0.5000000000
122242  -30.930  -50.538  -43.101 0.5000000000
21860  -29.837  -51.227  -43.339 0.5000000000
23757  -30.163  -49.720  -42.664 0.6999999881
22797  -29.364  -50.566  -43.075 0.6000000238
23753  -29.840  -49.139  -42.163 0.6000000238
18040  -30.437  -55.480  -41.841 0.5000000000
18974  -29.684  -54.798  -41.758 0.5000000000
19892  -28.709  -53.205  -42.215 0.5000000000
20894  -28.655  -52.351  -43.053 0.5000000000
19900  -28.987  -53.279  -43.147 0.5000000000
23754  -30.825  -49.287  -42.007 0.6000000238
21858  -28.186  -51.038  -42.795 0.6000000238
22793  -29.103  -49.921  -42.652 0.5000000000
24628  -28.378  -48.625  -41.853 0.6000000238
19879  -28.903  -53.564  -41.197 0.5000000000
20873  -28.849  -52.935  -40.616 0.5000000000
20888  -28.507  -52.756  -41.703 0.5000000000
21852  -28.213  -52.044  -42.323 0.5000000000
22792  -28.115  -50.162  -42.401 0.5000000000
18963  -30.758  -54.959  -40.680 0.5000000000
19880  -29.762  -54.247  -40.744 0.5000000000
20855  -29.115  -52.962  -39.648 0.5000000000
21826  -28.336  -51.674  -39.720 0.5000000000
21825  -27.838  -50.978  -39.268 0.6000000238
20854  -28.646  -52.338  -40.161 0.4000000060
22772  -27.137  -50.302  -39.475 0.4000000060
21838  -27.853  -51.093  -40.446 0.5000000000
22783  -27.238  -50.588  -41.304 0.5000000000
20872  -28.407  -52.297  -41.164 0.4000000060
23735  -26.352  -49.736  -39.651 0.4000000060
23743  -25.562  -49.272  -40.368 0.5000000000
23734  -25.656  -49.234  -39.203 0.4000000060
23745  -26.719  -49.986  -41.947 0.6000000238
23751  -27.567  -49.413  -42.209 0.6000000238
24627  -27.475  -48.630  -41.844 0.6000000238
132323  -26.993  -47.473  -40.611 0.6000000238
125150  -27.384  -50.618  -40.221 0.5000000000
24616  -25.016  -48.785  -39.905 0.5000000000
24621  -25.282  -48.639  -40.742 0.5000000000
142861  -25.976  -49.676  -40.814 0.5000000000
24615  -24.504  -48.231  -39.435 0.4000000060
25461  -24.016  -47.691  -39.966 0.5000000000
24622  -26.019  -48.357  -41.214 0.6000000238
138842  -26.257  -49.615  -41.453 0.6000000238
135384  -26.526  -47.886  -41.042 0.6000000238
25470  -24.615  -47.372  -40.266 0.5000000000
27124  -22.674  -45.635  -38.779 0.3000000119
139665  -22.970  -46.176  -39.070 0.4000000060
26324  -23.364  -46.872  -39.093 0.4000000060
131713  -23.862  -46.887  -40.052 0.5000000000
25471  -25.375  -47.890  -40.573 0.5000000000
25472  -26.189  -47.570  -40.647 0.6000000238
31558  -23.854  -40.842  -37.310 0.3000000119
128448  -23.023  -41.589  -38.118 0.3000000119
137621  -22.379  -43.278  -39.152 0.4000000060
32478  -23.793  -39.456  -36.798 0.3000000119
33460  -24.449  -38.672  -36.647 0.3000000119
129889  -24.888  -36.728  -36.683 0.3000000119
130374  -25.151  -36.007  -36.720 0.3000000119
36457  -25.193  -35.169  -36.707 0.3000000119
37489  -24.966  -34.221  -36.748 0.3000000119
37490  -25.825  -33.912  -36.692 0.3000000119
26323  -23.484  -46.158  -39.622 0.5000000000
22799  -31.215  -49.860  -42.550 0.5000000000
19901  -29.504  -54.031  -43.022 0.5000000000
22784  -27.675  -51.114  -41.775 0.5000000000
23750  -26.540  -49.043  -41.874 0.6000000238
20826  -36.160  -52.767  -36.820 0.3000000119
21829  -37.307  -51.793  -39.955 0.6000000238
21744  -36.476  -51.645  -32.467 0.3000000119
20773  -36.594  -52.699  -33.168 0.3000000119
19770  -35.530  -52.795  -33.831 0.3000000119
20772  -34.988  -52.494  -33.528 0.3000000119
19786  -36.621  -53.190  -34.417 0.3000000119
20814  -35.423  -52.821  -35.169 0.3000000119
122018  -37.325  -52.136  -39.205 0.6000000238
131444  -36.490  -52.575  -37.992 0.5000000000
21745  -37.391  -51.550  -32.532 0.3000000119
21743  -35.547  -51.642  -32.420 0.3000000119
20760  -35.175  -52.195  -32.857 0.3000000119
20771  -34.368  -52.024  -33.124 0.3000000119
19805  -36.252  -53.095  -35.164 0.3000000119
19822  -35.992  -52.900  -36.035 0.3000000119
19840  -36.641  -52.753  -37.349 0.4000000060
17142  -31.982  -56.586  -44.070 0.4000000060
23655  -37.381  -50.168  -32.543 0.3000000119
22697  -36.798  -50.839  -32.347 0.3000000119
123367  -35.972  -51.098  -32.202 0.3000000119
131221  -37.234  -55.467  -39.822 0.5000000000
18030  -37.660  -55.284  -40.545 0.5000000000
16191  -34.236  -56.874  -39.193 0.4000000060
17995  -35.220  -55.844  -39.176 0.4000000060
18014  -35.815  -55.557  -39.726 0.4000000060
18016  -37.336  -55.890  -39.211 0.5000000000
18990  -38.770  -53.793  -42.853 0.5000000000
18978  -38.433  -54.444  -42.335 0.5000000000
18029  -36.556  -55.271  -40.421 0.5000000000
18964  -37.128  -54.861  -41.399 0.5000000000
18028  -35.783  -55.512  -40.704 0.4000000060
21844  -39.247  -51.532  -41.474 0.6000000238
20901  -38.661  -52.008  -42.460 0.6000000238
19904  -37.979  -53.153  -43.039 0.5000000000
18989  -37.846  -53.880  -42.740 0.5000000000
18043  -36.288  -55.118  -41.571 0.4000000060
18977  -37.589  -54.434  -42.180 0.5000000000
20859  -38.726  -51.863  -39.999 0.6000000238
21856  -38.572  -51.515  -42.018 0.6000000238
20900  -37.861  -52.339  -42.848 0.6000000238
120810  -37.165  -54.054  -42.702 0.4000000060
20846  -37.815  -52.453  -38.608 0.6000000238
19806  -37.070  -53.287  -35.187 0.3000000119
19841  -37.332  -52.897  -37.292 0.4000000060
21843  -38.183  -51.418  -41.338 0.6000000238
19914  -37.336  -52.800  -43.105 0.4000000060
19787  -37.501  -53.306  -34.450 0.3000000119
143520  -36.727  -53.161  -35.805 0.3000000119
120405  -37.200  -52.668  -37.925 0.5000000000
21855  -37.752  -51.512  -42.005 0.6000000238
20874  -38.062  -51.607  -40.410 0.6000000238
20875  -38.781  -51.513  -40.786 0.6000000238
136766  -37.478  -53.284  -35.980 0.3000000119
121488  -39.404  -51.830  -40.590 0.5000000000
20848  -39.386  -52.304  -39.701 0.5000000000
20847  -38.654  -52.362  -39.124 0.5000000000
19854  -39.439  -52.704  -38.787 0.4000000060
19853  -38.696  -52.702  -38.220 0.5000000000
19866  -40.509  -52.924  -40.012 0.5000000000
20891  -40.395  -52.585  -41.443 0.5000000000
19855  -40.315  -53.031  -38.524 0.4000000060
19843  -39.551  -52.935  -37.869 0.4000000060
19842  -38.772  -52.962  -37.358 0.4000000060
20837  -37.970  -52.823  -37.711 0.5000000000
19906  -39.507  -53.260  -42.660 0.5000000000
19907  -40.163  -52.771  -42.187 0.5000000000
129020  -37.943  -53.105  -36.824 0.4000000060
11015  -35.028  -63.984  -37.136 0.3000000119
10092  -35.380  -64.684  -38.316 0.3000000119
127496  -35.321  -62.676  -36.584 0.3000000119
12743  -35.516  -61.268  -37.262 0.3000000119
13542  -36.702  -60.827  -37.824 0.4000000060
12725  -35.396  -61.955  -36.779 0.3000000119
13540  -35.543  -60.773  -37.703 0.3000000119
132371  -37.592  -60.454  -38.245 0.4000000060
13558  -36.710  -60.755  -38.977 0.4000000060
13541  -35.989  -61.016  -38.293 0.3000000119
13556  -35.838  -60.441  -38.469 0.3000000119
14429  -38.554  -60.144  -38.611 0.4000000060
14447  -39.399  -59.897  -40.203 0.4000000060
13576  -36.831  -60.524  -40.001 0.4000000060
13557  -36.318  -60.485  -39.122 0.4000000060
14416  -35.786  -59.662  -38.256 0.4000000060
14428  -35.955  -60.129  -39.071 0.4000000060
15313  -41.289  -57.963  -39.137 0.3000000119
14448  -40.006  -59.311  -40.544 0.4000000060
138059  -39.327  -59.779  -41.117 0.4000000060
15344  -37.991  -59.296  -41.822 0.4000000060
137903  -37.061  -59.443  -40.702 0.4000000060
127816  -36.222  -59.533  -39.079 0.4000000060
17094  -42.450  -56.475  -39.427 0.3000000119
15331  -40.469  -58.551  -40.955 0.4000000060
127438  -40.316  -57.880  -42.016 0.4000000060
15347  -40.036  -58.601  -41.834 0.4000000060
141862  -39.094  -58.827  -41.898 0.4000000060
16240  -39.569  -57.532  -41.920 0.4000000060
15345  -38.427  -58.677  -41.689 0.4000000060
15330  -38.526  -57.728  -41.036 0.4000000060
15311  -37.309  -58.575  -40.008 0.4000000060
15295  -36.943  -58.375  -38.843 0.4000000060
17108  -41.752  -55.900  -41.355 0.4000000060
16226  -41.304  -56.849  -41.539 0.4000000060
17121  -39.504  -56.549  -41.645 0.4000000060
17120  -39.005  -56.588  -41.028 0.4000000060
16173  -37.575  -57.478  -39.137 0.4000000060
16208  -38.030  -57.608  -40.082 0.4000000060
16154  -36.679  -57.458  -37.855 0.4000000060
17123  -41.123  -56.173  -42.062 0.4000000060
17122  -40.399  -56.362  -42.267 0.4000000060
18046  -39.506  -55.504  -42.013 0.4000000060
18045  -39.098  -55.621  -41.353 0.4000000060
17077  -37.307  -56.581  -38.725 0.4000000060
18017  -37.973  -55.830  -39.860 0.4000000060
18056  -40.679  -55.422  -42.267 0.4000000060
142313  -39.655  -54.937  -42.366 0.4000000060
18979  -39.157  -54.627  -42.376 0.4000000060
120575  -40.964  -53.344  -40.167 0.4000000060
18057  -40.804  -54.452  -42.064 0.4000000060
18991  -40.185  -53.780  -42.294 0.4000000060
135570  -40.483  -53.126  -37.582 0.3000000119
128696  -39.637  -53.047  -36.893 0.3000000119
140186  -38.949  -54.965  -41.895 0.4000000060
19894  -40.779  -53.470  -41.671 0.4000000060
19824  -38.783  -53.118  -36.648 0.3000000119
121103  -39.550  -54.187  -42.515 0.4000000060
13559  -37.578  -60.561  -39.412 0.4000000060
13577  -37.646  -60.473  -40.310 0.4000000060
13588  -37.773  -60.063  -41.337 0.4000000060
14445  -36.851  -60.024  -40.526 0.4000000060
16193  -41.601  -57.308  -39.736 0.4000000060
15312  -40.623  -58.591  -39.747 0.4000000060
14474  -39.280  -58.994  -41.907 0.4000000060
145038  -42.467  -56.062  -40.091 0.3000000119
17093  -41.874  -56.546  -40.506 0.4000000060
139801  -40.818  -57.534  -41.706 0.4000000060
16241  -40.089  -57.325  -42.173 0.4000000060
18032  -41.933  -54.946  -41.068 0.4000000060
18055  -40.018  -55.590  -42.372 0.4000000060
16192  -38.467  -56.591  -40.242 0.4000000060
19895  -41.219  -53.777  -40.971 0.4000000060
124423  -40.371  -59.272  -37.205 0.3000000119
13528  -37.999  -60.378  -36.044 0.3000000119
13508  -37.698  -61.097  -35.754 0.3000000119
14417  -38.549  -59.901  -37.418 0.3000000119
14418  -39.487  -59.573  -37.821 0.3000000119
13543  -37.715  -60.303  -37.031 0.3000000119
14419  -40.436  -59.150  -38.184 0.3000000119
14430  -39.479  -59.734  -39.000 0.3000000119
14431  -40.182  -59.225  -39.386 0.3000000119
18033  -42.484  -54.697  -40.227 0.3000000119
18966  -42.185  -54.060  -39.994 0.3000000119
19882  -41.443  -53.758  -40.349 0.3000000119
122577  -41.007  -53.281  -39.307 0.3000000119
16174  -41.598  -57.979  -38.227 0.3000000119
18980  -41.343  -54.298  -41.394 0.3000000119
11000  -35.203  -63.374  -36.738 0.3000000119
13525  -34.932  -61.279  -37.092 0.3000000119
13526  -36.292  -61.243  -37.111 0.4000000060
13527  -37.162  -60.856  -36.585 0.3000000119
13587  -37.308  -60.296  -40.897 0.4000000060
13604  -38.047  -59.736  -41.810 0.4000000060
14402  -38.578  -59.886  -36.443 0.3000000119
14415  -35.385  -60.132  -37.734 0.4000000060
14444  -36.465  -60.091  -39.665 0.4000000060
14446  -38.522  -60.318  -39.805 0.4000000060
14460  -37.544  -59.723  -41.219 0.4000000060
14461  -38.334  -60.183  -41.049 0.4000000060
14462  -39.698  -59.231  -41.501 0.4000000060
14473  -38.552  -59.138  -41.905 0.4000000060
15296  -40.905  -58.567  -38.698 0.3000000119
15310  -36.671  -59.481  -39.945 0.4000000060
15329  -37.802  -58.796  -41.090 0.4000000060
15332  -40.995  -57.988  -40.040 0.4000000060
15346  -39.647  -58.322  -41.933 0.4000000060
15364  -34.808  -58.298  -44.974 0.4000000060
15370  -34.646  -58.546  -44.839 0.4000000060
16172  -37.154  -57.259  -38.418 0.4000000060
16209  -40.551  -58.076  -41.598 0.4000000060
16210  -41.122  -57.589  -40.895 0.4000000060
16224  -39.068  -57.686  -41.530 0.4000000060
16225  -40.687  -57.060  -42.076 0.4000000060
16239  -39.041  -58.458  -41.835 0.4000000060
16264  -34.656  -57.826  -44.892 0.4000000060
17091  -34.753  -56.332  -39.644 0.4000000060
17092  -37.883  -56.598  -39.438 0.4000000060
17107  -34.898  -56.367  -40.581 0.4000000060
17109  -42.329  -55.600  -40.558 0.3000000119
17133  -39.867  -56.502  -42.173 0.4000000060
17157  -33.811  -56.918  -44.721 0.4000000060
18015  -36.499  -55.516  -39.421 0.5000000000
18031  -38.516  -55.733  -40.655 0.4000000060
18044  -38.239  -55.014  -41.470 0.5000000000
18949  -30.680  -54.467  -39.909 0.5000000000
18965  -41.800  -54.230  -40.659 0.3000000119
18976  -36.762  -54.546  -42.316 0.4000000060
18986  -29.840  -54.740  -43.029 0.5000000000
18997  -31.079  -55.224  -43.348 0.6000000238
19004  -34.710  -54.980  -44.294 0.5000000000
19771  -36.193  -52.986  -33.752 0.3000000119
19772  -37.065  -53.082  -33.702 0.3000000119
19785  -35.814  -52.984  -34.414 0.3000000119
19823  -36.891  -53.026  -36.603 0.3000000119
19863  -29.387  -53.595  -40.148 0.5000000000
19865  -40.105  -52.784  -39.439 0.5000000000
19881  -40.828  -53.255  -40.875 0.4000000060
19893  -28.994  -54.077  -42.131 0.5000000000
19903  -37.257  -53.474  -43.057 0.4000000060
19905  -38.740  -52.779  -42.906 0.6000000238
19912  -35.956  -53.327  -43.636 0.6000000238
20761  -36.084  -52.262  -32.752 0.3000000119
20762  -36.990  -52.237  -32.752 0.3000000119
20794  -35.061  -52.684  -34.322 0.3000000119
20845  -36.911  -52.368  -38.611 0.6000000238
20858  -37.967  -52.019  -39.529 0.6000000238
20860  -39.993  -52.397  -40.305 0.5000000000
20861  -40.470  -52.704  -40.708 0.5000000000
20876  -40.013  -52.001  -41.135 0.5000000000
20889  -39.237  -51.700  -42.098 0.6000000238
20890  -39.888  -51.950  -41.875 0.5000000000
20898  -36.113  -52.073  -42.951 0.6000000238
20902  -39.439  -52.308  -42.441 0.5000000000
21816  -35.077  -52.084  -39.005 0.6999999881
21839  -28.209  -51.714  -40.782 0.4000000060
21862  -32.998  -51.008  -42.614 0.6000000238
21868  -38.032  -51.806  -42.368 0.6000000238
22695  -33.442  -50.599  -32.337 0.3000000119
22696  -35.896  -50.409  -32.114 0.3000000119
22773  -32.701  -50.010  -39.803 0.8000000119
22791  -27.360  -50.331  -42.157 0.5000000000
22798  -30.325  -50.294  -43.071 0.6999999881
22801  -33.441  -50.712  -42.261 0.6000000238
22802  -34.147  -50.952  -42.179 0.6000000238
23744  -26.654  -50.148  -40.764 0.5000000000
23752  -28.762  -49.213  -42.280 0.5000000000
24623  -27.027  -48.125  -41.309 0.6000000238
25462  -24.721  -48.136  -40.251 0.5000000000
26335  -27.795  -46.354  -39.614 0.6999999881
26342  -25.620  -46.866  -40.379 0.6999999881
27110  -31.548  -44.878  -37.157 0.3000000119
27126  -30.292  -44.937  -38.343 0.5000000000
27945  -29.943  -43.510  -38.885 0.5000000000
28825  -27.349  -43.504  -38.769 0.5000000000
29706  -27.133  -42.297  -37.755 0.4000000060
29711  -23.007  -42.845  -39.176 0.4000000060
29726  -32.173  -41.703  -39.274 0.4000000060
30593  -31.633  -42.019  -32.930 0.4000000060
30651  -32.469  -41.556  -39.318 0.4000000060
31551  -26.753  -40.619  -36.497 0.4000000060
32483  -32.192  -39.720  -37.879 0.4000000060
122625  -35.850  -54.735  -43.740 0.6000000238
124791  -41.347  -55.189  -41.809 0.3000000119
125424  -25.754  -49.156  -41.290 0.5000000000
126399  -33.462  -57.471  -44.711 0.4000000060
126459  -34.285  -56.096  -44.505 0.4000000060
126865  -33.860  -55.512  -44.313 0.6000000238
126963  -38.835  -59.565  -41.707 0.4000000060
128589  -35.734  -52.621  -33.273 0.3000000119
129508  -28.059  -51.744  -41.752 0.5000000000
136869  -29.443  -54.567  -42.525 0.5000000000
137519  -40.163  -54.727  -42.366 0.4000000060
138196  -34.841  -51.133  -41.969 0.6999999881
138949  -34.739  -56.238  -44.492 0.5000000000
140325  -31.702  -41.939  -39.248 0.4000000060
143128  -31.215  -54.449  -43.221 0.6000000238
143509  -23.737  -47.287  -39.571 0.4000000060
143726  -35.273  -56.106  -43.959 0.5000000000
144834  -37.353  -51.384  -41.568 0.6000000238
145116  -29.720  -55.058  -42.497 0.5000000000
145136  -25.387  -40.727  -36.694 0.4000000060
