#!ascii label  , from subject sub-v1s14x0051562_ses-1 vox2ras=TkReg
1652
10282  -35.521  -63.701  -52.297 0.5000000000
11178  -35.224  -63.746  -52.104 0.6000000238
6851  -34.542  -68.789  -43.581 0.3000000119
10283  -34.303  -64.724  -54.245 0.5000000000
8486  -35.406  -65.885  -46.360 0.4000000060
7618  -35.395  -66.824  -45.468 0.4000000060
7607  -35.632  -67.220  -44.694 0.4000000060
6865  -35.101  -68.031  -44.140 0.3000000119
7619  -36.107  -66.419  -45.182 0.4000000060
12025  -34.092  -62.735  -48.648 0.5000000000
11161  -34.869  -63.437  -49.983 0.5000000000
119713  -36.470  -63.020  -52.276 0.5000000000
138976  -33.219  -62.804  -49.129 0.6000000238
12035  -33.917  -63.047  -49.354 0.5000000000
118844  -33.774  -64.373  -51.192 0.6000000238
6055  -34.354  -69.710  -42.410 0.3000000119
118843  -33.871  -64.487  -51.512 0.5000000000
124877  -34.846  -64.597  -47.738 0.5000000000
8497  -34.903  -65.183  -47.126 0.5000000000
6056  -35.057  -69.192  -42.405 0.3000000119
140328  -33.685  -64.305  -50.590 0.6000000238
140557  -34.120  -64.317  -52.036 0.5000000000
8487  -35.939  -65.438  -46.105 0.5000000000
120856  -35.475  -65.277  -46.611 0.4000000060
7608  -36.351  -66.791  -44.358 0.4000000060
6853  -35.982  -67.957  -42.949 0.3000000119
6833  -35.573  -68.615  -42.455 0.3000000119
9326  -36.404  -64.859  -45.802 0.4000000060
132565  -36.439  -65.567  -45.471 0.4000000060
8452  -37.101  -66.342  -43.949 0.4000000060
9299  -37.050  -65.146  -44.850 0.4000000060
9314  -32.080  -65.493  -45.308 0.6999999881
10194  -32.534  -64.812  -45.761 0.6999999881
11105  -33.235  -63.531  -46.875 0.6999999881
136143  -37.292  -63.299  -52.345 0.5000000000
140533  -30.798  -66.462  -43.658 0.6999999881
9313  -31.195  -65.583  -45.375 0.6999999881
11104  -32.375  -63.608  -46.777 0.8000000119
140372  -33.009  -62.828  -47.867 0.5000000000
12003  -32.289  -62.776  -47.954 0.6999999881
10264  -36.665  -64.287  -50.949 0.5000000000
10192  -30.709  -64.978  -45.838 0.6999999881
10244  -37.443  -63.611  -49.140 0.4000000060
10243  -36.494  -64.254  -48.961 0.5000000000
6037  -35.146  -69.450  -41.354 0.3000000119
12002  -31.418  -62.733  -47.966 0.6000000238
10234  -36.051  -63.625  -47.966 0.5000000000
9334  -35.341  -64.515  -46.942 0.5000000000
6038  -35.771  -68.946  -40.933 0.3000000119
12023  -31.886  -62.726  -48.642 0.5000000000
10212  -35.752  -64.017  -46.500 0.5000000000
11071  -36.583  -63.868  -44.631 0.4000000060
10180  -36.963  -64.093  -44.795 0.4000000060
8469  -37.480  -65.457  -44.226 0.4000000060
7598  -37.268  -66.707  -43.066 0.4000000060
7589  -37.285  -67.063  -42.125 0.4000000060
11072  -37.341  -63.960  -44.241 0.3000000119
10181  -37.521  -64.249  -44.264 0.4000000060
9196  -29.690  -65.636  -38.616 0.5000000000
9228  -29.749  -66.163  -40.009 0.6000000238
9229  -30.542  -65.743  -40.194 0.6000000238
8424  -31.130  -66.292  -42.238 0.6000000238
8467  -31.843  -66.092  -44.126 0.6000000238
10066  -28.723  -64.861  -36.748 0.5000000000
9184  -28.692  -65.331  -37.358 0.5000000000
123511  -29.025  -65.969  -38.830 0.6000000238
8406  -30.112  -66.325  -40.794 0.6000000238
8433  -30.214  -66.571  -42.402 0.6999999881
12036  -35.024  -62.769  -49.117 0.6000000238
6013  -32.408  -69.938  -40.287 0.3000000119
10047  -27.433  -64.595  -36.104 0.6999999881
9183  -27.937  -65.459  -37.517 0.6000000238
124918  -28.238  -65.941  -38.986 0.6000000238
8405  -29.223  -66.548  -40.684 0.6000000238
8422  -29.684  -66.584  -41.550 0.6999999881
8464  -29.617  -66.246  -43.933 0.6999999881
12005  -34.740  -62.768  -47.973 0.6000000238
12026  -35.475  -62.595  -48.308 0.6000000238
11175  -38.132  -62.779  -50.140 0.5000000000
10033  -27.231  -63.979  -35.397 0.6999999881
137021  -27.319  -65.365  -37.737 0.6000000238
9194  -27.715  -65.663  -38.300 0.6000000238
8396  -28.853  -66.336  -39.712 0.6000000238
8431  -28.492  -66.452  -42.590 0.6999999881
9311  -29.434  -65.384  -45.099 0.6999999881
11145  -38.928  -62.305  -47.979 0.5000000000
125094  -34.816  -69.653  -41.147 0.3000000119
10032  -25.954  -64.045  -35.786 0.6999999881
10046  -26.442  -64.642  -36.552 0.6000000238
9182  -26.694  -65.051  -37.573 0.6999999881
8403  -27.738  -66.331  -41.285 0.6000000238
8420  -27.792  -66.365  -42.104 0.6000000238
11102  -30.606  -63.509  -46.718 0.6999999881
11123  -35.107  -63.216  -47.595 0.5000000000
11107  -35.294  -63.822  -46.901 0.5000000000
9193  -26.963  -65.378  -38.382 0.6000000238
120758  -27.167  -65.974  -41.122 0.6000000238
9310  -28.485  -65.284  -44.889 0.6000000238
10206  -29.299  -64.134  -46.147 0.6000000238
11118  -30.132  -62.828  -47.275 0.6000000238
124823  -35.087  -63.685  -46.202 0.5000000000
124843  -36.229  -68.510  -41.224 0.3000000119
10064  -25.858  -64.700  -37.476 0.6999999881
10087  -26.231  -65.005  -38.341 0.6000000238
128605  -27.079  -65.699  -39.920 0.6000000238
9244  -27.162  -66.009  -41.757 0.6000000238
9274  -26.861  -65.744  -43.182 0.5000000000
9292  -27.636  -65.376  -44.494 0.5000000000
11117  -29.217  -62.756  -47.313 0.5000000000
12022  -30.957  -62.739  -48.598 0.5000000000
11085  -35.529  -63.745  -45.452 0.5000000000
10139  -37.427  -63.989  -41.141 0.3000000119
10153  -38.178  -63.916  -42.663 0.3000000119
128559  -38.314  -64.028  -43.281 0.3000000119
8454  -38.484  -65.250  -42.960 0.4000000060
8435  -37.979  -66.193  -42.588 0.4000000060
12000  -29.680  -62.570  -47.939 0.5000000000
121202  -36.430  -64.143  -41.702 0.3000000119
10165  -36.685  -63.864  -43.213 0.3000000119
9279  -38.149  -64.931  -43.707 0.4000000060
10985  -29.211  -63.382  -35.329 0.5000000000
10067  -29.459  -64.846  -37.170 0.5000000000
142930  -30.167  -63.682  -36.248 0.5000000000
10068  -30.378  -64.431  -37.338 0.5000000000
12692  -28.433  -61.824  -34.797 0.5000000000
10971  -28.171  -62.853  -34.887 0.5000000000
10035  -28.774  -63.991  -35.728 0.5000000000
9197  -30.530  -65.083  -38.739 0.5000000000
9246  -31.447  -65.753  -41.392 0.6000000238
9260  -31.880  -65.810  -42.218 0.6000000238
10970  -27.411  -62.810  -34.959 0.5000000000
134966  -32.457  -65.804  -43.946 0.6000000238
10210  -32.954  -64.128  -46.296 0.8000000119
7537  -32.015  -68.300  -38.181 0.3000000119
124344  -26.994  -61.723  -35.711 0.6000000238
11895  -26.531  -62.744  -35.137 0.6000000238
10034  -27.987  -64.087  -35.534 0.6000000238
9277  -32.771  -65.502  -43.252 0.4000000060
6779  -32.449  -68.538  -38.990 0.3000000119
139112  -25.794  -62.420  -35.403 0.6999999881
129950  -33.909  -64.544  -44.973 0.5000000000
144444  -33.932  -63.465  -47.086 0.6000000238
6001  -33.785  -69.244  -40.284 0.3000000119
6002  -34.830  -69.193  -40.104 0.3000000119
12703  -25.383  -61.810  -35.701 0.6999999881
131095  -34.014  -64.618  -44.148 0.4000000060
6004  -35.557  -68.967  -39.933 0.3000000119
131349  -24.893  -63.209  -35.676 0.6000000238
10045  -25.383  -64.240  -36.525 0.6999999881
10196  -34.567  -63.937  -45.590 0.4000000060
131940  -36.836  -68.058  -40.776 0.3000000119
10980  -24.306  -62.682  -35.769 0.6000000238
10995  -24.776  -63.723  -36.156 0.6999999881
130875  -26.383  -65.304  -40.142 0.6000000238
131006  -26.480  -65.580  -42.214 0.5000000000
10205  -28.396  -64.060  -45.969 0.6000000238
10163  -34.972  -64.135  -43.776 0.4000000060
10178  -34.968  -63.982  -44.712 0.4000000060
10113  -36.045  -64.743  -39.075 0.3000000119
122110  -36.292  -64.417  -40.721 0.3000000119
141539  -37.402  -64.114  -40.466 0.3000000119
10127  -38.316  -63.854  -40.689 0.3000000119
10141  -38.839  -64.304  -41.714 0.4000000060
128791  -37.251  -67.458  -41.329 0.3000000119
10107  -25.159  -64.612  -39.173 0.6000000238
10135  -25.361  -64.637  -41.722 0.5000000000
9259  -25.722  -64.960  -42.247 0.5000000000
10161  -26.296  -65.266  -43.875 0.5000000000
11084  -27.399  -64.140  -45.788 0.5000000000
11099  -27.874  -63.309  -46.450 0.6000000238
11989  -28.194  -62.632  -47.274 0.5000000000
10151  -35.973  -64.033  -42.585 0.3000000119
144259  -35.686  -64.406  -41.243 0.3000000119
9224  -25.772  -64.909  -40.531 0.5000000000
10160  -25.467  -64.808  -43.708 0.5000000000
10187  -25.881  -64.318  -45.464 0.5000000000
11069  -25.021  -64.031  -45.274 0.5000000000
13521  -29.585  -60.436  -35.760 0.5000000000
12693  -29.210  -61.466  -34.695 0.5000000000
10986  -30.041  -63.203  -35.581 0.5000000000
10987  -30.890  -62.708  -35.685 0.5000000000
10050  -30.708  -63.792  -36.814 0.5000000000
121460  -30.916  -64.496  -38.105 0.5000000000
12722  -27.631  -61.475  -36.279 0.5000000000
10972  -28.922  -62.803  -34.851 0.5000000000
10109  -31.841  -64.548  -39.117 0.4000000060
12705  -27.809  -61.703  -35.308 0.5000000000
9217  -31.852  -64.813  -39.991 0.4000000060
5989  -31.777  -69.408  -38.249 0.3000000119
135481  -32.133  -67.747  -37.654 0.3000000119
12721  -26.916  -61.562  -36.650 0.6000000238
9247  -32.289  -65.285  -41.598 0.4000000060
9261  -32.585  -65.392  -42.364 0.4000000060
122586  -26.165  -61.337  -36.949 0.6000000238
126314  -26.200  -61.534  -36.003 0.6000000238
6780  -33.352  -68.199  -39.040 0.3000000119
137719  -34.221  -68.208  -38.848 0.3000000119
12720  -25.456  -61.262  -36.404 0.6000000238
9278  -33.586  -64.897  -43.368 0.4000000060
143107  -24.879  -60.954  -36.724 0.6000000238
10136  -33.857  -64.609  -41.804 0.4000000060
10149  -34.130  -64.495  -42.626 0.4000000060
6017  -35.849  -68.884  -40.188 0.3000000119
11892  -24.447  -61.922  -35.763 0.6999999881
10137  -35.027  -64.342  -41.808 0.3000000119
10138  -35.192  -64.588  -40.799 0.3000000119
13487  -29.790  -60.775  -34.678 0.5000000000
11897  -29.579  -62.802  -34.983 0.5000000000
11884  -30.433  -61.699  -34.612 0.5000000000
11899  -31.504  -62.096  -35.375 0.4000000060
137600  -28.208  -61.301  -35.858 0.5000000000
10051  -31.524  -63.645  -37.204 0.4000000060
10069  -31.621  -64.047  -37.882 0.4000000060
12741  -28.414  -61.359  -36.847 0.6000000238
121444  -32.191  -64.213  -38.362 0.4000000060
10122  -32.664  -64.735  -40.219 0.4000000060
8381  -33.496  -67.018  -37.108 0.3000000119
8380  -32.325  -67.197  -37.070 0.3000000119
13520  -25.438  -61.038  -37.237 0.6000000238
9232  -32.841  -64.846  -40.991 0.4000000060
9248  -33.033  -64.901  -41.754 0.4000000060
10123  -33.609  -64.777  -40.334 0.4000000060
10124  -34.570  -64.800  -40.166 0.4000000060
126810  -34.284  -64.653  -41.003 0.3000000119
134149  -35.028  -64.834  -39.120 0.3000000119
12737  -23.332  -60.977  -36.780 0.6000000238
13504  -30.072  -60.163  -34.975 0.5000000000
13488  -30.469  -60.517  -34.576 0.5000000000
13489  -31.272  -60.306  -34.485 0.4000000060
11885  -31.202  -61.511  -34.720 0.4000000060
12742  -29.278  -60.890  -36.786 0.5000000000
13537  -30.099  -60.339  -36.807 0.5000000000
11900  -32.257  -62.097  -35.880 0.4000000060
12740  -27.597  -61.669  -37.333 0.6000000238
12755  -29.175  -61.566  -38.416 0.6000000238
13536  -29.769  -60.956  -37.825 0.6000000238
133609  -32.068  -63.172  -36.840 0.4000000060
12754  -28.339  -61.770  -38.077 0.6000000238
138669  -32.974  -63.179  -36.896 0.4000000060
10070  -33.012  -64.299  -38.104 0.4000000060
12753  -26.596  -61.801  -38.547 0.6000000238
10111  -33.199  -64.705  -39.506 0.4000000060
10071  -33.879  -64.453  -37.857 0.4000000060
10112  -34.164  -64.847  -39.388 0.4000000060
11014  -34.213  -64.047  -37.260 0.4000000060
6781  -35.182  -68.525  -38.852 0.3000000119
7539  -35.159  -67.834  -37.625 0.3000000119
12752  -25.798  -61.393  -38.761 0.6000000238
10091  -34.445  -64.729  -38.457 0.4000000060
6783  -36.620  -68.419  -38.750 0.3000000119
7551  -35.783  -68.360  -38.140 0.3000000119
13553  -25.258  -60.931  -38.072 0.6000000238
13534  -23.788  -60.526  -37.384 0.6000000238
13585  -24.722  -60.663  -39.856 0.6999999881
141910  -26.271  -61.604  -40.931 0.6999999881
13552  -24.426  -60.484  -38.155 0.6000000238
123847  -24.883  -60.691  -40.788 0.6999999881
12784  -25.734  -61.001  -41.920 0.6999999881
130433  -23.856  -60.253  -39.743 0.6000000238
12794  -26.523  -61.340  -42.317 0.6999999881
12803  -26.814  -61.190  -43.285 0.6000000238
13599  -24.258  -60.441  -41.462 0.6999999881
12793  -25.894  -60.825  -42.884 0.6999999881
14386  -30.721  -59.623  -35.145 0.5000000000
14387  -31.349  -59.212  -35.003 0.5000000000
124487  -30.455  -60.471  -37.726 0.5000000000
13538  -30.758  -60.088  -37.287 0.5000000000
14412  -30.696  -59.793  -36.551 0.5000000000
15251  -32.097  -58.878  -34.850 0.5000000000
13490  -32.072  -60.097  -34.469 0.4000000060
12707  -32.000  -61.446  -35.100 0.4000000060
124910  -29.319  -61.855  -39.242 0.6000000238
12756  -29.883  -61.348  -38.797 0.6000000238
13573  -31.222  -60.722  -39.008 0.6000000238
14442  -31.804  -60.110  -38.831 0.6000000238
12708  -32.766  -61.475  -35.679 0.4000000060
12767  -28.011  -62.183  -39.010 0.6000000238
12768  -30.566  -61.275  -39.284 0.6000000238
12769  -31.274  -61.250  -39.814 0.6000000238
11911  -33.086  -62.272  -36.355 0.4000000060
12766  -27.162  -62.172  -39.197 0.6000000238
11936  -27.739  -62.383  -39.852 0.6000000238
11943  -29.182  -62.561  -40.763 0.6000000238
11944  -30.083  -62.564  -40.961 0.6000000238
12778  -31.449  -61.745  -40.677 0.6000000238
11013  -33.374  -63.949  -37.396 0.4000000060
13525  -34.932  -61.279  -37.092 0.4000000060
11935  -26.907  -62.255  -40.041 0.6000000238
11942  -28.277  -62.494  -40.609 0.6000000238
11953  -29.696  -62.804  -41.760 0.6000000238
11954  -30.569  -62.802  -42.000 0.6000000238
11973  -32.060  -62.445  -43.343 0.6000000238
10999  -33.789  -63.541  -36.950 0.4000000060
135078  -34.541  -62.647  -36.638 0.4000000060
12765  -26.351  -61.839  -39.420 0.6000000238
11951  -27.802  -62.348  -41.381 0.5000000000
11952  -28.794  -62.658  -41.524 0.6000000238
11963  -30.235  -62.895  -42.837 0.6000000238
11964  -31.068  -62.886  -42.978 0.6000000238
12809  -32.269  -62.012  -43.910 0.6999999881
13572  -24.997  -60.859  -38.928 0.6999999881
12775  -26.835  -62.055  -40.917 0.6000000238
11961  -28.432  -62.430  -42.298 0.6000000238
122727  -29.309  -62.748  -42.559 0.6000000238
12808  -31.489  -62.069  -44.115 0.6000000238
13638  -32.123  -61.696  -43.883 0.6000000238
14484  -32.972  -60.044  -44.229 0.6000000238
12807  -30.234  -61.964  -44.314 0.6000000238
133252  -30.836  -61.978  -44.257 0.6000000238
13619  -31.894  -61.142  -43.673 0.6000000238
14483  -32.205  -60.172  -43.355 0.6000000238
12795  -27.308  -61.675  -42.661 0.6000000238
11962  -28.869  -62.394  -43.318 0.6000000238
13636  -30.260  -61.098  -44.082 0.5000000000
13618  -31.041  -60.902  -43.323 0.6000000238
14482  -31.466  -60.152  -42.671 0.6000000238
12818  -29.695  -61.247  -44.521 0.5000000000
13616  -24.907  -60.538  -42.341 0.6999999881
127039  -26.350  -60.513  -44.091 0.6999999881
13657  -28.164  -60.635  -45.006 0.5000000000
13658  -29.101  -60.385  -44.894 0.6000000238
14493  -29.598  -60.257  -44.065 0.5000000000
13617  -30.251  -60.576  -43.278 0.5000000000
14492  -28.897  -59.301  -44.403 0.6000000238
20886  -22.385  -51.408  -42.503 0.6000000238
21857  -23.294  -51.616  -42.691 0.6000000238
20892  -22.689  -52.233  -42.892 0.6000000238
15278  -31.787  -58.832  -36.421 0.5000000000
14414  -32.181  -58.885  -37.485 0.5000000000
15267  -32.517  -58.173  -36.282 0.5000000000
14378  -33.116  -59.302  -34.796 0.5000000000
13505  -32.567  -60.656  -34.899 0.4000000060
123041  -31.916  -61.196  -40.296 0.5000000000
13574  -31.892  -60.664  -39.638 0.5000000000
14459  -33.147  -59.830  -40.325 0.5000000000
13506  -33.387  -60.082  -35.131 0.4000000060
13507  -34.097  -59.945  -35.793 0.4000000060
13575  -32.586  -60.757  -40.487 0.5000000000
13586  -33.244  -60.611  -41.205 0.5000000000
12724  -33.490  -61.532  -36.160 0.4000000060
13524  -34.438  -60.737  -36.605 0.4000000060
13539  -34.930  -60.482  -37.216 0.4000000060
12788  -32.609  -62.068  -42.088 0.5000000000
12789  -33.225  -61.751  -42.782 0.5000000000
13602  -33.001  -61.371  -41.592 0.5000000000
133544  -33.834  -62.179  -36.495 0.4000000060
12798  -33.051  -61.632  -43.829 0.6000000238
13640  -33.700  -60.910  -44.350 0.6000000238
13620  -32.706  -61.047  -44.120 0.6000000238
140215  -33.435  -60.485  -44.419 0.5000000000
15354  -32.219  -59.056  -43.226 0.4000000060
16237  -32.357  -58.085  -44.048 0.4000000060
15341  -31.053  -58.675  -41.299 0.6000000238
15342  -31.478  -58.406  -41.926 0.6000000238
16222  -31.276  -57.574  -41.487 0.5000000000
16236  -31.687  -57.778  -42.788 0.4000000060
16248  -31.700  -57.168  -44.057 0.4000000060
18041  -30.773  -56.147  -42.531 0.4000000060
13615  -23.873  -60.347  -42.284 0.6999999881
14470  -30.807  -59.467  -41.612 0.6000000238
15326  -31.126  -58.047  -41.107 0.5000000000
17117  -31.264  -56.919  -41.963 0.4000000060
13671  -27.703  -59.899  -45.380 0.6000000238
14481  -29.768  -60.028  -42.649 0.5000000000
14457  -29.844  -59.290  -41.041 0.5000000000
16206  -31.013  -57.491  -40.613 0.5000000000
16190  -31.109  -56.898  -40.049 0.5000000000
129265  -31.224  -56.851  -40.901 0.4000000060
18027  -31.153  -55.635  -40.840 0.4000000060
14501  -28.655  -59.454  -45.045 0.6000000238
15324  -29.854  -58.663  -40.347 0.5000000000
23749  -22.457  -49.455  -41.134 0.6999999881
138907  -23.717  -50.084  -40.824 0.6000000238
22771  -23.351  -49.726  -39.949 0.6999999881
21837  -24.094  -50.687  -41.214 0.6000000238
21810  -22.759  -50.888  -38.228 0.6000000238
20893  -23.680  -52.205  -42.940 0.6000000238
129672  -23.546  -51.385  -39.245 0.6000000238
21811  -23.199  -51.497  -38.537 0.6000000238
20829  -21.843  -52.137  -37.224 0.6000000238
19818  -21.605  -53.365  -35.888 0.6000000238
19897  -23.111  -52.835  -43.292 0.5000000000
20871  -24.541  -52.031  -41.075 0.6000000238
20852  -23.794  -52.530  -39.332 0.6000000238
20831  -23.131  -52.290  -38.172 0.6000000238
20830  -22.622  -52.610  -37.524 0.6000000238
15252  -32.746  -58.826  -34.836 0.5000000000
18984  -23.589  -53.506  -43.435 0.5000000000
19899  -24.400  -52.438  -42.558 0.5000000000
19849  -23.520  -52.952  -38.547 0.5000000000
19834  -22.773  -53.415  -37.207 0.5000000000
14427  -32.310  -59.424  -38.616 0.4000000060
15293  -32.785  -58.615  -38.356 0.5000000000
16133  -34.203  -57.692  -35.753 0.5000000000
14388  -33.803  -59.179  -35.185 0.4000000060
126257  -24.731  -53.270  -42.654 0.5000000000
19878  -24.601  -52.904  -41.054 0.5000000000
19850  -23.825  -53.876  -38.579 0.5000000000
19835  -23.371  -53.726  -37.759 0.5000000000
15309  -32.891  -59.221  -39.297 0.5000000000
15268  -34.749  -58.292  -35.872 0.4000000060
15281  -35.881  -58.517  -37.216 0.4000000060
15282  -36.365  -58.563  -37.986 0.4000000060
18994  -24.030  -54.239  -43.454 0.5000000000
18972  -24.720  -53.659  -41.635 0.5000000000
18948  -24.272  -54.208  -39.425 0.6000000238
18933  -24.159  -54.735  -38.480 0.6000000238
131210  -35.546  -59.264  -37.220 0.4000000060
18065  -25.034  -55.426  -43.428 0.6000000238
18038  -24.759  -54.800  -41.169 0.6000000238
18025  -24.536  -54.988  -40.017 0.6999999881
14485  -34.187  -60.572  -43.010 0.4000000060
13622  -34.224  -60.734  -44.043 0.5000000000
14510  -23.428  -58.845  -45.473 0.6000000238
13660  -34.007  -60.204  -44.599 0.5000000000
15369  -33.991  -58.839  -44.905 0.4000000060
14499  -23.975  -59.296  -45.071 0.6000000238
15368  -33.367  -58.928  -44.721 0.4000000060
13653  -24.026  -59.893  -44.216 0.6000000238
13655  -25.657  -59.939  -44.682 0.6000000238
124202  -31.929  -57.001  -44.197 0.4000000060
14514  -27.380  -59.292  -45.569 0.6000000238
13634  -25.198  -60.292  -43.509 0.6999999881
143137  -28.716  -58.965  -43.574 0.6000000238
15339  -27.809  -58.388  -41.864 0.6000000238
132803  -28.448  -58.804  -42.645 0.5000000000
15323  -28.885  -58.833  -40.711 0.5000000000
23733  -22.694  -49.159  -39.594 0.6999999881
22752  -22.056  -50.445  -37.867 0.6999999881
21798  -20.373  -51.256  -37.047 0.6000000238
21799  -21.338  -51.281  -37.385 0.6000000238
20819  -20.461  -52.083  -36.148 0.6000000238
20820  -21.205  -52.636  -36.385 0.6000000238
19800  -21.464  -53.264  -35.148 0.6999999881
19801  -22.115  -53.986  -35.288 0.6000000238
18912  -22.446  -53.931  -36.279 0.6000000238
15280  -33.286  -57.783  -38.103 0.5000000000
15279  -32.870  -58.020  -37.315 0.5000000000
16137  -33.177  -57.726  -35.906 0.5000000000
16138  -33.870  -57.282  -36.360 0.5000000000
18921  -23.064  -54.063  -36.972 0.6000000238
18901  -22.843  -54.517  -35.018 0.5000000000
16152  -33.475  -57.316  -37.172 0.5000000000
16139  -34.783  -57.383  -36.333 0.5000000000
16140  -35.590  -57.672  -36.691 0.4000000060
131398  -24.577  -55.836  -37.653 0.6000000238
19836  -23.791  -54.399  -37.928 0.6000000238
18907  -23.292  -54.888  -35.527 0.5000000000
14443  -33.322  -59.008  -39.860 0.5000000000
142501  -24.114  -58.026  -45.565 0.6000000238
17163  -25.059  -57.175  -45.179 0.4000000060
18074  -24.904  -55.915  -44.011 0.6000000238
131817  -24.866  -55.637  -40.374 0.6000000238
18010  -24.480  -55.227  -39.086 0.6000000238
17966  -24.327  -55.712  -36.110 0.6000000238
137694  -34.339  -59.602  -42.583 0.4000000060
15328  -34.066  -58.263  -40.767 0.4000000060
16278  -25.367  -57.738  -45.554 0.5000000000
139062  -25.883  -56.496  -44.290 0.5000000000
17139  -25.632  -56.236  -43.628 0.6000000238
17115  -25.416  -56.145  -42.027 0.6999999881
17104  -25.404  -56.431  -40.057 0.6000000238
17088  -25.387  -56.412  -38.887 0.6000000238
17993  -24.939  -56.164  -38.137 0.6000000238
14486  -34.602  -60.113  -43.875 0.5000000000
15380  -24.775  -58.358  -45.578 0.6000000238
17140  -26.441  -56.778  -44.234 0.6000000238
17129  -25.655  -56.324  -42.787 0.6000000238
17089  -26.018  -56.997  -39.377 0.6000000238
17068  -25.639  -56.480  -37.902 0.6000000238
17031  -25.528  -56.355  -36.504 0.6000000238
14504  -34.458  -59.472  -44.743 0.4000000060
14512  -25.644  -58.843  -45.694 0.5000000000
16260  -26.735  -57.208  -45.214 0.6000000238
16220  -26.592  -57.366  -42.368 0.6000000238
16186  -26.680  -57.418  -39.853 0.6000000238
17069  -26.232  -56.810  -38.436 0.6000000238
14500  -25.055  -59.316  -45.166 0.6000000238
13669  -26.144  -59.500  -45.507 0.6000000238
16279  -27.012  -57.826  -45.555 0.6000000238
129703  -27.194  -57.677  -42.959 0.6000000238
129050  -26.833  -57.693  -41.369 0.6000000238
15353  -27.764  -58.131  -42.902 0.6000000238
15362  -28.343  -58.594  -44.897 0.6000000238
15340  -28.390  -58.811  -41.530 0.5000000000
15306  -29.138  -58.256  -39.887 0.5000000000
23732  -21.964  -48.724  -39.771 0.6999999881
22759  -21.861  -49.486  -38.306 0.6999999881
121761  -19.684  -48.387  -39.838 0.6999999881
24601  -20.319  -48.224  -39.071 0.6999999881
23720  -20.724  -48.619  -38.630 0.6999999881
22750  -19.765  -50.537  -37.096 0.6999999881
21792  -19.900  -51.260  -36.450 0.6000000238
21787  -20.131  -51.593  -35.627 0.6000000238
21777  -21.257  -51.966  -34.543 0.5000000000
20809  -20.595  -52.224  -35.490 0.6999999881
144052  -22.074  -52.060  -34.129 0.5000000000
20768  -22.516  -53.391  -34.083 0.5000000000
134963  -22.571  -54.043  -34.532 0.5000000000
133744  -33.698  -57.097  -37.858 0.4000000060
129909  -34.619  -56.372  -37.789 0.5000000000
17055  -35.210  -56.320  -37.571 0.5000000000
17037  -35.368  -56.851  -36.915 0.5000000000
16154  -36.679  -57.458  -37.855 0.4000000060
128668  -33.630  -58.491  -40.004 0.4000000060
16171  -34.125  -56.661  -38.199 0.4000000060
17958  -23.951  -55.355  -35.400 0.6000000238
17030  -24.863  -56.113  -36.540 0.6000000238
17959  -24.672  -55.788  -35.263 0.6000000238
17048  -26.431  -56.677  -37.522 0.6000000238
17023  -25.951  -56.403  -35.683 0.6000000238
16204  -27.292  -57.862  -40.505 0.6000000238
16165  -26.897  -57.213  -38.934 0.6000000238
141609  -26.484  -56.567  -36.512 0.6000000238
16221  -27.222  -57.924  -42.096 0.6000000238
17049  -27.296  -56.754  -37.090 0.5000000000
15322  -27.953  -58.406  -40.941 0.6000000238
16187  -27.659  -57.656  -39.485 0.5000000000
16188  -28.503  -57.878  -39.523 0.5000000000
23731  -18.788  -48.953  -40.163 0.6999999881
129228  -19.894  -48.129  -39.293 0.6999999881
140182  -19.367  -48.928  -37.489 0.6999999881
23709  -19.977  -49.406  -37.676 0.6999999881
23695  -19.252  -49.854  -36.262 0.6000000238
22743  -19.499  -50.482  -36.542 0.6999999881
22736  -20.071  -50.771  -35.291 0.4000000060
24611  -17.905  -48.757  -39.647 0.6999999881
25460  -19.151  -47.929  -39.128 0.6999999881
123767  -18.941  -47.840  -38.089 0.6000000238
24566  -19.102  -48.787  -36.921 0.6000000238
22725  -21.424  -50.684  -34.525 0.5000000000
23728  -16.416  -49.707  -39.164 0.6999999881
23719  -16.933  -48.946  -39.122 0.6999999881
22717  -22.883  -50.725  -33.848 0.5000000000
23717  -15.352  -49.309  -38.526 0.6999999881
21763  -22.797  -51.618  -33.795 0.5000000000
24595  -14.781  -48.824  -38.133 0.6000000238
23708  -13.821  -48.959  -37.975 0.6000000238
24564  -12.982  -48.412  -36.591 0.6000000238
23693  -12.640  -49.147  -35.014 0.5000000000
25400  -12.771  -47.403  -35.063 0.5000000000
124919  -35.196  -55.991  -38.336 0.4000000060
17076  -36.669  -56.554  -38.108 0.4000000060
17032  -27.496  -56.637  -36.152 0.6000000238
24546  -20.199  -48.581  -35.595 0.5000000000
133778  -20.346  -49.947  -35.111 0.5000000000
25448  -18.450  -47.563  -38.584 0.6000000238
26322  -18.759  -47.102  -37.708 0.6000000238
25437  -18.961  -47.534  -37.363 0.6000000238
25412  -19.848  -47.894  -36.083 0.6000000238
23698  -21.740  -48.730  -34.893 0.5000000000
23697  -21.386  -49.747  -34.726 0.5000000000
22726  -22.286  -50.134  -34.245 0.5000000000
24597  -16.593  -48.353  -38.402 0.6999999881
25446  -17.388  -47.590  -38.311 0.6000000238
26321  -18.558  -47.158  -37.813 0.6000000238
26308  -19.170  -46.488  -37.264 0.6000000238
26292  -20.393  -46.066  -36.495 0.6000000238
23671  -23.467  -49.459  -33.428 0.5000000000
24582  -15.878  -48.141  -37.882 0.6999999881
143897  -17.382  -47.088  -37.778 0.6000000238
27116  -18.081  -45.855  -36.949 0.6000000238
27117  -18.919  -45.706  -37.028 0.6000000238
27107  -20.088  -45.318  -36.706 0.6000000238
24581  -15.078  -48.233  -37.800 0.6000000238
26304  -15.824  -46.985  -37.163 0.6000000238
26290  -16.057  -46.250  -36.894 0.6000000238
27105  -18.341  -44.970  -36.676 0.6000000238
25433  -14.459  -47.752  -37.308 0.6000000238
26288  -14.248  -46.535  -36.611 0.6000000238
27103  -16.287  -45.399  -36.687 0.6000000238
27915  -17.634  -44.273  -36.397 0.6000000238
25422  -12.954  -47.927  -36.247 0.5000000000
25410  -12.693  -48.069  -35.569 0.5000000000
26287  -13.150  -46.536  -36.201 0.5000000000
27102  -15.063  -45.772  -36.599 0.6000000238
27913  -15.491  -44.755  -36.486 0.6000000238
17996  -35.787  -55.681  -38.875 0.4000000060
23685  -14.209  -49.514  -34.414 0.5000000000
26277  -12.651  -46.469  -35.564 0.5000000000
27912  -14.334  -44.982  -36.347 0.6000000238
28807  -14.853  -44.222  -36.291 0.6000000238
24504  -14.508  -48.079  -34.012 0.5000000000
26263  -13.233  -46.835  -34.342 0.5000000000
26262  -12.609  -46.275  -34.887 0.4000000060
27911  -13.078  -45.080  -36.062 0.5000000000
27902  -13.931  -44.220  -36.098 0.6000000238
25414  -21.598  -47.892  -35.132 0.6000000238
25415  -22.106  -48.070  -34.699 0.5000000000
23688  -22.192  -49.310  -34.474 0.5000000000
26279  -21.488  -47.006  -35.422 0.6000000238
25402  -22.029  -47.374  -34.769 0.5000000000
24528  -23.056  -48.856  -33.728 0.5000000000
27092  -20.691  -45.343  -35.972 0.6999999881
27084  -21.514  -45.702  -34.338 0.6999999881
27917  -18.983  -44.267  -36.369 0.6000000238
27895  -20.565  -44.688  -35.171 0.6999999881
27916  -18.411  -44.251  -36.366 0.6000000238
28812  -19.072  -43.797  -35.897 0.6999999881
28810  -17.784  -43.504  -36.166 0.6000000238
28799  -18.476  -43.288  -35.585 0.6999999881
139139  -16.316  -42.988  -36.122 0.6000000238
29677  -17.938  -42.841  -35.438 0.6999999881
25392  -16.064  -47.983  -33.015 0.5000000000
25390  -14.181  -47.258  -33.877 0.5000000000
132671  -12.481  -44.886  -35.301 0.4000000060
134768  -13.089  -44.249  -35.555 0.6000000238
28796  -15.554  -42.899  -36.021 0.6000000238
139190  -14.713  -46.982  -33.486 0.5000000000
26249  -13.036  -45.976  -34.134 0.4000000060
138184  -12.514  -44.194  -35.050 0.5000000000
25404  -22.928  -48.195  -33.666 0.5000000000
25393  -22.678  -47.433  -33.483 0.5000000000
26265  -21.855  -46.560  -34.646 0.6000000238
143784  -21.971  -46.124  -33.310 0.5000000000
26234  -22.537  -46.427  -32.350 0.5000000000
135068  -21.107  -44.996  -34.512 0.6999999881
27894  -19.829  -44.165  -34.568 0.6999999881
28785  -19.081  -43.753  -34.019 0.6000000238
29688  -16.605  -42.269  -35.428 0.6999999881
28784  -18.316  -43.129  -34.664 0.6000000238
128368  -14.742  -42.892  -35.667 0.6000000238
30623  -15.928  -42.107  -35.431 0.6000000238
26232  -14.665  -46.108  -32.810 0.5000000000
28782  -12.484  -43.700  -34.366 0.4000000060
29685  -13.854  -42.787  -35.141 0.6000000238
119843  -13.183  -44.432  -32.780 0.4000000060
27881  -12.563  -44.315  -33.590 0.4000000060
118956  -12.461  -42.817  -33.864 0.5000000000
29673  -12.927  -42.906  -34.573 0.5000000000
27057  -21.129  -45.223  -32.948 0.6000000238
27059  -22.105  -45.835  -31.958 0.5000000000
27870  -20.489  -44.774  -32.997 0.6000000238
27871  -20.879  -45.100  -32.213 0.5000000000
27882  -19.787  -44.269  -33.496 0.6000000238
28774  -19.028  -43.921  -32.888 0.6000000238
27857  -19.931  -44.238  -31.613 0.5000000000
28773  -18.242  -43.516  -33.337 0.6000000238
29675  -16.376  -42.132  -34.298 0.6999999881
29656  -17.105  -42.726  -32.859 0.5000000000
29686  -14.763  -42.356  -35.274 0.6000000238
29674  -14.278  -41.977  -34.808 0.5000000000
27880  -12.406  -43.390  -33.479 0.4000000060
30610  -13.625  -41.675  -34.193 0.5000000000
26998  -18.390  -46.411  -25.730 0.4000000060
26999  -18.549  -45.719  -25.498 0.3000000119
27816  -17.872  -45.293  -26.420 0.4000000060
27849  -21.185  -44.618  -30.793 0.5000000000
121717  -17.951  -45.917  -26.831 0.3000000119
27007  -17.341  -45.026  -27.162 0.4000000060
28763  -19.164  -43.909  -31.998 0.5000000000
123538  -20.496  -44.283  -31.042 0.5000000000
27840  -16.484  -44.975  -28.649 0.3000000119
27825  -16.805  -44.485  -27.644 0.4000000060
28762  -18.381  -43.446  -32.301 0.5000000000
118930  -16.042  -44.725  -29.354 0.3000000119
29655  -16.437  -42.182  -33.064 0.6000000238
30612  -15.185  -41.423  -34.331 0.6999999881
30603  -15.707  -41.548  -33.509 0.6000000238
30600  -12.899  -41.425  -33.619 0.5000000000
30611  -14.457  -41.270  -34.238 0.5000000000
30601  -13.621  -40.883  -33.768 0.4000000060
31524  -14.915  -40.296  -32.913 0.4000000060
26132  -18.075  -46.385  -23.318 0.3000000119
26143  -18.324  -46.610  -23.896 0.3000000119
27817  -18.239  -44.569  -26.131 0.3000000119
27815  -17.325  -44.348  -26.943 0.4000000060
28752  -20.126  -43.584  -31.004 0.5000000000
28722  -15.642  -43.409  -28.453 0.4000000060
28714  -16.669  -43.807  -27.560 0.4000000060
29646  -19.465  -42.848  -31.315 0.5000000000
28721  -15.075  -42.851  -28.842 0.4000000060
30544  -14.997  -42.038  -28.895 0.4000000060
29657  -17.692  -42.774  -32.171 0.5000000000
29645  -18.523  -42.758  -31.683 0.5000000000
120231  -14.864  -42.974  -29.562 0.4000000060
30588  -16.976  -42.023  -32.218 0.5000000000
30602  -15.019  -40.883  -33.508 0.5000000000
126505  -16.768  -41.186  -32.287 0.5000000000
118945  -12.600  -42.759  -31.938 0.3000000119
120049  -11.965  -41.456  -32.626 0.4000000060
32453  -14.129  -39.914  -32.886 0.4000000060
31510  -16.251  -40.609  -32.431 0.4000000060
140390  -17.115  -45.997  -23.178 0.3000000119
26992  -18.954  -45.901  -24.362 0.3000000119
28704  -17.838  -43.778  -26.682 0.4000000060
28715  -17.324  -43.412  -27.159 0.4000000060
28735  -23.089  -44.041  -29.238 0.4000000060
29612  -16.722  -42.947  -27.591 0.4000000060
28744  -22.060  -43.703  -29.939 0.4000000060
29619  -15.495  -42.590  -28.270 0.4000000060
30534  -15.950  -42.093  -28.093 0.4000000060
28742  -20.779  -43.210  -30.699 0.4000000060
30562  -15.004  -41.181  -29.052 0.4000000060
30589  -18.041  -41.946  -31.826 0.5000000000
30561  -14.348  -41.433  -29.517 0.4000000060
130732  -13.313  -41.546  -30.754 0.3000000119
31511  -17.673  -41.002  -32.158 0.5000000000
31508  -12.421  -39.667  -32.191 0.3000000119
26977  -18.397  -45.581  -23.099 0.3000000119
26993  -19.534  -45.147  -24.460 0.3000000119
27805  -19.105  -45.119  -25.211 0.3000000119
28705  -18.604  -43.629  -26.337 0.4000000060
29603  -18.074  -43.030  -26.820 0.4000000060
30547  -17.270  -41.237  -28.140 0.3000000119
30535  -16.810  -42.070  -27.843 0.4000000060
27832  -23.637  -44.073  -28.834 0.4000000060
28725  -25.346  -43.458  -28.133 0.4000000060
30546  -16.292  -41.435  -28.270 0.4000000060
29638  -21.956  -42.702  -30.234 0.4000000060
29636  -20.425  -42.622  -31.006 0.4000000060
134305  -14.425  -40.669  -29.411 0.3000000119
123557  -20.044  -41.884  -31.417 0.4000000060
118947  -13.754  -41.229  -30.190 0.3000000119
121279  -13.860  -40.600  -29.922 0.3000000119
118959  -12.645  -39.849  -31.048 0.3000000119
31509  -15.562  -40.240  -32.669 0.4000000060
27783  -18.351  -44.695  -23.096 0.3000000119
28706  -19.649  -43.431  -26.163 0.4000000060
29604  -19.067  -42.873  -26.691 0.4000000060
141736  -18.453  -41.615  -27.609 0.4000000060
28726  -26.138  -43.450  -28.016 0.4000000060
29620  -24.815  -42.827  -28.531 0.4000000060
31467  -16.705  -40.665  -28.612 0.4000000060
129670  -23.308  -42.334  -29.596 0.4000000060
31466  -15.719  -40.875  -28.718 0.4000000060
29637  -21.235  -42.546  -30.712 0.4000000060
29639  -22.613  -42.060  -30.114 0.4000000060
31482  -14.994  -40.193  -29.207 0.3000000119
30578  -20.957  -41.786  -31.171 0.4000000060
32420  -13.627  -39.057  -30.173 0.3000000119
30590  -18.759  -41.084  -32.063 0.5000000000
120226  -13.346  -39.847  -30.373 0.3000000119
32419  -12.825  -38.823  -31.382 0.3000000119
31512  -18.555  -40.176  -32.600 0.5000000000
32438  -13.850  -39.091  -32.665 0.3000000119
32441  -16.915  -39.829  -32.656 0.4000000060
32452  -13.134  -39.723  -32.814 0.4000000060
135245  -19.995  -44.198  -23.527 0.3000000119
30548  -18.303  -41.083  -27.972 0.3000000119
32389  -17.129  -39.932  -28.967 0.3000000119
29621  -25.683  -42.729  -28.164 0.4000000060
31483  -16.120  -40.033  -29.057 0.3000000119
29629  -24.005  -42.567  -29.039 0.4000000060
30549  -25.305  -42.131  -28.464 0.3000000119
32407  -15.488  -39.191  -29.407 0.3000000119
30570  -21.845  -41.716  -30.679 0.4000000060
30563  -23.891  -41.703  -29.396 0.4000000060
33380  -13.798  -38.160  -30.499 0.3000000119
34348  -13.346  -37.766  -31.300 0.3000000119
31514  -20.144  -40.371  -31.917 0.4000000060
33407  -12.880  -38.856  -31.706 0.3000000119
33409  -13.661  -38.172  -32.546 0.3000000119
33410  -14.616  -38.429  -32.636 0.3000000119
32455  -17.631  -39.020  -33.084 0.3000000119
32408  -16.615  -39.280  -29.309 0.3000000119
137554  -17.023  -38.694  -29.439 0.3000000119
33365  -16.241  -38.499  -29.571 0.3000000119
30564  -24.629  -41.937  -28.883 0.3000000119
30572  -23.218  -41.501  -29.933 0.4000000060
31485  -24.471  -41.093  -29.171 0.4000000060
34370  -13.681  -37.105  -31.632 0.3000000119
31493  -21.380  -40.973  -31.211 0.4000000060
31495  -22.710  -40.627  -30.502 0.4000000060
35342  -13.694  -37.084  -32.359 0.3000000119
33422  -13.764  -37.459  -32.582 0.3000000119
32443  -19.038  -39.592  -32.725 0.3000000119
33424  -16.481  -38.251  -33.253 0.3000000119
35328  -14.453  -35.629  -32.013 0.3000000119
35343  -13.839  -36.197  -32.757 0.3000000119
130004  -22.447  -40.060  -30.698 0.3000000119
133126  -23.236  -40.134  -30.325 0.3000000119
34397  -13.808  -36.817  -33.030 0.3000000119
32427  -20.463  -39.720  -31.769 0.3000000119
33423  -15.532  -37.636  -32.999 0.3000000119
33412  -18.633  -38.778  -32.891 0.3000000119
36382  -14.518  -35.007  -32.459 0.3000000119
37421  -15.136  -34.403  -32.495 0.3000000119
36398  -14.111  -35.353  -33.181 0.3000000119
32428  -21.164  -39.328  -31.397 0.3000000119
36413  -14.893  -34.975  -33.774 0.3000000119
37449  -16.054  -33.843  -34.031 0.3000000119
32439  -14.940  -39.523  -32.669 0.4000000060
118958  -11.930  -40.101  -32.033 0.3000000119
32437  -13.173  -38.912  -32.169 0.3000000119
12004  -33.732  -62.782  -48.012 0.6000000238
12037  -36.372  -62.490  -48.892 0.5000000000
118846  -35.967  -63.309  -50.919 0.5000000000
120284  -34.469  -64.100  -50.705 0.5000000000
119574  -37.288  -63.378  -51.160 0.5000000000
9343  -35.451  -64.520  -48.425 0.5000000000
10193  -31.616  -64.995  -45.866 0.6999999881
9315  -33.032  -65.173  -45.064 0.6999999881
9312  -30.315  -65.508  -45.270 0.6999999881
11103  -31.496  -63.605  -46.747 0.6999999881
142795  -35.835  -64.758  -49.230 0.4000000060
10191  -29.816  -64.858  -45.702 0.6999999881
11143  -37.152  -62.712  -47.735 0.5000000000
6807  -36.460  -68.506  -39.608 0.3000000119
11108  -35.797  -63.826  -45.990 0.5000000000
10179  -35.859  -63.834  -44.235 0.3000000119
9230  -31.288  -65.357  -40.485 0.6000000238
8423  -30.589  -66.333  -41.532 0.6000000238
9198  -31.172  -64.671  -38.811 0.5000000000
9172  -28.050  -65.030  -36.784 0.6000000238
142947  -29.708  -66.571  -42.819 0.6999999881
6806  -32.935  -69.259  -40.247 0.3000000119
9227  -27.874  -66.082  -39.809 0.6000000238
8421  -28.633  -66.595  -41.589 0.6000000238
9276  -28.938  -66.095  -43.807 0.6999999881
10211  -34.006  -63.828  -46.402 0.5000000000
142879  -38.128  -61.803  -47.290 0.6000000238
119902  -37.640  -62.071  -48.766 0.5000000000
8447  -28.378  -66.163  -43.388 0.6000000238
10190  -28.914  -64.769  -45.560 0.6999999881
143184  -26.307  -65.338  -40.818 0.5000000000
131262  -28.078  -64.700  -45.381 0.5000000000
6808  -37.023  -68.093  -39.830 0.3000000119
125834  -24.857  -64.338  -37.503 0.6000000238
10188  -26.599  -64.606  -45.291 0.5000000000
10140  -38.617  -64.001  -41.894 0.3000000119
142632  -33.487  -64.956  -44.603 0.5000000000
7560  -37.338  -67.796  -39.019 0.3000000119
10176  -25.806  -64.737  -44.671 0.5000000000
11012  -32.393  -63.781  -37.538 0.4000000060
7538  -34.059  -67.463  -37.791 0.3000000119
120449  -28.695  -61.974  -38.906 0.6000000238
12764  -25.575  -61.277  -39.609 0.6999999881
12786  -27.083  -61.871  -41.804 0.6000000238
12816  -28.059  -61.406  -44.406 0.6000000238
12776  -29.598  -62.191  -40.063 0.6000000238
144430  -32.459  -60.005  -39.517 0.5000000000
13523  -33.796  -60.796  -36.018 0.4000000060
12787  -31.825  -62.229  -41.591 0.6000000238
12779  -32.263  -61.592  -41.074 0.5000000000
11971  -30.804  -62.462  -43.826 0.6000000238
124577  -24.408  -60.334  -42.967 0.6000000238
134760  -26.450  -60.081  -45.123 0.6999999881
21824  -24.256  -51.498  -40.648 0.6000000238
137414  -34.053  -59.116  -41.471 0.4000000060
16249  -32.395  -57.534  -44.389 0.4000000060
14458  -30.483  -58.862  -40.869 0.4000000060
139943  -23.197  -60.315  -42.604 0.6000000238
22761  -23.304  -50.651  -39.096 0.6000000238
19862  -23.974  -53.247  -39.348 0.6000000238
17036  -34.582  -56.700  -37.002 0.5000000000
18973  -24.851  -54.183  -42.314 0.5000000000
17965  -23.657  -55.219  -36.029 0.6000000238
18064  -24.465  -55.061  -43.594 0.4000000060
16247  -27.835  -57.776  -44.688 0.5000000000
15343  -34.379  -58.617  -42.064 0.5000000000
17105  -25.741  -56.792  -41.074 0.6000000238
16246  -27.221  -57.193  -44.515 0.5000000000
23715  -13.580  -49.608  -38.313 0.6000000238
25401  -13.369  -47.820  -34.492 0.5000000000
131949  -20.624  -46.987  -36.076 0.5000000000
26306  -18.513  -46.607  -37.292 0.6000000238
27118  -19.289  -45.955  -37.169 0.6000000238
26278  -21.052  -46.176  -35.743 0.6000000238
25423  -14.794  -47.097  -37.079 0.6000000238
24505  -15.518  -48.473  -33.623 0.5000000000
26252  -22.330  -46.615  -33.228 0.5000000000
29676  -17.344  -42.568  -34.850 0.6000000238
27070  -13.739  -45.693  -33.311 0.5000000000
30613  -15.807  -41.802  -34.848 0.6000000238
128807  -20.291  -44.697  -32.114 0.5000000000
120147  -12.068  -42.321  -32.679 0.3000000119
124624  -21.415  -44.089  -30.301 0.4000000060
28743  -21.373  -43.375  -30.391 0.4000000060
31522  -12.852  -40.565  -33.185 0.4000000060
136306  -11.899  -40.844  -32.045 0.3000000119
134352  -17.056  -40.549  -32.383 0.5000000000
126617  -23.374  -43.279  -29.247 0.4000000060
26978  -19.158  -45.230  -23.361 0.3000000119
31492  -14.074  -39.943  -29.679 0.3000000119
31498  -20.561  -41.068  -31.591 0.4000000060
33411  -15.706  -38.804  -32.817 0.3000000119
33363  -14.531  -38.635  -29.794 0.3000000119
121556  -17.784  -39.931  -32.712 0.4000000060
28660  -20.392  -43.573  -23.689 0.3000000119
35310  -14.211  -36.733  -31.179 0.3000000119
123563  -20.913  -40.269  -31.513 0.4000000060
36381  -14.009  -35.369  -32.733 0.3000000119
9290  -21.650  -65.267  -44.183 0.5000000000
10174  -21.866  -64.418  -44.356 0.5000000000
11066  -22.488  -63.752  -44.302 0.5000000000
11068  -24.076  -63.714  -44.655 0.4000000060
7595  -21.094  -67.093  -43.458 0.5000000000
9272  -21.735  -65.606  -43.315 0.5000000000
10158  -21.963  -64.686  -43.583 0.5000000000
131760  -22.908  -63.744  -43.488 0.5000000000
122187  -23.644  -63.699  -43.893 0.5000000000
10175  -24.836  -64.267  -44.279 0.4000000060
142857  -21.137  -67.168  -42.718 0.4000000060
9258  -21.644  -65.792  -42.361 0.5000000000
11050  -22.370  -63.977  -42.691 0.5000000000
10159  -24.718  -64.231  -43.411 0.4000000060
120815  -21.548  -65.810  -41.177 0.5000000000
9241  -21.977  -64.809  -41.493 0.5000000000
125131  -21.926  -64.891  -42.760 0.5000000000
9223  -21.912  -65.216  -40.421 0.5000000000
10133  -22.437  -64.359  -41.885 0.5000000000
10118  -22.516  -64.620  -41.032 0.5000000000
11035  -23.389  -64.086  -40.870 0.5000000000
10134  -24.644  -64.243  -41.707 0.4000000060
144263  -21.614  -65.942  -40.221 0.5000000000
138381  -22.571  -64.777  -40.213 0.5000000000
10119  -23.247  -64.201  -40.069 0.5000000000
10121  -24.928  -64.455  -40.096 0.5000000000
130493  -19.634  -63.981  -38.512 0.5000000000
9209  -21.625  -65.989  -39.380 0.5000000000
8386  -21.160  -66.277  -38.654 0.5000000000
9191  -21.677  -65.467  -38.390 0.5000000000
10059  -21.310  -64.977  -37.721 0.5000000000
9192  -22.339  -64.886  -38.578 0.5000000000
10083  -22.742  -64.514  -38.198 0.5000000000
10105  -23.418  -64.335  -39.199 0.5000000000
10106  -24.291  -64.322  -39.311 0.5000000000
11022  -20.192  -64.141  -37.921 0.5000000000
142416  -20.366  -63.030  -38.153 0.5000000000
12762  -20.616  -61.419  -39.600 0.5000000000
11007  -20.955  -64.205  -37.535 0.5000000000
139607  -20.681  -62.532  -38.077 0.5000000000
12763  -21.092  -61.098  -39.132 0.5000000000
10060  -21.867  -64.218  -37.422 0.5000000000
11918  -22.131  -62.680  -36.883 0.5000000000
12735  -21.884  -61.815  -37.109 0.5000000000
10061  -22.753  -64.005  -37.468 0.5000000000
10993  -22.802  -63.032  -36.667 0.5000000000
10084  -23.334  -64.255  -38.150 0.5000000000
127338  -23.864  -64.250  -38.652 0.5000000000
10086  -25.443  -64.686  -38.346 0.5000000000
13614  -22.488  -60.331  -42.454 0.5000000000
122142  -23.067  -60.242  -41.816 0.6000000238
13568  -21.524  -60.420  -39.630 0.5000000000
12751  -22.118  -60.954  -37.682 0.5000000000
13569  -22.353  -60.122  -39.343 0.5000000000
12736  -22.584  -61.292  -36.950 0.5000000000
13533  -22.930  -60.594  -37.484 0.5000000000
10994  -23.564  -63.001  -36.223 0.5000000000
11908  -23.602  -62.179  -35.968 0.5000000000
10062  -24.029  -63.905  -37.167 0.5000000000
13652  -22.726  -59.993  -44.459 0.5000000000
129342  -23.350  -60.093  -43.970 0.5000000000
137209  -23.450  -60.208  -41.111 0.6000000238
19877  -21.387  -53.800  -40.471 0.5000000000
20870  -21.237  -52.842  -41.304 0.6000000238
19860  -20.605  -53.847  -39.668 0.5000000000
123304  -20.897  -52.094  -41.601 0.5000000000
21848  -21.636  -50.862  -42.055 0.6000000238
21847  -20.994  -51.396  -41.764 0.6000000238
20869  -20.739  -52.633  -41.030 0.5000000000
127826  -20.308  -51.639  -41.490 0.6000000238
21836  -19.700  -50.866  -41.339 0.5000000000
22781  -21.024  -49.657  -41.275 0.6000000238
22780  -20.158  -49.896  -41.183 0.6000000238
21835  -18.731  -51.064  -41.106 0.5000000000
22779  -19.191  -50.170  -41.016 0.6000000238
24620  -20.407  -48.613  -40.204 0.6000000238
21834  -17.917  -51.180  -40.719 0.5000000000
23739  -18.760  -49.669  -40.577 0.5000000000
21822  -16.145  -50.825  -39.959 0.5000000000
22767  -14.862  -50.459  -39.273 0.6000000238
22757  -12.090  -50.427  -38.111 0.6000000238
21809  -12.859  -50.575  -38.899 0.5000000000
23729  -17.152  -49.609  -39.627 0.6000000238
23730  -17.912  -49.681  -40.248 0.5000000000
126313  -14.294  -50.042  -38.790 0.5000000000
23706  -12.177  -49.526  -36.495 0.6000000238
23707  -12.784  -49.335  -37.405 0.6000000238
24563  -12.555  -48.535  -36.012 0.6000000238
7566  -37.747  -67.230  -39.805 0.3000000119
8387  -38.956  -65.640  -38.426 0.3000000119
8407  -38.793  -65.441  -40.720 0.3000000119
10055  -39.473  -64.285  -36.662 0.3000000119
9233  -39.004  -64.568  -40.869 0.3000000119
7580  -38.534  -65.805  -41.305 0.3000000119
8425  -37.888  -66.591  -41.526 0.3000000119
10147  -24.606  -64.161  -42.564 0.4000000060
143985  -22.429  -61.967  -36.621 0.5000000000
13570  -23.240  -60.094  -39.102 0.5000000000
19890  -21.726  -52.480  -42.414 0.5000000000
11057  -23.889  -63.735  -43.100 0.4000000060
11052  -23.896  -63.904  -42.179 0.5000000000
9210  -22.170  -65.112  -39.386 0.5000000000
10081  -19.736  -64.828  -38.237 0.5000000000
10082  -20.498  -64.965  -37.834 0.5000000000
11933  -19.796  -62.928  -39.579 0.5000000000
11926  -20.679  -61.922  -38.891 0.5000000000
11916  -20.667  -63.357  -37.725 0.5000000000
13549  -21.769  -60.634  -38.630 0.5000000000
126444  -38.523  -66.194  -39.896 0.3000000119
10095  -39.176  -64.006  -38.548 0.3000000119
9199  -39.323  -64.681  -38.224 0.3000000119
126576  -38.809  -65.837  -39.167 0.3000000119
9218  -39.214  -64.572  -39.222 0.3000000119
9200  -39.411  -64.192  -37.817 0.3000000119
31484  -23.723  -40.792  -29.729 0.3000000119
5221  -31.902  -69.995  -38.730 0.3000000119
5244  -34.164  -69.952  -41.512 0.3000000119
5999  -31.935  -69.371  -38.797 0.3000000119
6003  -35.477  -68.834  -39.458 0.3000000119
6014  -33.174  -69.810  -40.822 0.3000000119
6016  -35.165  -69.311  -40.510 0.3000000119
6036  -34.388  -69.860  -41.786 0.3000000119
6057  -35.536  -68.995  -41.729 0.3000000119
6075  -34.111  -69.519  -43.109 0.3000000119
6076  -34.660  -69.188  -42.914 0.3000000119
6778  -31.901  -68.859  -38.556 0.3000000119
6792  -32.120  -69.075  -39.088 0.3000000119
6793  -32.478  -69.132  -39.661 0.3000000119
6794  -33.157  -68.726  -39.721 0.3000000119
6795  -34.307  -68.688  -39.530 0.3000000119
6796  -36.143  -68.720  -39.376 0.3000000119
6822  -36.356  -68.554  -40.356 0.3000000119
6823  -36.717  -67.852  -41.656 0.3000000119
6834  -36.132  -68.303  -42.093 0.3000000119
6835  -36.641  -67.504  -42.565 0.3000000119
6852  -35.235  -68.497  -43.183 0.3000000119
6864  -34.369  -68.376  -44.391 0.3000000119
7548  -32.669  -67.902  -38.398 0.3000000119
7549  -33.618  -67.777  -38.407 0.3000000119
7550  -34.686  -68.008  -38.296 0.3000000119
7561  -38.037  -66.999  -39.074 0.3000000119
7567  -38.204  -66.491  -40.638 0.3000000119
7579  -37.487  -67.397  -40.627 0.3000000119
7596  -35.804  -67.604  -43.828 0.4000000060
7597  -36.544  -67.163  -43.488 0.4000000060
7632  -35.113  -66.486  -46.089 0.4000000060
8382  -34.544  -67.348  -37.220 0.3000000119
8395  -21.203  -66.695  -39.273 0.5000000000
8397  -39.169  -65.067  -40.046 0.3000000119
8402  -21.398  -66.661  -40.108 0.5000000000
8404  -28.294  -66.439  -40.591 0.6000000238
8419  -21.337  -66.807  -41.954 0.4000000060
8429  -21.397  -66.479  -42.966 0.5000000000
8430  -27.704  -66.151  -42.907 0.5000000000
8432  -29.317  -66.600  -42.356 0.6999999881
8434  -31.610  -66.218  -42.890 0.6000000238
8436  -38.542  -65.563  -42.076 0.4000000060
8448  -29.217  -66.430  -43.179 0.6999999881
8449  -30.122  -66.520  -43.315 0.6999999881
8450  -31.396  -66.341  -43.573 0.6000000238
8451  -32.045  -65.993  -43.445 0.6000000238
8453  -37.823  -65.821  -43.464 0.4000000060
8465  -30.397  -66.314  -44.116 0.6999999881
8466  -31.137  -66.283  -44.212 0.6999999881
8468  -36.803  -65.965  -44.754 0.4000000060
8476  -35.764  -66.106  -45.835 0.4000000060
8485  -34.795  -66.184  -46.602 0.4000000060
9181  -21.994  -64.847  -37.947 0.5000000000
9185  -29.293  -65.487  -37.903 0.5000000000
9186  -39.390  -64.871  -37.562 0.3000000119
9187  -39.460  -64.553  -37.113 0.3000000119
9190  -20.919  -65.729  -38.062 0.5000000000
9195  -28.605  -65.732  -38.152 0.6000000238
9208  -19.401  -65.597  -38.651 0.5000000000
9211  -25.780  -64.899  -39.686 0.6000000238
9212  -26.508  -65.311  -39.221 0.6000000238
9213  -27.374  -65.727  -39.102 0.6000000238
9214  -29.505  -65.989  -39.323 0.5000000000
9215  -30.195  -65.646  -39.397 0.5000000000
9216  -31.019  -65.005  -39.582 0.5000000000
9225  -26.839  -65.684  -40.654 0.6000000238
9226  -27.489  -66.073  -40.563 0.6000000238
9231  -32.044  -65.085  -40.807 0.4000000060
9242  -25.935  -65.084  -41.418 0.5000000000
9243  -26.636  -65.642  -41.337 0.5000000000
9245  -30.807  -65.924  -40.880 0.6000000238
9249  -38.918  -64.967  -41.537 0.3000000119
9262  -33.297  -64.929  -42.541 0.4000000060
9263  -38.761  -64.661  -42.333 0.4000000060
9273  -26.013  -65.215  -43.031 0.5000000000
9275  -27.641  -65.820  -43.689 0.5000000000
9291  -27.021  -65.512  -43.980 0.5000000000
9293  -29.130  -65.788  -44.418 0.6999999881
9294  -29.942  -65.924  -44.628 0.6999999881
9295  -30.764  -65.995  -44.770 0.6999999881
9296  -31.574  -65.938  -44.786 0.6000000238
9297  -32.377  -65.731  -44.609 0.6000000238
9298  -33.122  -65.333  -44.170 0.4000000060
9300  -37.614  -64.691  -44.293 0.4000000060
9316  -36.766  -64.894  -45.306 0.4000000060
9317  -37.098  -64.540  -44.822 0.4000000060
9325  -35.944  -64.710  -46.329 0.5000000000
10036  -39.454  -64.223  -35.898 0.3000000119
10048  -28.340  -64.539  -36.170 0.6000000238
10049  -29.130  -64.420  -36.372 0.5000000000
10063  -24.646  -63.984  -36.730 0.6999999881
10065  -27.305  -65.091  -36.997 0.6000000238
10072  -34.763  -64.435  -37.702 0.4000000060
10085  -24.604  -64.417  -38.525 0.5000000000
10088  -30.052  -64.998  -37.974 0.5000000000
10089  -32.710  -64.528  -38.885 0.4000000060
10090  -33.566  -64.675  -38.661 0.4000000060
10104  -22.901  -64.523  -39.486 0.5000000000
10108  -25.826  -64.925  -38.961 0.6000000238
10110  -32.451  -64.631  -39.557 0.4000000060
10114  -38.256  -63.930  -39.900 0.3000000119
10120  -24.308  -64.214  -40.864 0.5000000000
10125  -35.492  -64.745  -39.903 0.3000000119
10128  -38.877  -64.025  -40.988 0.3000000119
10146  -22.053  -64.405  -42.308 0.5000000000
10148  -25.155  -64.516  -42.213 0.4000000060
10150  -35.001  -64.193  -42.902 0.4000000060
10152  -37.141  -63.873  -42.607 0.3000000119
10154  -38.663  -64.129  -42.526 0.4000000060
10162  -34.302  -64.441  -43.361 0.4000000060
10164  -35.834  -63.923  -43.410 0.3000000119
10166  -38.071  -64.297  -43.746 0.4000000060
10167  -38.516  -64.451  -43.113 0.4000000060
10177  -26.775  -65.114  -44.586 0.5000000000
10189  -27.389  -64.867  -45.106 0.5000000000
10195  -33.490  -64.423  -45.668 0.5000000000
10197  -36.643  -64.382  -45.324 0.4000000060
10207  -30.199  -64.239  -46.256 0.6999999881
10208  -31.102  -64.307  -46.301 0.6999999881
10209  -32.015  -64.290  -46.304 0.6999999881
10213  -36.211  -64.166  -45.873 0.4000000060
10223  -35.282  -63.815  -47.212 0.5000000000
10235  -37.332  -63.342  -48.245 0.5000000000
10263  -36.110  -64.805  -50.021 0.4000000060
10265  -37.172  -63.750  -51.849 0.5000000000
10279  -36.932  -63.913  -52.686 0.5000000000
10981  -25.313  -63.729  -35.833 0.6000000238
10982  -26.493  -63.618  -35.331 0.6999999881
10983  -27.710  -63.451  -35.135 0.6000000238
10984  -28.450  -63.450  -35.199 0.5000000000
10996  -29.534  -63.829  -35.980 0.5000000000
10997  -30.621  -63.325  -36.185 0.5000000000
10998  -31.266  -63.211  -36.506 0.4000000060
11008  -21.491  -63.427  -37.307 0.5000000000
11009  -22.300  -63.481  -37.079 0.5000000000
11010  -23.231  -63.564  -36.876 0.5000000000
11011  -24.114  -63.589  -36.483 0.5000000000
11021  -20.094  -63.443  -38.262 0.5000000000
11029  -19.402  -63.673  -39.344 0.5000000000
11034  -22.877  -64.179  -41.362 0.5000000000
11042  -22.781  -64.029  -42.020 0.5000000000
11043  -23.300  -63.950  -41.734 0.5000000000
11044  -23.868  -64.041  -41.476 0.5000000000
11049  -21.997  -64.104  -43.073 0.5000000000
11051  -23.159  -63.819  -42.527 0.5000000000
11055  -21.971  -64.042  -43.758 0.5000000000
11056  -22.223  -63.900  -43.597 0.5000000000
11058  -36.711  -63.850  -43.906 0.3000000119
11059  -37.604  -63.897  -43.468 0.3000000119
11065  -22.053  -63.955  -44.504 0.5000000000
11067  -23.178  -63.643  -44.421 0.5000000000
11070  -35.907  -63.742  -44.904 0.5000000000
11083  -26.444  -63.931  -45.904 0.5000000000
11086  -36.326  -63.852  -45.314 0.4000000060
11100  -28.787  -63.305  -46.597 0.5000000000
11101  -29.710  -63.373  -46.677 0.6000000238
11106  -34.648  -63.563  -46.990 0.5000000000
11119  -31.011  -62.961  -47.289 0.6000000238
11120  -31.878  -63.081  -47.321 0.6999999881
11121  -32.698  -63.115  -47.352 0.5000000000
11122  -34.266  -63.153  -47.560 0.6000000238
11124  -35.830  -63.114  -47.706 0.5000000000
11125  -38.255  -62.091  -47.235 0.5000000000
11126  -38.908  -62.144  -47.144 0.6000000238
11144  -38.224  -62.489  -47.722 0.5000000000
11162  -36.103  -63.091  -50.048 0.5000000000
11163  -37.195  -62.542  -50.119 0.5000000000
11164  -38.250  -63.104  -49.169 0.5000000000
11176  -38.500  -62.467  -49.125 0.5000000000
11177  -34.586  -64.204  -52.856 0.6000000238
11881  -27.938  -62.293  -34.876 0.5000000000
11882  -28.699  -62.236  -34.704 0.5000000000
11883  -29.552  -62.080  -34.619 0.5000000000
11893  -25.078  -62.497  -35.524 0.6999999881
11894  -25.682  -63.177  -35.365 0.6000000238
11896  -27.165  -62.200  -35.180 0.6000000238
11898  -30.220  -62.453  -34.955 0.5000000000
11907  -22.901  -62.437  -36.421 0.5000000000
11909  -31.744  -62.657  -36.152 0.4000000060
11910  -32.436  -62.691  -36.454 0.4000000060
11912  -33.813  -62.900  -36.612 0.4000000060
11917  -21.302  -62.568  -37.406 0.5000000000
11925  -20.199  -62.757  -38.753 0.5000000000
11937  -28.669  -62.278  -39.771 0.6000000238
11941  -27.497  -62.371  -40.543 0.6000000238
11945  -30.966  -62.377  -41.238 0.6000000238
11955  -31.378  -62.668  -42.222 0.6000000238
11956  -32.083  -62.497  -42.567 0.6000000238
11965  -31.662  -62.726  -42.993 0.6000000238
11970  -29.824  -62.507  -43.614 0.6000000238
11972  -31.567  -62.458  -43.600 0.6000000238
11988  -27.416  -62.713  -46.910 0.6000000238
12001  -30.542  -62.651  -47.938 0.5000000000
12006  -35.875  -62.613  -47.960 0.5000000000
12007  -37.153  -62.253  -47.805 0.6000000238
12008  -38.901  -61.947  -46.911 0.6000000238
12021  -30.109  -62.744  -48.555 0.5000000000
12024  -32.927  -62.699  -48.554 0.5000000000
12027  -36.990  -62.024  -47.925 0.6000000238
12028  -38.327  -61.631  -47.905 0.6000000238
12029  -38.820  -62.216  -47.389 0.5000000000
12034  -32.405  -62.886  -49.157 0.5000000000
12694  -30.043  -61.235  -34.496 0.5000000000
12695  -30.836  -61.002  -34.426 0.5000000000
12696  -31.643  -60.804  -34.568 0.4000000060
12704  -26.330  -62.050  -35.476 0.6999999881
12706  -28.603  -61.326  -35.145 0.5000000000
12717  -23.044  -61.675  -36.402 0.6000000238
12718  -23.820  -61.439  -36.214 0.6000000238
12719  -24.663  -61.316  -36.154 0.6999999881
12723  -28.842  -60.961  -35.843 0.5000000000
12738  -26.025  -61.386  -37.886 0.6000000238
12739  -26.806  -61.666  -37.630 0.6000000238
12750  -21.275  -61.574  -38.029 0.5000000000
12773  -20.358  -61.299  -40.148 0.5000000000
12774  -25.704  -61.160  -41.035 0.6999999881
12777  -30.541  -61.890  -40.193 0.6000000238
12785  -26.363  -61.501  -41.476 0.6999999881
12796  -28.038  -62.081  -42.998 0.6000000238
12797  -32.633  -62.212  -43.204 0.5000000000
12804  -27.651  -61.569  -43.588 0.6000000238
12805  -28.429  -61.913  -43.954 0.6000000238
12806  -29.353  -61.966  -44.243 0.5000000000
12817  -28.849  -61.307  -44.673 0.6000000238
12819  -30.321  -61.490  -44.298 0.5000000000
12840  -39.046  -61.546  -47.121 0.6000000238
12841  -39.190  -61.982  -47.157 0.6000000238
13491  -32.744  -59.899  -34.663 0.5000000000
13503  -29.313  -60.801  -35.042 0.5000000000
13519  -24.140  -60.881  -36.693 0.6000000238
13522  -30.312  -59.863  -35.721 0.5000000000
13535  -24.675  -60.699  -37.357 0.6000000238
13550  -22.599  -60.306  -38.348 0.5000000000
13551  -23.489  -60.269  -38.200 0.5000000000
13554  -30.515  -60.827  -38.464 0.6000000238
13555  -31.130  -60.195  -38.104 0.6000000238
13567  -20.855  -60.836  -39.981 0.5000000000
13571  -24.148  -60.348  -39.004 0.6000000238
13584  -24.044  -60.352  -40.531 0.6000000238
13600  -25.093  -60.728  -41.508 0.6999999881
13601  -30.605  -60.225  -42.384 0.6000000238
13603  -33.617  -61.008  -42.245 0.4000000060
13621  -33.738  -61.239  -43.511 0.6000000238
13631  -22.814  -60.276  -43.359 0.5000000000
13632  -23.725  -60.227  -43.255 0.6000000238
13633  -24.423  -60.159  -43.615 0.6000000238
13635  -27.338  -61.044  -44.306 0.5000000000
13637  -31.151  -61.711  -44.059 0.6000000238
13639  -32.882  -61.316  -44.064 0.6000000238
13641  -34.335  -60.210  -44.490 0.4000000060
13654  -24.806  -59.859  -44.301 0.6000000238
13656  -27.163  -60.428  -45.085 0.6000000238
13659  -29.690  -60.748  -44.541 0.5000000000
13670  -26.925  -59.772  -45.528 0.6999999881
13672  -28.398  -59.877  -45.202 0.6000000238
14375  -30.874  -59.816  -34.692 0.5000000000
14376  -31.675  -59.591  -34.606 0.4000000060
14377  -32.414  -59.404  -34.634 0.4000000060
14399  -31.129  -59.287  -35.862 0.5000000000
14400  -34.477  -59.119  -35.722 0.4000000060
14401  -35.054  -59.366  -36.612 0.4000000060
14413  -31.352  -59.538  -37.138 0.5000000000
14426  -31.755  -59.626  -38.076 0.4000000060
14468  -29.130  -59.414  -41.819 0.5000000000
14469  -30.003  -59.808  -41.740 0.5000000000
14471  -31.547  -59.301  -42.245 0.6000000238
14472  -33.751  -59.987  -41.592 0.5000000000
14480  -29.116  -59.489  -43.160 0.6000000238
14494  -34.675  -59.617  -44.510 0.5000000000
14498  -23.044  -59.390  -45.157 0.5000000000
14502  -29.237  -60.041  -44.758 0.6000000238
14503  -33.805  -59.667  -44.724 0.5000000000
14511  -24.506  -58.749  -45.490 0.6000000238
14513  -26.615  -59.153  -45.729 0.6000000238
14515  -28.033  -59.352  -45.328 0.6000000238
14528  -23.842  -58.348  -45.512 0.6000000238
15257  -32.765  -58.336  -35.377 0.5000000000
15258  -33.361  -58.585  -35.098 0.5000000000
15259  -34.083  -58.382  -35.398 0.4000000060
15266  -31.910  -58.678  -35.516 0.5000000000
15269  -35.382  -58.372  -36.501 0.4000000060
15307  -30.004  -58.038  -39.720 0.5000000000
15325  -30.634  -58.199  -40.481 0.4000000060
15327  -33.645  -59.110  -40.633 0.5000000000
15355  -32.936  -59.001  -44.391 0.4000000060
15366  -27.729  -58.203  -45.293 0.6000000238
15367  -28.131  -58.884  -45.219 0.6000000238
15381  -25.527  -58.245  -45.711 0.5000000000
15382  -26.392  -58.427  -45.774 0.5000000000
15383  -27.183  -58.626  -45.679 0.6000000238
15396  -24.712  -58.016  -45.637 0.6000000238
16132  -33.581  -57.882  -35.531 0.5000000000
16151  -33.184  -57.615  -36.525 0.5000000000
16153  -36.121  -57.572  -37.197 0.4000000060
16166  -27.786  -57.279  -38.539 0.5000000000
16203  -26.431  -57.401  -40.714 0.6000000238
16205  -28.215  -58.179  -40.136 0.5000000000
16234  -26.851  -57.231  -43.561 0.5000000000
16235  -27.635  -57.630  -43.847 0.6000000238
16259  -25.972  -57.187  -45.198 0.5000000000
16261  -27.343  -57.350  -45.106 0.6000000238
16262  -33.210  -58.041  -44.687 0.4000000060
16277  -24.464  -57.736  -45.527 0.6000000238
16283  -23.873  -57.890  -45.580 0.6000000238
17022  -25.106  -56.155  -35.850 0.6000000238
17047  -25.071  -56.240  -37.265 0.6000000238
17054  -34.059  -56.751  -37.291 0.5000000000
17056  -36.033  -56.633  -37.479 0.5000000000
17070  -27.120  -56.937  -38.016 0.5000000000
17074  -34.660  -56.252  -38.685 0.4000000060
17075  -35.871  -55.999  -38.104 0.5000000000
17106  -31.342  -56.180  -40.287 0.5000000000
17116  -25.914  -56.820  -42.124 0.6000000238
17130  -26.157  -56.767  -43.141 0.6000000238
17131  -31.130  -56.719  -43.325 0.4000000060
17141  -31.376  -56.511  -43.941 0.4000000060
17155  -25.511  -56.607  -44.596 0.5000000000
17156  -26.332  -56.853  -44.770 0.6000000238
17948  -24.320  -55.379  -34.772 0.6000000238
17976  -24.425  -55.764  -36.984 0.6000000238
17992  -24.506  -55.529  -38.292 0.6000000238
17997  -36.601  -55.892  -38.651 0.4000000060
18011  -24.838  -55.831  -39.536 0.6000000238
18026  -25.122  -55.902  -41.143 0.6999999881
18039  -25.075  -55.144  -42.150 0.6000000238
18051  -25.273  -55.573  -42.905 0.6000000238
18075  -25.397  -56.147  -43.991 0.6000000238
18906  -22.741  -54.435  -35.671 0.5000000000
18913  -23.205  -54.644  -36.343 0.6000000238
18914  -23.839  -55.214  -36.718 0.6000000238
18922  -24.118  -55.157  -37.600 0.6000000238
18946  -20.588  -54.547  -39.233 0.5000000000
18947  -21.402  -54.492  -40.106 0.5000000000
18962  -24.504  -54.005  -40.543 0.6000000238
18985  -24.963  -54.648  -42.876 0.5000000000
18995  -24.706  -54.404  -43.126 0.5000000000
19782  -21.992  -53.582  -34.657 0.6000000238
19861  -21.197  -54.171  -39.818 0.5000000000
19876  -21.070  -53.425  -40.331 0.5000000000
19891  -24.757  -52.808  -42.024 0.5000000000
19896  -22.134  -52.953  -43.081 0.6000000238
19898  -24.108  -52.895  -43.154 0.5000000000
20788  -20.598  -52.025  -35.053 0.6000000238
20789  -20.970  -52.589  -35.006 0.6999999881
20790  -21.747  -52.847  -34.433 0.5000000000
20810  -20.999  -52.717  -35.650 0.6999999881
20821  -22.051  -53.080  -36.741 0.6000000238
20841  -23.506  -52.081  -38.904 0.6000000238
20853  -24.208  -52.494  -40.172 0.6000000238
20884  -19.142  -51.837  -41.268 0.5000000000
20885  -21.397  -51.824  -42.085 0.6000000238
20887  -24.641  -52.093  -41.859 0.6000000238
21778  -22.035  -51.208  -34.210 0.5000000000
21793  -20.837  -51.929  -36.814 0.6000000238
21800  -22.196  -51.293  -37.680 0.6000000238
21801  -22.681  -51.765  -37.859 0.6000000238
21823  -23.848  -51.821  -39.722 0.6000000238
21849  -23.412  -50.898  -42.370 0.6000000238
21850  -24.086  -51.545  -42.378 0.6000000238
21851  -24.377  -51.374  -41.601 0.6000000238
22724  -20.688  -51.308  -34.839 0.6000000238
22735  -19.548  -50.786  -35.980 0.4000000060
22737  -20.744  -50.479  -34.820 0.4000000060
22748  -12.696  -49.951  -38.136 0.6000000238
22749  -19.294  -49.779  -36.981 0.6999999881
22751  -20.873  -50.254  -37.614 0.6000000238
22758  -15.122  -49.881  -38.881 0.6999999881
22760  -22.728  -49.835  -38.795 0.6999999881
22768  -15.796  -50.299  -39.302 0.6000000238
22769  -16.617  -50.256  -39.637 0.6000000238
22770  -17.213  -50.167  -39.996 0.6000000238
22777  -17.581  -50.554  -40.364 0.5000000000
22778  -18.331  -50.383  -40.706 0.5000000000
22782  -23.191  -49.594  -40.985 0.6000000238
22787  -20.794  -50.573  -41.575 0.6000000238
22788  -21.842  -49.904  -41.629 0.6999999881
22789  -22.747  -49.818  -41.618 0.6000000238
22790  -23.480  -50.240  -41.670 0.6000000238
23689  -22.777  -49.388  -34.015 0.5000000000
23696  -19.784  -49.440  -35.585 0.5000000000
23702  -12.287  -49.229  -35.810 0.6000000238
23703  -12.624  -48.918  -36.573 0.6000000238
23710  -21.084  -49.165  -38.135 0.6999999881
23716  -14.515  -49.443  -38.461 0.6000000238
23718  -16.138  -49.158  -38.691 0.6999999881
23721  -21.605  -48.761  -38.888 0.6999999881
23722  -22.299  -49.006  -39.034 0.6999999881
23727  -15.785  -49.706  -38.883 0.6999999881
23740  -19.683  -49.213  -40.565 0.6000000238
23741  -20.709  -49.104  -40.732 0.6000000238
23742  -21.713  -49.113  -40.793 0.6000000238
24507  -23.521  -48.631  -33.215 0.5000000000
24523  -12.758  -48.416  -35.089 0.5000000000
24525  -13.802  -48.684  -34.397 0.5000000000
24527  -22.509  -48.616  -34.295 0.5000000000
24544  -12.558  -48.797  -35.427 0.5000000000
24545  -19.375  -48.827  -36.148 0.6000000238
24547  -21.073  -48.417  -35.294 0.6000000238
24565  -13.581  -48.057  -36.933 0.6000000238
24579  -13.318  -48.647  -37.207 0.6000000238
24580  -14.176  -48.363  -37.638 0.6000000238
24583  -19.154  -48.206  -37.855 0.6000000238
24584  -19.846  -48.434  -38.286 0.6999999881
24596  -15.658  -48.712  -38.199 0.6999999881
24598  -17.515  -48.113  -39.013 0.6999999881
24599  -18.339  -47.928  -39.199 0.6000000238
24600  -19.466  -47.972  -38.720 0.6999999881
24602  -21.109  -48.485  -39.403 0.6999999881
24612  -18.826  -48.346  -39.628 0.6999999881
24613  -20.489  -48.368  -39.649 0.6999999881
24614  -21.137  -48.572  -40.129 0.6000000238
25391  -15.185  -47.502  -33.425 0.5000000000
25403  -22.439  -47.774  -34.197 0.5000000000
25411  -12.806  -47.249  -35.834 0.5000000000
25413  -20.848  -47.804  -35.633 0.6000000238
25424  -19.634  -46.954  -36.718 0.6000000238
25434  -15.447  -47.644  -37.476 0.6000000238
25435  -16.526  -47.547  -37.689 0.6000000238
25436  -17.744  -46.595  -37.355 0.6000000238
25447  -17.899  -47.595  -38.753 0.6000000238
25449  -18.808  -47.669  -38.354 0.6000000238
26130  -17.251  -46.614  -23.329 0.3000000119
26153  -18.324  -46.662  -24.731 0.3000000119
26250  -15.057  -46.774  -33.083 0.5000000000
26251  -21.923  -46.266  -33.841 0.5000000000
26264  -21.478  -46.167  -35.092 0.6000000238
26266  -22.251  -46.986  -34.076 0.5000000000
26289  -15.196  -46.536  -36.893 0.6000000238
26291  -19.804  -45.911  -37.118 0.6000000238
26305  -16.809  -46.754  -37.265 0.6000000238
26307  -18.942  -46.529  -37.209 0.6000000238
26320  -17.920  -47.051  -38.112 0.6000000238
26976  -17.679  -46.045  -23.086 0.3000000119
26985  -18.775  -45.884  -23.604 0.3000000119
26986  -19.465  -45.316  -23.894 0.3000000119
27030  -21.847  -45.112  -30.763 0.5000000000
27039  -21.468  -45.261  -31.504 0.5000000000
27054  -13.423  -44.970  -33.062 0.4000000060
27058  -21.529  -45.531  -32.455 0.5000000000
27069  -12.715  -45.193  -33.898 0.5000000000
27071  -21.132  -45.096  -33.723 0.6000000238
27072  -21.619  -45.673  -33.352 0.6000000238
27073  -22.029  -46.007  -32.788 0.5000000000
27082  -12.440  -45.445  -34.716 0.4000000060
27083  -21.169  -45.432  -35.148 0.6999999881
27091  -12.519  -45.673  -35.466 0.5000000000
27100  -12.846  -45.891  -36.038 0.5000000000
27101  -13.709  -45.836  -36.323 0.6000000238
27104  -17.377  -45.153  -36.642 0.6000000238
27106  -19.480  -45.402  -36.972 0.6000000238
27115  -17.090  -46.003  -36.978 0.6000000238
27784  -19.273  -44.512  -23.243 0.3000000119
27785  -19.791  -44.725  -23.705 0.3000000119
27786  -20.401  -44.196  -23.977 0.3000000119
27798  -16.649  -45.360  -23.594 0.3000000119
27806  -19.884  -44.562  -24.921 0.3000000119
27818  -19.279  -44.218  -25.710 0.3000000119
27831  -16.469  -44.552  -28.155 0.4000000060
27841  -22.588  -44.498  -29.642 0.4000000060
27848  -20.825  -43.924  -30.592 0.4000000060
27850  -21.908  -44.604  -30.247 0.4000000060
27858  -20.677  -44.720  -31.507 0.5000000000
27869  -19.743  -44.340  -32.471 0.5000000000
27883  -20.529  -44.641  -34.088 0.6999999881
27893  -12.402  -44.630  -34.548 0.4000000060
27903  -19.694  -44.215  -35.544 0.6999999881
27904  -20.066  -44.733  -36.127 0.6999999881
27914  -16.589  -44.470  -36.454 0.6000000238
28713  -16.077  -43.287  -27.979 0.4000000060
28723  -16.173  -44.015  -28.030 0.4000000060
28724  -24.124  -43.402  -28.718 0.4000000060
28733  -15.355  -43.580  -29.189 0.4000000060
28734  -22.747  -43.680  -29.533 0.4000000060
28750  -18.923  -43.397  -31.693 0.5000000000
28751  -19.462  -43.655  -31.471 0.5000000000
28761  -17.692  -43.199  -32.797 0.5000000000
28772  -17.528  -43.023  -33.664 0.5000000000
28783  -12.996  -43.546  -35.127 0.5000000000
28794  -13.874  -43.540  -35.639 0.6000000238
28795  -14.771  -43.544  -36.069 0.6000000238
28797  -17.074  -42.772  -36.003 0.6999999881
28798  -17.913  -42.981  -35.938 0.6999999881
28800  -19.133  -43.636  -35.103 0.6000000238
28808  -15.776  -43.739  -36.287 0.6000000238
28809  -16.906  -43.576  -36.224 0.6000000238
28811  -18.426  -43.666  -36.089 0.6000000238
29611  -16.175  -42.600  -27.929 0.4000000060
29613  -17.528  -42.546  -27.365 0.4000000060
29614  -18.526  -42.206  -27.255 0.4000000060
29627  -14.617  -42.332  -29.525 0.4000000060
29628  -22.665  -42.940  -29.742 0.4000000060
29665  -12.872  -42.208  -34.048 0.5000000000
29666  -16.905  -42.548  -33.716 0.5000000000
29687  -15.494  -42.371  -35.546 0.6000000238
29689  -17.367  -42.694  -35.590 0.6999999881
30536  -17.805  -41.757  -27.659 0.4000000060
30545  -15.485  -41.723  -28.446 0.4000000060
30571  -22.618  -41.261  -30.411 0.4000000060
30576  -19.069  -41.966  -31.652 0.4000000060
30577  -19.694  -41.100  -31.892 0.5000000000
30586  -15.579  -40.861  -32.754 0.5000000000
30587  -16.213  -41.470  -32.594 0.5000000000
30599  -12.274  -42.027  -33.322 0.3000000119
30622  -15.184  -41.820  -35.034 0.6000000238
31468  -17.680  -40.503  -28.503 0.3000000119
31494  -22.130  -40.797  -30.801 0.4000000060
31499  -21.692  -40.128  -31.101 0.3000000119
31513  -19.363  -40.347  -32.335 0.4000000060
31521  -12.317  -41.196  -33.086 0.4000000060
31523  -14.299  -40.544  -33.410 0.4000000060
32406  -14.486  -39.406  -29.580 0.3000000119
32409  -17.483  -39.228  -29.191 0.3000000119
32429  -22.052  -39.328  -30.904 0.3000000119
32440  -15.996  -39.732  -32.612 0.4000000060
32442  -18.289  -39.271  -32.929 0.4000000060
32444  -19.794  -39.674  -32.200 0.3000000119
32454  -16.728  -38.996  -33.027 0.3000000119
33379  -13.001  -38.414  -30.928 0.3000000119
33395  -13.096  -38.173  -31.516 0.3000000119
33408  -13.378  -37.952  -31.995 0.3000000119
33425  -17.315  -38.148  -33.475 0.3000000119
34336  -16.927  -37.868  -29.632 0.3000000119
34349  -14.006  -37.375  -30.835 0.3000000119
34369  -13.511  -37.511  -31.799 0.3000000119
34386  -14.115  -37.543  -33.066 0.3000000119
35326  -13.688  -36.874  -32.188 0.3000000119
35327  -14.080  -36.312  -32.018 0.3000000119
35357  -14.064  -36.086  -33.246 0.3000000119
36399  -14.356  -34.706  -33.123 0.3000000119
37438  -15.097  -34.136  -33.688 0.3000000119
118842  -33.881  -64.501  -52.965 0.5000000000
118847  -35.223  -63.731  -52.189 0.6000000238
118937  -15.978  -44.185  -28.679 0.3000000119
118949  -12.282  -42.698  -33.242 0.4000000060
118955  -13.076  -40.633  -30.741 0.3000000119
118957  -12.120  -40.543  -32.544 0.4000000060
119741  -38.960  -61.873  -49.192 0.5000000000
119944  -12.060  -41.800  -31.993 0.3000000119
119976  -12.440  -39.548  -31.631 0.3000000119
120070  -12.835  -39.190  -30.892 0.3000000119
120244  -33.773  -63.649  -50.011 0.6000000238
120319  -23.804  -50.807  -40.088 0.6000000238
120479  -13.927  -41.973  -30.087 0.3000000119
120518  -31.159  -56.209  -41.337 0.4000000060
121517  -34.707  -64.801  -54.073 0.5000000000
122208  -37.765  -63.879  -41.914 0.3000000119
122232  -13.653  -47.318  -36.613 0.5000000000
122365  -24.317  -53.375  -40.088 0.6000000238
122366  -29.016  -61.348  -37.603 0.6000000238
122691  -26.222  -57.731  -45.584 0.5000000000
122899  -29.910  -64.197  -36.639 0.5000000000
123276  -32.955  -67.396  -37.806 0.3000000119
123293  -28.304  -58.381  -43.953 0.6000000238
123556  -20.778  -49.129  -35.187 0.5000000000
123889  -35.281  -64.097  -47.652 0.5000000000
125413  -19.200  -48.046  -36.592 0.6000000238
125495  -28.352  -57.583  -38.991 0.5000000000
125686  -18.995  -44.856  -36.755 0.6000000238
125754  -31.043  -64.062  -37.477 0.5000000000
125842  -23.838  -64.202  -40.076 0.5000000000
125900  -33.517  -64.729  -41.163 0.4000000060
126034  -25.968  -57.110  -40.197 0.6000000238
126062  -24.220  -63.857  -43.863 0.5000000000
126132  -31.669  -68.752  -37.876 0.3000000119
126261  -37.518  -63.505  -50.451 0.5000000000
126279  -33.216  -60.903  -35.554 0.4000000060
126672  -24.327  -63.296  -35.997 0.6000000238
126722  -27.388  -58.081  -41.304 0.6000000238
127628  -22.655  -49.176  -40.380 0.6999999881
127923  -34.910  -69.535  -41.901 0.3000000119
128034  -14.122  -46.502  -33.552 0.5000000000
128334  -23.056  -52.997  -37.870 0.5000000000
128613  -30.908  -66.540  -43.013 0.6000000238
128675  -36.900  -64.264  -49.940 0.4000000060
128800  -25.811  -56.475  -37.143 0.6000000238
129366  -25.207  -64.505  -41.050 0.4000000060
129656  -28.814  -62.549  -47.944 0.5000000000
130607  -24.441  -53.622  -43.110 0.5000000000
130637  -26.149  -61.648  -40.322 0.6999999881
130722  -26.259  -57.257  -41.493 0.6000000238
130801  -22.971  -64.249  -40.509 0.5000000000
131314  -19.513  -44.829  -36.573 0.6000000238
131372  -25.288  -64.669  -42.870 0.5000000000
131510  -28.360  -65.769  -44.126 0.6000000238
131772  -27.191  -65.998  -42.440 0.6000000238
131948  -16.219  -42.444  -35.809 0.6999999881
132363  -27.997  -62.527  -48.030 0.5000000000
132555  -13.635  -40.262  -33.245 0.4000000060
133165  -38.214  -63.055  -48.395 0.5000000000
133245  -20.770  -43.421  -24.357 0.3000000119
133447  -16.648  -37.522  -33.665 0.3000000119
134112  -23.984  -64.174  -37.948 0.5000000000
134509  -30.855  -62.107  -34.968 0.5000000000
134847  -22.607  -50.410  -42.130 0.6000000238
134866  -21.740  -65.040  -41.988 0.5000000000
135005  -25.410  -61.088  -40.322 0.6999999881
135042  -23.420  -59.762  -44.570 0.6000000238
135196  -15.765  -33.700  -33.015 0.3000000119
135223  -26.715  -64.270  -35.749 0.6999999881
135295  -24.751  -53.929  -42.840 0.5000000000
135895  -33.468  -63.112  -47.470 0.6000000238
136027  -36.737  -63.130  -52.488 0.5000000000
136244  -39.128  -61.649  -47.988 0.5000000000
136251  -12.661  -43.819  -32.837 0.4000000060
136267  -38.097  -62.266  -49.759 0.5000000000
136268  -36.965  -62.691  -51.693 0.5000000000
136299  -37.169  -62.751  -52.471 0.5000000000
137012  -24.001  -50.845  -41.956 0.6000000238
137116  -23.547  -54.541  -37.220 0.5000000000
137247  -29.163  -65.768  -38.351 0.6000000238
137321  -31.766  -68.185  -37.531 0.3000000119
137682  -32.189  -65.816  -42.834 0.6000000238
138733  -34.448  -63.460  -36.824 0.4000000060
138937  -23.412  -63.991  -37.536 0.5000000000
139224  -31.563  -64.381  -38.465 0.4000000060
139227  -27.723  -62.117  -42.203 0.6000000238
139683  -19.453  -44.365  -36.156 0.6000000238
139690  -23.097  -60.056  -40.162 0.5000000000
139819  -35.375  -69.278  -40.815 0.3000000119
139848  -37.744  -63.233  -51.459 0.5000000000
140527  -13.530  -42.333  -34.529 0.5000000000
140697  -29.962  -61.695  -39.511 0.6000000238
140747  -19.781  -63.349  -38.840 0.5000000000
140872  -27.427  -61.965  -38.307 0.6000000238
140959  -38.322  -63.860  -41.332 0.3000000119
141934  -22.815  -63.582  -44.963 0.5000000000
142016  -34.817  -62.035  -36.764 0.4000000060
142053  -21.340  -51.302  -34.500 0.5000000000
142511  -34.250  -61.619  -36.570 0.4000000060
142887  -23.647  -60.315  -41.667 0.6999999881
142899  -12.905  -48.089  -34.860 0.5000000000
143019  -24.732  -43.586  -28.387 0.4000000060
143298  -33.388  -59.682  -44.629 0.4000000060
143366  -24.477  -59.583  -44.677 0.6000000238
143428  -13.498  -50.153  -38.674 0.5000000000
143813  -15.761  -44.150  -29.318 0.3000000119
143822  -34.792  -64.843  -39.636 0.3000000119
143919  -36.537  -68.457  -39.166 0.3000000119
143920  -26.896  -56.977  -44.849 0.5000000000
144121  -20.333  -51.672  -36.610 0.6000000238
144181  -34.564  -59.947  -36.448 0.4000000060
144184  -23.117  -40.866  -30.218 0.4000000060
144338  -19.665  -50.209  -35.620 0.5000000000
144399  -27.720  -58.874  -45.455 0.6000000238
144431  -27.892  -65.056  -44.972 0.5000000000
144692  -37.903  -64.028  -43.839 0.3000000119
144712  -32.863  -58.227  -44.547 0.4000000060
144846  -27.069  -63.355  -35.102 0.6999999881
144878  -12.530  -40.087  -32.736 0.3000000119
145030  -35.044  -65.685  -46.734 0.4000000060
145043  -18.830  -45.048  -23.066 0.3000000119
145091  -24.772  -55.915  -38.795 0.6000000238
145159  -22.996  -49.996  -33.788 0.5000000000
145194  -38.684  -61.634  -48.776 0.5000000000
