#!ascii label  , from subject sub-v1s14x0051562_ses-1 vox2ras=TkReg
2288
132701  12.015  -34.951  38.630 0.1111110002
138150  11.146  -34.914  38.703 0.1111110002
33285  10.425  -34.811  38.214 0.2222220004
33278  9.577  -34.729  38.727 0.4444440007
34324  15.748  -33.922  38.275 0.1111110002
33274  14.080  -34.759  38.947 0.1111110002
33283  13.480  -34.929  38.182 0.1111110002
136649  15.023  -34.326  37.822 0.1111110002
33284  12.674  -34.998  37.982 0.1111110002
35367  16.793  -33.070  37.413 0.2222220004
35368  16.019  -33.497  36.908 0.2222220004
33290  14.222  -34.771  37.806 0.1111110002
128499  11.248  -34.926  37.930 0.3333329856
33286  9.754  -34.435  37.766 0.4444440007
34326  8.703  -34.323  38.161 0.4444440007
34320  8.230  -34.762  38.848 0.4444440007
34321  7.812  -34.656  38.171 0.2222220004
126225  11.932  -34.976  37.758 0.1111110002
35375  16.557  -32.989  36.473 0.2222220004
34333  14.693  -34.342  37.085 0.2222220004
33291  13.238  -34.883  37.385 0.1111110002
36336  17.197  -32.743  35.930 0.2222220004
35376  15.729  -33.308  36.049 0.2222220004
34341  15.198  -33.831  36.535 0.2222220004
33294  10.631  -34.609  37.388 0.4444440007
36350  16.861  -32.387  34.063 0.2222220004
34336  9.313  -33.688  37.408 0.4444440007
34327  7.894  -33.992  37.790 0.3333329856
34328  7.444  -33.683  37.504 0.2222220004
34329  6.991  -33.610  37.383 0.3333329856
34338  6.438  -33.293  36.718 0.2222220004
33293  11.466  -34.766  37.200 0.4444440007
35383  16.312  -32.894  35.575 0.2222220004
34342  14.269  -33.990  36.253 0.2222220004
33298  13.776  -34.573  36.812 0.2222220004
34334  10.983  -34.260  36.710 0.4444440007
36376  17.076  -31.797  32.494 0.2222220004
35393  15.978  -32.721  34.543 0.2222220004
35377  14.797  -33.547  35.647 0.3333329856
34350  13.726  -33.498  35.330 0.3333329856
34351  12.787  -33.423  35.414 0.3333329856
34346  10.630  -33.417  36.489 0.5555559993
35369  9.871  -32.825  36.932 0.5555559993
36364  16.296  -32.003  33.114 0.2222220004
35394  14.898  -32.783  34.348 0.3333329856
142684  9.130  -32.786  37.276 0.4444440007
143635  17.027  -31.424  31.642 0.4444440007
35362  7.889  -32.553  37.408 0.4444440007
37288  17.606  -31.012  31.162 0.2222220004
35363  7.329  -32.566  37.229 0.4444440007
33302  6.324  -33.715  36.730 0.1111110002
34344  12.335  -33.874  36.003 0.4444440007
34345  11.442  -33.577  36.120 0.5555559993
35385  14.374  -33.016  34.912 0.3333329856
34352  12.019  -33.146  35.570 0.5555559993
35378  11.046  -32.845  36.157 0.5555559993
120089  15.955  -32.428  33.703 0.3333329856
36351  15.310  -32.529  33.834 0.2222220004
35395  13.881  -32.600  34.184 0.3333329856
35396  12.914  -32.276  34.450 0.5555559993
35387  12.448  -32.657  35.086 0.5555559993
35379  10.561  -32.264  36.526 0.6666669846
36377  15.543  -31.716  32.380 0.3333329856
36365  15.178  -32.024  33.130 0.3333329856
36353  13.325  -31.686  33.633 0.5555559993
36328  10.057  -31.401  36.971 0.6666669846
35361  8.673  -32.063  37.418 0.6666669846
36318  8.467  -31.167  37.468 0.5555559993
37301  17.963  -30.639  30.337 0.3333329856
37289  16.494  -30.910  31.091 0.4444440007
36329  9.433  -31.762  37.276 0.7777780294
34348  6.624  -33.173  36.349 0.1111110002
38195  17.912  -29.554  29.156 0.6666669846
37302  16.940  -30.538  30.396 0.3333329856
35364  7.147  -32.343  37.047 0.2222220004
35372  6.858  -32.583  36.351 0.2222220004
36343  12.124  -31.715  34.902 0.5555559993
36337  11.485  -31.140  35.520 0.5555559993
36338  11.129  -31.869  36.029 0.5555559993
37274  15.058  -31.129  31.830 0.5555559993
143302  13.972  -30.974  32.599 0.6666669846
37261  13.408  -30.837  33.051 0.6666669846
36354  12.452  -31.147  34.283 0.5555559993
36327  10.594  -30.972  36.603 0.7777780294
37231  10.254  -30.180  37.088 0.6666669846
36307  9.017  -30.102  37.697 0.5555559993
38165  14.084  -29.763  32.163 0.7777780294
37276  13.686  -30.246  32.623 0.8888890147
36316  9.740  -30.580  37.334 0.6666669846
39093  18.354  -28.983  28.611 0.6666669846
38187  15.702  -29.240  30.574 0.7777780294
38175  15.226  -29.767  31.103 0.7777780294
36330  7.271  -31.775  36.677 0.2222220004
38156  13.160  -29.821  33.301 0.8888890147
37251  12.769  -30.455  33.737 0.7777780294
37244  12.298  -29.901  34.542 0.8888890147
38176  14.563  -29.275  31.685 0.8888890147
38155  13.582  -29.257  32.885 0.8888890147
38147  12.778  -29.312  34.158 0.8888890147
139199  12.551  -28.965  34.890 0.8888890147
38196  16.956  -29.190  29.495 0.6666669846
39087  16.226  -28.696  30.101 0.7777780294
39082  15.123  -28.770  31.252 0.8888890147
39070  13.844  -28.259  33.413 0.8888890147
38146  13.314  -28.766  33.813 0.8888890147
39960  18.363  -27.586  27.852 0.6666669846
39094  17.462  -28.680  28.958 0.6666669846
39095  16.757  -28.186  29.587 0.7777780294
39930  15.168  -27.416  32.757 0.8888890147
39069  14.471  -27.794  33.067 0.8888890147
39075  14.685  -28.236  32.086 0.8888890147
39076  14.087  -28.732  32.473 0.8888890147
39066  13.752  -27.899  34.296 0.7777780294
39947  16.245  -27.724  30.384 0.7777780294
40824  18.382  -26.786  27.612 0.7777780294
40804  17.676  -27.429  28.469 0.7777780294
39965  20.162  -27.082  26.897 0.7777780294
40823  19.495  -26.417  26.706 0.7777780294
39065  14.354  -27.508  33.973 0.6666669846
39938  15.961  -27.349  31.359 0.8888890147
39929  15.855  -27.061  32.430 0.8888890147
39921  15.640  -26.775  33.363 0.7777780294
39922  14.991  -27.129  33.678 0.6666669846
40787  17.355  -26.898  29.111 0.7777780294
126762  17.024  -26.427  30.638 0.8888890147
41717  21.780  -25.656  25.529 0.5555559993
40838  21.259  -26.190  26.107 0.5555559993
41701  20.349  -25.826  25.912 0.7777780294
41702  19.743  -25.760  26.291 0.7777780294
41684  19.190  -25.608  26.827 0.7777780294
125879  18.187  -26.098  27.968 0.7777780294
41718  20.797  -25.502  25.451 0.7777780294
132462  19.942  -25.005  25.909 0.7777780294
42615  19.525  -24.253  26.718 0.7777780294
45536  26.881  -22.289  25.690 0.3333329856
45561  26.553  -22.174  24.826 0.4444440007
39928  16.435  -26.611  32.029 0.8888890147
42625  23.171  -24.890  25.370 0.4444440007
42621  22.709  -25.416  25.870 0.3333329856
41656  17.979  -25.580  28.916 0.7777780294
40774  17.278  -26.327  29.920 0.8888890147
41618  17.431  -25.801  30.776 0.8888890147
40769  17.061  -26.097  31.577 0.8888890147
133567  19.151  -24.750  27.191 0.7777780294
42608  18.889  -24.460  28.160 0.8888890147
42626  22.272  -25.172  24.989 0.6666669846
42627  21.303  -25.037  24.906 0.7777780294
42628  20.461  -24.505  25.284 0.7777780294
42636  21.775  -24.582  24.325 0.7777780294
43566  20.972  -24.066  24.661 0.7777780294
44552  26.123  -22.658  25.465 0.3333329856
44539  25.731  -23.030  26.157 0.2222220004
43558  24.658  -23.903  26.335 0.3333329856
134255  25.515  -23.047  25.492 0.3333329856
45579  27.127  -21.700  24.113 0.4444440007
43559  23.942  -24.349  25.901 0.3333329856
43564  24.472  -23.905  25.380 0.4444440007
41601  17.326  -24.597  32.706 0.7777780294
41602  16.859  -25.128  32.954 0.7777780294
40755  16.389  -25.617  33.321 0.6666669846
46616  27.206  -21.326  23.138 0.5555559993
43565  23.700  -24.413  24.840 0.5555559993
41617  17.856  -24.958  30.920 0.8888890147
140523  17.457  -25.386  31.497 0.7777780294
41609  17.212  -25.324  32.231 0.7777780294
42599  18.450  -24.629  29.001 0.8888890147
42635  22.745  -24.678  24.448 0.7777780294
43560  19.975  -23.820  26.149 0.8888890147
43552  19.297  -23.849  27.666 0.8888890147
43572  22.237  -24.134  23.754 0.7777780294
43573  21.460  -23.695  24.023 0.7777780294
43567  20.431  -23.211  25.492 0.7777780294
44540  25.140  -23.469  25.860 0.4444440007
45580  26.396  -22.093  24.002 0.4444440007
142374  26.080  -22.539  24.870 0.5555559993
44553  25.592  -22.889  24.788 0.5555559993
44554  25.009  -23.383  25.041 0.4444440007
42561  18.084  -23.989  31.560 0.7777780294
45599  26.507  -21.860  23.254 0.5555559993
45600  25.802  -22.424  23.378 0.5555559993
44564  25.352  -22.893  23.913 0.5555559993
134980  24.974  -23.253  24.330 0.5555559993
42582  18.613  -23.880  29.903 0.8888890147
128200  18.222  -24.192  30.646 0.7777780294
41608  17.619  -24.725  31.902 0.7777780294
138098  27.248  -20.897  22.222 0.5555559993
44575  24.979  -22.823  23.099 0.5555559993
44565  24.637  -23.344  23.584 0.5555559993
138411  19.450  -23.085  28.112 0.8888890147
43528  19.100  -23.263  29.397 0.8888890147
120596  27.689  -20.478  21.461 0.5555559993
119720  26.490  -21.121  21.680 0.6666669846
45614  25.078  -22.104  22.002 0.6666669846
44590  24.595  -22.600  22.371 0.7777780294
44576  24.183  -23.134  22.783 0.7777780294
43571  23.275  -24.213  23.887 0.7777780294
121710  20.141  -22.822  26.532 0.8888890147
43543  19.161  -23.542  28.547 0.8888890147
47600  27.913  -19.955  20.638 0.6666669846
46676  27.175  -20.282  20.755 0.6666669846
45613  25.704  -21.534  21.615 0.6666669846
44591  23.745  -22.614  22.233 0.7777780294
44578  22.365  -22.749  22.964 0.7777780294
43579  21.880  -23.305  23.455 0.7777780294
44555  20.984  -22.997  24.649 0.7777780294
47661  32.257  -19.496  18.570 0.5555559993
47662  31.570  -19.559  18.722 0.5555559993
47663  30.853  -19.429  18.526 0.7777780294
47644  30.431  -19.658  19.146 0.6666669846
47624  29.247  -19.792  19.841 0.6666669846
47625  28.376  -19.680  19.826 0.6666669846
46677  26.382  -20.376  20.501 0.6666669846
46678  25.523  -20.361  20.501 0.7777780294
47645  29.606  -19.527  19.089 0.7777780294
128786  27.858  -19.134  19.194 0.6666669846
47647  27.026  -19.100  19.373 0.7777780294
43501  18.916  -22.597  31.181 0.8888890147
43515  19.017  -22.982  30.284 0.8888890147
42560  18.562  -23.459  30.897 0.7777780294
44504  19.444  -22.749  28.856 0.8888890147
45615  24.241  -22.074  21.840 0.7777780294
44524  20.163  -21.914  27.391 0.8888890147
43542  19.738  -22.345  28.207 0.8888890147
48530  34.210  -18.772  18.175 0.5555559993
48531  33.283  -18.943  17.911 0.5555559993
46652  25.191  -20.944  20.981 0.6666669846
45632  24.734  -21.525  21.398 0.7777780294
45616  23.391  -21.820  22.032 0.7777780294
141543  22.422  -22.139  22.734 0.7777780294
45583  21.542  -21.876  24.004 0.7777780294
124644  21.124  -21.388  25.378 0.8888890147
45537  20.873  -21.239  26.147 0.8888890147
47660  32.949  -19.390  18.421 0.5555559993
48533  31.472  -19.122  17.970 0.8888890147
134377  29.746  -18.710  18.051 0.8888890147
47626  26.908  -19.808  20.009 0.6666669846
47627  25.779  -19.569  20.014 0.7777780294
46679  24.774  -20.179  20.725 0.8888890147
47602  24.190  -19.786  21.239 0.8888890147
46633  23.178  -20.845  22.119 0.8888890147
46618  22.117  -20.760  23.486 0.8888890147
128030  21.755  -21.134  23.990 0.8888890147
45582  21.488  -21.029  24.804 0.8888890147
48549  29.906  -18.345  17.728 0.8888890147
47665  29.216  -18.948  18.458 0.8888890147
48519  26.348  -18.196  19.359 0.8888890147
48505  25.652  -18.413  19.856 0.8888890147
48506  25.071  -18.831  20.335 0.8888890147
48535  29.167  -18.221  18.005 0.8888890147
48536  28.272  -18.487  18.566 0.8888890147
48518  27.248  -18.237  18.968 0.8888890147
44462  19.318  -22.084  30.551 0.8888890147
131622  19.996  -21.362  28.445 0.8888890147
44480  19.377  -22.429  29.681 0.8888890147
123802  20.620  -21.119  27.021 0.8888890147
46654  23.703  -20.309  21.652 0.8888890147
45633  23.876  -21.266  21.549 0.8888890147
45562  21.272  -20.558  25.798 0.8888890147
49503  33.745  -18.398  17.351 0.8888890147
130680  31.809  -18.697  17.348 0.8888890147
48547  31.119  -18.520  17.311 0.8888890147
48489  24.771  -18.366  21.092 0.8888890147
47587  23.198  -19.807  22.442 0.8888890147
46617  22.611  -20.280  22.923 0.7777780294
46597  22.267  -19.705  23.893 0.8888890147
46598  21.830  -20.261  24.391 0.7777780294
49528  32.253  -17.672  16.266 0.8888890147
48555  31.069  -17.986  16.970 0.8888890147
49519  29.802  -17.904  17.551 0.8888890147
49493  27.776  -17.146  18.851 0.7777780294
49494  27.268  -17.386  19.010 0.7777780294
49477  25.945  -17.268  19.977 0.8888890147
49460  25.272  -17.814  20.587 0.8888890147
49505  28.372  -17.695  18.339 0.7777780294
49506  27.715  -17.805  18.624 0.8888890147
45478  19.972  -21.003  29.385 0.7777780294
44451  19.782  -21.259  30.839 0.4444440007
44461  19.698  -21.591  29.961 0.7777780294
124426  20.480  -20.710  27.899 0.7777780294
50387  36.899  -16.909  19.044 0.4444440007
50388  36.324  -17.402  18.550 0.5555559993
49492  35.102  -18.479  18.513 0.5555559993
141887  20.764  -20.493  27.404 0.8888890147
46578  22.178  -19.337  24.901 0.7777780294
124506  22.115  -19.017  25.853 0.7777780294
46563  21.584  -19.603  26.303 0.7777780294
50405  35.238  -17.429  17.365 0.7777780294
49516  34.295  -17.700  16.979 0.8888890147
49517  33.265  -17.881  16.550 0.8888890147
48478  24.135  -18.505  22.471 0.8888890147
47577  23.506  -18.887  22.951 0.7777780294
47570  23.435  -18.513  23.985 0.7777780294
47571  22.736  -18.834  24.430 0.7777780294
46579  21.679  -19.938  25.339 0.7777780294
50422  33.834  -17.192  16.273 0.8888890147
50435  32.432  -16.799  15.667 0.8888890147
50436  31.613  -16.889  16.045 0.8888890147
50424  30.553  -16.996  17.227 0.7777780294
50408  29.448  -16.911  18.179 0.7777780294
121754  29.490  -16.481  19.026 0.7777780294
122084  27.851  -16.518  19.455 0.7777780294
50374  26.624  -16.682  19.829 0.7777780294
49459  25.830  -16.986  21.152 0.7777780294
49448  25.214  -17.550  21.615 0.7777780294
134031  24.689  -18.075  22.026 0.8888890147
49504  29.198  -17.532  18.012 0.8888890147
45491  20.419  -20.456  28.844 0.5555559993
45477  20.532  -20.177  29.787 0.4444440007
142413  37.972  -16.228  19.620 0.2222220004
50386  37.539  -16.538  19.387 0.3333329856
134539  20.848  -19.973  28.505 0.5555559993
51289  37.210  -16.198  18.790 0.2222220004
46551  21.624  -19.285  27.280 0.4444440007
50404  36.002  -17.023  17.820 0.6666669846
46562  22.172  -18.749  26.816 0.7777780294
50420  35.632  -16.670  17.072 0.7777780294
141474  35.079  -16.214  16.479 0.8888890147
48469  24.806  -17.648  23.951 0.7777780294
47563  22.734  -18.554  25.421 0.6666669846
51327  33.682  -15.798  15.604 0.8888890147
50448  32.814  -15.961  15.378 0.8888890147
51328  31.883  -15.342  15.636 0.8888890147
140315  31.085  -15.514  17.125 0.7777780294
50423  30.822  -16.246  17.675 0.7777780294
50392  28.852  -16.370  19.753 0.7777780294
50372  28.060  -16.207  20.484 0.7777780294
50359  26.517  -16.460  20.618 0.7777780294
50344  26.590  -16.384  21.702 0.7777780294
143543  25.178  -17.504  22.465 0.6666669846
49369  27.750  -16.740  27.529 0.3333329856
48408  27.166  -17.007  28.299 0.2222220004
47528  25.749  -17.414  28.888 0.1111110002
47510  24.345  -18.222  28.965 0.1111110002
46535  23.731  -18.788  29.317 0.1111110002
46536  22.631  -19.032  29.115 0.2222220004
49396  30.860  -16.249  25.746 0.1111110002
49398  29.056  -16.369  25.917 0.3333329856
48424  26.733  -16.783  27.477 0.2222220004
48425  25.772  -16.764  27.357 0.2222220004
48410  24.398  -17.423  27.551 0.2222220004
47530  23.852  -17.869  28.036 0.1111110002
47511  23.391  -18.386  28.357 0.2222220004
46528  21.061  -19.696  29.296 0.2222220004
120693  39.207  -15.719  19.516 0.2222220004
51288  37.918  -15.879  19.125 0.2222220004
49413  30.953  -15.911  24.931 0.1111110002
119595  29.692  -16.096  25.189 0.2222220004
129929  27.999  -16.477  25.831 0.3333329856
49384  27.339  -16.677  26.664 0.2222220004
48426  24.896  -16.968  27.026 0.2222220004
47531  23.015  -18.252  27.397 0.2222220004
138756  22.864  -18.742  28.566 0.3333329856
134112  21.966  -19.059  28.244 0.3333329856
124167  39.459  -15.368  18.929 0.3333329856
122624  37.536  -15.710  18.287 0.4444440007
49443  32.017  -15.775  23.479 0.1111110002
49430  31.065  -15.711  23.745 0.2222220004
49414  30.299  -15.860  24.469 0.2222220004
49415  28.693  -16.215  25.071 0.3333329856
49399  26.941  -16.656  25.761 0.2222220004
143343  25.315  -17.046  25.742 0.2222220004
48443  24.784  -17.209  26.062 0.2222220004
48427  24.161  -17.441  26.531 0.2222220004
47549  22.797  -18.341  26.398 0.3333329856
46550  22.484  -18.661  27.769 0.3333329856
51299  38.302  -15.417  18.434 0.4444440007
51301  36.326  -16.164  17.573 0.6666669846
51279  32.024  -14.549  20.904 0.5555559993
50367  31.783  -15.009  21.514 0.4444440007
49474  31.149  -15.579  21.993 0.4444440007
128793  30.695  -15.819  22.290 0.4444440007
50328  29.817  -15.857  23.064 0.4444440007
50330  27.801  -16.172  23.067 0.5555559993
49417  26.441  -16.778  24.769 0.4444440007
49401  25.632  -17.040  25.145 0.4444440007
48457  24.900  -17.417  25.048 0.3333329856
48444  24.083  -17.623  25.521 0.5555559993
51314  36.981  -15.473  17.535 0.6666669846
51315  35.779  -15.925  16.823 0.7777780294
120806  32.247  -13.744  19.739 0.7777780294
120570  31.587  -14.859  20.239 0.6666669846
50369  31.079  -15.868  20.758 0.6666669846
49457  30.744  -15.896  21.762 0.5555559993
50342  29.243  -16.053  22.382 0.6666669846
141478  28.314  -16.089  22.470 0.6666669846
49433  26.205  -16.803  23.561 0.5555559993
49418  25.555  -17.143  24.310 0.5555559993
128101  23.393  -18.187  24.983 0.5555559993
52275  37.492  -14.752  17.037 0.7777780294
52276  36.544  -14.899  16.753 0.7777780294
51325  35.279  -15.575  16.321 0.8888890147
51340  33.185  -15.129  15.359 0.8888890147
52298  32.803  -14.568  15.400 0.8888890147
132502  31.648  -13.996  16.675 0.7777780294
51291  31.496  -15.037  19.433 0.7777780294
50390  31.099  -15.976  19.858 0.7777780294
50370  30.802  -16.179  20.286 0.6666669846
50371  29.210  -16.193  20.907 0.6666669846
50357  28.405  -16.102  21.616 0.7777780294
49447  25.904  -16.972  22.383 0.5555559993
52277  35.789  -15.238  16.540 0.8888890147
52288  34.990  -14.769  16.015 0.8888890147
52297  33.536  -14.257  15.407 0.8888890147
51286  39.998  -15.639  19.647 0.1111110002
52256  40.236  -15.080  18.779 0.3333329856
52257  38.949  -15.215  18.505 0.4444440007
52266  38.710  -14.906  17.929 0.5555559993
52267  37.892  -15.089  17.768 0.4444440007
122935  38.426  -14.549  17.173 0.5555559993
120831  32.994  -12.924  19.929 0.7777780294
123714  35.880  -14.661  16.233 0.8888890147
52278  31.933  -13.177  17.424 0.7777780294
123996  32.463  -12.610  18.039 0.7777780294
120395  37.184  -14.446  16.399 0.8888890147
123099  34.176  -13.790  15.445 0.8888890147
53282  33.675  -13.272  15.461 0.8888890147
53262  32.482  -12.473  16.884 0.7777780294
51285  40.912  -15.364  19.351 0.2222220004
121068  41.090  -14.817  18.592 0.4444440007
52265  39.541  -14.844  18.141 0.4444440007
52244  33.893  -12.796  21.334 0.3333329856
52264  40.441  -14.575  17.974 0.4444440007
53243  33.965  -12.479  19.921 0.5555559993
123092  39.135  -14.563  17.485 0.5555559993
53252  33.663  -12.394  19.396 0.6666669846
54202  33.855  -12.038  18.648 0.5555559993
141542  38.550  -14.173  16.718 0.6666669846
54216  33.151  -12.101  17.801 0.6666669846
54215  34.184  -11.717  17.543 0.6666669846
52286  37.973  -14.210  16.466 0.6666669846
53271  37.285  -13.917  15.875 0.8888890147
53279  36.451  -13.526  15.334 0.8888890147
53281  34.596  -13.236  15.404 0.8888890147
54226  34.075  -12.005  15.921 0.7777780294
55176  34.711  -11.678  16.031 1.0000000000
53278  37.417  -13.368  15.229 0.8888890147
54236  35.181  -12.530  15.277 1.0000000000
122591  35.561  -12.424  21.447 0.2222220004
52263  41.946  -14.542  18.436 0.2222220004
53232  34.725  -12.531  21.017 0.3333329856
53241  35.612  -12.263  20.503 0.4444440007
53251  41.278  -14.287  17.873 0.3333329856
53242  34.724  -12.366  20.168 0.3333329856
54187  34.444  -12.204  19.385 0.4444440007
52273  40.658  -13.929  17.225 0.4444440007
54201  34.871  -11.917  18.548 0.6666669846
122071  39.876  -13.778  16.740 0.5555559993
55162  34.902  -11.563  16.830 0.6666669846
55184  36.106  -11.457  15.467 1.0000000000
53270  38.657  -13.850  16.330 0.7777780294
123230  38.080  -13.676  15.809 0.8888890147
55199  35.925  -12.059  14.834 1.0000000000
129038  36.124  -11.718  14.958 1.0000000000
121672  38.886  -13.371  15.666 1.0000000000
53277  38.148  -13.239  15.251 1.0000000000
53293  36.850  -12.893  14.663 1.0000000000
53294  36.065  -12.727  14.926 1.0000000000
53211  37.389  -12.602  23.133 0.1111110002
52225  36.487  -12.817  23.179 0.2222220004
53220  36.965  -12.469  22.498 0.2222220004
138840  36.192  -12.673  22.593 0.2222220004
119323  36.371  -12.388  21.924 0.2222220004
54185  36.449  -12.115  19.875 0.4444440007
54186  35.480  -12.126  19.456 0.4444440007
54200  35.841  -11.902  18.488 0.6666669846
52262  42.795  -14.145  18.339 0.2222220004
54213  36.204  -11.658  17.770 0.6666669846
119542  42.078  -13.928  17.792 0.3333329856
53259  42.960  -13.480  17.587 0.3333329856
55161  35.787  -11.481  16.992 0.6666669846
54214  35.297  -11.677  17.709 0.6666669846
55175  35.504  -11.494  16.150 0.7777780294
138275  41.477  -13.807  17.311 0.5555559993
53267  41.292  -13.363  16.670 0.8888890147
56204  36.738  -11.343  14.742 1.0000000000
53268  40.503  -13.484  16.525 0.8888890147
53276  39.885  -13.258  15.976 1.0000000000
54250  36.558  -12.253  14.448 1.0000000000
55198  36.636  -11.739  14.404 1.0000000000
53269  39.293  -13.678  16.330 0.7777780294
137883  38.567  -12.846  14.925 1.0000000000
53292  37.720  -12.793  14.601 1.0000000000
54260  36.929  -11.982  14.055 1.0000000000
53219  37.850  -12.264  22.464 0.1111110002
53231  37.347  -12.141  21.764 0.1111110002
54170  36.661  -12.144  20.937 0.3333329856
126325  36.349  -12.041  19.055 0.6666669846
55160  36.637  -11.467  17.163 0.6666669846
55174  36.330  -11.352  16.272 0.6666669846
56194  36.874  -11.137  15.591 1.0000000000
54211  43.540  -12.722  17.190 0.2222220004
54212  42.724  -12.873  16.870 0.3333329856
123302  42.027  -12.883  16.489 0.6666669846
54224  42.581  -12.497  16.316 0.7777780294
123226  41.466  -12.808  16.139 0.8888890147
54232  42.049  -12.351  15.836 1.0000000000
54225  40.772  -12.970  16.080 1.0000000000
54233  41.219  -12.510  15.551 1.0000000000
54234  40.367  -12.641  15.376 1.0000000000
56215  37.116  -11.362  14.116 1.0000000000
54235  39.404  -12.734  15.107 1.0000000000
54248  38.386  -12.426  14.205 1.0000000000
131884  37.703  -12.320  14.031 1.0000000000
54259  37.432  -12.014  13.807 1.0000000000
55212  37.853  -11.558  13.488 1.0000000000
55213  37.233  -11.628  13.870 1.0000000000
53230  38.255  -11.862  21.786 0.2222220004
54168  38.512  -11.531  20.985 0.2222220004
54197  38.866  -11.301  19.611 0.1111110002
54169  37.769  -11.880  20.946 0.3333329856
54183  38.265  -11.571  20.196 0.2222220004
55145  38.698  -11.336  18.628 0.2222220004
54184  37.412  -11.917  20.040 0.3333329856
54198  38.041  -11.647  19.324 0.2222220004
54199  37.128  -11.967  19.144 0.6666669846
55147  36.686  -11.801  18.440 0.6666669846
55146  37.591  -11.606  18.384 0.5555559993
55159  37.444  -11.422  17.462 0.5555559993
55172  38.124  -11.147  17.015 0.5555559993
55173  37.202  -11.239  16.535 0.6666669846
54223  43.225  -12.270  16.548 0.3333329856
139657  37.375  -10.772  14.899 1.0000000000
55183  41.690  -11.961  15.092 0.6666669846
54245  40.878  -12.160  14.807 0.8888890147
55196  40.510  -11.814  13.999 1.0000000000
55197  39.627  -11.927  13.762 1.0000000000
56214  37.426  -10.892  14.142 1.0000000000
56213  37.807  -10.357  14.380 1.0000000000
54246  40.006  -12.280  14.553 1.0000000000
137157  39.187  -12.347  14.295 1.0000000000
54247  38.791  -12.014  13.602 1.0000000000
56228  37.682  -11.040  13.488 1.0000000000
57139  37.934  -10.178  13.611 1.0000000000
57131  38.211  -9.682  14.595 1.0000000000
57149  38.187  -10.395  12.743 1.0000000000
134256  38.184  -11.355  17.836 0.4444440007
56193  37.904  -10.786  15.952 0.7777780294
55181  43.072  -11.387  15.645 0.5555559993
56203  38.269  -10.253  15.174 0.8888890147
55171  42.814  -11.934  16.001 0.5555559993
55194  42.150  -11.345  14.670 0.6666669846
55208  40.973  -11.240  13.461 0.8888890147
55210  39.192  -11.579  13.060 1.0000000000
55224  38.808  -11.072  12.571 1.0000000000
125809  38.009  -9.533  12.885 1.0000000000
55158  39.012  -11.065  17.703 0.4444440007
56183  38.903  -10.721  16.738 0.4444440007
56182  39.629  -10.465  17.360 0.4444440007
56202  38.962  -10.285  15.996 0.4444440007
57130  38.909  -9.536  15.559 0.8888890147
56201  42.909  -10.890  15.098 0.5555559993
57127  43.724  -9.514  15.020 0.2222220004
130367  43.514  -10.282  15.200 0.3333329856
56211  42.522  -10.602  14.351 0.6666669846
57136  43.386  -9.302  14.462 0.3333329856
57128  43.152  -10.058  14.696 0.3333329856
56225  42.160  -10.328  13.793 0.6666669846
56212  41.797  -10.991  13.956 0.7777780294
55209  40.070  -11.508  13.213 1.0000000000
59073  43.503  -7.857  13.888 0.3333329856
58107  43.149  -8.728  14.009 0.3333329856
57137  42.767  -9.669  14.028 0.3333329856
56226  41.497  -10.482  13.243 0.7777780294
144403  40.894  -10.785  13.036 1.0000000000
56227  40.383  -10.992  12.805 1.0000000000
56240  38.640  -10.405  12.204 1.0000000000
126701  38.049  -9.167  14.001 0.8888890147
59084  42.824  -8.113  13.291 0.3333329856
58117  42.655  -8.987  13.519 0.3333329856
57147  42.152  -9.640  13.384 0.4444440007
57148  41.488  -9.579  12.744 0.8888890147
56237  40.751  -10.358  12.574 0.8888890147
137633  40.186  -10.117  12.073 1.0000000000
56252  38.986  -10.154  11.792 1.0000000000
57160  38.630  -9.603  11.699 1.0000000000
134524  38.288  -9.846  12.191 1.0000000000
58119  37.795  -8.590  13.469 1.0000000000
58109  38.347  -8.457  14.809 0.8888890147
136911  42.775  -7.445  12.832 0.3333329856
134050  42.164  -7.888  12.672 0.5555559993
58118  42.070  -8.755  13.049 0.5555559993
57158  40.709  -9.556  12.174 1.0000000000
56251  39.542  -10.170  11.885 1.0000000000
57168  39.245  -9.643  11.579 1.0000000000
58133  37.997  -9.024  12.152 1.0000000000
59075  37.991  -7.936  14.441 0.8888890147
59094  41.669  -7.539  12.071 0.7777780294
59095  40.846  -7.874  11.740 1.0000000000
58132  40.496  -8.771  11.746 0.8888890147
58145  39.679  -8.925  11.418 1.0000000000
58146  38.946  -8.928  11.299 1.0000000000
58134  37.601  -8.337  11.935 1.0000000000
59086  37.062  -7.934  12.645 1.0000000000
60082  41.136  -7.270  11.539 0.8888890147
133190  40.157  -8.236  11.441 1.0000000000
126612  39.440  -8.205  11.217 1.0000000000
133536  38.299  -8.622  11.539 1.0000000000
139568  37.187  -7.926  11.905 1.0000000000
56192  39.521  -10.254  16.651 0.4444440007
57138  38.608  -8.987  15.016 0.8888890147
60045  43.977  -6.417  14.037 0.2222220004
60046  43.751  -7.075  13.898 0.2222220004
58100  43.867  -8.495  14.642 0.2222220004
60062  43.619  -6.757  13.259 0.3333329856
61084  43.822  -6.345  13.201 0.2222220004
61085  43.378  -6.633  12.652 0.3333329856
60047  43.289  -7.322  13.293 0.3333329856
61094  43.095  -6.572  12.006 0.3333329856
60063  43.096  -7.017  12.707 0.3333329856
60065  37.010  -7.353  13.830 1.0000000000
127196  37.652  -7.510  14.352 0.8888890147
60080  42.846  -6.983  12.093 0.4444440007
60064  42.469  -7.297  12.300 0.6666669846
61095  42.398  -6.818  11.512 0.6666669846
60081  42.011  -7.128  11.756 0.7777780294
134959  39.352  -7.519  11.021 1.0000000000
59107  36.969  -7.069  11.039 1.0000000000
58147  37.606  -7.789  11.421 1.0000000000
60066  36.311  -7.069  12.976 1.0000000000
60098  41.457  -6.969  11.157 1.0000000000
130908  40.685  -7.100  11.119 1.0000000000
60100  38.784  -7.182  10.703 1.0000000000
59106  37.821  -7.156  10.787 1.0000000000
60083  36.025  -6.607  12.182 1.0000000000
58101  39.249  -8.396  16.342 0.5555559993
125227  39.027  -8.865  15.774 0.7777780294
136005  38.688  -8.642  15.355 0.8888890147
61093  43.558  -6.170  12.565 0.2222220004
59059  38.887  -7.941  15.971 0.7777780294
58108  38.764  -8.369  15.631 0.8888890147
59074  38.471  -7.905  15.304 0.8888890147
60048  37.977  -7.331  15.115 0.8888890147
60049  37.196  -6.538  14.850 0.8888890147
120268  42.706  -6.253  11.351 0.4444440007
60067  36.018  -5.252  13.232 1.0000000000
140358  35.950  -6.180  13.012 1.0000000000
60050  36.314  -6.168  13.955 1.0000000000
61105  41.990  -6.525  10.932 0.6666669846
60114  40.499  -6.902  10.714 0.8888890147
60115  39.330  -6.881  10.346 1.0000000000
60118  36.591  -6.397  10.844 1.0000000000
61096  35.943  -5.623  12.311 1.0000000000
60134  40.161  -6.654  9.853 1.0000000000
60135  38.872  -6.566  9.471 1.0000000000
60116  38.061  -6.685  10.074 1.0000000000
143260  36.846  -6.084  10.397 1.0000000000
59042  39.526  -8.123  17.058 0.5555559993
61083  44.266  -5.830  13.641 0.1111110002
59058  39.208  -7.558  16.641 0.6666669846
62054  44.925  -5.323  13.899 0.1111110002
62065  44.076  -5.886  12.962 0.2222220004
126749  38.518  -7.191  16.021 0.7777780294
62077  43.336  -5.936  11.837 0.2222220004
60037  37.878  -6.279  15.714 0.7777780294
61086  36.315  -4.981  13.984 0.7777780294
61075  36.768  -5.242  14.718 0.7777780294
61074  37.425  -5.299  15.416 0.6666669846
62090  36.208  -5.177  11.494 1.0000000000
61104  42.440  -5.927  10.608 0.4444440007
61115  41.734  -6.252  10.180 0.5555559993
125958  36.997  -5.530  10.137 1.0000000000
61116  36.487  -5.726  10.779 1.0000000000
61107  36.131  -6.062  11.423 1.0000000000
120043  41.045  -6.480  9.775 0.8888890147
60137  37.335  -6.133  9.918 1.0000000000
60025  39.411  -6.668  17.177 0.3333329856
60026  38.977  -6.631  16.701 0.3333329856
62064  44.620  -5.160  13.072 0.1111110002
61067  38.535  -5.702  16.413 0.3333329856
61068  38.045  -5.174  15.896 0.3333329856
62086  44.315  -4.907  11.644 0.2222220004
62076  44.032  -5.462  12.269 0.2222220004
62055  38.374  -3.510  15.189 0.4444440007
62038  37.961  -4.399  15.507 0.3333329856
62037  38.617  -4.255  16.015 0.3333329856
62088  43.137  -5.661  11.036 0.3333329856
62962  37.202  -3.292  12.881 0.7777780294
62066  37.304  -3.468  13.843 0.5555559993
62105  36.585  -4.903  10.761 1.0000000000
62089  36.555  -4.288  11.619 0.8888890147
61128  40.514  -6.290  8.933 0.8888890147
123820  39.552  -6.432  9.000 1.0000000000
61129  38.656  -6.087  8.735 1.0000000000
135912  37.480  -5.712  9.510 1.0000000000
62985  37.094  -3.912  10.808 1.0000000000
62074  45.368  -4.581  12.689 0.1111110002
62075  44.764  -4.808  12.171 0.1111110002
62922  40.240  -3.392  16.793 0.2222220004
62036  39.464  -3.765  16.390 0.3333329856
62019  39.113  -4.702  16.636 0.3333329856
62933  39.189  -3.186  15.566 0.3333329856
62087  43.743  -5.291  11.430 0.3333329856
62950  38.178  -3.042  14.292 0.4444440007
61114  42.293  -5.794  9.617 0.5555559993
62961  38.069  -2.758  13.318 0.5555559993
127539  41.165  -5.874  8.470 0.7777780294
61130  37.850  -5.449  8.813 1.0000000000
63000  37.386  -4.169  9.787 0.8888890147
62974  37.147  -3.431  11.902 0.7777780294
61137  40.434  -5.787  8.076 0.8888890147
141638  39.591  -5.466  7.692 0.8888890147
62127  38.081  -4.484  8.263 1.0000000000
62932  40.000  -2.860  15.929 0.2222220004
62949  39.045  -2.724  14.642 0.4444440007
62973  37.958  -2.704  12.355 0.7777780294
62972  38.829  -2.212  12.800 0.5555559993
62960  38.975  -2.443  13.680 0.4444440007
34332  15.488  -33.939  37.377 0.2222220004
34335  10.141  -34.021  37.024 0.4444440007
33292  12.313  -34.871  37.203 0.3333329856
33299  12.797  -34.560  36.588 0.2222220004
119624  16.986  -32.622  35.059 0.2222220004
119785  17.743  -32.257  34.744 0.2222220004
35370  8.478  -33.284  37.482 0.4444440007
34322  7.365  -34.415  37.792 0.2222220004
140143  6.832  -32.974  37.120 0.2222220004
35371  6.688  -32.815  36.784 0.2222220004
133369  7.003  -32.289  36.551 0.2222220004
34337  6.565  -33.523  37.126 0.2222220004
33295  6.393  -33.989  37.083 0.2222220004
33300  11.858  -34.434  36.539 0.5555559993
35384  15.359  -32.992  35.216 0.2222220004
34343  13.279  -34.000  36.052 0.2222220004
122179  17.139  -31.985  33.408 0.2222220004
35386  13.569  -32.889  34.726 0.3333329856
143393  16.232  -31.788  32.399 0.2222220004
36352  14.435  -32.289  33.608 0.3333329856
37273  16.101  -31.449  31.784 0.3333329856
36320  7.557  -31.445  37.069 0.4444440007
35388  11.471  -32.785  35.816 0.5555559993
134648  13.097  -32.928  35.003 0.4444440007
36344  11.745  -32.269  35.411 0.5555559993
36378  14.622  -31.429  32.424 0.4444440007
36366  14.101  -31.576  33.021 0.6666669846
36317  9.128  -30.903  37.513 0.5555559993
36319  7.903  -31.355  37.325 0.5555559993
38185  17.427  -30.058  29.782 0.4444440007
38174  15.989  -30.187  30.647 0.5555559993
37290  15.526  -30.673  31.241 0.5555559993
35380  7.053  -32.449  36.010 0.1111110002
38186  16.480  -29.687  30.088 0.6666669846
37232  7.569  -31.217  36.912 0.5555559993
36331  7.146  -32.029  36.262 0.2222220004
37275  14.304  -30.661  32.148 0.7777780294
37245  11.918  -30.488  35.076 0.7777780294
37237  11.500  -29.827  35.883 0.7777780294
37291  14.711  -30.260  31.594 0.7777780294
36309  8.193  -30.374  37.354 0.5555559993
39104  17.905  -28.189  28.376 0.6666669846
38140  12.049  -29.114  35.443 0.7777780294
39081  15.672  -28.258  30.806 0.7777780294
39953  17.272  -27.761  29.026 0.7777780294
39937  16.552  -26.860  30.963 0.8888890147
39939  15.329  -27.794  31.724 0.8888890147
41685  18.726  -26.157  27.267 0.7777780294
40773  17.564  -26.179  29.224 0.7777780294
40803  17.831  -26.649  28.367 0.7777780294
39946  16.873  -27.161  29.916 0.7777780294
40839  20.329  -26.437  26.324 0.7777780294
42622  19.457  -25.099  26.502 0.7777780294
138000  18.828  -25.246  27.477 0.8888890147
41670  18.437  -25.335  28.080 0.7777780294
40763  16.742  -25.887  32.566 0.8888890147
40756  16.176  -26.343  32.960 0.8888890147
41638  17.744  -25.614  29.978 0.8888890147
39912  15.830  -26.050  33.681 0.6666669846
43570  24.316  -23.839  24.305 0.5555559993
42583  18.136  -24.796  29.917 0.8888890147
136596  27.776  -20.921  22.997 0.5555559993
46632  26.533  -21.510  22.379 0.6666669846
42598  18.889  -23.973  29.035 0.8888890147
43551  19.743  -23.124  27.257 0.8888890147
44566  21.380  -22.747  23.965 0.7777780294
45581  25.979  -22.490  24.311 0.5555559993
139694  18.082  -23.431  32.283 0.5555559993
123446  25.818  -21.988  22.538 0.6666669846
126315  25.284  -22.457  22.634 0.6666669846
43577  23.764  -23.665  23.325 0.7777780294
121962  26.851  -20.697  21.251 0.6666669846
44577  23.229  -23.143  22.671 0.7777780294
43578  22.737  -23.644  23.221 0.7777780294
44541  20.530  -22.069  26.356 0.8888890147
46651  26.025  -20.908  21.015 0.6666669846
44592  22.894  -22.376  22.419 0.7777780294
45602  21.769  -22.523  23.492 0.7777780294
45563  21.172  -22.016  24.667 0.7777780294
119544  20.832  -22.143  25.447 0.8888890147
47664  30.025  -19.241  18.441 0.8888890147
48534  30.478  -18.828  17.839 0.8888890147
47643  31.216  -19.767  19.279 0.6666669846
47646  28.730  -19.317  19.084 0.7777780294
142960  27.627  -19.595  19.761 0.6666669846
47628  25.101  -19.675  20.406 0.7777780294
47648  26.268  -19.080  19.566 0.7777780294
42555  18.446  -23.073  31.766 0.5555559993
44479  19.714  -21.943  29.098 0.8888890147
48532  32.383  -19.043  17.871 0.7777780294
46653  24.373  -20.705  21.161 0.8888890147
44593  22.584  -21.462  22.602 0.7777780294
45601  22.032  -21.815  23.291 0.7777780294
47601  24.627  -19.290  20.816 0.8888890147
48548  30.453  -18.216  17.382 0.8888890147
49495  26.676  -17.312  19.343 0.8888890147
49502  34.716  -18.115  17.743 0.7777780294
48546  32.595  -18.484  17.075 0.8888890147
47586  23.754  -19.348  21.981 0.8888890147
46552  21.032  -20.279  26.824 0.7777780294
48554  31.681  -18.210  16.833 0.8888890147
48490  24.275  -18.866  21.542 0.8888890147
47578  22.862  -19.258  23.398 0.7777780294
49527  32.985  -17.295  15.997 0.8888890147
49529  31.543  -17.660  16.548 0.8888890147
50425  29.918  -17.332  17.627 0.7777780294
49518  30.493  -17.665  17.233 0.8888890147
50393  27.154  -16.777  19.397 0.7777780294
45471  20.127  -20.760  30.288 0.6666669846
46538  21.088  -19.841  27.846 0.5555559993
49501  35.600  -17.807  18.109 0.4444440007
50421  34.792  -16.979  16.670 0.7777780294
48470  24.104  -18.207  23.505 0.7777780294
50433  34.244  -16.417  16.079 0.7777780294
50434  33.347  -16.625  15.690 0.8888890147
50449  31.992  -16.049  15.458 0.8888890147
50437  31.096  -17.338  16.767 0.8888890147
119408  31.063  -16.539  16.671 0.8888890147
131428  31.406  -15.866  15.988 0.8888890147
50407  30.220  -16.567  18.074 0.7777780294
142369  29.855  -16.557  18.570 0.7777780294
50409  28.602  -16.873  18.630 0.7777780294
50373  27.169  -16.331  20.096 0.7777780294
50403  36.697  -16.659  18.265 0.6666669846
51300  36.884  -15.994  18.157 0.6666669846
51326  34.537  -15.626  15.992 0.8888890147
48477  24.723  -17.858  22.969 0.6666669846
48458  24.089  -17.892  24.507 0.6666669846
51341  32.436  -15.237  15.401 0.8888890147
52280  31.486  -14.924  16.238 0.7777780294
52289  32.114  -14.418  15.672 0.7777780294
50406  30.972  -16.091  18.845 0.7777780294
51303  31.210  -15.636  18.541 0.7777780294
50391  30.431  -16.321  19.269 0.7777780294
119572  30.060  -16.317  20.285 0.7777780294
50358  27.300  -16.161  21.104 0.7777780294
49434  25.400  -17.278  23.278 0.5555559993
49368  28.759  -16.652  27.590 0.3333329856
131412  28.145  -16.986  28.354 0.2222220004
48409  26.201  -16.944  28.242 0.2222220004
48393  26.659  -17.353  28.982 0.1111110002
47529  24.807  -17.650  28.549 0.1111110002
136369  30.420  -16.009  25.251 0.1111110002
49381  30.544  -16.436  26.613 0.1111110002
49397  30.044  -16.314  25.903 0.3333329856
49382  29.515  -16.469  26.818 0.2222220004
49383  28.393  -16.543  26.727 0.3333329856
49385  26.325  -16.724  26.628 0.2222220004
124470  25.270  -17.122  27.990 0.2222220004
46537  21.575  -19.400  28.785 0.2222220004
51287  38.729  -15.595  19.054 0.3333329856
119583  30.906  -15.785  24.210 0.2222220004
119649  31.457  -15.983  24.506 0.1111110002
131750  29.384  -16.042  24.509 0.3333329856
49400  25.986  -16.825  25.807 0.2222220004
48442  25.464  -16.840  26.472 0.2222220004
47548  23.541  -17.795  27.001 0.2222220004
121967  31.369  -15.588  23.176 0.3333329856
49444  31.165  -15.618  23.346 0.3333329856
50318  29.646  -15.923  23.766 0.2222220004
49431  30.547  -15.747  23.545 0.2222220004
50319  28.436  -16.149  24.036 0.3333329856
49416  27.595  -16.407  24.879 0.3333329856
47562  23.403  -17.918  25.971 0.2222220004
125213  36.293  -15.571  17.043 0.6666669846
52246  32.458  -13.789  20.547 0.4444440007
51290  31.901  -14.394  20.033 0.5555559993
51280  31.479  -15.099  20.703 0.7777780294
50354  32.276  -15.081  22.327 0.4444440007
50368  31.250  -15.465  21.265 0.6666669846
125096  31.059  -15.637  22.373 0.5555559993
49456  31.437  -15.501  22.701 0.3333329856
50355  31.599  -15.369  22.109 0.4444440007
49475  30.956  -15.788  21.530 0.5555559993
50341  30.210  -15.937  22.293 0.5555559993
49445  30.839  -15.637  23.004 0.2222220004
50329  28.880  -16.061  23.116 0.5555559993
49432  27.178  -16.410  23.847 0.5555559993
52269  31.785  -14.247  19.115 0.7777780294
52268  32.206  -13.269  18.822 0.7777780294
138160  31.383  -15.258  20.045 0.7777780294
50389  31.279  -15.550  20.344 0.7777780294
49476  30.750  -16.090  21.062 0.6666669846
49458  30.338  -16.109  21.516 0.5555559993
50356  29.551  -16.103  21.757 0.6666669846
50343  27.479  -16.152  22.136 0.6666669846
50331  26.817  -16.401  22.784 0.6666669846
51339  34.010  -14.980  15.590 0.8888890147
53273  32.142  -13.324  16.111 0.8888890147
53283  32.838  -13.771  15.522 0.7777780294
52279  31.355  -14.625  17.238 0.7777780294
123833  31.616  -13.990  17.984 0.7777780294
51302  31.406  -14.887  18.302 0.7777780294
51292  31.313  -15.638  19.528 0.7777780294
52296  34.297  -14.318  15.535 0.8888890147
120130  34.843  -13.901  15.558 0.8888890147
52287  36.516  -14.266  16.036 0.8888890147
53253  32.990  -12.465  18.857 0.6666669846
52295  35.665  -14.075  15.740 0.8888890147
141364  33.591  -12.462  15.719 0.7777780294
53272  32.903  -12.795  15.836 0.7777780294
54227  33.406  -12.025  16.523 0.6666669846
53233  33.892  -12.641  20.602 0.4444440007
52245  33.114  -13.115  21.014 0.4444440007
52274  39.805  -14.327  17.391 0.5555559993
53261  39.105  -14.099  16.904 0.6666669846
132085  34.193  -11.723  16.552 0.6666669846
53280  35.449  -13.329  15.347 1.0000000000
54237  34.259  -12.563  15.505 0.8888890147
55186  34.680  -12.070  15.645 1.0000000000
55185  35.428  -11.841  15.464 0.8888890147
54249  37.149  -12.369  14.197 1.0000000000
53210  38.122  -12.381  23.043 0.1111110002
53260  42.087  -13.407  17.101 0.3333329856
141326  38.887  -12.598  14.635 1.0000000000
144257  36.908  -11.590  17.853 0.6666669846
54258  38.049  -12.041  13.590 1.0000000000
55182  42.466  -11.691  15.364 0.6666669846
55195  41.365  -11.639  14.301 0.7777780294
55211  38.452  -11.544  13.150 1.0000000000
55225  38.261  -11.016  12.884 1.0000000000
55223  39.564  -11.113  12.591 1.0000000000
56238  39.931  -10.616  12.267 1.0000000000
56239  39.177  -10.616  12.138 1.0000000000
57159  39.977  -9.612  11.731 1.0000000000
58131  41.383  -8.542  12.294 0.6666669846
58120  37.593  -8.429  12.680 1.0000000000
59085  37.568  -7.982  13.568 1.0000000000
59104  40.225  -7.529  11.261 1.0000000000
59105  38.597  -7.922  11.152 1.0000000000
59096  36.606  -7.471  11.870 1.0000000000
141838  39.302  -9.260  16.040 0.7777780294
60099  39.810  -7.049  10.911 1.0000000000
60101  36.366  -6.781  11.394 1.0000000000
60117  37.199  -6.586  10.464 1.0000000000
61106  41.185  -6.717  10.505 0.7777780294
62079  36.183  -4.663  12.414 1.0000000000
62067  36.526  -4.161  13.315 1.0000000000
60136  37.901  -6.172  9.285 1.0000000000
62056  37.479  -4.066  14.821 0.5555559993
62078  36.664  -3.914  12.429 1.0000000000
61127  41.466  -6.063  9.266 0.6666669846
124877  37.022  -4.765  10.146 1.0000000000
62116  37.314  -5.098  9.487 1.0000000000
62018  39.784  -4.509  17.139 0.2222220004
62931  40.803  -2.548  16.265 0.2222220004
140222  43.599  -5.098  10.709 0.3333329856
119698  39.565  -5.968  8.377 0.8888890147
61138  38.681  -5.459  8.107 1.0000000000
62115  37.600  -4.569  9.021 1.0000000000
62984  37.823  -2.882  11.385 0.7777780294
62948  39.820  -2.410  14.993 0.4444440007
36308  8.574  -30.276  37.538 0.4444440007
37222  9.580  -29.849  37.601 0.3333329856
37213  9.129  -29.436  37.873 0.2222220004
37207  9.297  -28.944  38.148 0.2222220004
128031  8.954  -29.572  37.797 0.2222220004
37212  9.539  -29.237  37.940 0.2222220004
37230  10.770  -29.794  36.746 0.6666669846
37238  11.035  -30.460  36.233 0.6666669846
37220  10.583  -29.175  37.392 0.3333329856
37221  10.102  -29.539  37.526 0.3333329856
37229  11.230  -29.254  36.618 0.6666669846
37211  10.067  -29.025  37.943 0.2222220004
37219  11.068  -28.759  37.228 0.6666669846
38131  11.763  -28.683  36.358 0.6666669846
38121  11.625  -28.336  37.095 0.6666669846
38138  13.109  -28.297  34.778 0.7777780294
38139  12.613  -28.366  35.394 0.6666669846
38120  12.214  -27.883  36.885 0.6666669846
38130  12.363  -28.089  36.073 0.6666669846
38129  13.077  -27.574  35.685 0.5555559993
38119  12.839  -27.395  36.598 0.3333329856
134688  13.730  -27.002  35.631 0.4444440007
129920  14.181  -27.279  34.591 0.4444440007
39052  13.496  -26.907  36.317 0.3333329856
39059  14.265  -26.777  35.154 0.3333329856
39913  15.269  -26.476  34.133 0.4444440007
129921  15.034  -25.785  35.405 0.2222220004
39050  14.577  -26.147  35.673 0.2222220004
39051  14.096  -26.493  36.010 0.1111110002
143444  15.226  -25.968  34.712 0.2222220004
40748  16.164  -25.267  34.123 0.4444440007
40743  15.658  -25.288  35.114 0.1111110002
41597  16.811  -24.551  34.146 0.1111110002
39905  15.579  -25.819  34.299 0.2222220004
41598  16.630  -24.992  33.580 0.4444440007
47621  32.621  -20.117  20.067 0.2222220004
42551  17.516  -23.940  33.295 0.2222220004
130223  17.069  -24.500  33.448 0.3333329856
47620  33.664  -20.027  20.191 0.3333329856
47641  33.065  -19.726  19.228 0.4444440007
47642  32.058  -19.811  19.337 0.2222220004
48389  31.481  -16.672  29.005 0.1111110002
48390  30.572  -16.805  29.148 0.1111110002
48405  31.251  -16.583  28.275 0.1111110002
48406  30.203  -16.708  28.192 0.1111110002
49366  30.184  -16.562  27.344 0.1111110002
49367  29.578  -16.660  27.658 0.1111110002
43497  18.371  -22.733  32.652 0.2222220004
44436  19.003  -21.760  34.153 0.2222220004
43493  18.359  -22.537  33.620 0.2222220004
44447  18.914  -21.914  33.148 0.3333329856
134583  18.882  -22.188  32.134 0.3333329856
51249  35.269  -13.872  24.482 0.1111110002
51250  34.545  -14.350  24.192 0.2222220004
49440  33.963  -14.962  23.956 0.1111110002
50339  33.398  -14.827  23.271 0.2222220004
51257  34.937  -13.619  23.709 0.2222220004
51258  34.037  -14.099  23.395 0.2222220004
52226  35.580  -13.015  23.121 0.2222220004
52227  34.637  -13.224  22.919 0.2222220004
51267  33.768  -13.574  22.586 0.2222220004
52237  33.404  -13.279  21.840 0.2222220004
52236  34.480  -12.839  21.964 0.2222220004
50340  32.819  -15.239  23.052 0.3333329856
50353  32.885  -14.713  22.594 0.3333329856
51259  33.392  -14.263  22.840 0.2222220004
51268  33.069  -14.068  22.207 0.2222220004
51278  32.698  -13.889  21.429 0.2222220004
52235  35.469  -12.724  22.325 0.2222220004
62139  38.448  -3.938  7.559 0.7777780294
63017  38.065  -3.211  8.405 0.7777780294
63030  38.409  -2.980  7.607 0.7777780294
56191  40.044  -9.972  17.038 0.3333329856
57120  39.539  -9.668  16.376 0.4444440007
63955  39.466  -1.023  10.447 0.7777780294
63957  38.069  -2.225  9.530 0.6666669846
137451  37.970  -2.424  10.188 0.6666669846
65937  40.057  0.110  9.273 0.6666669846
121082  39.578  -0.442  9.453 0.6666669846
63956  38.938  -1.018  9.501 0.7777780294
63009  37.722  -3.429  9.302 0.7777780294
68009  39.630  1.335  7.224 0.7777780294
63962  38.474  -1.390  8.441 0.7777780294
63963  38.245  -1.994  8.676 0.7777780294
68018  39.535  1.375  6.155 0.7777780294
57119  39.838  -9.332  17.047 0.3333329856
58095  39.597  -8.745  16.974 0.4444440007
65927  40.953  0.480  10.158 0.3333329856
65928  40.766  0.107  10.133 0.4444440007
64923  40.367  -0.372  10.944 0.4444440007
62998  38.356  -2.246  11.060 0.5555559993
62999  37.685  -3.133  10.403 0.7777780294
67995  41.943  1.921  8.910 0.4444440007
67013  41.454  1.348  9.374 0.5555559993
65929  40.479  -0.179  9.945 0.5555559993
64930  39.975  -0.562  10.246 0.6666669846
67025  41.664  1.535  8.852 0.5555559993
67027  40.051  1.073  8.157 0.6666669846
69031  40.626  2.900  6.027 0.7777780294
68008  40.546  1.620  7.772 0.7777780294
70055  41.334  3.496  4.493 0.7777780294
125862  42.634  1.730  12.517 0.1111110002
63926  39.272  -1.597  12.380 0.4444440007
66990  42.048  1.349  11.545 0.2222220004
65915  41.033  0.145  11.452 0.3333329856
122682  40.571  -0.190  11.261 0.2222220004
130229  40.240  -0.429  11.471 0.3333329856
62983  38.658  -2.150  11.932 0.5555559993
71994  45.763  6.510  11.035 0.1111110002
69984  44.426  4.457  10.024 0.1111110002
68970  43.910  3.890  10.456 0.3333329856
67984  43.301  3.148  9.614 0.5555559993
66995  42.311  2.060  10.595 0.3333329856
65922  40.873  0.258  10.764 0.3333329856
64922  40.588  -0.041  10.562 0.4444440007
63949  40.058  -0.624  11.342 0.5555559993
63938  39.148  -1.545  11.558 0.5555559993
137239  45.456  5.736  9.868 0.1111110002
68984  44.494  4.262  8.897 0.2222220004
68004  43.110  3.063  8.643 0.4444440007
67994  42.551  2.409  9.024 0.5555559993
67012  41.786  1.792  9.492 0.4444440007
70977  45.300  5.314  9.354 0.1111110002
69016  43.894  3.700  7.760 0.3333329856
69006  42.742  2.675  7.986 0.6666669846
70024  42.902  3.742  6.920 0.7777780294
69018  42.416  3.109  7.365 0.7777780294
69007  41.995  2.364  7.725 0.7777780294
70043  41.492  3.842  5.615 0.7777780294
133080  41.180  3.393  6.125 0.7777780294
60012  39.761  -6.698  17.752 0.2222220004
127762  39.550  -7.442  17.274 0.2222220004
65914  41.505  0.481  12.079 0.2222220004
64916  40.355  -0.395  12.090 0.2222220004
63937  39.624  -0.986  11.886 0.3333329856
61048  39.257  -5.632  16.985 0.2222220004
65905  41.794  0.461  13.088 0.1111110002
63915  39.954  -1.527  13.626 0.2222220004
62971  39.453  -1.838  13.204 0.3333329856
64906  40.945  -0.110  12.257 0.2222220004
133476  40.163  -0.608  12.819 0.2222220004
63924  40.055  -0.988  13.187 0.2222220004
142975  41.317  0.192  12.718 0.1111110002
62959  39.681  -2.146  14.049 0.3333329856
64894  41.257  -0.026  13.477 0.1111110002
128651  40.573  -0.366  13.091 0.1111110002
63923  40.480  -0.812  13.696 0.1111110002
62947  40.582  -2.164  15.339 0.3333329856
63899  40.911  -1.593  14.902 0.2222220004
63900  40.326  -1.849  14.447 0.3333329856
63914  40.440  -1.287  14.101 0.2222220004
63913  41.013  -1.105  14.564 0.1111110002
42556  17.757  -24.021  32.464 0.6666669846
47622  30.810  -19.922  19.797 0.4444440007
48517  33.728  -19.314  18.669 0.4444440007
51269  32.430  -14.570  21.840 0.2222220004
57129  39.503  -9.040  16.416 0.5555559993
44452  19.365  -21.686  31.496 0.5555559993
37204  10.490  -28.402  38.465 0.2222220004
39060  13.693  -27.439  35.016 0.4444440007
39914  14.676  -26.913  34.413 0.4444440007
39906  14.824  -26.364  34.872 0.2222220004
64924  40.152  -0.633  10.825 0.5555559993
131777  38.606  -1.473  9.800 0.7777780294
63951  38.756  -1.623  10.608 0.6666669846
65936  40.824  0.314  9.634 0.5555559993
67014  40.559  0.653  8.920 0.5555559993
67048  39.495  0.487  5.504 0.7777780294
69009  40.075  1.945  6.883 0.7777780294
65935  41.034  0.634  9.754 0.4444440007
67003  41.278  1.068  9.762 0.4444440007
67002  41.437  1.191  9.951 0.3333329856
66996  41.779  1.367  10.721 0.3333329856
64929  40.489  -0.258  10.508 0.5555559993
63950  39.691  -1.025  11.144 0.5555559993
67011  42.395  2.341  9.436 0.4444440007
68006  42.238  2.066  8.431 0.6666669846
124037  41.194  0.913  9.248 0.5555559993
67026  41.040  1.230  8.567 0.5555559993
68007  41.561  1.720  8.120 0.7777780294
68028  40.018  2.121  5.801 0.7777780294
69047  40.491  2.518  5.226 0.7777780294
69019  41.323  2.953  6.894 0.7777780294
69020  40.516  2.468  6.626 0.7777780294
69008  40.958  2.222  7.407 0.7777780294
69030  40.895  3.201  5.294 0.7777780294
126706  42.647  2.258  11.341 0.2222220004
65921  41.391  0.711  11.135 0.1111110002
63936  39.948  -0.661  12.158 0.3333329856
63925  39.685  -1.190  12.752 0.3333329856
70969  44.640  5.227  11.022 0.1111110002
70968  45.270  5.811  10.571 0.1111110002
69992  44.283  4.157  9.505 0.3333329856
69983  44.783  4.737  9.518 0.1111110002
68977  43.565  3.438  9.984 0.5555559993
67985  42.836  2.702  9.784 0.5555559993
67992  43.436  3.271  9.089 0.5555559993
67978  42.982  2.744  10.352 0.5555559993
128136  41.921  1.804  10.020 0.3333329856
69991  45.035  4.737  8.872 0.2222220004
68985  43.865  3.674  9.213 0.4444440007
68994  44.136  3.914  8.574 0.2222220004
139097  43.547  3.474  8.614 0.5555559993
67993  42.999  2.877  9.120 0.5555559993
68005  42.687  2.563  8.583 0.5555559993
143411  44.123  3.883  8.232 0.2222220004
68995  43.714  3.602  8.214 0.5555559993
69017  43.280  3.321  7.666 0.5555559993
70042  42.291  4.283  6.005 0.7777780294
70025  41.898  3.633  6.552 0.7777780294
70054  41.831  4.364  4.853 0.7777780294
33287  6.875  -34.330  37.505 0.1111110002
33301  6.468  -34.274  36.841 0.1111110002
36339  7.138  -32.178  36.180 0.1111110002
37233  7.369  -31.450  36.432 0.1111110002
37239  7.270  -31.754  36.074 0.1111110002
37215  8.115  -29.997  37.275 0.3333329856
35366  17.558  -32.741  37.501 0.1111110002
36335  19.556  -31.933  36.347 0.1111110002
120136  18.793  -32.081  36.783 0.1111110002
120940  18.111  -32.406  37.157 0.1111110002
120959  18.059  -32.324  36.238 0.1111110002
36341  18.394  -32.093  35.407 0.1111110002
35374  17.394  -32.741  36.791 0.1111110002
38116  11.551  -28.033  37.723 0.4444440007
36342  17.693  -32.448  35.479 0.1111110002
120960  18.823  -31.998  36.042 0.1111110002
119546  19.410  -31.907  35.352 0.1111110002
38108  12.682  -27.184  38.114 0.2222220004
38109  12.157  -27.381  38.157 0.2222220004
38115  12.119  -27.665  37.575 0.3333329856
36348  18.663  -31.934  34.453 0.1111110002
36349  17.747  -31.987  33.948 0.1111110002
38137  21.059  -31.043  34.910 0.1111110002
37243  20.340  -31.609  35.014 0.1111110002
37249  20.521  -31.184  34.238 0.1111110002
137772  19.706  -31.717  34.367 0.1111110002
37259  20.694  -30.604  33.544 0.1111110002
37250  19.889  -31.296  33.464 0.1111110002
36362  18.430  -31.855  33.518 0.1111110002
37260  19.020  -31.601  33.017 0.1111110002
37272  17.835  -31.466  31.960 0.1111110002
135712  21.238  -29.090  32.863 0.1111110002
122027  21.222  -29.768  33.595 0.1111110002
39074  21.148  -28.977  31.902 0.1111110002
38153  20.741  -30.024  32.909 0.1111110002
38154  20.267  -30.676  32.941 0.1111110002
38173  20.679  -29.583  31.283 0.1111110002
38164  20.264  -30.388  32.308 0.1111110002
37270  19.577  -30.985  32.505 0.1111110002
124003  18.377  -31.163  31.626 0.1111110002
38183  19.957  -30.138  30.722 0.1111110002
136827  19.403  -30.644  31.151 0.1111110002
37287  18.581  -30.875  31.060 0.1111110002
124724  19.353  -30.125  29.910 0.1111110002
37300  18.984  -30.540  30.432 0.2222220004
38184  18.448  -30.171  29.726 0.2222220004
138549  21.671  -28.499  32.362 0.1111110002
133461  24.876  -23.964  27.161 0.2222220004
39927  21.673  -28.331  31.668 0.1111110002
39936  21.681  -28.115  31.038 0.1111110002
46612  30.516  -21.199  23.282 0.2222220004
39945  21.382  -28.211  30.326 0.1111110002
39080  21.109  -28.798  30.942 0.1111110002
46613  29.848  -20.929  22.991 0.3333329856
132956  21.041  -28.185  29.583 0.1111110002
38182  20.583  -29.500  30.459 0.1111110002
46615  27.862  -21.181  23.756 0.4444440007
39092  19.985  -29.148  28.975 0.2222220004
39091  20.564  -28.540  28.885 0.2222220004
38193  20.073  -29.713  29.748 0.1111110002
39102  19.751  -28.466  28.242 0.3333329856
46614  28.469  -20.895  23.300 0.4444440007
133745  19.208  -28.987  28.555 0.4444440007
43541  24.595  -24.413  27.677 0.2222220004
128528  23.620  -25.316  28.603 0.1111110002
138847  23.464  -25.803  29.865 0.1111110002
43550  24.207  -24.280  26.922 0.2222220004
42607  24.187  -25.097  28.204 0.2222220004
42597  23.514  -25.526  29.292 0.1111110002
41637  23.012  -26.089  30.163 0.1111110002
42613  23.831  -24.874  27.499 0.2222220004
41655  22.652  -26.155  28.791 0.1111110002
133327  22.454  -26.801  30.290 0.1111110002
40768  22.512  -26.912  31.243 0.1111110002
132005  31.918  -21.603  23.314 0.1111110002
46592  31.135  -21.533  23.706 0.2222220004
128202  23.340  -25.283  27.906 0.2222220004
41668  23.103  -25.641  28.563 0.1111110002
130891  22.546  -26.428  29.419 0.1111110002
39935  21.972  -27.529  30.728 0.1111110002
41682  22.761  -25.866  27.436 0.1111110002
40785  21.885  -27.157  29.226 0.1111110002
40786  21.380  -27.385  28.438 0.1111110002
122640  29.258  -20.942  23.572 0.3333329856
39952  21.080  -27.809  28.932 0.1111110002
121820  29.087  -20.803  22.755 0.4444440007
39101  20.430  -28.103  28.295 0.2222220004
39959  19.217  -27.968  27.697 0.5555559993
143021  32.622  -21.634  23.076 0.1111110002
45596  33.402  -21.817  23.380 0.1111110002
124387  32.177  -21.276  22.453 0.1111110002
46611  31.266  -21.254  22.856 0.2222220004
42620  23.491  -24.867  26.404 0.2222220004
42614  23.053  -25.292  26.944 0.2222220004
41669  22.379  -26.254  27.980 0.1111110002
128681  20.797  -27.730  28.098 0.2222220004
46629  30.532  -20.925  22.442 0.3333329856
41683  21.928  -26.363  26.985 0.3333329856
40822  21.089  -26.778  26.818 0.4444440007
40802  21.049  -27.260  27.614 0.2222220004
46630  29.726  -20.761  22.159 0.4444440007
46631  28.251  -20.689  22.345 0.4444440007
39966  19.155  -27.189  27.223 0.6666669846
46650  28.535  -20.364  21.457 0.4444440007
46610  33.114  -21.462  22.545 0.1111110002
46628  31.330  -20.900  21.980 0.2222220004
46648  30.414  -20.633  21.432 0.4444440007
138347  29.000  -20.611  22.057 0.4444440007
45595  34.386  -21.814  23.353 0.1111110002
45594  35.248  -21.756  23.385 0.1111110002
46609  33.998  -21.477  22.639 0.1111110002
46627  32.872  -20.990  21.912 0.1111110002
46649  29.400  -20.455  21.404 0.4444440007
46675  29.795  -20.172  20.623 0.4444440007
47599  28.867  -19.999  20.685 0.5555559993
45593  36.089  -21.637  23.464 0.1111110002
46608  34.892  -21.367  22.698 0.1111110002
46626  33.662  -20.986  22.029 0.1111110002
46647  31.394  -20.591  21.061 0.1111110002
46674  30.684  -20.258  20.478 0.4444440007
47623  30.100  -19.897  19.833 0.4444440007
45571  38.187  -21.740  24.489 0.1111110002
45572  37.322  -21.837  24.333 0.1111110002
44446  19.602  -21.267  32.599 0.2222220004
46591  37.034  -21.394  23.518 0.1111110002
46607  35.708  -21.208  22.842 0.1111110002
46624  35.461  -20.755  22.059 0.1111110002
46645  34.142  -20.675  21.390 0.1111110002
121471  33.394  -20.758  21.364 0.1111110002
46527  22.169  -19.285  29.809 0.1111110002
46672  32.260  -20.527  20.794 0.1111110002
46646  32.747  -20.752  21.271 0.1111110002
47575  39.914  -19.960  23.239 0.1111110002
46604  39.247  -20.609  23.405 0.1111110002
46588  39.514  -21.072  24.127 0.1111110002
45450  20.405  -20.868  33.371 0.2222220004
44435  19.639  -21.298  33.663 0.2222220004
48463  40.421  -19.175  23.149 0.1111110002
129645  39.256  -19.920  22.970 0.1111110002
46590  37.908  -21.293  23.841 0.1111110002
132552  20.598  -20.690  32.548 0.2222220004
48474  39.340  -18.761  22.256 0.1111110002
48464  39.686  -19.332  22.748 0.1111110002
136071  38.444  -20.847  23.431 0.1111110002
46605  37.784  -20.823  23.170 0.1111110002
119226  36.468  -20.984  22.984 0.1111110002
46492  21.686  -19.862  31.126 0.1111110002
45462  20.969  -20.288  31.725 0.2222220004
45463  20.017  -20.870  31.728 0.2222220004
49451  39.279  -17.360  21.613 0.1111110002
49439  38.921  -18.195  21.772 0.1111110002
48475  38.556  -19.025  22.001 0.1111110002
140052  37.727  -19.818  22.114 0.1111110002
46623  36.840  -20.565  22.378 0.1111110002
135810  36.169  -20.799  22.396 0.1111110002
46512  22.220  -19.603  30.610 0.1111110002
46513  21.359  -19.668  30.237 0.1111110002
45470  20.766  -20.101  30.723 0.1111110002
48486  38.109  -18.587  21.330 0.1111110002
48476  37.876  -19.402  21.779 0.1111110002
47584  37.169  -19.866  21.912 0.1111110002
47585  36.313  -20.292  21.881 0.1111110002
51266  40.021  -15.999  20.731 0.1111110002
50351  38.911  -16.885  21.100 0.1111110002
49452  38.599  -17.683  21.205 0.1111110002
49453  37.931  -17.852  20.924 0.1111110002
47596  35.680  -20.083  21.248 0.1111110002
141195  35.065  -20.066  21.012 0.1111110002
139708  33.763  -20.435  20.879 0.1111110002
50363  39.324  -16.381  20.761 0.1111110002
50364  38.712  -16.517  20.436 0.1111110002
50352  38.253  -17.166  20.726 0.1111110002
49471  37.620  -17.602  20.334 0.1111110002
47619  34.505  -19.816  20.101 0.1111110002
47598  33.081  -20.495  20.732 0.1111110002
51276  39.270  -15.952  20.213 0.1111110002
51277  38.499  -15.983  19.794 0.1111110002
50365  37.948  -16.712  20.045 0.1111110002
50366  37.228  -17.228  19.720 0.1111110002
46673  31.579  -20.143  20.123 0.2222220004
47594  37.316  -19.209  21.291 0.1111110002
49454  37.310  -18.463  20.721 0.1111110002
47595  36.576  -19.708  21.281 0.1111110002
48488  36.103  -19.464  20.679 0.1111110002
49472  36.874  -18.009  20.050 0.2222220004
48502  36.517  -18.791  20.312 0.1111110002
48503  35.740  -19.091  20.032 0.1111110002
47618  35.251  -19.771  20.472 0.1111110002
49490  36.619  -17.723  19.279 0.1111110002
49473  36.205  -18.446  19.628 0.2222220004
48515  35.460  -18.819  19.255 0.1111110002
58099  44.482  -8.266  15.164 0.1111110002
60036  44.165  -6.970  14.520 0.1111110002
61136  41.258  -5.477  7.743 0.6666669846
62137  41.686  -4.818  7.219 0.6666669846
61146  40.750  -4.895  7.106 0.7777780294
63039  41.517  -3.569  6.175 0.6666669846
62145  41.146  -4.272  6.601 0.6666669846
62138  39.749  -4.820  7.131 0.6666669846
63989  40.147  -2.850  5.888 0.6666669846
63041  39.578  -3.461  6.424 0.6666669846
63029  38.893  -3.616  7.011 0.6666669846
138557  39.367  -2.494  6.331 0.6666669846
63998  41.242  -2.478  5.300 0.6666669846
64963  39.105  -1.576  6.405 0.6666669846
64946  38.565  -1.092  7.563 0.6666669846
128221  38.812  -2.045  6.921 0.6666669846
65963  46.505  -1.037  5.915 0.5555559993
65964  45.524  -1.304  5.797 0.5555559993
64967  43.854  -1.566  5.382 0.6666669846
67028  39.242  0.663  7.455 0.6666669846
65969  46.744  -0.453  5.442 0.5555559993
65970  46.004  -0.544  5.262 0.5555559993
65972  44.052  -0.869  4.881 0.6666669846
65973  43.106  -1.129  4.776 0.6666669846
64970  40.117  -1.509  5.070 0.6666669846
65965  38.911  -0.636  6.587 0.6666669846
64936  38.807  -0.784  8.748 0.6666669846
64977  41.289  -0.929  4.286 0.6666669846
67043  47.286  0.052  5.299 0.5555559993
67044  46.521  0.107  4.962 0.5555559993
65971  45.006  -0.543  4.962 0.5555559993
65982  44.282  -0.342  4.370 0.5555559993
65974  39.793  -0.461  5.033 0.6666669846
126403  39.159  -0.159  5.938 0.6666669846
65984  42.289  -0.572  4.130 0.6666669846
65986  40.539  -0.165  4.300 0.6666669846
121286  39.874  1.151  5.133 0.6666669846
67062  40.374  0.811  4.373 0.6666669846
67061  41.855  0.247  3.662 0.6666669846
127849  41.031  0.487  3.887 0.6666669846
68971  43.284  3.076  11.114 0.1111110002
133475  47.672  1.010  4.360 0.4444440007
68041  47.079  1.106  3.711 0.4444440007
67056  47.132  0.618  4.610 0.5555559993
68042  46.101  0.937  3.669 0.5555559993
67046  44.935  0.177  4.102 0.6666669846
68043  40.346  1.735  4.710 0.6666669846
67058  45.714  0.500  4.038 0.5555559993
67059  43.908  0.189  3.856 0.6666669846
67060  42.861  0.179  3.708 0.6666669846
140120  41.472  0.942  3.532 0.6666669846
67073  40.895  1.360  3.938 0.6666669846
68055  48.678  1.358  3.715 0.3333329856
130619  47.943  1.219  3.846 0.4444440007
69046  40.939  2.451  4.300 0.6666669846
68057  45.677  1.147  3.214 0.5555559993
128444  44.986  1.233  3.069 0.6666669846
134804  43.383  0.923  3.246 0.6666669846
67072  42.271  0.908  3.300 0.6666669846
68060  41.603  1.830  3.383 0.6666669846
68054  49.595  1.556  3.699 0.3333329856
120141  50.021  1.780  2.861 0.3333329856
69057  49.044  1.594  2.888 0.3333329856
122891  47.981  1.434  3.007 0.3333329856
70062  41.578  2.919  3.625 0.6666669846
68067  47.073  1.418  2.803 0.4444440007
68069  45.579  1.481  2.646 0.6666669846
128502  43.354  1.717  2.637 0.6666669846
69058  42.220  2.541  2.989 0.6666669846
69068  45.342  2.010  1.955 0.6666669846
68070  44.622  1.735  2.438 0.6666669846
140939  43.990  1.712  2.539 0.6666669846
70023  43.807  3.893  7.202 0.5555559993
70041  43.302  4.420  6.350 0.6666669846
71038  42.838  5.227  3.982 0.5555559993
71039  42.211  4.673  4.182 0.6666669846
140105  44.726  3.381  0.857 0.6666669846
70076  43.583  3.658  1.635 0.6666669846
71045  42.376  4.432  3.316 0.5555559993
69074  50.785  2.277  1.300 0.2222220004
69076  48.953  2.045  1.298 0.4444440007
69077  47.980  2.039  1.306 0.5555559993
138546  45.559  2.912  0.724 0.6666669846
69080  44.167  3.087  1.346 0.6666669846
70068  43.053  3.519  2.209 0.6666669846
141443  41.978  3.205  3.275 0.6666669846
69065  49.480  1.819  2.058 0.3333329856
69066  48.500  1.742  2.096 0.3333329856
68068  46.401  1.680  2.157 0.6666669846
69079  44.995  2.624  1.298 0.6666669846
69081  43.621  2.858  1.864 0.6666669846
70069  42.381  3.478  2.865 0.6666669846
126264  43.835  2.154  2.259 0.6666669846
69070  42.963  2.581  2.383 0.6666669846
72081  43.365  5.444  3.355 0.5555559993
72080  44.178  5.829  3.274 0.4444440007
71066  52.899  3.678  0.079 0.2222220004
69073  51.707  2.544  1.199 0.2222220004
70075  44.104  3.869  1.139 0.6666669846
71051  43.774  5.002  1.760 0.5555559993
71065  53.658  3.737  0.391 0.1111110002
70083  51.511  3.032  0.372 0.2222220004
69087  49.403  2.374  0.585 0.4444440007
69089  47.445  2.364  0.519 0.5555559993
126945  46.030  3.242  0.107 0.6666669846
70089  45.201  3.678  0.297 0.6666669846
70090  44.565  4.172  0.636 0.6666669846
70093  51.238  3.381  -0.375 0.2222220004
70094  50.390  3.276  -0.581 0.3333329856
70085  49.864  2.855  0.008 0.4444440007
70087  47.899  2.851  -0.259 0.5555559993
70088  46.913  2.890  -0.078 0.5555559993
72092  44.129  5.679  2.158 0.5555559993
72110  53.826  5.037  -1.135 0.1111110002
72099  44.340  5.381  1.341 0.5555559993
72116  54.240  5.611  -1.706 0.1111110002
125327  52.549  4.023  -0.817 0.1111110002
122894  51.757  3.712  -0.807 0.1111110002
70099  45.642  4.031  -0.260 0.5555559993
71068  44.580  5.014  0.645 0.5555559993
129361  54.277  4.700  -2.491 0.2222220004
134681  53.510  4.428  -2.051 0.1111110002
72118  52.729  4.030  -1.379 0.1111110002
71073  50.998  3.654  -1.157 0.2222220004
70095  49.486  3.182  -0.752 0.5555559993
70097  47.764  3.505  -0.973 0.5555559993
70098  46.444  3.600  -0.519 0.5555559993
72113  45.447  4.936  -0.324 0.5555559993
122885  55.120  4.881  -3.072 0.2222220004
71102  54.594  3.887  -3.246 0.2222220004
71091  51.976  3.712  -2.754 0.2222220004
71080  51.188  3.747  -1.778 0.2222220004
70103  50.014  3.613  -1.299 0.4444440007
71082  48.743  4.227  -1.906 0.5555559993
70106  47.631  4.129  -1.436 0.5555559993
71074  46.971  4.077  -1.084 0.5555559993
71085  46.563  4.850  -1.226 0.5555559993
71083  47.991  4.494  -1.827 0.5555559993
72098  44.768  6.024  1.736 0.4444440007
72106  44.981  5.790  0.826 0.5555559993
71100  55.920  4.718  -3.662 0.1111110002
71101  55.431  4.159  -3.598 0.2222220004
71103  53.296  3.754  -3.679 0.2222220004
71092  50.992  3.966  -2.614 0.3333329856
136723  50.002  4.302  -2.496 0.5555559993
71084  47.222  4.825  -1.625 0.5555559993
72112  46.090  5.468  -0.784 0.4444440007
73094  58.572  6.175  -5.901 0.1111110002
71121  57.078  4.293  -5.036 0.1111110002
70119  55.530  3.862  -4.257 0.1111110002
134175  53.421  4.030  -4.423 0.2222220004
71115  51.846  4.527  -4.173 0.3333329856
71093  50.294  4.544  -3.050 0.4444440007
71094  49.162  4.604  -2.442 0.5555559993
71096  47.787  5.161  -2.088 0.5555559993
72120  46.707  5.509  -1.415 0.4444440007
71128  57.614  4.544  -5.948 0.1111110002
70120  54.794  3.852  -4.639 0.2222220004
72134  51.035  4.922  -3.935 0.3333329856
71138  58.023  4.900  -6.678 0.1111110002
131537  46.287  6.957  0.623 0.3333329856
73059  45.672  6.477  0.657 0.3333329856
73054  45.479  6.468  1.530 0.3333329856
73058  46.102  6.495  -0.184 0.4444440007
73065  47.036  6.710  -1.327 0.4444440007
72105  45.461  5.770  0.004 0.4444440007
73071  47.342  6.358  -1.940 0.5555559993
73066  46.523  6.216  -1.062 0.4444440007
72142  50.525  5.773  -4.243 0.5555559993
72136  49.450  5.655  -3.374 0.5555559993
129605  48.416  6.376  -2.865 0.5555559993
72129  47.830  5.850  -2.448 0.5555559993
73072  46.902  6.082  -1.594 0.4444440007
73138  59.420  6.443  -9.041 0.1111110002
72169  59.081  5.758  -7.761 0.1111110002
72171  57.726  5.185  -7.495 0.1111110002
71130  55.938  4.351  -6.100 0.2222220004
71124  53.966  4.188  -5.047 0.2222220004
72140  52.282  5.026  -4.819 0.3333329856
73123  59.505  6.365  -8.143 0.1111110002
72156  58.999  5.735  -7.089 0.1111110002
74022  46.943  7.447  1.037 0.3333329856
73053  46.399  7.002  1.570 0.3333329856
74030  47.371  7.740  0.314 0.3333329856
74050  47.567  7.179  -1.662 0.4444440007
74066  49.479  7.232  -3.594 0.4444440007
74057  48.480  7.225  -2.704 0.5555559993
73077  47.877  6.760  -2.350 0.5555559993
73090  50.058  6.668  -4.141 0.5555559993
72137  48.949  6.121  -3.238 0.5555559993
72185  58.424  5.637  -8.153 0.1111110002
72158  56.394  4.699  -6.730 0.2222220004
72149  54.295  4.787  -5.831 0.2222220004
72150  53.501  5.071  -5.627 0.2222220004
73097  51.552  6.298  -5.215 0.4444440007
73089  50.844  6.588  -4.844 0.5555559993
74138  59.851  7.516  -10.324 0.1111110002
73139  58.707  6.102  -8.914 0.1111110002
72186  57.661  5.604  -8.203 0.2222220004
72173  55.916  5.337  -7.294 0.2222220004
72174  55.074  5.719  -7.090 0.2222220004
73110  53.442  6.439  -6.528 0.3333329856
73096  52.158  6.483  -5.723 0.4444440007
74145  59.713  7.912  -11.152 0.2222220004
73164  59.176  7.289  -10.694 0.2222220004
73154  58.146  6.457  -9.467 0.2222220004
73140  57.875  6.015  -8.781 0.2222220004
73124  56.365  5.736  -7.901 0.2222220004
73126  54.739  6.558  -7.462 0.2222220004
73109  54.257  6.063  -6.887 0.2222220004
75089  58.345  8.338  -11.903 0.4444440007
74147  57.985  7.862  -11.296 0.3333329856
73165  58.505  6.922  -10.186 0.3333329856
74128  57.501  7.007  -9.945 0.4444440007
75008  49.601  8.167  -3.329 0.4444440007
74073  50.955  7.638  -4.977 0.4444440007
74074  50.455  7.329  -4.510 0.4444440007
73111  52.842  6.255  -6.030 0.4444440007
74084  52.103  7.514  -5.941 0.4444440007
73155  57.214  6.585  -9.247 0.3333329856
73142  55.968  6.493  -8.314 0.3333329856
73143  55.206  6.957  -8.060 0.3333329856
128400  57.724  7.427  -10.645 0.4444440007
74139  56.853  7.687  -10.312 0.4444440007
74118  55.603  7.191  -8.596 0.3333329856
74107  54.492  7.431  -7.779 0.4444440007
73127  54.004  6.988  -7.149 0.4444440007
74097  53.322  7.453  -6.815 0.3333329856
75090  57.416  8.515  -11.707 0.4444440007
75077  57.117  8.087  -11.018 0.4444440007
75950  52.406  9.492  -5.394 0.4444440007
141433  51.829  8.883  -5.277 0.4444440007
75042  53.341  8.453  -6.878 0.4444440007
75043  52.890  8.715  -6.332 0.4444440007
75031  52.297  8.556  -5.857 0.4444440007
75068  56.056  8.078  -9.892 0.4444440007
75069  55.579  8.468  -9.482 0.4444440007
125326  55.021  7.811  -8.464 0.4444440007
74108  53.832  7.899  -7.394 0.4444440007
75091  56.647  8.836  -11.296 0.4444440007
75078  56.358  8.457  -10.584 0.4444440007
76015  56.450  9.586  -11.332 0.4444440007
77811  54.414  12.365  -2.409 0.1111110002
76867  54.178  11.165  -4.875 0.2222220004
76858  53.315  11.216  -3.877 0.3333329856
76889  53.877  10.124  -6.092 0.2222220004
75937  52.987  10.210  -5.013 0.4444440007
76869  52.842  10.596  -4.288 0.4444440007
76879  53.728  10.507  -5.291 0.4444440007
75939  51.820  9.505  -4.793 0.4444440007
75969  53.682  9.146  -7.125 0.4444440007
75959  52.781  9.206  -5.990 0.4444440007
75988  55.443  9.106  -9.378 0.4444440007
75060  55.230  8.496  -8.950 0.4444440007
75979  54.618  9.103  -8.199 0.4444440007
75968  54.229  9.336  -7.637 0.4444440007
139988  57.015  11.942  -10.473 0.3333329856
77867  56.646  11.368  -9.887 0.4444440007
76928  56.262  10.247  -10.643 0.4444440007
75987  55.803  9.619  -9.949 0.4444440007
75978  55.111  9.296  -8.654 0.4444440007
75061  54.826  8.617  -8.496 0.4444440007
77824  54.555  11.760  -4.428 0.1111110002
77823  55.249  12.092  -4.774 0.1111110002
76866  54.889  11.487  -5.231 0.2222220004
77841  55.746  11.600  -6.487 0.2222220004
76877  55.157  11.186  -6.021 0.2222220004
76888  54.624  10.479  -6.432 0.3333329856
76886  55.874  11.348  -7.339 0.2222220004
76887  55.290  10.872  -6.832 0.2222220004
76896  56.231  11.345  -8.123 0.2222220004
139243  55.761  10.835  -8.049 0.3333329856
76897  55.363  10.522  -7.623 0.3333329856
75967  54.896  9.737  -7.987 0.4444440007
77866  56.901  12.089  -9.052 0.1111110002
76917  55.630  9.841  -9.105 0.4444440007
77815  55.125  12.508  -3.112 0.1111110002
77822  55.606  12.512  -4.094 0.1111110002
120467  54.902  12.238  -4.015 0.1111110002
119416  56.028  12.467  -5.004 0.1111110002
77832  55.658  11.927  -5.683 0.1111110002
77847  56.462  11.910  -7.501 0.2222220004
77856  56.745  12.020  -8.252 0.2222220004
78807  56.655  13.153  -1.896 0.1111110002
77809  55.970  12.717  -1.425 0.1111110002
77814  55.899  12.812  -2.440 0.1111110002
78820  56.532  12.909  -4.143 0.1111110002
78819  57.324  13.221  -4.586 0.1111110002
78833  56.821  12.777  -5.215 0.1111110002
133578  57.454  13.120  -5.504 0.1111110002
77831  56.381  12.406  -5.808 0.1111110002
78841  57.777  13.077  -7.092 0.1111110002
78831  57.615  13.073  -6.320 0.1111110002
78832  57.049  12.678  -6.006 0.1111110002
77840  56.256  11.998  -6.838 0.2222220004
128007  56.121  12.109  -6.281 0.2222220004
78848  57.913  13.120  -7.861 0.1111110002
140571  56.922  12.326  -7.628 0.2222220004
141978  57.148  12.380  -8.600 0.2222220004
75067  60.898  9.036  -8.923 0.1111110002
75977  61.566  9.352  -8.191 0.1111110002
121202  61.073  9.307  -9.696 0.1111110002
74146  58.911  7.766  -11.382 0.3333329856
74137  60.373  8.233  -9.696 0.1111110002
36363  17.724  -31.890  33.220 0.1111110002
36375  18.152  -31.712  32.730 0.1111110002
39103  18.774  -28.436  28.107 0.5555559993
41700  22.291  -25.905  26.409 0.2222220004
48516  34.605  -19.076  18.966 0.2222220004
130147  20.296  -20.606  31.065 0.2222220004
49491  35.872  -18.098  18.916 0.2222220004
57126  44.326  -9.031  15.347 0.1111110002
59057  44.335  -7.646  14.857 0.1111110002
62126  38.836  -4.830  7.523 0.6666669846
38194  19.074  -29.634  29.134 0.2222220004
61147  40.376  -5.379  7.490 0.7777780294
47597  34.474  -20.179  20.770 0.1111110002
47640  34.113  -19.641  19.437 0.2222220004
65938  39.126  -0.274  8.551 0.5555559993
65949  39.567  0.425  8.391 0.5555559993
67036  39.187  0.669  6.479 0.6666669846
63974  38.484  -2.098  7.635 0.6666669846
63898  41.533  -1.359  15.341 0.1111110002
37214  8.763  -29.488  37.724 0.2222220004
67047  39.971  0.356  4.801 0.6666669846
70061  41.852  3.847  3.723 0.6666669846
67972  42.989  2.478  12.024 0.1111110002
38114  12.743  -27.312  37.400 0.2222220004
36347  19.175  -31.757  33.753 0.1111110002
37271  18.698  -31.368  32.247 0.1111110002
38163  20.745  -29.717  32.143 0.1111110002
135651  20.222  -30.142  31.593 0.1111110002
37286  19.757  -30.618  31.759 0.1111110002
141857  19.843  -30.401  31.303 0.1111110002
131982  19.073  -30.934  31.741 0.1111110002
39944  21.686  -27.641  29.850 0.1111110002
39086  20.772  -28.970  29.777 0.1111110002
41654  23.126  -25.872  29.407 0.1111110002
143173  23.755  -25.185  28.107 0.2222220004
140015  21.935  -26.756  28.425 0.1111110002
39958  20.062  -27.773  27.589 0.3333329856
139940  21.672  -26.743  27.501 0.3333329856
124069  32.131  -20.853  21.581 0.1111110002
46625  34.508  -20.921  22.062 0.1111110002
46589  38.708  -21.151  24.024 0.1111110002
46606  37.157  -20.803  22.910 0.1111110002
48465  38.964  -19.542  22.459 0.1111110002
47576  38.505  -20.245  22.891 0.1111110002
49438  39.677  -17.873  22.148 0.1111110002
47583  38.227  -19.743  22.261 0.1111110002
123788  37.645  -20.301  22.486 0.1111110002
46644  34.906  -20.514  21.385 0.1111110002
48487  36.736  -19.097  20.895 0.1111110002
48504  34.968  -19.397  19.698 0.1111110002
62146  40.206  -4.272  6.613 0.6666669846
63040  40.597  -3.618  6.158 0.6666669846
62147  39.466  -4.130  6.806 0.6666669846
133789  39.035  -4.292  7.143 0.6666669846
63988  40.966  -3.000  5.677 0.6666669846
63987  41.794  -2.868  5.769 0.6666669846
63973  38.832  -2.815  6.906 0.6666669846
64969  41.082  -1.785  4.796 0.6666669846
63999  40.564  -2.328  5.324 0.6666669846
64971  39.754  -2.019  5.698 0.6666669846
65975  39.369  -1.082  5.693 0.6666669846
65950  38.835  -0.064  7.554 0.6666669846
64966  44.624  -1.243  5.421 0.6666669846
64960  44.666  -1.909  6.100 0.6666669846
140009  38.919  0.114  6.750 0.6666669846
67045  45.753  0.057  4.607 0.5555559993
122149  42.904  -1.873  5.308 0.6666669846
64968  42.100  -1.447  4.690 0.6666669846
63997  41.952  -2.194  5.254 0.6666669846
142543  40.503  -1.034  4.551 0.6666669846
65983  43.429  -0.463  4.246 0.6666669846
65985  41.389  -0.202  4.013 0.6666669846
67057  46.390  0.550  4.257 0.5555559993
68056  46.336  1.278  3.049 0.5555559993
67070  45.330  0.789  3.581 0.6666669846
67071  44.469  0.737  3.432 0.6666669846
68058  44.146  1.333  2.900 0.6666669846
68059  42.570  1.641  2.968 0.6666669846
69067  47.498  1.689  2.100 0.4444440007
141263  42.721  2.084  2.657 0.6666669846
69069  44.425  2.386  1.831 0.6666669846
71029  42.715  4.940  5.160 0.6666669846
71044  42.905  4.899  2.941 0.5555559993
71052  43.246  4.431  2.129 0.5555559993
71059  43.728  4.326  1.522 0.6666669846
71053  42.729  4.160  2.637 0.6666669846
69086  50.284  2.491  0.671 0.3333329856
69064  50.414  1.998  2.030 0.2222220004
69075  49.892  2.136  1.309 0.3333329856
69088  48.440  2.334  0.518 0.5555559993
69090  46.481  2.518  0.602 0.6666669846
123754  45.953  2.226  1.309 0.6666669846
69078  46.970  2.044  1.309 0.5555559993
72093  43.483  5.302  2.543 0.5555559993
70082  52.373  3.083  0.626 0.2222220004
70092  52.044  3.532  -0.178 0.2222220004
70081  53.249  3.240  0.893 0.2222220004
69085  51.003  2.635  0.744 0.2222220004
71058  44.157  4.649  1.156 0.6666669846
70084  50.704  2.978  0.170 0.2222220004
71067  45.058  4.510  0.184 0.5555559993
70096  48.590  3.222  -0.875 0.5555559993
70086  48.944  2.775  -0.138 0.5555559993
130259  47.189  3.317  -0.618 0.5555559993
126924  54.286  4.153  0.362 0.1111110002
72111  53.262  4.458  -1.172 0.1111110002
71072  53.540  4.302  -0.462 0.1111110002
72117  53.654  4.693  -1.567 0.1111110002
120003  51.854  3.804  -1.295 0.1111110002
129075  45.054  5.232  0.237 0.5555559993
71089  53.765  3.783  -2.862 0.2222220004
72126  52.773  3.898  -1.870 0.1111110002
71079  51.866  3.726  -1.904 0.2222220004
71081  50.443  3.889  -1.873 0.4444440007
70105  48.301  3.836  -1.446 0.5555559993
70104  49.123  3.607  -1.429 0.5555559993
71075  46.163  4.474  -0.776 0.5555559993
71090  52.869  3.666  -2.807 0.2222220004
126870  49.586  4.047  -1.912 0.5555559993
71095  48.390  4.846  -2.283 0.5555559993
71113  56.008  4.216  -3.983 0.1111110002
71112  56.538  4.556  -4.243 0.1111110002
70112  54.908  3.742  -3.947 0.2222220004
71114  52.682  4.211  -4.304 0.2222220004
71104  52.337  3.891  -3.564 0.2222220004
144042  53.910  3.686  -3.527 0.2222220004
71105  51.497  4.155  -3.431 0.3333329856
71106  50.786  4.501  -3.371 0.4444440007
72127  49.636  4.970  -2.961 0.5555559993
72119  47.256  5.629  -1.883 0.5555559993
72147  58.269  5.465  -5.778 0.1111110002
72157  58.569  5.449  -6.482 0.1111110002
73108  59.025  6.266  -6.569 0.1111110002
71120  57.809  5.034  -5.261 0.1111110002
71122  56.210  4.099  -5.399 0.1111110002
71129  56.798  4.316  -6.003 0.1111110002
70123  55.520  3.902  -5.010 0.1111110002
70113  54.125  3.708  -4.100 0.2222220004
72135  50.227  5.193  -3.549 0.5555559993
72128  48.696  5.448  -2.801 0.5555559993
143017  48.139  5.319  -2.431 0.5555559993
71119  58.118  4.965  -6.016 0.1111110002
71139  57.270  4.693  -6.722 0.1111110002
71123  54.841  4.204  -5.383 0.2222220004
121637  55.551  4.178  -5.554 0.2222220004
71125  53.073  4.645  -4.976 0.2222220004
72141  51.410  5.544  -4.684 0.3333329856
72170  58.502  5.355  -7.313 0.1111110002
74031  46.636  7.176  0.223 0.4444440007
74041  46.779  7.023  -0.514 0.4444440007
73083  49.921  5.914  -3.808 0.5555559993
73084  49.437  6.387  -3.602 0.5555559993
74116  59.872  7.106  -8.597 0.1111110002
72184  59.090  5.960  -8.424 0.1111110002
72187  57.114  5.516  -7.926 0.2222220004
72172  56.826  5.108  -7.384 0.2222220004
71131  55.100  4.584  -6.042 0.2222220004
72159  55.495  4.956  -6.667 0.2222220004
72152  52.009  5.785  -5.207 0.4444440007
72151  52.700  5.562  -5.520 0.2222220004
121549  48.163  7.653  -2.060 0.3333329856
74067  48.936  6.833  -3.214 0.5555559993
74056  49.032  7.672  -3.006 0.4444440007
74065  50.046  7.690  -3.965 0.4444440007
72160  54.654  5.260  -6.489 0.2222220004
72161  53.868  5.554  -6.260 0.2222220004
72162  53.252  5.779  -6.007 0.3333329856
74127  59.873  7.232  -9.467 0.1111110002
73152  59.356  6.865  -9.917 0.1111110002
74126  60.281  8.047  -8.881 0.1111110002
73153  58.886  6.467  -9.547 0.1111110002
73141  56.915  6.081  -8.526 0.2222220004
73125  55.492  6.095  -7.740 0.2222220004
131511  51.461  7.073  -5.453 0.4444440007
75076  60.438  8.572  -10.490 0.1111110002
140036  58.481  7.403  -10.859 0.4444440007
74129  56.578  7.317  -9.594 0.4444440007
75032  51.602  8.059  -5.425 0.4444440007
75016  50.614  8.171  -4.318 0.4444440007
75015  51.267  8.688  -4.728 0.4444440007
74098  52.720  7.008  -6.308 0.4444440007
74117  56.296  6.891  -8.937 0.3333329856
128941  52.751  7.951  -6.393 0.4444440007
74130  55.720  7.747  -9.142 0.4444440007
75053  54.362  8.397  -7.972 0.4444440007
75949  53.161  9.818  -5.734 0.4444440007
140779  51.381  9.502  -4.256 0.4444440007
75054  53.833  8.664  -7.447 0.4444440007
75079  55.739  8.852  -10.058 0.4444440007
75999  56.059  9.264  -10.725 0.4444440007
76916  56.117  10.492  -9.536 0.4444440007
77817  53.705  11.680  -3.488 0.1111110002
77816  54.288  12.072  -3.500 0.1111110002
76857  53.926  11.464  -4.126 0.2222220004
76868  53.516  10.855  -4.560 0.2222220004
76878  54.438  10.819  -5.638 0.2222220004
75929  51.946  10.238  -4.130 0.4444440007
75938  52.382  10.012  -4.741 0.4444440007
75957  54.010  9.784  -6.906 0.4444440007
75958  53.337  9.365  -6.480 0.4444440007
77810  55.131  12.601  -1.945 0.1111110002
76898  54.710  10.129  -7.269 0.3333329856
76906  55.958  10.650  -8.688 0.4444440007
76907  55.455  10.122  -8.358 0.4444440007
77857  56.468  11.298  -8.900 0.2222220004
140645  55.939  12.771  -3.369 0.1111110002
77839  56.627  12.387  -6.449 0.1111110002
77846  56.778  12.355  -7.057 0.1111110002
78811  56.602  13.139  -2.970 0.1111110002
78842  57.201  12.676  -6.697 0.1111110002
78849  57.339  12.670  -7.379 0.1111110002
78862  57.396  12.617  -8.158 0.1111110002
137757  7.786  -30.683  37.089 0.2222220004
38111  10.967  -28.127  38.434 0.1111110002
37209  10.996  -28.388  37.840 0.1111110002
38110  11.485  -27.766  38.342 0.1111110002
45435  22.133  -20.825  33.815 0.1111110002
45436  21.207  -20.849  34.036 0.1111110002
44434  20.908  -21.129  34.754 0.1111110002
125528  19.932  -21.302  34.562 0.1111110002
45437  20.381  -21.024  34.101 0.1111110002
133964  21.481  -20.458  32.528 0.1111110002
45560  27.344  -21.843  25.116 0.3333329856
123098  22.982  -21.979  35.970 0.1111110002
44411  22.121  -21.746  35.328 0.1111110002
43474  22.009  -21.923  35.845 0.1111110002
44422  22.863  -21.470  34.945 0.1111110002
44423  21.430  -21.493  35.237 0.1111110002
43486  19.444  -21.710  35.107 0.1111110002
43487  18.462  -22.364  34.656 0.1111110002
45448  22.273  -20.626  32.975 0.1111110002
43462  21.897  -22.006  36.623 0.1111110002
43475  21.160  -21.897  36.345 0.1111110002
43476  20.162  -21.812  35.917 0.1111110002
143780  18.002  -22.905  34.692 0.1111110002
42546  17.847  -23.207  34.021 0.1111110002
133395  17.379  -23.959  34.082 0.1111110002
62996  45.343  -3.715  10.818 0.3333329856
63007  44.514  -4.067  9.608 0.3333329856
63008  43.960  -4.459  9.104 0.3333329856
62123  43.386  -4.805  8.633 0.4444440007
62124  42.752  -5.076  8.198 0.5555559993
61126  42.037  -5.635  8.521 0.5555559993
63954  44.883  -3.563  9.301 0.3333329856
63015  44.437  -3.902  8.807 0.3333329856
63961  44.920  -3.303  8.662 0.2222220004
63025  44.382  -3.624  7.922 0.4444440007
63026  43.472  -4.018  7.511 0.5555559993
137052  43.252  -4.606  7.987 0.5555559993
62125  42.105  -5.200  7.785 0.5555559993
63028  42.058  -4.119  6.773 0.5555559993
63960  45.452  -2.777  8.492 0.2222220004
64934  46.682  -1.952  7.900 0.2222220004
64935  45.986  -2.280  8.192 0.3333329856
63971  44.695  -2.976  7.356 0.3333329856
63972  43.941  -3.335  7.104 0.4444440007
63027  42.792  -3.922  7.020 0.5555559993
64944  46.022  -2.186  7.218 0.2222220004
64945  45.124  -2.420  6.897 0.4444440007
63985  44.288  -2.697  6.620 0.5555559993
63986  43.410  -2.978  6.466 0.5555559993
63038  42.514  -3.384  6.393 0.5555559993
64943  46.932  -1.887  7.116 0.2222220004
64942  47.682  -1.568  7.057 0.3333329856
64958  47.138  -1.462  6.491 0.4444440007
119413  45.550  -1.953  6.484 0.4444440007
64961  43.630  -2.221  6.009 0.5555559993
64959  46.303  -1.723  6.480 0.4444440007
65961  48.313  -0.763  6.342 0.2222220004
64957  47.821  -1.236  6.546 0.2222220004
67035  48.066  -0.075  5.715 0.4444440007
67042  48.576  0.417  5.552 0.4444440007
67055  47.943  0.706  5.068 0.3333329856
68027  48.767  0.983  5.148 0.2222220004
68038  50.020  1.552  4.564 0.1111110002
68040  48.340  1.149  4.451 0.2222220004
69056  51.647  2.183  3.503 0.1111110002
68053  50.620  1.850  3.788 0.2222220004
69055  52.299  2.399  2.885 0.1111110002
134815  51.680  2.197  2.630 0.1111110002
124479  50.951  2.018  2.789 0.1111110002
69063  51.301  2.169  1.977 0.1111110002
70073  53.488  3.068  1.757 0.1111110002
70040  44.296  4.479  6.659 0.4444440007
71027  44.797  5.079  6.080 0.4444440007
131371  43.432  5.361  4.852 0.4444440007
71037  44.315  5.469  5.140 0.3333329856
72068  43.773  5.605  4.165 0.3333329856
72090  45.809  6.454  3.065 0.2222220004
72091  44.867  6.147  2.677 0.2222220004
74040  47.422  7.528  -0.776 0.3333329856
138498  7.797  -34.922  38.454 0.1111110002
33280  7.485  -34.906  38.129 0.1111110002
42550  17.898  -23.299  33.042 0.1111110002
45449  21.352  -20.669  33.214 0.1111110002
62136  42.631  -4.598  7.462 0.5555559993
65962  47.415  -0.732  5.952 0.4444440007
68039  49.160  1.302  4.476 0.2222220004
71028  43.809  4.991  5.742 0.4444440007
69062  52.124  2.372  2.058 0.1111110002
140242  45.372  6.420  2.265 0.3333329856
38101  11.973  -27.163  38.887 0.1111110002
64962  42.702  -2.589  5.862 0.5555559993
39030  11.927  -26.885  39.498 0.1111110002
44433  21.950  -21.193  34.720 0.1111110002
44424  20.567  -21.466  35.305 0.1111110002
44412  21.295  -21.699  35.684 0.1111110002
63016  43.840  -4.268  8.305 0.3333329856
62113  43.471  -4.920  9.349 0.3333329856
62114  42.889  -5.327  9.020 0.4444440007
122302  44.959  -3.050  8.020 0.2222220004
63970  45.401  -2.658  7.664 0.3333329856
63037  43.247  -3.537  6.895 0.5555559993
64941  48.378  -1.213  6.941 0.1111110002
67034  48.832  -0.106  6.131 0.3333329856
67041  49.235  0.573  5.789 0.2222220004
68025  50.520  1.396  5.447 0.1111110002
125233  24.093  -29.114  29.965 0.1111110002
45577  30.973  -21.709  24.637 0.1111110002
45558  30.350  -21.730  25.362 0.1111110002
123329  29.063  -21.877  26.436 0.1111110002
41632  26.319  -25.875  28.870 0.1111110002
46593  30.378  -21.425  24.052 0.1111110002
122104  28.902  -21.646  25.555 0.2222220004
45534  28.317  -21.884  26.145 0.2222220004
44520  27.719  -22.743  27.156 0.1111110002
43539  27.412  -23.803  28.295 0.1111110002
143356  26.971  -24.196  28.625 0.1111110002
42577  27.251  -25.125  28.973 0.1111110002
130895  29.919  -21.126  23.660 0.2222220004
46594  29.576  -21.260  24.328 0.2222220004
46577  28.528  -21.470  24.926 0.2222220004
45535  27.588  -21.976  25.924 0.2222220004
44521  26.781  -22.916  27.075 0.1111110002
44502  27.162  -23.331  27.696 0.1111110002
46595  28.659  -21.111  24.227 0.2222220004
39079  25.175  -27.877  31.621 0.1111110002
39943  25.146  -27.397  30.744 0.1111110002
41612  25.099  -26.469  29.800 0.1111110002
43526  26.352  -24.447  28.375 0.1111110002
42594  25.821  -25.072  28.493 0.1111110002
44522  26.002  -23.181  26.896 0.1111110002
44503  26.370  -23.606  27.496 0.1111110002
43540  25.904  -24.098  28.020 0.1111110002
43549  25.548  -23.862  27.414 0.1111110002
122747  24.775  -26.970  31.882 0.1111110002
39925  24.976  -27.366  32.508 0.1111110002
39072  25.153  -27.807  32.401 0.1111110002
39934  25.035  -27.299  31.608 0.1111110002
39933  25.154  -26.926  30.334 0.1111110002
40766  24.795  -26.791  31.070 0.1111110002
41634  24.427  -26.122  30.067 0.1111110002
41633  24.976  -25.766  29.386 0.1111110002
42579  25.029  -25.686  29.148 0.1111110002
43527  25.507  -24.682  28.205 0.1111110002
140408  24.571  -26.707  31.365 0.1111110002
41635  23.877  -25.971  30.410 0.1111110002
42580  24.238  -25.775  29.554 0.1111110002
42595  24.905  -25.341  28.734 0.1111110002
42606  24.780  -24.918  28.201 0.1111110002
39044  13.968  -26.329  36.834 0.1111110002
49442  32.727  -15.681  23.590 0.2222220004
52216  36.828  -12.938  23.914 0.1111110002
62102  44.215  -4.760  10.931 0.2222220004
62103  43.955  -4.689  10.016 0.2222220004
62104  43.110  -5.347  10.065 0.3333329856
64928  45.870  -2.236  9.077 0.1111110002
133250  45.410  -2.963  9.404 0.1111110002
63948  45.065  -3.557  9.999 0.2222220004
141791  39.313  -11.051  18.412 0.1111110002
55157  39.676  -10.633  18.285 0.2222220004
140982  39.755  -9.310  17.592 0.2222220004
68026  49.598  1.159  5.287 0.1111110002
68993  44.734  4.258  8.037 0.1111110002
44538  26.460  -22.758  26.294 0.2222220004
44523  25.354  -23.577  26.651 0.1111110002
46596  27.935  -21.489  24.600 0.2222220004
49455  32.132  -15.459  22.879 0.2222220004
51248  36.219  -13.499  24.735 0.1111110002
52217  35.862  -13.258  23.889 0.1111110002
139359  25.019  -24.098  27.653 0.1111110002
137688  24.846  -28.359  29.842 0.1111110002
45578  30.175  -21.543  24.706 0.1111110002
131513  29.621  -21.554  25.127 0.1111110002
45533  29.702  -21.746  25.927 0.1111110002
40772  25.954  -26.429  29.136 0.1111110002
127375  27.010  -25.956  29.032 0.1111110002
46576  29.051  -21.376  24.845 0.2222220004
45511  27.875  -22.257  26.499 0.1111110002
45510  28.469  -22.249  26.824 0.1111110002
44501  27.910  -23.102  28.032 0.1111110002
138329  26.687  -23.915  28.128 0.1111110002
42593  26.884  -24.558  28.683 0.1111110002
42578  26.052  -25.421  28.667 0.1111110002
45559  28.091  -21.698  25.394 0.2222220004
45512  27.227  -22.507  26.432 0.1111110002
39085  25.094  -28.053  30.775 0.1111110002
39951  25.322  -27.539  29.967 0.1111110002
39942  25.734  -27.199  29.790 0.1111110002
124870  25.170  -24.269  27.917 0.1111110002
41613  24.629  -26.474  30.585 0.1111110002
41614  24.220  -26.307  31.138 0.1111110002
42596  24.072  -25.441  28.965 0.1111110002
54196  43.872  -13.148  17.899 0.1111110002
55156  43.978  -11.894  16.945 0.1111110002
56190  43.574  -10.836  15.618 0.2222220004
70970  44.220  4.626  11.697 0.1111110002
69977  44.278  4.512  10.781 0.1111110002
72079  45.292  6.195  3.707 0.2222220004
72067  44.785  5.843  4.428 0.2222220004
73043  47.172  6.972  2.651 0.1111110002
74039  48.034  8.274  -0.137 0.2222220004
74021  47.886  7.807  1.450 0.1111110002
138271  48.692  7.943  -2.425 0.3333329856
74988  48.614  8.820  -0.568 0.2222220004
74994  49.154  9.289  -0.971 0.2222220004
74049  48.055  8.022  -1.169 0.2222220004
75001  49.229  8.569  -2.505 0.3333329856
75921  49.650  9.686  -1.336 0.2222220004
75007  50.253  8.613  -3.647 0.2222220004
75000  49.888  9.056  -2.955 0.2222220004
75920  50.194  10.094  -1.673 0.1111110002
76856  50.842  10.571  -1.983 0.1111110002
75930  51.233  9.913  -3.631 0.2222220004
75088  59.387  8.498  -11.970 0.2222220004
120320  52.803  11.594  -1.061 0.1111110002
76855  51.603  10.994  -2.353 0.1111110002
75099  58.629  8.795  -12.403 0.2222220004
75098  59.220  9.110  -12.577 0.2222220004
76029  58.471  9.442  -12.875 0.3333329856
76044  58.086  9.997  -13.188 0.3333329856
76952  57.561  10.290  -12.943 0.3333329856
76968  58.161  10.691  -13.406 0.3333329856
76854  52.423  11.360  -2.714 0.1111110002
76859  52.587  10.989  -3.599 0.2222220004
75100  57.824  8.931  -12.377 0.3333329856
76014  57.003  9.360  -12.019 0.3333329856
76030  57.591  9.628  -12.709 0.3333329856
76942  56.698  10.285  -11.745 0.3333329856
76953  57.074  10.011  -12.469 0.3333329856
77901  57.610  11.093  -13.090 0.3333329856
139604  56.953  11.126  -11.804 0.3333329856
77879  56.724  11.130  -10.999 0.3333329856
77892  57.144  11.931  -11.302 0.3333329856
128621  57.318  11.749  -12.354 0.2222220004
78894  57.603  12.813  -11.683 0.1111110002
130554  57.900  13.095  -9.737 0.1111110002
77878  57.262  12.364  -9.754 0.1111110002
79859  58.823  14.454  -10.605 0.1111110002
78872  58.518  13.688  -10.196 0.1111110002
80844  58.750  14.904  -10.987 0.1111110002
78882  57.631  12.818  -10.581 0.1111110002
81856  58.485  15.156  -11.330 0.1111110002
81847  58.760  15.103  -10.666 0.1111110002
79860  58.239  13.724  -11.085 0.1111110002
80833  59.318  14.802  -9.567 0.1111110002
79846  59.082  14.338  -9.864 0.1111110002
138244  58.504  13.544  -9.282 0.1111110002
81826  58.884  15.378  -9.002 0.1111110002
120276  59.054  15.174  -9.842 0.1111110002
80834  59.112  14.869  -10.259 0.1111110002
73044  46.151  6.730  2.411 0.1111110002
74029  48.300  8.338  0.944 0.2222220004
75006  50.859  9.069  -3.973 0.3333329856
71036  45.339  5.555  5.426 0.2222220004
138392  48.693  8.514  -1.675 0.3333329856
122351  49.236  9.097  -1.785 0.2222220004
75918  49.778  9.813  -0.459 0.2222220004
75926  49.683  9.426  -2.187 0.2222220004
75931  50.560  9.491  -3.289 0.2222220004
75925  50.322  9.842  -2.531 0.1111110002
75924  51.018  10.299  -2.874 0.2222220004
121325  52.088  11.275  -0.965 0.1111110002
76848  52.258  11.470  -1.754 0.1111110002
76860  51.764  10.670  -3.262 0.2222220004
76043  58.961  10.321  -13.450 0.2222220004
77893  57.147  10.705  -12.454 0.3333329856
121131  57.738  11.925  -13.181 0.2222220004
34297  10.667  -34.847  41.421 0.1111110002
33260  9.941  -35.089  42.053 0.1111110002
34306  11.219  -34.740  41.012 0.1111110002
33269  11.101  -34.784  40.215 0.1111110002
33277  10.525  -34.842  39.374 0.1111110002
34298  9.777  -34.845  41.237 0.1111110002
34299  9.086  -34.952  40.921 0.1111110002
33264  9.075  -35.071  41.179 0.1111110002
34318  9.675  -34.758  39.751 0.1111110002
34309  8.556  -34.928  40.010 0.1111110002
33271  8.394  -35.143  39.935 0.1111110002
34310  8.109  -34.865  38.982 0.1111110002
54167  39.156  -11.328  21.110 0.1111110002
55170  43.629  -11.487  16.176 0.1111110002
61999  41.038  -4.658  19.014 0.1111110002
61984  41.745  -4.455  19.909 0.1111110002
61034  40.156  -5.648  18.138 0.1111110002
62008  40.208  -4.833  17.738 0.1111110002
63885  41.952  -1.602  16.115 0.1111110002
62921  41.001  -2.986  17.164 0.1111110002
70021  45.113  4.611  7.338 0.1111110002
70039  45.101  4.719  6.822 0.1111110002
70038  45.704  5.087  6.818 0.1111110002
76941  61.343  10.220  -12.279 0.1111110002
76013  60.259  9.521  -12.275 0.1111110002
76963  61.822  10.285  -12.809 0.1111110002
76027  60.392  10.515  -12.995 0.1111110002
76028  59.432  9.724  -12.937 0.1111110002
34319  8.856  -34.732  39.408 0.1111110002
53218  38.889  -11.703  21.918 0.1111110002
128583  38.885  -11.308  20.389 0.1111110002
61047  39.730  -5.648  17.548 0.1111110002
62930  41.566  -2.231  16.604 0.1111110002
63886  41.284  -1.892  15.714 0.1111110002
33259  10.668  -35.188  42.083 0.1111110002
34290  10.169  -34.965  41.880 0.1111110002
33263  9.429  -34.980  41.710 0.1111110002
34307  10.299  -34.752  40.566 0.1111110002
34308  9.307  -34.825  40.415 0.1111110002
33265  8.715  -35.137  40.494 0.1111110002
33270  8.777  -35.112  40.521 0.1111110002
62007  40.699  -4.547  18.302 0.1111110002
61998  41.590  -3.896  19.212 0.1111110002
131174  41.319  -4.752  19.505 0.1111110002
76950  61.590  10.416  -12.748 0.1111110002
76951  61.341  10.759  -12.878 0.1111110002
132850  61.838  10.334  -13.347 0.1111110002
38098  10.424  -27.575  39.488 0.1111110002
38105  10.043  -28.173  39.028 0.1111110002
38100  9.792  -27.495  39.355 0.1111110002
38106  9.698  -28.156  38.932 0.1111110002
37206  9.773  -28.914  38.175 0.1111110002
56171  39.929  -10.195  18.707 0.1111110002
56170  40.054  -10.014  19.168 0.1111110002
57103  40.126  -9.622  19.059 0.1111110002
55144  39.840  -10.500  19.036 0.1111110002
57111  39.806  -9.367  18.207 0.1111110002
56181  39.936  -10.124  17.865 0.1111110002
62982  44.916  -4.379  11.365 0.1111110002
58088  39.818  -8.832  18.202 0.1111110002
62997  44.692  -4.210  10.445 0.1111110002
63935  45.919  -3.153  11.201 0.1111110002
37208  8.982  -28.993  38.064 0.1111110002
37205  10.147  -28.628  38.396 0.1111110002
37210  10.502  -28.718  37.923 0.1111110002
57112  39.875  -9.659  17.653 0.1111110002
58094  39.711  -9.023  17.541 0.1111110002
63947  45.664  -3.007  10.356 0.1111110002
56180  39.935  -9.817  18.440 0.1111110002
75121  55.203  8.645  -14.419 0.1111110002
76059  54.805  9.333  -14.542 0.1111110002
77922  60.727  12.027  -14.538 0.1111110002
77923  60.065  12.370  -14.604 0.1111110002
77946  59.219  12.079  -16.307 0.1111110002
79916  59.632  13.444  -15.497 0.1111110002
124011  58.929  13.482  -14.370 0.1111110002
78943  58.984  12.787  -16.340 0.1111110002
77011  57.661  11.572  -16.024 0.1111110002
76995  56.577  10.578  -15.256 0.1111110002
121919  56.204  9.846  -14.943 0.1111110002
129352  54.092  8.232  -14.134 0.1111110002
74170  53.356  7.876  -13.979 0.1111110002
77947  58.308  12.215  -16.202 0.1111110002
77933  56.884  11.421  -15.633 0.1111110002
77934  56.021  11.317  -15.167 0.1111110002
76996  55.670  10.512  -14.905 0.1111110002
134633  57.227  12.416  -16.055 0.1111110002
129349  54.818  10.726  -14.764 0.1111110002
76966  59.890  11.260  -13.695 0.1111110002
77911  59.018  12.379  -14.198 0.1111110002
77910  59.647  11.924  -14.116 0.1111110002
78942  59.696  12.823  -16.180 0.1111110002
79927  59.497  13.586  -15.904 0.1111110002
79917  59.168  14.023  -15.051 0.1111110002
79904  58.556  13.824  -13.726 0.1111110002
73211  51.884  7.127  -13.812 0.1111110002
79928  58.887  14.251  -16.020 0.1111110002
75123  53.522  8.724  -14.327 0.1111110002
137343  56.235  12.123  -15.492 0.1111110002
135772  55.536  11.932  -15.161 0.1111110002
77935  55.204  11.347  -14.957 0.1111110002
78945  57.182  13.620  -16.222 0.1111110002
79940  55.698  13.443  -15.586 0.1111110002
76853  53.173  11.567  -3.098 0.1111110002
78911  58.309  12.739  -13.628 0.1111110002
78903  57.774  12.756  -12.724 0.1111110002
79938  59.048  13.509  -16.201 0.1111110002
80891  59.126  14.145  -15.634 0.1111110002
131829  58.231  14.058  -16.246 0.1111110002
123639  58.075  14.905  -16.022 0.1111110002
81889  58.188  15.242  -14.493 0.1111110002
80902  57.069  14.933  -15.884 0.1111110002
69978  43.770  3.820  11.608 0.1111110002
77912  58.232  11.604  -13.572 0.1111110002
76967  58.864  11.318  -13.811 0.1111110002
75122  54.417  8.726  -14.341 0.1111110002
78919  59.695  13.222  -14.892 0.1111110002
78918  60.184  12.598  -15.127 0.1111110002
77010  58.469  11.331  -16.119 0.1111110002
76078  57.099  9.787  -15.257 0.1111110002
76061  52.699  9.088  -14.461 0.1111110002
79939  56.245  13.755  -16.055 0.1111110002
77909  60.591  11.887  -14.006 0.1111110002
80878  58.544  14.622  -14.146 0.1111110002
79891  58.262  13.701  -13.014 0.1111110002
136814  58.639  14.681  -15.657 0.1111110002
80892  58.658  14.694  -15.089 0.1111110002
81890  57.552  15.292  -14.647 0.1111110002
48423  30.961  -16.515  27.426 0.1111110002
49446  30.562  -15.744  22.806 0.2222220004
59072  43.946  -7.567  14.356 0.1111110002
62057  36.800  -4.287  14.200 0.7777780294
65926  41.335  0.933  10.424 0.3333329856
69005  43.247  3.183  8.207 0.6666669846
70118  56.227  3.981  -4.612 0.1111110002
70978  44.866  5.122  10.118 0.1111110002
71995  45.033  5.835  11.455 0.1111110002
76940  61.793  10.020  -12.280 0.1111110002
77009  59.410  11.212  -16.189 0.1111110002
78944  58.216  13.134  -16.307 0.1111110002
80822  59.350  14.758  -8.822 0.1111110002
81900  58.148  15.138  -15.214 0.1111110002
120699  22.967  -21.780  36.307 0.1111110002
128285  56.304  13.025  -15.886 0.1111110002
143264  57.454  14.448  -16.181 0.1111110002
