#!ascii label  , from subject sub-v1s14x0051562_ses-1 vox2ras=TkReg
691
66508  15.121  -0.203  -43.414 0.0000000000
71627  24.834  4.396  -50.223 0.0000000000
83261  21.467  16.151  -46.789 0.0000000000
141939  14.281  12.587  -48.694 0.0000000000
61681  16.764  -4.990  -42.177 0.0000000000
64556  19.866  -3.066  -45.433 0.0000000000
141311  18.348  2.524  -47.683 0.0000000000
74572  16.926  7.967  -49.446 0.0000000000
77327  23.644  10.947  -48.555 0.0000000000
79284  26.241  13.071  -52.850 0.0000000000
87948  20.368  21.346  -46.052 0.0000000000
64530  15.906  -1.844  -42.876 0.0000000000
63594  18.175  -3.899  -43.869 0.0000000000
65493  17.315  -1.317  -44.578 0.0000000000
72580  14.725  5.832  -47.322 0.0000000000
75493  13.545  8.281  -46.964 0.0000000000
132797  17.792  13.929  -48.209 0.0000000000
79258  18.903  11.887  -49.220 0.0000000000
140477  22.301  13.655  -47.700 0.0000000000
79237  26.834  12.389  -48.688 0.0000000000
82283  25.942  15.520  -47.914 0.0000000000
89671  16.887  23.499  -47.582 0.0000000000
87965  17.107  22.003  -47.544 0.0000000000
127680  19.577  24.082  -46.687 0.0000000000
122563  21.531  3.887  -49.130 0.0000000000
67611  22.334  -0.421  -49.304 0.0000000000
67618  24.675  0.641  -51.067 0.0000000000
83275  17.399  16.758  -47.383 0.0000000000
73589  27.998  6.044  -49.686 0.0000000000
137653  14.316  2.356  -44.350 0.0000000000
67560  15.961  1.147  -45.652 0.0000000000
69595  15.469  3.385  -46.446 0.0000000000
71619  17.715  4.733  -48.811 0.0000000000
73595  21.195  6.231  -49.542 0.0000000000
76438  15.461  9.909  -49.313 0.0000000000
76433  19.732  9.277  -49.940 0.0000000000
142424  24.544  7.943  -48.857 0.0000000000
76429  27.681  9.602  -48.821 0.0000000000
85269  17.244  19.481  -46.456 0.0000000000
85258  20.969  18.707  -45.749 0.0000000000
90487  23.463  24.571  -47.478 0.0000000000
87973  24.313  21.344  -47.046 0.0000000000
85275  24.972  18.744  -47.391 0.0000000000
83307  25.691  16.577  -51.116 0.0000000000
67567  19.415  -0.291  -46.458 0.0000000000
137040  13.828  0.609  -42.321 0.0000000000
66491  14.108  -0.037  -42.102 0.0000000000
65479  15.608  -0.905  -43.345 0.0000000000
64544  17.059  -1.868  -43.941 0.0000000000
65494  16.472  -0.586  -44.541 0.0000000000
82270  19.566  15.455  -47.511 0.0000000000
144162  19.886  13.981  -48.089 0.0000000000
133245  21.911  14.787  -47.303 0.0000000000
81256  23.394  14.443  -47.358 0.0000000000
122023  23.065  15.833  -46.770 0.0000000000
90482  17.059  24.926  -47.384 0.0000000000
89670  17.446  23.886  -47.581 0.0000000000
90480  19.129  24.862  -46.735 0.0000000000
143020  23.456  4.033  -49.812 0.0000000000
69652  23.802  2.535  -50.385 0.0000000000
123641  25.030  3.149  -51.194 0.0000000000
82274  15.668  16.429  -47.529 0.0000000000
122511  15.962  17.406  -47.292 0.0000000000
63567  15.495  -3.752  -41.556 0.0000000000
61665  16.503  -5.539  -41.538 0.0000000000
61664  17.198  -5.584  -41.852 0.0000000000
134057  17.918  -5.251  -42.044 0.0000000000
63607  19.222  -3.470  -44.510 0.0000000000
63593  19.254  -3.769  -43.702 0.0000000000
69583  15.012  2.969  -45.513 0.0000000000
71577  14.638  4.363  -45.651 0.0000000000
73583  15.647  6.758  -48.495 0.0000000000
123520  15.681  5.111  -47.977 0.0000000000
72596  17.517  6.059  -49.151 0.0000000000
134232  19.402  5.574  -49.178 0.0000000000
74584  19.226  7.649  -49.721 0.0000000000
77330  13.698  10.673  -48.279 0.0000000000
78287  15.237  11.287  -49.234 0.0000000000
78271  20.335  11.489  -49.224 0.0000000000
126961  19.021  10.476  -49.776 0.0000000000
77341  21.434  10.218  -49.449 0.0000000000
75511  22.486  8.666  -49.410 0.0000000000
76421  23.635  9.392  -48.828 0.0000000000
75499  25.906  8.468  -48.557 0.0000000000
129351  26.028  9.899  -48.414 0.0000000000
80285  27.414  13.267  -50.672 0.0000000000
78293  27.847  11.853  -50.158 0.0000000000
87962  19.303  21.683  -46.798 0.0000000000
87075  17.405  21.329  -47.048 0.0000000000
86213  18.535  20.009  -46.754 0.0000000000
139537  18.955  18.930  -46.527 0.0000000000
87061  21.459  20.111  -45.591 0.0000000000
122517  24.566  19.899  -46.948 0.0000000000
86221  24.785  19.503  -48.754 0.0000000000
84256  25.654  17.550  -49.292 0.0000000000
68610  17.222  1.975  -46.919 0.0000000000
67568  17.904  0.743  -46.410 0.0000000000
126300  18.909  1.275  -46.944 0.0000000000
66601  23.672  -1.299  -49.810 0.0000000000
66580  21.936  -1.460  -48.370 0.0000000000
64504  15.091  -2.972  -41.464 0.0000000000
63578  16.429  -3.592  -42.511 0.0000000000
62656  17.587  -4.218  -43.174 0.0000000000
64528  17.339  -2.770  -43.747 0.0000000000
64543  17.680  -2.307  -44.321 0.0000000000
64558  18.758  -2.472  -45.130 0.0000000000
126984  14.037  5.940  -46.110 0.0000000000
73571  14.316  6.543  -47.185 0.0000000000
74559  14.745  7.734  -48.247 0.0000000000
80268  16.519  13.644  -48.552 0.0000000000
79261  16.490  12.045  -49.278 0.0000000000
79245  18.543  12.603  -48.852 0.0000000000
124188  20.078  12.824  -48.657 0.0000000000
79241  22.912  12.323  -48.174 0.0000000000
78267  24.929  11.830  -48.177 0.0000000000
80260  24.262  13.219  -47.815 0.0000000000
127840  26.321  13.926  -48.478 0.0000000000
124675  26.792  14.919  -49.621 0.0000000000
87950  16.471  21.459  -46.227 0.0000000000
88883  17.075  22.662  -47.743 0.0000000000
88881  18.890  22.716  -47.236 0.0000000000
88879  21.067  22.844  -45.933 0.0000000000
138038  20.490  3.028  -48.393 0.0000000000
122996  20.543  2.065  -48.055 0.0000000000
69644  22.014  2.230  -48.924 0.0000000000
68653  23.499  1.151  -49.998 0.0000000000
81278  14.354  14.156  -48.231 0.0000000000
137537  16.158  14.649  -48.181 0.0000000000
143803  17.645  15.313  -47.679 0.0000000000
83274  19.273  16.274  -47.265 0.0000000000
62654  18.819  -4.236  -43.088 0.0000000000
71612  26.846  5.021  -49.898 0.0000000000
122545  26.072  3.616  -51.573 0.0000000000
67537  14.385  1.012  -43.728 0.0000000000
67549  15.428  0.589  -44.580 0.0000000000
68584  15.392  1.677  -45.403 0.0000000000
69594  15.795  2.582  -46.374 0.0000000000
69610  16.918  2.656  -47.318 0.0000000000
71593  15.102  4.526  -46.912 0.0000000000
70605  16.534  3.872  -47.983 0.0000000000
70603  18.541  3.477  -48.279 0.0000000000
71617  19.692  4.798  -48.973 0.0000000000
71630  22.310  4.842  -49.480 0.0000000000
72592  23.282  5.891  -49.589 0.0000000000
76422  14.377  9.477  -48.559 0.0000000000
75516  16.940  8.979  -49.647 0.0000000000
77344  17.766  10.652  -49.731 0.0000000000
122255  17.823  9.972  -49.900 0.0000000000
75514  18.349  8.758  -49.837 0.0000000000
74583  20.537  7.751  -49.772 0.0000000000
74568  22.652  7.226  -49.556 0.0000000000
72590  24.748  5.695  -49.355 0.0000000000
73580  26.138  6.901  -48.833 0.0000000000
74565  27.936  7.450  -49.123 0.0000000000
78279  27.691  11.315  -49.225 0.0000000000
85277  17.330  18.461  -46.749 0.0000000000
84238  18.772  17.907  -46.716 0.0000000000
84235  21.205  17.020  -46.536 0.0000000000
90478  21.360  24.380  -46.261 0.0000000000
121274  21.968  22.938  -45.943 0.0000000000
88890  23.871  23.116  -47.299 0.0000000000
87961  22.910  21.895  -45.873 0.0000000000
86211  23.264  19.747  -45.666 0.0000000000
85266  22.792  18.213  -45.839 0.0000000000
84233  23.957  17.359  -46.493 0.0000000000
84244  25.481  16.961  -47.542 0.0000000000
83298  26.366  16.156  -49.623 0.0000000000
81299  26.164  14.929  -51.655 0.0000000000
66539  16.517  0.243  -45.408 0.0000000000
65513  18.560  -1.015  -45.555 0.0000000000
65537  19.912  -2.275  -46.357 0.0000000000
67599  21.089  0.349  -47.818 0.0000000000
66567  20.633  -1.552  -47.208 0.0000000000
66509  14.445  0.297  -43.024 0.0000000000
66489  14.801  -0.618  -42.659 0.0000000000
142218  16.039  -0.754  -43.923 0.0000000000
66523  15.661  -0.162  -44.104 0.0000000000
83272  20.747  15.829  -47.102 0.0000000000
82269  20.412  15.159  -47.441 0.0000000000
82268  21.277  15.332  -47.174 0.0000000000
132086  22.805  15.030  -47.144 0.0000000000
137311  22.361  16.183  -46.677 0.0000000000
90481  17.903  25.080  -47.128 0.0000000000
71628  24.181  4.395  -50.083 0.0000000000
70621  23.907  3.692  -50.255 0.0000000000
70620  24.707  3.728  -50.675 0.0000000000
62624  16.154  -4.192  -42.003 0.0000000000
138959  16.141  -4.907  -41.611 0.0000000000
61680  17.396  -5.114  -42.309 0.0000000000
63625  19.453  -3.102  -45.002 0.0000000000
63606  19.815  -3.251  -44.193 0.0000000000
63624  19.693  -3.181  -44.851 0.0000000000
64541  20.247  -2.930  -44.948 0.0000000000
70585  14.705  3.675  -45.238 0.0000000000
73599  16.460  6.882  -48.989 0.0000000000
72597  16.847  6.067  -48.881 0.0000000000
73598  17.388  6.938  -49.370 0.0000000000
123723  18.076  6.458  -49.370 0.0000000000
136968  18.113  7.286  -49.528 0.0000000000
78272  13.547  11.470  -48.275 0.0000000000
139717  14.667  12.006  -48.993 0.0000000000
77340  21.937  11.013  -49.036 0.0000000000
78280  20.867  10.895  -49.359 0.0000000000
132501  22.360  10.183  -49.184 0.0000000000
76430  22.803  9.453  -49.137 0.0000000000
133953  24.135  10.106  -48.576 0.0000000000
76420  24.535  9.289  -48.604 0.0000000000
143478  26.972  13.710  -51.498 0.0000000000
79277  27.397  12.825  -51.527 0.0000000000
87073  18.568  21.012  -46.941 0.0000000000
87072  19.652  20.847  -46.383 0.0000000000
86212  19.535  19.888  -46.319 0.0000000000
87062  20.507  20.441  -45.859 0.0000000000
131494  24.525  20.217  -49.207 0.0000000000
86224  24.637  19.493  -49.696 0.0000000000
85288  24.884  18.633  -50.153 0.0000000000
69609  17.857  2.291  -47.387 0.0000000000
131310  18.070  1.685  -47.031 0.0000000000
69608  18.908  2.081  -47.475 0.0000000000
66590  23.849  -1.474  -49.323 0.0000000000
65562  23.315  -1.598  -48.757 0.0000000000
136553  15.279  -1.833  -42.330 0.0000000000
123739  14.917  -2.127  -41.740 0.0000000000
64516  15.544  -2.491  -42.227 0.0000000000
63579  15.820  -3.313  -42.107 0.0000000000
64515  16.267  -2.805  -42.668 0.0000000000
63596  16.986  -3.374  -43.107 0.0000000000
64529  16.679  -2.325  -43.324 0.0000000000
142641  16.788  -1.293  -44.202 0.0000000000
64559  18.099  -1.897  -44.807 0.0000000000
64542  18.334  -2.761  -44.641 0.0000000000
74542  13.587  7.301  -46.297 0.0000000000
74549  13.903  7.295  -47.064 0.0000000000
138352  14.378  7.266  -47.648 0.0000000000
74560  14.168  8.032  -47.710 0.0000000000
80267  17.380  13.404  -48.532 0.0000000000
80266  18.168  13.332  -48.492 0.0000000000
80249  21.000  13.762  -47.937 0.0000000000
135999  19.652  13.410  -48.404 0.0000000000
128708  20.849  13.034  -48.434 0.0000000000
79242  21.422  12.449  -48.536 0.0000000000
141736  22.130  12.592  -48.256 0.0000000000
79240  23.870  12.512  -48.010 0.0000000000
80261  23.399  13.086  -47.804 0.0000000000
81255  24.360  14.577  -47.455 0.0000000000
80245  24.709  13.917  -47.707 0.0000000000
81273  26.137  14.669  -48.205 0.0000000000
81272  26.703  14.630  -48.920 0.0000000000
82282  26.389  15.243  -48.548 0.0000000000
138455  16.609  23.982  -46.952 0.0000000000
88869  16.598  23.187  -46.713 0.0000000000
144258  16.759  22.968  -47.447 0.0000000000
87949  16.675  22.297  -47.139 0.0000000000
141273  18.105  23.328  -47.697 0.0000000000
89668  19.940  23.201  -46.624 0.0000000000
69645  21.428  3.034  -48.845 0.0000000000
69643  22.335  3.020  -49.309 0.0000000000
69664  24.470  2.057  -51.028 0.0000000000
68652  24.177  1.349  -50.539 0.0000000000
67619  24.085  -0.133  -50.612 0.0000000000
139615  13.145  14.094  -47.253 0.0000000000
139587  14.069  14.645  -47.700 0.0000000000
81277  15.197  14.505  -48.313 0.0000000000
81264  14.677  15.022  -47.843 0.0000000000
83276  16.494  16.687  -47.473 0.0000000000
82285  16.277  15.702  -47.728 0.0000000000
82273  17.128  15.891  -47.531 0.0000000000
82272  17.959  15.925  -47.534 0.0000000000
143366  18.356  16.681  -47.288 0.0000000000
62655  18.216  -4.382  -43.266 0.0000000000
132732  18.627  -4.071  -43.676 0.0000000000
63577  19.504  -3.808  -42.706 0.0000000000
72587  27.291  5.606  -49.616 0.0000000000
68574  13.850  2.141  -43.629 0.0000000000
122087  14.328  1.730  -44.201 0.0000000000
68573  14.979  1.235  -44.611 0.0000000000
68585  14.818  2.181  -45.021 0.0000000000
141744  15.352  2.985  -46.051 0.0000000000
69582  15.368  2.402  -45.750 0.0000000000
69611  16.189  2.777  -46.907 0.0000000000
69612  15.817  3.206  -46.842 0.0000000000
72563  14.381  5.322  -46.315 0.0000000000
71594  14.760  4.713  -46.464 0.0000000000
72571  14.661  5.154  -46.857 0.0000000000
71603  16.847  4.540  -48.552 0.0000000000
71604  16.098  4.466  -47.999 0.0000000000
121577  17.308  3.969  -48.476 0.0000000000
125516  17.771  3.539  -48.285 0.0000000000
71602  18.195  4.125  -48.603 0.0000000000
71601  19.127  4.148  -48.571 0.0000000000
71618  18.717  5.009  -48.902 0.0000000000
73596  20.514  6.136  -49.438 0.0000000000
72593  20.990  5.447  -49.420 0.0000000000
72608  21.817  5.509  -49.518 0.0000000000
72607  22.807  5.398  -49.580 0.0000000000
124725  21.970  6.298  -49.627 0.0000000000
76439  14.284  10.279  -48.701 0.0000000000
136729  13.780  9.853  -48.111 0.0000000000
138540  14.773  9.884  -49.014 0.0000000000
75518  15.036  9.232  -49.043 0.0000000000
75517  16.030  9.229  -49.432 0.0000000000
79260  17.362  11.947  -49.286 0.0000000000
78285  17.111  11.236  -49.554 0.0000000000
78284  17.763  11.297  -49.544 0.0000000000
76434  19.533  9.937  -49.852 0.0000000000
77355  18.848  9.927  -49.916 0.0000000000
76446  19.038  9.522  -49.971 0.0000000000
75528  18.179  9.409  -49.884 0.0000000000
75526  19.300  8.943  -50.009 0.0000000000
128752  19.636  8.211  -49.876 0.0000000000
75525  20.095  8.606  -49.908 0.0000000000
75510  23.283  8.205  -49.210 0.0000000000
124832  22.731  7.898  -49.452 0.0000000000
134641  23.869  7.119  -49.183 0.0000000000
73592  24.265  6.505  -49.240 0.0000000000
73581  25.226  6.530  -49.014 0.0000000000
139915  26.022  6.199  -49.030 0.0000000000
76417  27.102  9.201  -48.532 0.0000000000
74554  27.374  7.945  -48.727 0.0000000000
137712  28.095  9.042  -49.125 0.0000000000
75523  28.622  8.849  -49.746 0.0000000000
76428  28.273  9.661  -49.458 0.0000000000
79238  25.871  12.386  -48.307 0.0000000000
78265  26.478  11.129  -48.449 0.0000000000
78264  27.083  11.619  -48.701 0.0000000000
87966  16.755  21.597  -46.916 0.0000000000
139779  17.024  21.511  -46.950 0.0000000000
86215  17.582  20.211  -46.688 0.0000000000
126489  17.146  20.596  -46.537 0.0000000000
85278  16.765  18.694  -46.617 0.0000000000
85268  20.075  18.786  -46.088 0.0000000000
121883  19.700  17.972  -46.457 0.0000000000
84237  19.501  17.340  -46.772 0.0000000000
85267  20.815  17.894  -46.139 0.0000000000
91279  22.664  25.091  -46.719 0.0000000000
90476  23.148  24.516  -46.877 0.0000000000
89667  21.645  23.597  -46.132 0.0000000000
89665  23.053  23.841  -46.686 0.0000000000
88896  24.332  22.214  -48.268 0.0000000000
88897  24.159  22.964  -48.075 0.0000000000
88889  24.215  22.254  -47.426 0.0000000000
88877  23.402  22.306  -46.379 0.0000000000
87960  23.517  21.701  -46.169 0.0000000000
87060  22.895  20.522  -45.597 0.0000000000
87959  23.918  21.211  -46.296 0.0000000000
86209  24.637  19.167  -46.850 0.0000000000
86210  24.106  19.662  -46.237 0.0000000000
138560  24.193  18.841  -46.350 0.0000000000
84234  22.951  17.457  -46.252 0.0000000000
84245  24.891  17.224  -46.889 0.0000000000
131859  25.318  17.941  -47.606 0.0000000000
84262  25.370  17.807  -50.111 0.0000000000
83299  25.915  16.964  -50.105 0.0000000000
82298  26.272  16.088  -50.569 0.0000000000
82306  25.936  15.729  -51.406 0.0000000000
66540  15.931  0.386  -44.940 0.0000000000
67559  16.678  0.873  -46.060 0.0000000000
67585  18.769  0.603  -46.535 0.0000000000
121500  18.451  -0.084  -46.048 0.0000000000
65538  19.289  -1.179  -46.083 0.0000000000
66551  19.984  -1.428  -46.698 0.0000000000
68623  21.304  1.140  -48.199 0.0000000000
68624  20.534  1.317  -47.699 0.0000000000
67598  21.791  -0.299  -48.600 0.0000000000
129778  21.939  -2.068  -47.943 0.0000000000
66566  21.372  -1.677  -47.679 0.0000000000
65553  21.543  -2.405  -47.435 0.0000000000
65554  21.111  -2.887  -47.143 0.0000000000
65465  15.280  -1.317  -42.661 0.0000000000
65478  16.379  -1.361  -43.724 0.0000000000
81260  19.057  14.869  -47.800 0.0000000000
81274  19.316  14.061  -48.088 0.0000000000
128059  19.769  14.630  -47.780 0.0000000000
81259  20.396  14.262  -47.819 0.0000000000
80248  21.748  14.039  -47.655 0.0000000000
80247  22.992  13.698  -47.558 0.0000000000
81257  22.516  14.273  -47.443 0.0000000000
82267  23.926  15.333  -47.064 0.0000000000
138813  24.722  15.938  -47.130 0.0000000000
126460  16.868  24.378  -47.261 0.0000000000
125159  18.275  24.434  -47.150 0.0000000000
90479  20.355  24.616  -46.410 0.0000000000
70623  22.330  4.078  -49.380 0.0000000000
70622  23.169  3.478  -49.749 0.0000000000
70630  24.446  2.996  -50.918 0.0000000000
131569  25.011  2.490  -51.426 0.0000000000
63568  14.907  -3.785  -40.790 0.0000000000
62625  15.553  -4.446  -41.291 0.0000000000
61651  17.711  -5.903  -41.242 0.0000000000
61650  18.471  -5.795  -40.735 0.0000000000
125177  18.537  -5.342  -41.310 0.0000000000
130129  18.762  -3.810  -44.116 0.0000000000
69573  14.561  2.932  -44.775 0.0000000000
70592  15.083  3.696  -45.954 0.0000000000
135826  15.307  5.891  -47.947 0.0000000000
72579  15.083  5.080  -47.414 0.0000000000
73582  16.044  5.974  -48.476 0.0000000000
72578  16.427  5.221  -48.498 0.0000000000
126148  18.002  5.575  -49.128 0.0000000000
72595  18.760  6.015  -49.289 0.0000000000
142549  19.652  6.534  -49.455 0.0000000000
73607  20.522  6.872  -49.585 0.0000000000
77329  14.297  11.189  -48.810 0.0000000000
77347  14.952  10.529  -49.143 0.0000000000
137420  19.791  11.363  -49.378 0.0000000000
78282  19.275  11.239  -49.501 0.0000000000
78281  19.871  10.789  -49.602 0.0000000000
77342  20.472  10.160  -49.678 0.0000000000
76432  21.020  9.553  -49.728 0.0000000000
75512  21.488  8.831  -49.718 0.0000000000
76431  21.937  9.489  -49.483 0.0000000000
125301  23.233  8.854  -49.071 0.0000000000
75500  24.000  8.560  -48.867 0.0000000000
74556  25.384  7.621  -48.773 0.0000000000
74557  24.957  8.512  -48.655 0.0000000000
76418  26.382  9.202  -48.463 0.0000000000
77323  26.947  9.897  -48.494 0.0000000000
79256  27.197  12.997  -49.146 0.0000000000
79255  27.440  12.177  -49.222 0.0000000000
79269  27.648  12.543  -50.746 0.0000000000
78297  27.832  11.934  -51.409 0.0000000000
87074  17.683  21.726  -47.512 0.0000000000
86214  17.914  20.749  -46.889 0.0000000000
119744  18.089  19.607  -46.750 0.0000000000
86200  20.680  19.517  -45.762 0.0000000000
87983  24.430  21.488  -47.961 0.0000000000
87079  24.520  20.539  -47.609 0.0000000000
134950  24.606  20.123  -48.400 0.0000000000
86219  24.753  19.536  -47.721 0.0000000000
85283  25.115  18.798  -48.210 0.0000000000
85282  25.424  18.128  -48.678 0.0000000000
85286  25.068  18.818  -49.182 0.0000000000
122307  16.827  1.538  -46.506 0.0000000000
67569  17.233  0.962  -46.378 0.0000000000
68597  17.531  1.351  -46.664 0.0000000000
68609  18.201  1.144  -46.728 0.0000000000
67584  19.768  0.470  -46.882 0.0000000000
120189  22.894  -1.019  -49.673 0.0000000000
66592  22.412  -1.270  -49.078 0.0000000000
65563  22.529  -1.624  -48.398 0.0000000000
62638  16.869  -4.230  -42.633 0.0000000000
133788  17.290  -4.710  -42.623 0.0000000000
63595  17.608  -3.555  -43.658 0.0000000000
63609  17.929  -3.208  -44.186 0.0000000000
63626  18.941  -3.098  -44.902 0.0000000000
64557  19.413  -2.870  -45.348 0.0000000000
72572  14.327  5.842  -46.670 0.0000000000
73572  13.942  6.536  -46.500 0.0000000000
73584  14.856  6.751  -47.968 0.0000000000
74558  15.299  7.438  -48.552 0.0000000000
74573  15.954  7.625  -49.025 0.0000000000
134187  15.863  12.988  -48.940 0.0000000000
144067  14.929  12.778  -48.918 0.0000000000
79246  17.754  12.627  -48.891 0.0000000000
80265  18.937  13.362  -48.443 0.0000000000
79244  19.316  12.664  -48.778 0.0000000000
79257  19.742  11.940  -49.059 0.0000000000
78270  21.201  11.674  -48.960 0.0000000000
78269  22.063  11.904  -48.582 0.0000000000
77328  22.821  11.444  -48.589 0.0000000000
77326  24.767  10.918  -48.313 0.0000000000
78268  23.613  11.790  -48.286 0.0000000000
136702  24.279  12.059  -48.148 0.0000000000
80259  25.687  13.248  -48.190 0.0000000000
80246  23.839  13.808  -47.585 0.0000000000
144010  24.992  13.384  -47.887 0.0000000000
80258  26.550  13.156  -48.609 0.0000000000
80279  26.951  13.787  -49.052 0.0000000000
80286  27.140  14.051  -50.518 0.0000000000
81298  26.737  14.534  -51.156 0.0000000000
87964  17.465  22.267  -47.871 0.0000000000
88882  17.628  22.905  -47.880 0.0000000000
87963  18.167  22.040  -47.670 0.0000000000
88880  20.185  22.261  -46.412 0.0000000000
69625  19.690  2.593  -47.917 0.0000000000
68625  19.883  1.925  -47.676 0.0000000000
69624  21.346  2.118  -48.507 0.0000000000
68644  22.085  1.003  -48.873 0.0000000000
69653  23.110  2.441  -49.767 0.0000000000
123817  22.673  1.737  -49.362 0.0000000000
125498  22.750  0.231  -49.659 0.0000000000
67620  23.502  -0.505  -50.077 0.0000000000
80270  14.317  13.281  -48.536 0.0000000000
80269  15.042  13.626  -48.651 0.0000000000
128291  15.738  13.892  -48.557 0.0000000000
81276  17.103  14.207  -48.179 0.0000000000
81263  15.437  15.419  -47.868 0.0000000000
82284  17.002  15.034  -47.772 0.0000000000
81262  17.740  14.618  -47.915 0.0000000000
81261  18.306  15.107  -47.743 0.0000000000
82271  18.774  15.728  -47.531 0.0000000000
83273  20.059  15.991  -47.199 0.0000000000
62637  17.807  -4.765  -42.693 0.0000000000
62636  18.376  -4.690  -42.586 0.0000000000
132784  25.531  4.461  -50.313 0.0000000000
71636  25.818  4.068  -50.962 0.0000000000
71626  26.306  4.523  -50.451 0.0000000000
67521  13.855  1.054  -42.920 0.0000000000
67536  15.012  0.444  -43.915 0.0000000000
67561  15.527  1.016  -45.105 0.0000000000
68599  15.736  1.953  -45.913 0.0000000000
68598  16.201  1.754  -46.219 0.0000000000
68611  16.458  2.222  -46.710 0.0000000000
142124  14.858  4.364  -46.134 0.0000000000
70598  15.193  4.103  -46.456 0.0000000000
70597  15.541  3.846  -46.927 0.0000000000
70606  15.524  4.442  -47.424 0.0000000000
137457  15.900  3.865  -47.459 0.0000000000
141457  15.838  3.522  -47.125 0.0000000000
70596  16.265  3.286  -47.357 0.0000000000
69626  17.873  2.918  -47.879 0.0000000000
136767  18.795  2.819  -47.934 0.0000000000
70602  19.460  3.363  -48.261 0.0000000000
71600  20.050  3.954  -48.695 0.0000000000
71616  20.680  4.574  -49.148 0.0000000000
136291  22.977  4.403  -49.577 0.0000000000
71629  23.578  4.500  -49.778 0.0000000000
72605  24.395  5.013  -49.737 0.0000000000
76402  13.231  8.951  -46.382 0.0000000000
75502  13.942  8.964  -47.847 0.0000000000
75501  14.578  8.626  -48.436 0.0000000000
74574  15.366  8.320  -48.939 0.0000000000
123363  16.224  8.425  -49.352 0.0000000000
79262  15.546  12.080  -49.215 0.0000000000
78286  16.210  11.283  -49.451 0.0000000000
77345  16.932  10.492  -49.677 0.0000000000
137273  16.289  10.016  -49.550 0.0000000000
76436  17.600  9.454  -49.817 0.0000000000
75515  17.694  8.841  -49.750 0.0000000000
74571  17.849  7.999  -49.632 0.0000000000
74570  18.535  7.921  -49.722 0.0000000000
133517  19.909  7.442  -49.689 0.0000000000
73606  21.273  7.009  -49.655 0.0000000000
75524  20.995  8.306  -49.815 0.0000000000
74582  21.348  7.633  -49.730 0.0000000000
74581  21.979  7.093  -49.704 0.0000000000
73594  22.669  6.422  -49.612 0.0000000000
72591  23.933  5.813  -49.537 0.0000000000
71614  25.160  4.951  -49.699 0.0000000000
72589  25.609  5.619  -49.290 0.0000000000
72588  26.535  5.672  -49.346 0.0000000000
73590  27.245  6.215  -49.257 0.0000000000
74555  26.458  7.738  -48.654 0.0000000000
73579  27.110  7.009  -48.868 0.0000000000
130505  28.387  6.948  -49.627 0.0000000000
77325  25.753  10.643  -48.346 0.0000000000
77324  26.497  10.460  -48.447 0.0000000000
136565  28.347  10.250  -49.848 0.0000000000
84249  16.772  17.705  -47.135 0.0000000000
84248  17.680  17.556  -47.101 0.0000000000
141698  18.240  18.719  -46.711 0.0000000000
85276  17.966  18.188  -46.842 0.0000000000
84247  18.332  17.458  -46.999 0.0000000000
84246  18.995  17.036  -46.979 0.0000000000
83263  19.783  16.714  -46.977 0.0000000000
83262  20.569  16.466  -46.850 0.0000000000
130042  19.984  25.509  -46.527 0.0000000000
139634  21.948  24.905  -46.450 0.0000000000
88868  21.103  21.894  -45.731 0.0000000000
89676  23.480  23.844  -47.112 0.0000000000
130087  23.327  23.113  -46.679 0.0000000000
88878  22.698  22.641  -46.134 0.0000000000
143397  21.721  21.577  -45.618 0.0000000000
140065  22.117  20.557  -45.533 0.0000000000
86199  21.656  19.262  -45.585 0.0000000000
86198  22.608  19.047  -45.592 0.0000000000
85257  21.800  18.403  -45.744 0.0000000000
119974  21.958  17.608  -46.136 0.0000000000
132912  22.164  16.837  -46.490 0.0000000000
83260  23.098  16.661  -46.535 0.0000000000
83270  24.134  16.389  -46.757 0.0000000000
83268  25.445  16.158  -47.503 0.0000000000
84253  25.686  17.319  -48.352 0.0000000000
83291  26.046  16.772  -49.014 0.0000000000
83283  26.317  15.960  -48.691 0.0000000000
82297  26.613  15.461  -50.065 0.0000000000
82305  26.510  15.289  -50.907 0.0000000000
81306  26.427  14.277  -51.820 0.0000000000
81308  24.929  14.811  -52.795 0.0000000000
81316  25.150  14.170  -53.038 0.0000000000
80306  25.681  13.667  -52.915 0.0000000000
79291  25.591  13.000  -53.405 0.0000000000
65515  17.125  -0.502  -45.220 0.0000000000
66552  17.467  0.385  -46.064 0.0000000000
66538  17.746  -0.324  -45.609 0.0000000000
65514  17.915  -1.055  -45.109 0.0000000000
139452  18.515  -1.704  -45.241 0.0000000000
65512  19.227  -2.161  -45.666 0.0000000000
64579  19.959  -2.897  -45.982 0.0000000000
68608  19.755  1.364  -47.286 0.0000000000
139441  20.403  0.684  -47.378 0.0000000000
67583  20.713  -0.408  -47.401 0.0000000000
67582  21.415  -0.711  -47.985 0.0000000000
66568  20.108  -0.594  -46.909 0.0000000000
65536  20.589  -2.368  -47.001 0.0000000000
64578  20.636  -2.825  -46.581 0.0000000000
64555  20.483  -2.943  -46.034 0.0000000000
70629  25.396  3.563  -51.157 0.0000000000
141661  25.390  2.400  -51.768 0.0000000000
63608  18.558  -3.433  -44.420 0.0000000000
66591  23.131  -1.538  -49.258 0.0000000000
68661  24.938  1.635  -51.381 0.0000000000
69663  25.570  2.953  -51.765 0.0000000000
70604  17.068  3.342  -47.912 0.0000000000
70615  20.830  3.710  -48.871 0.0000000000
71613  25.994  4.952  -49.738 0.0000000000
71615  21.596  4.731  -49.357 0.0000000000
72577  17.227  5.337  -48.879 0.0000000000
72594  20.156  5.511  -49.268 0.0000000000
72606  23.698  5.147  -49.690 0.0000000000
73591  26.624  6.389  -49.040 0.0000000000
73593  23.404  6.627  -49.441 0.0000000000
73597  18.727  6.983  -49.515 0.0000000000
74566  24.519  7.249  -48.986 0.0000000000
74567  23.307  7.471  -49.325 0.0000000000
74569  21.945  7.943  -49.681 0.0000000000
74585  18.940  8.532  -49.914 0.0000000000
75498  26.813  8.545  -48.534 0.0000000000
75507  28.104  8.312  -49.086 0.0000000000
75508  27.560  8.770  -48.741 0.0000000000
75509  23.913  7.758  -49.045 0.0000000000
75513  20.579  9.031  -49.866 0.0000000000
75527  18.723  9.230  -49.955 0.0000000000
76419  25.477  9.220  -48.489 0.0000000000
76435  18.525  9.730  -49.916 0.0000000000
76437  17.004  9.732  -49.745 0.0000000000
77339  23.213  10.133  -48.858 0.0000000000
77343  18.405  10.233  -49.861 0.0000000000
77346  15.859  10.597  -49.432 0.0000000000
78266  25.705  11.461  -48.293 0.0000000000
78283  18.448  11.057  -49.624 0.0000000000
79239  24.831  12.660  -48.034 0.0000000000
79243  20.597  12.240  -48.821 0.0000000000
79247  16.894  12.759  -48.917 0.0000000000
79259  18.129  11.887  -49.289 0.0000000000
80262  22.566  13.079  -47.894 0.0000000000
80263  21.708  13.227  -48.064 0.0000000000
80264  20.302  13.551  -48.252 0.0000000000
80271  13.783  13.602  -48.153 0.0000000000
80278  27.307  13.549  -49.783 0.0000000000
80305  26.353  13.719  -52.308 0.0000000000
81254  25.327  14.664  -47.726 0.0000000000
81258  21.107  14.548  -47.524 0.0000000000
81265  13.633  14.126  -47.758 0.0000000000
81275  18.496  14.168  -48.068 0.0000000000
81285  27.019  14.292  -49.666 0.0000000000
81292  26.835  14.772  -50.341 0.0000000000
81307  25.747  14.414  -52.393 0.0000000000
82266  24.988  15.363  -47.432 0.0000000000
82291  26.584  15.408  -49.225 0.0000000000
82307  25.188  16.058  -51.842 0.0000000000
82313  25.455  15.262  -52.124 0.0000000000
83269  25.000  16.530  -47.095 0.0000000000
83271  22.118  15.520  -46.920 0.0000000000
83284  25.938  16.473  -48.105 0.0000000000
84232  24.670  18.230  -46.742 0.0000000000
84236  20.258  17.215  -46.666 0.0000000000
85265  23.720  18.154  -46.205 0.0000000000
85270  16.831  19.562  -46.339 0.0000000000
85285  25.317  18.207  -49.493 0.0000000000
87059  23.269  21.192  -45.828 0.0000000000
87070  24.300  20.539  -46.600 0.0000000000
87071  23.703  20.487  -45.924 0.0000000000
87946  22.358  21.274  -45.622 0.0000000000
87947  21.377  21.025  -45.615 0.0000000000
87974  23.927  21.908  -46.659 0.0000000000
88867  21.969  22.152  -45.734 0.0000000000
89666  22.531  23.395  -46.356 0.0000000000
89669  18.723  23.635  -47.161 0.0000000000
89679  23.777  23.794  -47.810 0.0000000000
90477  22.375  24.249  -46.487 0.0000000000
91287  22.726  25.848  -46.975 0.0000000000
119905  23.512  18.922  -45.852 0.0000000000
121833  27.564  12.757  -49.906 0.0000000000
123662  27.220  10.729  -48.661 0.0000000000
123835  20.982  -2.419  -47.305 0.0000000000
124205  17.053  0.116  -45.726 0.0000000000
124783  22.370  19.873  -45.523 0.0000000000
127615  20.685  23.770  -46.261 0.0000000000
128791  25.530  13.955  -48.001 0.0000000000
128886  17.713  19.116  -46.649 0.0000000000
129019  24.230  11.508  -48.293 0.0000000000
130808  21.171  25.185  -46.337 0.0000000000
131712  26.425  11.818  -48.478 0.0000000000
133400  25.109  10.001  -48.432 0.0000000000
137086  22.786  10.738  -48.857 0.0000000000
138740  27.749  6.717  -49.285 0.0000000000
139874  13.928  12.042  -48.611 0.0000000000
140098  23.816  22.558  -46.857 0.0000000000
140538  25.221  4.035  -50.722 0.0000000000
143595  20.237  9.586  -49.830 0.0000000000
