#!ascii label  , from subject sub-v1s14x0051556_ses-1 vox2ras=TkReg
1115
43881  -7.281  -42.148  30.242 0.0000000000
53413  -35.473  -33.900  23.650 0.0000000000
152253  -33.777  -27.495  23.958 0.0000000000
53368  -27.929  -32.664  28.604 0.0000000000
70898  -42.802  -16.339  14.387 0.0000000000
64950  -37.359  -22.688  17.012 0.0000000000
50365  -35.350  -34.233  29.153 0.0000000000
51426  -31.113  -34.174  25.857 0.0000000000
71852  -48.541  -15.581  15.766 0.0000000000
73898  -52.203  -12.697  13.257 0.0000000000
79730  -55.395  -7.664  12.202 0.0000000000
139111  -37.027  -25.413  24.270 0.0000000000
142737  -34.151  -24.696  20.196 0.0000000000
63800  -39.826  -23.321  21.291 0.0000000000
66982  -41.961  -19.946  19.815 0.0000000000
51391  -19.641  -34.327  27.623 0.0000000000
40198  -4.817  -43.523  32.339 0.0000000000
160543  -37.691  -30.453  23.332 0.0000000000
139318  -35.572  -26.824  28.981 0.0000000000
136302  -22.840  -32.572  25.154 0.0000000000
55425  -27.475  -31.335  21.876 0.0000000000
77799  -53.026  -9.635  8.204 0.0000000000
84583  -56.468  -2.651  10.035 0.0000000000
68003  -39.775  -18.951  16.885 0.0000000000
68010  -45.680  -17.648  17.465 0.0000000000
46101  -9.406  -39.521  27.936 0.0000000000
36650  -4.951  -47.994  29.740 0.0000000000
72908  -50.475  -13.669  14.563 0.0000000000
62700  -38.258  -24.539  22.866 0.0000000000
50392  -17.851  -35.594  26.278 0.0000000000
42692  -6.131  -42.861  32.202 0.0000000000
54428  -37.348  -31.837  21.572 0.0000000000
54411  -37.867  -32.586  23.404 0.0000000000
54375  -24.635  -32.317  27.039 0.0000000000
55410  -25.030  -31.189  23.497 0.0000000000
54388  -27.263  -32.619  25.456 0.0000000000
153643  -33.584  -34.849  24.249 0.0000000000
140087  -31.559  -33.265  22.361 0.0000000000
53442  -33.581  -33.358  22.188 0.0000000000
139413  -26.074  -32.542  30.359 0.0000000000
145980  -23.531  -32.919  28.431 0.0000000000
75815  -47.632  -11.593  11.187 0.0000000000
76803  -50.865  -10.877  7.624 0.0000000000
81588  -56.006  -5.039  11.019 0.0000000000
63837  -35.403  -23.887  18.346 0.0000000000
150960  -38.705  -20.655  17.005 0.0000000000
163236  -43.989  -17.836  18.450 0.0000000000
138735  -13.978  -35.684  28.099 0.0000000000
48109  -11.610  -36.489  28.891 0.0000000000
142475  -10.394  -37.243  29.546 0.0000000000
47083  -10.530  -38.647  27.048 0.0000000000
37843  -5.590  -47.916  29.953 0.0000000000
52414  -36.149  -34.319  25.500 0.0000000000
53407  -37.604  -32.663  26.408 0.0000000000
53369  -37.075  -32.535  28.563 0.0000000000
52364  -29.777  -33.744  30.039 0.0000000000
142767  -29.658  -33.538  27.427 0.0000000000
50362  -31.414  -34.639  28.461 0.0000000000
50401  -33.630  -36.376  26.645 0.0000000000
70901  -45.349  -16.458  14.558 0.0000000000
153142  -46.735  -14.384  13.686 0.0000000000
74877  -48.257  -12.422  13.088 0.0000000000
137728  -50.779  -11.753  11.165 0.0000000000
76772  -52.144  -10.893  10.205 0.0000000000
75808  -54.240  -11.383  12.446 0.0000000000
146741  -33.542  -25.706  24.997 0.0000000000
141660  -33.111  -25.621  22.108 0.0000000000
61648  -35.293  -25.171  22.296 0.0000000000
145705  -36.667  -24.431  20.411 0.0000000000
63840  -38.008  -23.379  18.764 0.0000000000
64953  -40.178  -22.208  18.031 0.0000000000
64915  -41.030  -22.220  19.599 0.0000000000
49276  -18.441  -34.848  28.904 0.0000000000
49321  -16.416  -35.631  27.147 0.0000000000
84614  -51.995  -1.903  7.729 0.0000000000
139133  -2.775  -43.704  32.711 0.0000000000
56389  -37.058  -30.441  21.191 0.0000000000
58380  -36.019  -28.780  23.960 0.0000000000
56351  -36.941  -30.392  26.026 0.0000000000
58319  -36.404  -28.969  26.846 0.0000000000
59448  -34.083  -27.098  26.556 0.0000000000
61585  -36.189  -25.502  26.622 0.0000000000
53423  -28.971  -33.136  24.117 0.0000000000
52361  -21.925  -33.910  29.368 0.0000000000
52394  -20.749  -33.574  26.565 0.0000000000
78788  -53.582  -8.996  10.570 0.0000000000
163520  -52.634  -5.920  10.384 0.0000000000
83625  -52.217  -3.633  9.346 0.0000000000
85556  -57.338  -0.809  8.892 0.0000000000
42741  -7.554  -42.933  28.279 0.0000000000
40285  -6.724  -45.189  28.654 0.0000000000
69919  -40.930  -17.038  15.504 0.0000000000
163412  -41.129  -19.536  18.529 0.0000000000
68006  -42.875  -17.795  17.391 0.0000000000
69923  -44.636  -17.588  15.692 0.0000000000
69909  -46.730  -17.239  16.637 0.0000000000
45087  -8.080  -41.142  29.154 0.0000000000
39044  -5.477  -45.639  30.369 0.0000000000
37811  -4.878  -46.125  30.578 0.0000000000
40267  -3.307  -45.059  30.206 0.0000000000
42693  -6.436  -42.788  31.504 0.0000000000
53444  -35.516  -33.391  22.725 0.0000000000
54427  -36.357  -32.950  22.396 0.0000000000
53429  -37.085  -33.224  23.845 0.0000000000
54354  -26.147  -32.309  28.329 0.0000000000
54377  -26.413  -32.304  26.493 0.0000000000
53397  -27.249  -32.641  27.094 0.0000000000
52455  -34.748  -34.231  23.648 0.0000000000
52469  -33.391  -33.867  22.833 0.0000000000
53427  -34.792  -33.804  23.004 0.0000000000
53443  -34.766  -33.234  22.170 0.0000000000
52354  -28.413  -33.075  30.951 0.0000000000
52353  -27.464  -32.870  31.527 0.0000000000
53358  -26.771  -32.385  29.789 0.0000000000
54353  -25.219  -32.411  28.534 0.0000000000
76792  -50.456  -10.820  8.306 0.0000000000
58378  -34.976  -28.227  22.975 0.0000000000
59484  -33.982  -27.580  22.180 0.0000000000
63838  -36.400  -23.408  18.023 0.0000000000
63870  -36.106  -23.609  16.128 0.0000000000
64951  -38.116  -22.309  17.424 0.0000000000
49318  -13.311  -36.057  27.522 0.0000000000
145792  -13.016  -35.897  28.260 0.0000000000
49317  -11.753  -37.120  27.364 0.0000000000
48126  -11.223  -37.200  28.143 0.0000000000
48156  -11.308  -38.085  26.692 0.0000000000
51394  -35.864  -34.770  27.316 0.0000000000
164122  -37.127  -33.888  27.044 0.0000000000
51385  -36.414  -33.413  29.358 0.0000000000
153659  -30.794  -34.836  31.625 0.0000000000
50346  -30.746  -34.217  29.435 0.0000000000
161911  -31.297  -34.612  30.183 0.0000000000
164328  -34.569  -34.921  29.529 0.0000000000
49308  -33.343  -35.667  29.031 0.0000000000
50384  -34.892  -35.788  27.898 0.0000000000
51408  -34.904  -35.251  25.807 0.0000000000
70903  -46.865  -15.950  14.883 0.0000000000
71866  -46.755  -15.573  14.313 0.0000000000
140874  -47.427  -15.443  14.590 0.0000000000
73889  -50.898  -13.093  13.704 0.0000000000
73887  -48.992  -13.243  13.464 0.0000000000
73896  -50.747  -12.852  12.991 0.0000000000
74890  -49.278  -11.808  12.140 0.0000000000
74905  -51.287  -12.217  11.761 0.0000000000
75819  -51.782  -11.856  11.246 0.0000000000
74894  -53.405  -12.236  12.769 0.0000000000
61618  -35.769  -25.413  24.609 0.0000000000
138177  -34.742  -25.351  24.035 0.0000000000
61632  -36.461  -25.278  23.637 0.0000000000
62720  -39.203  -23.926  21.969 0.0000000000
62718  -37.509  -24.443  21.493 0.0000000000
63799  -38.844  -23.736  20.923 0.0000000000
63822  -37.647  -23.844  19.544 0.0000000000
162368  -38.941  -23.505  20.056 0.0000000000
63825  -40.508  -22.990  19.594 0.0000000000
63826  -40.810  -22.361  20.052 0.0000000000
50344  -19.773  -34.534  29.621 0.0000000000
50343  -19.212  -34.636  29.416 0.0000000000
50355  -18.890  -34.651  28.540 0.0000000000
49343  -17.487  -35.577  26.808 0.0000000000
86404  -54.621  -0.615  8.250 0.0000000000
87400  -54.598  0.631  7.251 0.0000000000
41481  -3.811  -43.465  32.299 0.0000000000
55427  -37.818  -31.458  22.339 0.0000000000
55441  -37.462  -31.118  21.417 0.0000000000
56378  -37.565  -30.616  22.364 0.0000000000
57299  -36.654  -29.775  22.143 0.0000000000
57279  -36.808  -29.362  24.241 0.0000000000
159018  -36.882  -31.401  26.908 0.0000000000
55383  -37.387  -31.367  26.250 0.0000000000
153119  -36.554  -30.523  27.466 0.0000000000
59433  -35.787  -27.952  29.178 0.0000000000
58303  -36.294  -28.963  27.719 0.0000000000
58302  -35.608  -28.343  27.423 0.0000000000
161196  -35.038  -27.972  26.362 0.0000000000
59431  -34.863  -27.035  27.899 0.0000000000
155962  -34.599  -26.160  27.164 0.0000000000
61553  -35.746  -25.923  28.289 0.0000000000
56366  -26.307  -31.139  22.891 0.0000000000
52411  -30.586  -33.878  26.448 0.0000000000
52410  -29.605  -33.485  25.975 0.0000000000
52430  -30.357  -33.485  24.742 0.0000000000
54425  -30.086  -32.657  21.720 0.0000000000
52352  -23.159  -33.671  30.755 0.0000000000
54373  -22.841  -32.792  26.255 0.0000000000
142177  -22.071  -33.048  27.377 0.0000000000
53404  -22.109  -32.958  25.746 0.0000000000
53410  -20.670  -33.581  24.362 0.0000000000
76774  -53.588  -10.004  11.058 0.0000000000
76781  -52.696  -10.269  9.977 0.0000000000
78789  -54.005  -8.904  11.168 0.0000000000
82614  -56.235  -4.113  10.701 0.0000000000
81586  -54.512  -5.814  10.301 0.0000000000
164359  -54.774  -4.620  9.565 0.0000000000
82609  -51.759  -5.155  9.962 0.0000000000
83627  -54.231  -3.558  9.335 0.0000000000
84605  -54.074  -2.254  8.906 0.0000000000
84592  -56.150  -2.205  9.492 0.0000000000
158664  -33.332  -25.395  21.134 0.0000000000
60579  -32.770  -26.014  20.120 0.0000000000
69918  -39.550  -17.458  14.703 0.0000000000
68972  -40.132  -17.494  15.739 0.0000000000
65973  -40.930  -21.381  19.066 0.0000000000
65985  -40.279  -21.200  18.262 0.0000000000
66990  -41.771  -19.553  19.218 0.0000000000
67992  -44.572  -17.656  17.870 0.0000000000
67990  -42.982  -17.969  18.101 0.0000000000
68008  -44.474  -17.612  17.279 0.0000000000
68975  -43.241  -17.601  16.508 0.0000000000
68960  -45.070  -17.666  16.686 0.0000000000
69924  -45.978  -17.396  15.791 0.0000000000
68962  -46.191  -17.633  17.056 0.0000000000
47059  -9.767  -37.910  29.186 0.0000000000
46074  -8.835  -39.250  29.608 0.0000000000
45073  -8.363  -39.864  30.232 0.0000000000
45088  -8.464  -40.234  29.154 0.0000000000
45102  -8.366  -41.124  28.423 0.0000000000
45103  -8.667  -41.189  27.590 0.0000000000
39076  -7.035  -46.174  28.323 0.0000000000
40268  -6.116  -45.185  29.865 0.0000000000
39058  -6.035  -46.371  29.567 0.0000000000
36638  -5.251  -47.771  29.961 0.0000000000
37826  -5.006  -47.006  30.245 0.0000000000
37825  -4.774  -46.914  30.085 0.0000000000
39041  -3.824  -45.441  30.124 0.0000000000
152781  -4.344  -46.838  29.652 0.0000000000
138193  -32.996  -35.741  31.871 0.0000000000
71844  -49.638  -14.778  16.443 0.0000000000
71868  -49.480  -14.493  14.937 0.0000000000
72894  -50.590  -13.804  15.293 0.0000000000
62680  -37.953  -24.947  23.355 0.0000000000
51404  -19.507  -34.423  26.635 0.0000000000
50393  -18.391  -35.147  26.738 0.0000000000
42666  -5.844  -42.362  32.919 0.0000000000
40200  -5.381  -43.295  32.293 0.0000000000
137252  -36.536  -32.428  21.496 0.0000000000
138621  -37.723  -32.228  22.525 0.0000000000
55414  -38.255  -31.353  23.934 0.0000000000
61554  -36.438  -25.850  28.799 0.0000000000
148934  -23.499  -32.477  25.924 0.0000000000
162379  -23.936  -31.944  24.665 0.0000000000
54385  -25.093  -32.057  25.776 0.0000000000
55389  -25.990  -31.995  25.012 0.0000000000
55399  -26.721  -31.821  23.838 0.0000000000
51450  -32.151  -35.109  24.767 0.0000000000
136085  -31.317  -34.083  24.139 0.0000000000
52453  -32.683  -34.199  23.428 0.0000000000
52468  -32.489  -33.605  22.650 0.0000000000
143237  -33.891  -32.602  20.934 0.0000000000
53346  -24.836  -33.072  31.044 0.0000000000
53355  -24.064  -33.147  30.306 0.0000000000
53356  -24.681  -32.777  29.631 0.0000000000
53380  -24.300  -32.526  27.884 0.0000000000
74902  -46.646  -12.215  11.880 0.0000000000
76794  -52.301  -10.369  7.717 0.0000000000
81573  -57.385  -5.396  12.953 0.0000000000
80607  -55.263  -6.859  11.582 0.0000000000
62752  -34.560  -24.143  18.574 0.0000000000
67014  -37.433  -20.265  15.492 0.0000000000
158056  -38.336  -19.754  16.536 0.0000000000
67964  -43.205  -19.016  20.265 0.0000000000
67975  -42.503  -19.039  19.367 0.0000000000
67966  -44.595  -17.957  19.383 0.0000000000
49275  -15.369  -35.531  29.151 0.0000000000
49274  -14.400  -35.571  29.499 0.0000000000
49254  -11.841  -36.164  30.450 0.0000000000
48091  -11.212  -36.597  29.565 0.0000000000
141813  -10.024  -38.019  28.413 0.0000000000
47070  -9.906  -38.669  27.794 0.0000000000
155813  -9.264  -40.461  27.319 0.0000000000
46130  -10.461  -39.734  26.056 0.0000000000
52436  -35.773  -34.177  24.543 0.0000000000
162982  -36.742  -33.511  24.366 0.0000000000
52438  -36.777  -33.739  25.422 0.0000000000
53399  -37.435  -32.681  27.187 0.0000000000
52363  -28.701  -33.004  29.237 0.0000000000
52373  -28.854  -33.097  28.312 0.0000000000
51382  -29.955  -33.729  28.451 0.0000000000
138250  -30.657  -34.156  27.599 0.0000000000
51407  -31.178  -34.427  27.287 0.0000000000
49285  -32.285  -35.017  29.386 0.0000000000
50382  -31.953  -35.562  27.409 0.0000000000
50419  -31.855  -35.348  26.084 0.0000000000
51429  -33.116  -35.590  25.442 0.0000000000
52412  -34.636  -34.845  24.652 0.0000000000
143408  -29.363  -33.758  31.535 0.0000000000
70900  -44.559  -16.535  14.480 0.0000000000
71886  -43.497  -15.426  13.048 0.0000000000
71887  -44.770  -15.418  13.509 0.0000000000
137611  -45.506  -14.982  13.495 0.0000000000
73885  -46.579  -13.561  13.369 0.0000000000
72926  -48.647  -14.103  13.837 0.0000000000
73886  -47.976  -13.205  13.478 0.0000000000
74876  -47.352  -12.403  13.108 0.0000000000
75804  -47.574  -11.542  11.991 0.0000000000
158358  -48.823  -11.371  11.048 0.0000000000
75831  -49.381  -11.221  10.348 0.0000000000
76770  -50.207  -10.938  9.755 0.0000000000
75833  -51.442  -11.386  10.629 0.0000000000
75821  -53.303  -11.117  11.174 0.0000000000
160821  -54.253  -10.051  12.109 0.0000000000
75798  -55.124  -10.729  13.417 0.0000000000
79721  -56.529  -7.472  13.114 0.0000000000
60534  -33.014  -26.203  24.543 0.0000000000
60549  -32.944  -26.590  22.745 0.0000000000
61629  -33.259  -25.639  23.687 0.0000000000
61647  -34.279  -25.225  22.540 0.0000000000
136498  -34.835  -24.752  20.839 0.0000000000
136213  -37.115  -24.727  22.119 0.0000000000
62717  -36.607  -24.653  21.287 0.0000000000
62728  -35.086  -24.470  20.036 0.0000000000
63821  -36.182  -23.971  18.984 0.0000000000
136267  -37.058  -23.648  18.909 0.0000000000
63856  -38.184  -22.968  18.079 0.0000000000
63857  -38.807  -22.760  17.911 0.0000000000
64932  -39.838  -22.835  18.099 0.0000000000
64934  -41.015  -22.310  18.959 0.0000000000
65959  -41.623  -20.954  20.016 0.0000000000
148624  -42.224  -20.717  20.990 0.0000000000
66973  -42.649  -19.879  20.822 0.0000000000
136639  -17.234  -35.459  29.298 0.0000000000
50372  -18.006  -35.262  27.232 0.0000000000
49322  -17.069  -35.611  27.382 0.0000000000
160801  -16.284  -35.587  28.634 0.0000000000
138216  -14.948  -35.626  27.781 0.0000000000
58401  -35.649  -28.775  23.130 0.0000000000
58379  -35.230  -28.338  23.730 0.0000000000
54398  -37.931  -32.810  24.345 0.0000000000
55400  -38.377  -31.572  24.844 0.0000000000
56357  -37.622  -30.357  24.883 0.0000000000
57261  -36.522  -29.913  26.328 0.0000000000
57280  -37.082  -29.871  24.963 0.0000000000
58356  -36.121  -28.778  24.928 0.0000000000
59461  -34.637  -27.810  25.219 0.0000000000
59460  -33.749  -27.287  24.857 0.0000000000
60522  -33.835  -26.254  26.029 0.0000000000
136837  -35.300  -25.558  26.318 0.0000000000
61605  -37.069  -25.534  25.787 0.0000000000
61569  -37.355  -25.571  27.523 0.0000000000
61586  -37.299  -25.591  26.667 0.0000000000
53398  -27.979  -33.061  26.165 0.0000000000
53405  -27.988  -33.093  25.205 0.0000000000
54408  -28.366  -32.568  23.374 0.0000000000
53424  -30.438  -33.382  23.290 0.0000000000
54424  -29.335  -32.502  22.052 0.0000000000
51372  -20.403  -34.478  29.827 0.0000000000
51381  -20.483  -34.043  28.715 0.0000000000
52372  -22.783  -33.285  28.919 0.0000000000
52379  -21.550  -33.327  27.956 0.0000000000
51405  -20.134  -33.924  27.064 0.0000000000
52393  -20.056  -34.010  26.067 0.0000000000
150459  -51.833  -10.492  9.338 0.0000000000
148170  -52.443  -10.068  8.732 0.0000000000
143314  -52.944  -9.303  8.888 0.0000000000
80621  -54.590  -7.049  11.200 0.0000000000
79736  -52.735  -7.224  10.554 0.0000000000
79746  -51.715  -7.443  9.523 0.0000000000
79745  -51.083  -6.983  9.305 0.0000000000
80635  -50.636  -6.343  9.025 0.0000000000
82627  -50.427  -4.746  8.280 0.0000000000
84603  -52.187  -2.180  8.350 0.0000000000
85553  -54.442  -1.463  8.637 0.0000000000
42715  -7.405  -42.500  29.214 0.0000000000
137418  -6.925  -43.030  29.765 0.0000000000
42727  -7.159  -43.390  28.853 0.0000000000
60561  -33.037  -26.577  21.579 0.0000000000
69941  -42.382  -16.724  15.029 0.0000000000
65984  -39.562  -21.260  17.716 0.0000000000
67007  -39.559  -20.332  17.418 0.0000000000
158669  -40.461  -19.044  17.311 0.0000000000
67974  -42.329  -18.668  18.748 0.0000000000
68005  -41.917  -18.191  17.637 0.0000000000
68956  -41.648  -17.949  17.088 0.0000000000
68974  -42.322  -17.533  16.473 0.0000000000
69921  -42.883  -17.256  15.789 0.0000000000
69942  -43.313  -16.980  15.044 0.0000000000
69944  -45.016  -17.140  15.075 0.0000000000
70881  -46.390  -16.661  15.301 0.0000000000
70883  -47.738  -15.996  15.598 0.0000000000
43849  -7.407  -41.090  31.711 0.0000000000
45058  -7.862  -40.383  31.089 0.0000000000
43882  -7.650  -41.606  29.618 0.0000000000
43903  -7.831  -41.936  28.579 0.0000000000
162864  -7.904  -42.524  27.813 0.0000000000
41522  -6.241  -44.191  30.195 0.0000000000
40256  -5.776  -44.563  30.658 0.0000000000
40239  -5.116  -44.521  31.530 0.0000000000
37828  -5.438  -46.861  29.994 0.0000000000
37812  -4.994  -46.079  30.655 0.0000000000
39008  -4.727  -44.463  31.528 0.0000000000
40237  -3.517  -44.034  31.415 0.0000000000
136617  -2.432  -43.869  31.950 0.0000000000
37841  -4.457  -47.229  29.521 0.0000000000
39074  -3.638  -45.916  29.360 0.0000000000
43865  -7.130  -41.818  31.239 0.0000000000
42704  -6.784  -42.516  30.814 0.0000000000
53428  -36.291  -33.378  23.266 0.0000000000
53381  -27.126  -32.412  28.061 0.0000000000
53349  -28.024  -32.643  30.061 0.0000000000
53359  -27.725  -32.489  29.327 0.0000000000
53367  -26.960  -32.307  28.914 0.0000000000
76791  -49.750  -11.124  8.627 0.0000000000
59471  -34.102  -27.689  22.993 0.0000000000
58399  -34.663  -28.077  22.181 0.0000000000
153503  -33.464  -27.233  22.685 0.0000000000
137791  -36.675  -23.098  16.949 0.0000000000
63871  -36.817  -23.065  15.983 0.0000000000
64968  -37.342  -22.369  16.425 0.0000000000
48141  -12.621  -36.671  26.902 0.0000000000
158399  -12.543  -36.413  27.705 0.0000000000
50385  -35.335  -34.845  27.738 0.0000000000
51395  -36.324  -34.317  27.864 0.0000000000
51384  -35.995  -34.002  28.675 0.0000000000
49245  -30.915  -35.140  32.140 0.0000000000
49266  -31.045  -34.710  30.842 0.0000000000
49246  -31.348  -35.196  31.499 0.0000000000
151275  -34.871  -34.659  29.355 0.0000000000
49332  -34.521  -35.330  28.600 0.0000000000
50363  -34.954  -35.115  28.110 0.0000000000
50404  -35.248  -35.241  27.370 0.0000000000
49225  -30.850  -35.418  32.797 0.0000000000
158757  -47.434  -15.821  15.067 0.0000000000
71867  -48.051  -15.483  15.002 0.0000000000
151092  -51.612  -12.877  13.851 0.0000000000
73897  -51.411  -12.807  13.074 0.0000000000
146704  -50.958  -12.521  12.394 0.0000000000
74892  -51.783  -12.537  12.450 0.0000000000
74906  -52.175  -12.257  11.866 0.0000000000
74893  -52.615  -12.487  12.604 0.0000000000
136983  -36.763  -25.487  25.035 0.0000000000
63812  -39.703  -23.224  20.312 0.0000000000
63813  -40.445  -22.813  20.609 0.0000000000
51380  -19.833  -34.309  28.464 0.0000000000
50356  -19.513  -34.503  28.950 0.0000000000
50374  -19.224  -34.528  28.127 0.0000000000
86415  -55.225  0.184  7.990 0.0000000000
86414  -54.336  0.046  7.620 0.0000000000
87402  -56.120  0.670  7.879 0.0000000000
41464  -5.122  -42.931  32.619 0.0000000000
42665  -4.530  -42.611  32.907 0.0000000000
158374  -3.918  -42.434  33.065 0.0000000000
41463  -4.431  -43.203  32.467 0.0000000000
56367  -38.092  -31.059  23.124 0.0000000000
148741  -37.166  -29.875  23.238 0.0000000000
57288  -37.422  -30.070  24.112 0.0000000000
55378  -36.736  -31.134  27.731 0.0000000000
56341  -36.461  -30.592  28.385 0.0000000000
59420  -35.721  -27.178  29.450 0.0000000000
58285  -35.647  -28.176  28.303 0.0000000000
59432  -35.349  -27.284  28.608 0.0000000000
59441  -35.012  -27.524  27.796 0.0000000000
60498  -35.254  -26.605  28.287 0.0000000000
53412  -22.043  -32.864  24.915 0.0000000000
162366  -22.829  -32.374  24.409 0.0000000000
141775  -30.420  -33.636  25.583 0.0000000000
52431  -30.981  -33.856  24.975 0.0000000000
78807  -53.018  -8.590  8.801 0.0000000000
77780  -54.213  -9.141  11.753 0.0000000000
77779  -53.770  -9.483  11.108 0.0000000000
78781  -54.715  -8.454  12.063 0.0000000000
83620  -56.175  -3.385  10.230 0.0000000000
82620  -55.260  -4.490  9.679 0.0000000000
82619  -54.153  -4.250  9.538 0.0000000000
83628  -55.019  -3.751  9.430 0.0000000000
84591  -55.382  -2.597  9.396 0.0000000000
83629  -55.761  -3.070  9.764 0.0000000000
62727  -33.435  -25.043  20.314 0.0000000000
62726  -33.083  -25.089  19.748 0.0000000000
68002  -38.664  -18.922  16.304 0.0000000000
68020  -38.139  -18.713  15.586 0.0000000000
68953  -38.704  -18.347  15.700 0.0000000000
68971  -39.121  -17.901  15.318 0.0000000000
68954  -39.470  -18.205  16.190 0.0000000000
65974  -41.382  -20.624  19.488 0.0000000000
66989  -41.106  -20.155  18.924 0.0000000000
67993  -45.203  -17.641  17.902 0.0000000000
68009  -45.149  -17.611  17.298 0.0000000000
68959  -44.369  -17.632  16.712 0.0000000000
68961  -45.668  -17.676  16.789 0.0000000000
47058  -9.539  -38.670  28.517 0.0000000000
47045  -9.285  -38.715  29.180 0.0000000000
46088  -9.043  -39.417  28.734 0.0000000000
157206  -8.835  -40.308  28.167 0.0000000000
39075  -6.755  -46.845  28.986 0.0000000000
36637  -5.132  -47.513  30.223 0.0000000000
37842  -4.695  -47.320  29.782 0.0000000000
37824  -4.413  -46.740  29.829 0.0000000000
62663  -39.344  -24.770  24.304 0.0000000000
51403  -18.832  -34.956  26.143 0.0000000000
42667  -6.229  -42.148  32.954 0.0000000000
41483  -6.123  -42.834  32.187 0.0000000000
41466  -5.746  -42.679  32.641 0.0000000000
41499  -5.901  -43.364  31.836 0.0000000000
54410  -37.161  -32.910  22.884 0.0000000000
151114  -37.136  -32.513  22.145 0.0000000000
55413  -38.192  -31.817  23.141 0.0000000000
137566  -24.374  -32.221  26.113 0.0000000000
54387  -26.555  -32.278  25.655 0.0000000000
54386  -25.812  -32.124  25.789 0.0000000000
55398  -26.149  -31.777  24.361 0.0000000000
54395  -26.644  -32.194  24.811 0.0000000000
52433  -32.864  -34.730  24.128 0.0000000000
52432  -32.024  -34.527  24.097 0.0000000000
53441  -33.045  -33.335  22.190 0.0000000000
53456  -32.450  -32.958  21.642 0.0000000000
53457  -33.311  -32.881  21.432 0.0000000000
54445  -34.693  -32.632  21.061 0.0000000000
53348  -27.005  -32.621  30.783 0.0000000000
52345  -27.147  -33.087  32.210 0.0000000000
53341  -26.481  -33.023  31.540 0.0000000000
53340  -25.494  -33.139  31.631 0.0000000000
53347  -25.841  -32.872  30.941 0.0000000000
158559  -25.179  -32.802  30.342 0.0000000000
54365  -25.345  -32.311  27.656 0.0000000000
54374  -23.688  -32.570  26.876 0.0000000000
75803  -47.086  -11.739  11.844 0.0000000000
63836  -34.581  -24.012  17.740 0.0000000000
65994  -37.913  -21.465  16.647 0.0000000000
67006  -37.829  -20.357  16.279 0.0000000000
67957  -44.621  -18.147  20.060 0.0000000000
67965  -43.889  -18.387  19.808 0.0000000000
68929  -45.841  -17.772  18.857 0.0000000000
49297  -14.641  -35.544  28.636 0.0000000000
49296  -13.669  -35.621  28.897 0.0000000000
141455  -12.616  -35.845  28.978 0.0000000000
49272  -12.226  -35.959  29.715 0.0000000000
48140  -10.985  -37.768  27.453 0.0000000000
48108  -10.651  -37.332  28.804 0.0000000000
48125  -10.499  -37.909  27.942 0.0000000000
46114  -9.827  -39.593  27.099 0.0000000000
52437  -36.475  -33.798  24.772 0.0000000000
52383  -37.096  -33.438  28.006 0.0000000000
52398  -37.350  -33.372  27.475 0.0000000000
53383  -37.268  -32.904  27.906 0.0000000000
52374  -29.552  -33.470  28.813 0.0000000000
51374  -30.074  -33.773  29.281 0.0000000000
50361  -31.139  -34.476  29.069 0.0000000000
141752  -30.441  -34.048  28.161 0.0000000000
50379  -30.896  -34.310  27.943 0.0000000000
50380  -31.252  -34.512  27.791 0.0000000000
143390  -33.084  -35.640  31.077 0.0000000000
145864  -32.508  -35.581  31.065 0.0000000000
49330  -33.311  -36.488  28.404 0.0000000000
49329  -32.367  -36.129  28.007 0.0000000000
139307  -32.391  -36.481  26.919 0.0000000000
152107  -31.904  -35.548  26.722 0.0000000000
50420  -32.289  -35.960  26.080 0.0000000000
51428  -32.252  -35.503  25.416 0.0000000000
50421  -33.093  -36.115  26.113 0.0000000000
51431  -35.573  -34.902  26.037 0.0000000000
51430  -34.574  -35.111  25.178 0.0000000000
52413  -35.256  -34.748  25.098 0.0000000000
52435  -35.027  -34.454  24.262 0.0000000000
50325  -30.582  -34.756  31.835 0.0000000000
51366  -29.992  -34.095  30.777 0.0000000000
52355  -29.370  -33.599  30.656 0.0000000000
156521  -44.895  -16.074  14.006 0.0000000000
70925  -45.513  -15.847  13.965 0.0000000000
158235  -46.408  -15.030  13.830 0.0000000000
72924  -45.986  -14.191  13.382 0.0000000000
72907  -49.827  -13.974  14.482 0.0000000000
72906  -49.105  -14.407  14.431 0.0000000000
159834  -47.135  -13.091  13.401 0.0000000000
74888  -47.753  -11.808  12.628 0.0000000000
74904  -50.336  -12.051  11.833 0.0000000000
75817  -48.789  -11.479  11.596 0.0000000000
75818  -49.641  -11.528  11.237 0.0000000000
75832  -50.392  -11.287  10.515 0.0000000000
75820  -52.700  -11.824  11.478 0.0000000000
75822  -53.988  -10.993  11.866 0.0000000000
156267  -54.177  -10.413  12.001 0.0000000000
76763  -54.633  -10.275  12.526 0.0000000000
146634  -55.809  -8.855  12.983 0.0000000000
61616  -33.159  -25.848  24.513 0.0000000000
61617  -33.737  -25.520  24.302 0.0000000000
61631  -35.003  -25.259  23.162 0.0000000000
61665  -34.564  -25.071  21.653 0.0000000000
62699  -37.573  -24.843  22.813 0.0000000000
137270  -37.233  -24.435  20.850 0.0000000000
62729  -35.808  -24.577  20.644 0.0000000000
62739  -36.003  -24.309  19.813 0.0000000000
62740  -36.836  -24.130  19.645 0.0000000000
63823  -38.567  -23.504  19.397 0.0000000000
63839  -37.418  -23.201  18.290 0.0000000000
63841  -39.103  -23.143  18.503 0.0000000000
64914  -41.003  -22.824  19.078 0.0000000000
65958  -41.160  -21.682  19.537 0.0000000000
64916  -41.361  -21.677  20.154 0.0000000000
141914  -42.524  -20.701  21.668 0.0000000000
66959  -43.013  -19.868  21.656 0.0000000000
67955  -43.202  -19.217  20.957 0.0000000000
158134  -17.980  -35.095  29.250 0.0000000000
157489  -17.962  -35.185  29.962 0.0000000000
49342  -16.935  -35.714  26.454 0.0000000000
142530  -16.580  -35.599  27.861 0.0000000000
49298  -15.882  -35.595  27.837 0.0000000000
49320  -15.624  -35.645  26.993 0.0000000000
43847  -2.370  -42.857  33.017 0.0000000000
56388  -37.043  -30.854  20.390 0.0000000000
139013  -36.380  -29.308  23.237 0.0000000000
156945  -35.941  -29.187  22.474 0.0000000000
53415  -37.210  -33.322  24.829 0.0000000000
53416  -37.938  -32.699  25.477 0.0000000000
164099  -37.315  -30.795  25.931 0.0000000000
141693  -37.959  -31.086  25.653 0.0000000000
56358  -38.173  -30.866  24.862 0.0000000000
147594  -37.574  -30.583  25.509 0.0000000000
58304  -36.440  -29.489  27.052 0.0000000000
58320  -36.477  -29.461  26.342 0.0000000000
58339  -36.716  -29.685  25.690 0.0000000000
58357  -36.675  -29.354  25.134 0.0000000000
58338  -36.422  -28.991  25.887 0.0000000000
59454  -34.477  -27.610  26.165 0.0000000000
58337  -35.391  -28.298  25.746 0.0000000000
59453  -33.806  -27.133  25.773 0.0000000000
59452  -33.388  -26.618  25.189 0.0000000000
59447  -33.736  -26.642  25.954 0.0000000000
61584  -35.159  -25.686  27.041 0.0000000000
136315  -34.409  -25.909  26.454 0.0000000000
61604  -36.020  -25.476  25.663 0.0000000000
61544  -37.007  -25.758  29.257 0.0000000000
61555  -37.333  -25.631  28.462 0.0000000000
158116  -38.204  -25.684  25.941 0.0000000000
55396  -24.548  -31.621  24.295 0.0000000000
55395  -23.649  -31.771  23.954 0.0000000000
55409  -24.051  -31.230  23.176 0.0000000000
52380  -28.983  -33.165  27.546 0.0000000000
149093  -28.218  -32.952  26.989 0.0000000000
52396  -29.071  -33.313  26.715 0.0000000000
140423  -28.854  -33.245  25.074 0.0000000000
54397  -28.142  -32.876  24.295 0.0000000000
53425  -31.051  -33.664  23.244 0.0000000000
52451  -30.686  -33.608  24.079 0.0000000000
51373  -21.269  -34.314  30.049 0.0000000000
52360  -20.908  -34.212  29.313 0.0000000000
136542  -23.734  -33.046  29.313 0.0000000000
52362  -22.978  -33.500  29.824 0.0000000000
52395  -21.419  -33.212  27.026 0.0000000000
52378  -20.782  -33.552  27.463 0.0000000000
76771  -51.153  -10.943  9.929 0.0000000000
76780  -50.840  -10.685  9.081 0.0000000000
77778  -53.296  -9.782  10.357 0.0000000000
77789  -52.923  -9.788  9.465 0.0000000000
78800  -53.129  -9.023  9.699 0.0000000000
81575  -55.734  -5.925  11.452 0.0000000000
80622  -55.019  -6.296  10.914 0.0000000000
81585  -53.368  -5.974  10.380 0.0000000000
80620  -53.238  -6.663  10.660 0.0000000000
143599  -52.597  -6.404  10.504 0.0000000000
78787  -52.494  -8.009  9.723 0.0000000000
79735  -51.998  -7.384  10.148 0.0000000000
80618  -51.389  -6.329  10.230 0.0000000000
82616  -51.333  -4.375  9.423 0.0000000000
81595  -50.947  -5.119  9.746 0.0000000000
82615  -50.589  -4.894  9.135 0.0000000000
81602  -50.440  -5.574  8.689 0.0000000000
82628  -50.789  -4.081  8.664 0.0000000000
83635  -51.124  -3.248  8.287 0.0000000000
83636  -51.980  -2.844  8.820 0.0000000000
84606  -55.005  -2.037  9.097 0.0000000000
85554  -55.420  -1.285  8.756 0.0000000000
86405  -55.670  -0.643  8.451 0.0000000000
85555  -56.430  -0.972  8.763 0.0000000000
41549  -7.360  -44.076  27.959 0.0000000000
60548  -32.763  -25.965  22.350 0.0000000000
152870  -40.325  -16.971  14.799 0.0000000000
69940  -41.285  -16.569  14.742 0.0000000000
64952  -39.212  -22.230  17.831 0.0000000000
67000  -40.658  -20.053  18.359 0.0000000000
66999  -40.123  -20.316  17.846 0.0000000000
67008  -40.017  -19.652  17.388 0.0000000000
67987  -40.587  -19.438  17.780 0.0000000000
141028  -43.217  -18.241  18.757 0.0000000000
67989  -42.149  -18.385  18.142 0.0000000000
68004  -41.088  -18.679  17.530 0.0000000000
68957  -42.463  -17.749  17.076 0.0000000000
68976  -44.189  -17.672  16.246 0.0000000000
69922  -43.797  -17.466  15.741 0.0000000000
69943  -44.186  -17.140  15.037 0.0000000000
69908  -46.105  -17.619  16.359 0.0000000000
69925  -46.551  -17.005  15.936 0.0000000000
70882  -47.048  -16.343  15.442 0.0000000000
70874  -47.261  -16.584  16.149 0.0000000000
160666  -8.322  -39.615  31.059 0.0000000000
45072  -7.947  -40.723  29.970 0.0000000000
43924  -8.237  -41.890  27.824 0.0000000000
42750  -8.228  -42.599  27.245 0.0000000000
163845  -6.858  -43.614  29.212 0.0000000000
41523  -6.601  -43.829  29.583 0.0000000000
159813  -5.351  -44.846  30.961 0.0000000000
36652  -6.462  -48.743  29.827 0.0000000000
37844  -6.349  -47.666  29.591 0.0000000000
39027  -4.912  -45.179  31.121 0.0000000000
39026  -4.575  -45.051  30.968 0.0000000000
40238  -4.175  -44.154  31.492 0.0000000000
39025  -4.098  -44.816  30.888 0.0000000000
39040  -3.350  -44.993  30.147 0.0000000000
40255  -2.995  -44.396  31.190 0.0000000000
147217  -3.022  -44.566  30.722 0.0000000000
41509  -2.735  -44.323  31.363 0.0000000000
37858  -4.053  -47.010  28.924 0.0000000000
37840  -4.024  -46.557  29.411 0.0000000000
54376  -25.445  -32.198  26.618 0.0000000000
54366  -26.272  -32.308  27.408 0.0000000000
54378  -27.168  -32.618  26.261 0.0000000000
52434  -34.266  -34.636  24.056 0.0000000000
150667  -33.528  -34.426  23.648 0.0000000000
52454  -34.157  -34.155  23.274 0.0000000000
53426  -34.118  -33.606  22.553 0.0000000000
53458  -34.046  -33.064  21.745 0.0000000000
53357  -25.623  -32.508  29.761 0.0000000000
53366  -25.964  -32.385  29.102 0.0000000000
75829  -48.069  -11.801  10.220 0.0000000000
58400  -35.289  -28.743  22.256 0.0000000000
63853  -35.358  -23.714  17.503 0.0000000000
63854  -35.976  -23.495  17.084 0.0000000000
63869  -35.291  -23.877  16.643 0.0000000000
49295  -12.078  -36.431  28.235 0.0000000000
47097  -11.024  -38.867  26.168 0.0000000000
52397  -36.133  -34.618  26.515 0.0000000000
156399  -36.578  -34.353  27.088 0.0000000000
52382  -36.916  -33.914  27.666 0.0000000000
138640  -36.953  -33.100  28.717 0.0000000000
50336  -30.492  -34.464  30.899 0.0000000000
51375  -30.413  -34.119  29.958 0.0000000000
145490  -30.688  -34.357  30.266 0.0000000000
50347  -30.892  -34.366  30.002 0.0000000000
49283  -31.291  -34.517  29.327 0.0000000000
48120  -33.436  -35.331  30.150 0.0000000000
49309  -33.993  -35.407  29.120 0.0000000000
49331  -34.184  -35.980  28.577 0.0000000000
50383  -34.307  -36.498  27.550 0.0000000000
50403  -35.116  -35.798  27.132 0.0000000000
51409  -35.225  -35.401  26.474 0.0000000000
70902  -46.145  -16.142  14.609 0.0000000000
71889  -47.232  -15.008  14.047 0.0000000000
72928  -50.375  -13.604  14.079 0.0000000000
72927  -49.581  -13.867  13.953 0.0000000000
73888  -50.064  -13.169  13.402 0.0000000000
151054  -49.239  -12.485  12.861 0.0000000000
74889  -48.522  -11.906  12.579 0.0000000000
74891  -50.138  -12.493  12.563 0.0000000000
75807  -53.581  -11.707  12.055 0.0000000000
136835  -34.345  -25.489  24.922 0.0000000000
159973  -35.626  -25.325  23.681 0.0000000000
139588  -35.974  -25.178  22.968 0.0000000000
136618  -38.516  -24.255  22.313 0.0000000000
136584  -37.872  -24.446  22.224 0.0000000000
62719  -38.298  -24.186  21.634 0.0000000000
62730  -37.906  -24.201  20.877 0.0000000000
63810  -37.415  -24.219  20.247 0.0000000000
63811  -38.185  -23.879  20.191 0.0000000000
63824  -39.550  -23.240  19.378 0.0000000000
164521  -19.611  -34.584  30.000 0.0000000000
49341  -16.218  -35.763  26.133 0.0000000000
85562  -53.097  -1.059  7.798 0.0000000000
85569  -52.464  -1.414  6.596 0.0000000000
86413  -52.898  -0.859  6.990 0.0000000000
86424  -53.462  -0.471  6.477 0.0000000000
41480  -3.356  -43.348  32.768 0.0000000000
55440  -37.109  -31.324  20.716 0.0000000000
142854  -37.215  -31.986  26.832 0.0000000000
54389  -37.692  -32.055  26.169 0.0000000000
56346  -36.804  -30.799  26.651 0.0000000000
149083  -36.509  -29.531  27.962 0.0000000000
58286  -36.219  -28.875  28.633 0.0000000000
58318  -35.629  -28.435  26.554 0.0000000000
142326  -34.740  -27.681  26.958 0.0000000000
59440  -34.448  -27.095  27.293 0.0000000000
60523  -34.180  -26.629  26.732 0.0000000000
60513  -34.680  -26.660  27.513 0.0000000000
61568  -35.113  -26.055  27.706 0.0000000000
137847  -35.844  -25.662  27.542 0.0000000000
61556  -38.326  -25.743  28.452 0.0000000000
137714  -30.114  -33.759  27.026 0.0000000000
52429  -29.663  -33.365  24.931 0.0000000000
53440  -30.632  -33.189  22.513 0.0000000000
141450  -22.229  -34.025  30.359 0.0000000000
53379  -23.375  -32.816  27.679 0.0000000000
53364  -22.586  -33.088  28.019 0.0000000000
53396  -22.784  -32.911  27.157 0.0000000000
53395  -22.106  -33.022  26.632 0.0000000000
53394  -21.418  -33.246  26.151 0.0000000000
53403  -20.727  -33.620  25.571 0.0000000000
156482  -21.406  -33.200  25.209 0.0000000000
76773  -53.246  -10.396  10.768 0.0000000000
81587  -55.406  -5.521  10.550 0.0000000000
82613  -55.654  -4.740  10.214 0.0000000000
82612  -55.028  -5.153  9.823 0.0000000000
81584  -51.960  -5.916  10.406 0.0000000000
82618  -53.351  -4.600  9.762 0.0000000000
82617  -52.466  -4.471  9.737 0.0000000000
83626  -53.324  -3.771  9.505 0.0000000000
83637  -52.869  -3.081  9.193 0.0000000000
84590  -54.609  -2.924  9.208 0.0000000000
85542  -56.681  -1.427  9.170 0.0000000000
41550  -7.836  -43.357  27.321 0.0000000000
60560  -32.894  -25.825  21.211 0.0000000000
61678  -33.029  -25.430  20.357 0.0000000000
65972  -40.693  -21.996  18.508 0.0000000000
65986  -40.606  -20.982  18.717 0.0000000000
67991  -43.795  -17.758  17.963 0.0000000000
68007  -43.702  -17.669  17.357 0.0000000000
68958  -43.695  -17.626  16.804 0.0000000000
68977  -44.964  -17.784  16.165 0.0000000000
140907  -45.370  -17.577  15.728 0.0000000000
68978  -45.575  -17.769  16.205 0.0000000000
47046  -9.818  -37.633  30.208 0.0000000000
139074  -9.268  -38.474  29.926 0.0000000000
46061  -8.731  -39.054  30.525 0.0000000000
43939  -8.530  -41.956  27.152 0.0000000000
40269  -6.497  -44.714  29.312 0.0000000000
40284  -6.549  -45.730  29.120 0.0000000000
39042  -4.418  -45.825  30.327 0.0000000000
39057  -3.890  -46.123  29.615 0.0000000000
48061  -32.565  -35.660  31.741 0.0000000000
152212  -34.735  -35.180  30.978 0.0000000000
71853  -49.291  -15.033  15.588 0.0000000000
137987  -48.819  -15.045  14.951 0.0000000000
71854  -49.873  -14.400  15.503 0.0000000000
71869  -50.009  -14.016  14.926 0.0000000000
73890  -52.333  -12.643  13.955 0.0000000000
74878  -52.951  -12.493  13.391 0.0000000000
136699  -37.746  -25.520  24.932 0.0000000000
61634  -37.893  -25.245  24.006 0.0000000000
61619  -38.553  -25.213  24.474 0.0000000000
62681  -38.670  -24.714  23.623 0.0000000000
62701  -39.011  -24.198  22.848 0.0000000000
141815  -39.738  -23.921  22.665 0.0000000000
63801  -40.499  -22.899  21.607 0.0000000000
51390  -18.986  -34.654  27.213 0.0000000000
41465  -5.430  -42.845  32.576 0.0000000000
40199  -5.014  -43.468  32.387 0.0000000000
56368  -37.972  -30.651  24.020 0.0000000000
60499  -35.862  -26.341  28.921 0.0000000000
54394  -23.312  -32.177  24.537 0.0000000000
54384  -23.739  -32.226  25.274 0.0000000000
55387  -24.491  -32.002  25.206 0.0000000000
55388  -25.252  -31.889  25.084 0.0000000000
55397  -25.490  -31.619  24.337 0.0000000000
55411  -25.883  -31.352  23.672 0.0000000000
55412  -27.126  -31.498  22.854 0.0000000000
51449  -31.481  -34.679  25.029 0.0000000000
52452  -31.793  -33.985  23.292 0.0000000000
53338  -23.973  -33.399  31.232 0.0000000000
53365  -24.412  -32.667  28.834 0.0000000000
160311  -25.164  -32.518  29.185 0.0000000000
73895  -46.349  -12.757  12.361 0.0000000000
140600  -56.152  -7.173  12.552 0.0000000000
80608  -55.822  -6.638  12.084 0.0000000000
80605  -56.339  -6.468  12.405 0.0000000000
81576  -56.360  -5.389  11.816 0.0000000000
84584  -57.204  -2.250  10.431 0.0000000000
62737  -34.392  -24.408  19.393 0.0000000000
62736  -33.499  -24.745  19.443 0.0000000000
159878  -33.834  -24.420  18.784 0.0000000000
66983  -42.614  -19.485  20.029 0.0000000000
137248  -43.202  -18.680  19.538 0.0000000000
67976  -43.911  -18.103  19.078 0.0000000000
67977  -44.677  -17.744  18.551 0.0000000000
67979  -45.725  -17.693  18.106 0.0000000000
68948  -46.222  -17.650  17.788 0.0000000000
49273  -13.344  -35.692  29.833 0.0000000000
53414  -36.290  -33.685  24.065 0.0000000000
52415  -37.320  -33.330  25.803 0.0000000000
148054  -36.820  -34.000  26.257 0.0000000000
52416  -37.423  -33.369  26.691 0.0000000000
54379  -36.942  -31.723  27.485 0.0000000000
52365  -36.854  -32.844  29.857 0.0000000000
52381  -29.634  -33.549  28.071 0.0000000000
51383  -30.540  -34.069  28.938 0.0000000000
51393  -30.201  -33.911  27.822 0.0000000000
51406  -30.769  -34.164  27.050 0.0000000000
143540  -31.200  -34.360  26.622 0.0000000000
48099  -32.032  -35.542  31.224 0.0000000000
49284  -31.844  -34.828  29.930 0.0000000000
49306  -31.822  -34.872  28.717 0.0000000000
49307  -32.693  -35.353  29.129 0.0000000000
49328  -32.054  -35.346  28.019 0.0000000000
50381  -31.685  -34.875  27.844 0.0000000000
50399  -31.690  -34.826  27.221 0.0000000000
50400  -31.685  -34.797  26.674 0.0000000000
51427  -31.578  -34.759  26.004 0.0000000000
51451  -33.012  -35.162  24.772 0.0000000000
50422  -34.013  -35.607  25.751 0.0000000000
51452  -33.936  -35.110  24.838 0.0000000000
141860  -29.013  -33.259  30.072 0.0000000000
70899  -43.698  -16.466  14.411 0.0000000000
70923  -43.159  -15.896  13.722 0.0000000000
70924  -44.101  -15.862  13.742 0.0000000000
71888  -46.126  -15.600  14.013 0.0000000000
72922  -44.744  -14.758  12.772 0.0000000000
71890  -48.176  -14.880  14.331 0.0000000000
72925  -47.541  -14.110  13.708 0.0000000000
74875  -46.647  -12.758  12.991 0.0000000000
74887  -46.936  -11.982  12.509 0.0000000000
75805  -48.288  -11.529  12.098 0.0000000000
75816  -48.190  -11.414  11.445 0.0000000000
75830  -48.466  -11.423  10.540 0.0000000000
76769  -48.963  -11.287  9.786 0.0000000000
158850  -49.546  -11.081  9.446 0.0000000000
75834  -52.403  -11.365  10.852 0.0000000000
141258  -52.848  -10.817  10.581 0.0000000000
76761  -53.716  -10.446  11.395 0.0000000000
76762  -53.981  -9.882  11.657 0.0000000000
78782  -54.617  -9.102  12.325 0.0000000000
74879  -53.568  -11.918  13.446 0.0000000000
74895  -54.100  -11.784  12.870 0.0000000000
75796  -54.592  -11.309  12.890 0.0000000000
77768  -55.465  -9.341  12.976 0.0000000000
78773  -55.950  -8.082  12.777 0.0000000000
79724  -56.702  -6.682  12.843 0.0000000000
59459  -33.176  -26.835  24.350 0.0000000000
59470  -33.248  -27.073  23.444 0.0000000000
60542  -32.872  -26.417  23.718 0.0000000000
60533  -32.841  -25.907  23.825 0.0000000000
61645  -32.948  -25.780  23.040 0.0000000000
61630  -34.004  -25.338  23.440 0.0000000000
61646  -33.467  -25.472  22.807 0.0000000000
158368  -33.695  -25.293  21.884 0.0000000000
62716  -33.926  -25.015  21.009 0.0000000000
61633  -37.309  -25.152  23.493 0.0000000000
61649  -36.817  -25.157  22.836 0.0000000000
62698  -36.252  -25.022  22.136 0.0000000000
61666  -35.570  -24.859  21.464 0.0000000000
62738  -35.297  -24.167  19.189 0.0000000000
63855  -37.354  -22.865  17.669 0.0000000000
162969  -37.985  -22.613  17.688 0.0000000000
63842  -40.282  -23.061  18.704 0.0000000000
64933  -40.601  -22.612  18.502 0.0000000000
63814  -41.050  -22.203  21.045 0.0000000000
64903  -41.162  -21.957  20.432 0.0000000000
64904  -41.637  -21.640  20.967 0.0000000000
65939  -42.097  -21.355  21.552 0.0000000000
65938  -41.827  -21.163  20.651 0.0000000000
66972  -42.145  -20.363  20.383 0.0000000000
67956  -43.861  -18.539  20.683 0.0000000000
50373  -18.606  -34.795  27.672 0.0000000000
50354  -18.199  -34.973  28.078 0.0000000000
49323  -17.605  -35.367  27.696 0.0000000000
49300  -17.747  -35.203  28.547 0.0000000000
49299  -17.108  -35.527  28.224 0.0000000000
158851  -15.423  -35.556  28.401 0.0000000000
157097  -14.910  -35.722  26.886 0.0000000000
49319  -14.187  -35.799  27.254 0.0000000000
87401  -55.277  1.008  7.410 0.0000000000
158602  -54.841  1.127  6.845 0.0000000000
164540  -34.538  -27.940  23.587 0.0000000000
145242  -38.129  -31.817  25.664 0.0000000000
54399  -38.303  -32.272  24.832 0.0000000000
54412  -38.285  -32.109  24.004 0.0000000000
57262  -36.490  -30.219  26.879 0.0000000000
56350  -37.066  -30.185  25.527 0.0000000000
164266  -35.409  -28.308  25.088 0.0000000000
58355  -35.369  -28.326  24.517 0.0000000000
59472  -34.516  -27.878  24.318 0.0000000000
60528  -33.390  -26.119  25.298 0.0000000000
61602  -33.896  -25.790  25.641 0.0000000000
61603  -34.912  -25.525  25.641 0.0000000000
142925  -36.524  -25.629  28.019 0.0000000000
154881  -36.648  -25.534  27.276 0.0000000000
151561  -38.054  -25.693  27.788 0.0000000000
53382  -28.047  -32.870  27.754 0.0000000000
162181  -27.666  -32.839  26.619 0.0000000000
53406  -28.701  -33.291  25.832 0.0000000000
54396  -27.385  -32.451  24.546 0.0000000000
54407  -27.597  -32.201  23.622 0.0000000000
54422  -27.840  -31.967  22.718 0.0000000000
144522  -29.845  -33.340  23.866 0.0000000000
53439  -29.885  -33.106  22.740 0.0000000000
54409  -29.109  -32.970  23.053 0.0000000000
54423  -28.535  -32.194  22.356 0.0000000000
51364  -20.703  -34.517  30.624 0.0000000000
51371  -20.114  -34.370  29.180 0.0000000000
52371  -22.027  -33.475  28.598 0.0000000000
52370  -21.264  -33.782  28.746 0.0000000000
51392  -20.229  -33.965  27.965 0.0000000000
76779  -50.106  -10.829  9.051 0.0000000000
76793  -51.415  -10.503  8.179 0.0000000000
79729  -54.814  -7.698  11.671 0.0000000000
155404  -54.321  -7.730  11.275 0.0000000000
79737  -53.810  -8.182  10.967 0.0000000000
138997  -54.060  -6.514  10.747 0.0000000000
151448  -53.708  -7.272  10.925 0.0000000000
156462  -53.072  -8.121  10.370 0.0000000000
163266  -52.513  -7.668  10.227 0.0000000000
78799  -52.850  -8.602  9.212 0.0000000000
78798  -52.305  -7.952  9.155 0.0000000000
79751  -51.550  -7.378  8.915 0.0000000000
81583  -51.144  -5.733  10.104 0.0000000000
80636  -50.985  -6.823  8.576 0.0000000000
83649  -51.022  -2.983  7.355 0.0000000000
84604  -52.997  -2.332  8.801 0.0000000000
85552  -53.501  -1.575  8.459 0.0000000000
85551  -52.640  -1.637  8.137 0.0000000000
162260  -53.812  -0.961  8.209 0.0000000000
87396  -57.136  0.293  8.156 0.0000000000
41534  -6.827  -44.265  28.752 0.0000000000
40302  -7.029  -45.165  28.025 0.0000000000
59483  -33.403  -27.124  22.052 0.0000000000
62749  -32.869  -24.958  19.040 0.0000000000
70897  -41.976  -16.275  14.292 0.0000000000
65983  -38.701  -21.633  17.373 0.0000000000
143932  -39.196  -19.719  16.961 0.0000000000
159252  -41.597  -19.153  18.651 0.0000000000
67988  -41.250  -18.992  18.124 0.0000000000
68955  -40.570  -18.250  16.818 0.0000000000
68973  -41.266  -17.518  16.315 0.0000000000
69920  -41.873  -17.054  15.711 0.0000000000
69945  -45.756  -16.955  15.196 0.0000000000
140301  -46.886  -17.376  17.411 0.0000000000
43866  -7.522  -41.277  30.652 0.0000000000
45117  -9.078  -41.498  26.615 0.0000000000
41511  -6.492  -43.317  30.517 0.0000000000
41510  -6.090  -43.617  31.259 0.0000000000
40240  -5.648  -44.012  31.356 0.0000000000
41498  -5.348  -43.789  31.880 0.0000000000
40220  -5.076  -44.044  31.999 0.0000000000
37827  -5.083  -47.067  30.255 0.0000000000
148800  -5.081  -46.300  30.573 0.0000000000
39043  -5.056  -45.444  30.979 0.0000000000
39009  -4.849  -44.528  31.524 0.0000000000
40219  -4.921  -44.063  32.035 0.0000000000
40218  -4.534  -43.949  31.923 0.0000000000
40217  -3.895  -43.756  31.856 0.0000000000
40216  -3.120  -43.855  32.143 0.0000000000
39024  -3.417  -44.548  30.903 0.0000000000
40236  -3.074  -44.288  31.731 0.0000000000
36649  -4.740  -47.732  29.619 0.0000000000
35483  -4.953  -48.347  29.535 0.0000000000
39056  -3.616  -45.771  29.695 0.0000000000
39010  -5.018  -44.979  31.243 0.0000000000
41462  -3.909  -42.923  32.702 0.0000000000
41482  -4.315  -43.601  32.154 0.0000000000
41497  -2.937  -44.245  32.002 0.0000000000
42691  -2.173  -43.298  32.424 0.0000000000
48038  -32.295  -35.675  32.419 0.0000000000
48059  -31.192  -35.292  32.096 0.0000000000
48062  -32.928  -35.732  32.081 0.0000000000
48081  -32.008  -35.594  31.795 0.0000000000
48082  -32.659  -35.672  31.592 0.0000000000
48083  -33.089  -35.732  31.690 0.0000000000
48084  -33.427  -35.728  31.661 0.0000000000
48117  -32.076  -35.333  30.675 0.0000000000
48118  -32.428  -35.249  30.351 0.0000000000
48132  -33.066  -35.279  29.654 0.0000000000
48133  -33.543  -35.347  29.543 0.0000000000
49244  -30.683  -35.115  32.447 0.0000000000
49248  -35.064  -35.128  31.482 0.0000000000
49265  -30.716  -34.572  30.924 0.0000000000
49267  -31.595  -35.082  30.721 0.0000000000
49286  -33.921  -35.265  29.779 0.0000000000
49287  -34.315  -35.148  30.016 0.0000000000
49288  -34.753  -34.990  30.204 0.0000000000
49310  -34.316  -35.075  29.283 0.0000000000
49349  -33.122  -36.906  27.548 0.0000000000
50360  -30.801  -34.232  28.567 0.0000000000
50364  -35.080  -34.659  28.480 0.0000000000
50386  -35.651  -34.509  28.152 0.0000000000
50402  -34.629  -35.909  26.522 0.0000000000
51396  -36.640  -33.745  28.338 0.0000000000
51410  -35.542  -35.135  26.834 0.0000000000
54393  -22.256  -32.583  24.173 0.0000000000
60541  -32.732  -26.049  23.172 0.0000000000
62761  -32.782  -24.973  18.288 0.0000000000
63802  -40.703  -22.668  21.774 0.0000000000
67978  -45.311  -17.706  18.414 0.0000000000
72909  -50.981  -13.277  14.263 0.0000000000
74903  -47.062  -11.985  11.369 0.0000000000
75797  -54.767  -11.080  13.252 0.0000000000
75806  -52.918  -12.206  12.078 0.0000000000
75809  -54.885  -10.860  12.946 0.0000000000
75823  -54.490  -10.937  12.460 0.0000000000
77774  -54.377  -9.665  12.209 0.0000000000
77775  -54.910  -9.544  12.673 0.0000000000
78768  -56.355  -8.409  13.439 0.0000000000
78780  -54.335  -8.384  11.518 0.0000000000
79734  -51.367  -6.956  9.976 0.0000000000
80617  -50.906  -6.391  9.757 0.0000000000
80619  -51.928  -6.708  10.386 0.0000000000
81572  -56.747  -5.872  12.502 0.0000000000
81594  -50.655  -5.686  9.470 0.0000000000
82610  -52.783  -5.319  10.088 0.0000000000
82611  -53.996  -5.123  9.893 0.0000000000
83619  -55.688  -3.938  9.966 0.0000000000
83624  -51.414  -3.593  8.927 0.0000000000
83634  -50.607  -3.853  7.828 0.0000000000
84589  -53.729  -3.011  9.140 0.0000000000
84602  -51.573  -2.503  8.015 0.0000000000
85541  -55.876  -1.746  9.112 0.0000000000
85560  -51.946  -1.859  6.964 0.0000000000
85561  -52.475  -1.396  7.369 0.0000000000
86403  -53.661  -0.459  7.503 0.0000000000
86416  -56.357  -0.208  8.337 0.0000000000
86425  -54.002  0.158  6.923 0.0000000000
88467  -54.488  0.697  6.373 0.0000000000
136781  -55.939  1.505  7.387 0.0000000000
138452  -32.474  -35.693  32.415 0.0000000000
138837  -32.744  -35.836  28.628 0.0000000000
138905  -33.216  -36.008  32.275 0.0000000000
141969  -31.224  -34.526  28.242 0.0000000000
143834  -34.375  -35.280  30.590 0.0000000000
144543  -4.941  -42.966  32.665 0.0000000000
146563  -31.767  -35.172  25.475 0.0000000000
147096  -32.348  -35.373  28.557 0.0000000000
147443  -28.004  -31.756  22.134 0.0000000000
150506  -56.182  -6.012  12.078 0.0000000000
155972  -29.467  -33.469  29.499 0.0000000000
156873  -55.256  -8.731  12.620 0.0000000000
157498  -20.809  -33.696  28.221 0.0000000000
160252  -34.671  -34.878  28.830 0.0000000000
160262  -5.010  -44.505  31.650 0.0000000000
161993  -32.881  -35.662  31.292 0.0000000000
163448  -40.741  -22.496  21.017 0.0000000000
164242  -53.335  -7.669  10.714 0.0000000000
