#!ascii label  , from subject sub-v1s14x0051556_ses-1 vox2ras=TkReg
811
41691  25.295  -38.073  38.069 0.0000000000
59969  48.523  -21.355  23.068 0.0000000000
65050  54.538  -16.292  22.160 0.0000000000
49249  44.477  -31.615  27.785 0.0000000000
49158  30.060  -32.319  34.167 0.0000000000
45031  27.102  -35.174  37.383 0.0000000000
62963  51.538  -18.536  25.369 0.0000000000
55497  50.624  -25.950  25.354 0.0000000000
48209  42.466  -32.438  32.463 0.0000000000
47189  34.639  -33.663  34.993 0.0000000000
73301  51.566  -7.579  18.702 0.0000000000
72228  51.300  -8.752  23.394 0.0000000000
53263  44.490  -27.257  29.772 0.0000000000
53273  47.765  -27.295  28.821 0.0000000000
149992  26.241  -33.930  36.977 0.0000000000
43912  25.982  -36.541  37.935 0.0000000000
62024  50.096  -19.762  24.615 0.0000000000
58898  51.578  -22.914  25.203 0.0000000000
158591  49.673  -23.473  27.108 0.0000000000
46206  38.561  -35.211  29.743 0.0000000000
46143  30.833  -33.771  36.836 0.0000000000
147751  32.714  -32.415  34.432 0.0000000000
45038  32.814  -34.265  35.606 0.0000000000
74312  49.781  -6.886  19.517 0.0000000000
72283  49.661  -8.067  19.451 0.0000000000
73285  48.947  -8.106  19.949 0.0000000000
68128  52.811  -13.806  23.618 0.0000000000
152410  49.852  -11.826  22.197 0.0000000000
69094  53.838  -11.987  23.567 0.0000000000
71181  54.737  -11.184  21.331 0.0000000000
66180  56.065  -15.157  20.253 0.0000000000
48235  43.265  -32.076  30.407 0.0000000000
50144  44.066  -30.153  32.572 0.0000000000
149832  45.366  -29.814  30.528 0.0000000000
53250  46.659  -27.209  30.351 0.0000000000
148220  46.277  -29.186  29.253 0.0000000000
51209  47.924  -28.991  26.987 0.0000000000
49247  47.025  -31.976  27.212 0.0000000000
47172  29.043  -33.595  37.739 0.0000000000
66129  50.128  -15.900  22.831 0.0000000000
63935  52.753  -17.170  23.972 0.0000000000
59967  52.536  -22.415  23.396 0.0000000000
144783  51.346  -25.223  23.691 0.0000000000
143925  38.741  -32.132  33.957 0.0000000000
47215  40.429  -33.368  32.467 0.0000000000
47236  41.205  -33.177  30.262 0.0000000000
47274  42.809  -33.493  27.616 0.0000000000
46212  45.897  -35.415  28.111 0.0000000000
50124  36.595  -31.684  33.437 0.0000000000
46169  36.632  -33.970  33.781 0.0000000000
72305  53.188  -9.507  17.111 0.0000000000
73277  48.763  -8.266  21.162 0.0000000000
73275  51.609  -7.828  21.642 0.0000000000
69193  51.911  -12.336  19.450 0.0000000000
56617  48.300  -24.303  28.065 0.0000000000
54350  49.228  -26.483  27.078 0.0000000000
140388  49.342  -28.675  25.364 0.0000000000
41690  26.050  -38.852  37.721 0.0000000000
42825  25.544  -37.428  38.053 0.0000000000
41704  26.235  -38.490  37.565 0.0000000000
60999  49.655  -20.515  23.916 0.0000000000
60965  50.365  -21.132  26.568 0.0000000000
59952  49.408  -21.705  25.953 0.0000000000
45026  31.576  -34.171  36.140 0.0000000000
74313  49.187  -7.188  19.035 0.0000000000
149354  49.279  -7.745  19.456 0.0000000000
73305  48.894  -7.706  19.204 0.0000000000
67138  53.318  -14.708  23.450 0.0000000000
158496  53.150  -12.964  23.707 0.0000000000
67136  54.439  -13.629  22.517 0.0000000000
157337  55.352  -13.381  21.387 0.0000000000
49232  43.919  -31.498  29.200 0.0000000000
49216  44.279  -31.235  30.216 0.0000000000
49215  44.972  -30.629  28.971 0.0000000000
50200  45.882  -29.447  29.894 0.0000000000
50224  45.599  -30.381  28.346 0.0000000000
50245  46.319  -30.272  27.762 0.0000000000
49248  45.303  -31.814  27.507 0.0000000000
47173  27.667  -33.565  37.407 0.0000000000
46146  28.368  -34.298  37.532 0.0000000000
46145  29.349  -34.111  37.589 0.0000000000
63959  49.821  -17.478  23.619 0.0000000000
65052  48.751  -16.862  22.017 0.0000000000
65018  51.034  -16.852  24.336 0.0000000000
66114  51.970  -15.907  24.051 0.0000000000
62975  52.103  -18.209  24.990 0.0000000000
60990  52.714  -20.503  23.951 0.0000000000
62014  52.212  -20.153  24.934 0.0000000000
56642  51.021  -24.633  25.398 0.0000000000
57797  51.653  -24.022  24.268 0.0000000000
55516  51.280  -25.390  24.334 0.0000000000
54404  50.549  -26.366  23.473 0.0000000000
54376  50.424  -26.804  24.818 0.0000000000
47206  38.314  -33.268  33.415 0.0000000000
47205  39.332  -33.084  33.233 0.0000000000
47228  38.712  -33.969  32.197 0.0000000000
47249  39.678  -33.941  29.728 0.0000000000
47259  41.521  -33.336  28.214 0.0000000000
49139  33.731  -32.972  34.831 0.0000000000
49154  34.966  -32.637  33.666 0.0000000000
49137  36.067  -32.704  33.636 0.0000000000
47187  36.869  -33.001  33.699 0.0000000000
47188  35.948  -33.442  33.869 0.0000000000
74290  51.729  -6.177  19.810 0.0000000000
73326  51.941  -8.498  17.840 0.0000000000
71193  49.352  -9.168  19.605 0.0000000000
71159  50.241  -10.315  22.683 0.0000000000
70196  48.251  -10.811  21.585 0.0000000000
152894  48.809  -9.944  22.099 0.0000000000
72260  47.866  -9.223  21.338 0.0000000000
73270  49.618  -7.842  22.231 0.0000000000
74276  50.013  -7.165  21.541 0.0000000000
74273  51.966  -7.217  22.722 0.0000000000
68205  54.679  -13.217  19.959 0.0000000000
145839  54.127  -11.505  20.254 0.0000000000
49166  41.770  -31.717  33.747 0.0000000000
50130  42.681  -30.884  33.549 0.0000000000
52208  44.556  -28.570  31.847 0.0000000000
52218  42.732  -28.676  30.490 0.0000000000
145095  47.165  -27.235  29.863 0.0000000000
55434  46.719  -25.529  29.456 0.0000000000
55433  47.185  -25.719  29.417 0.0000000000
56630  47.242  -23.917  27.833 0.0000000000
55450  48.139  -25.823  28.677 0.0000000000
55449  48.700  -25.417  28.043 0.0000000000
54351  48.504  -26.746  27.943 0.0000000000
50264  48.552  -30.690  26.105 0.0000000000
51223  48.942  -29.175  25.768 0.0000000000
50277  48.873  -30.188  25.325 0.0000000000
50291  48.942  -30.122  24.976 0.0000000000
46136  26.261  -35.322  37.902 0.0000000000
43920  26.465  -35.768  37.655 0.0000000000
43929  26.650  -35.890  36.931 0.0000000000
42832  26.314  -37.610  37.364 0.0000000000
62023  50.564  -19.161  25.249 0.0000000000
59939  51.459  -21.188  25.986 0.0000000000
152132  51.032  -20.915  26.462 0.0000000000
57773  50.730  -23.101  26.303 0.0000000000
56643  50.585  -24.515  26.057 0.0000000000
48151  30.944  -32.821  36.764 0.0000000000
49142  31.292  -32.355  35.161 0.0000000000
48150  31.747  -32.904  36.495 0.0000000000
47181  32.713  -33.247  36.020 0.0000000000
46155  33.797  -33.964  35.366 0.0000000000
46163  34.667  -34.103  34.650 0.0000000000
45052  34.118  -34.459  34.934 0.0000000000
74311  50.335  -6.735  19.716 0.0000000000
73328  50.365  -7.963  18.787 0.0000000000
73303  49.993  -7.330  19.579 0.0000000000
72284  49.479  -8.073  19.769 0.0000000000
71192  49.716  -9.357  19.995 0.0000000000
68159  50.256  -13.818  22.256 0.0000000000
151927  51.193  -12.847  22.789 0.0000000000
70164  51.669  -11.433  23.286 0.0000000000
71136  52.714  -9.797  23.670 0.0000000000
72241  53.462  -9.436  22.622 0.0000000000
70180  54.384  -11.463  22.392 0.0000000000
151967  55.535  -13.178  20.939 0.0000000000
48223  43.196  -32.065  31.353 0.0000000000
49181  43.385  -31.441  32.484 0.0000000000
49196  43.578  -31.548  31.773 0.0000000000
50161  44.551  -30.418  31.405 0.0000000000
52196  45.246  -29.214  31.635 0.0000000000
53251  45.763  -27.288  30.877 0.0000000000
51166  45.925  -29.083  30.670 0.0000000000
51183  46.281  -28.956  30.039 0.0000000000
52232  47.338  -28.020  28.978 0.0000000000
52231  47.754  -27.803  28.275 0.0000000000
51210  47.255  -29.295  27.558 0.0000000000
51211  47.246  -30.368  27.164 0.0000000000
48262  48.178  -32.311  26.568 0.0000000000
48155  26.910  -33.108  35.926 0.0000000000
159340  28.247  -32.766  36.364 0.0000000000
48168  29.406  -32.484  35.769 0.0000000000
47171  29.740  -33.528  37.560 0.0000000000
45028  30.027  -34.427  37.046 0.0000000000
67140  51.072  -14.536  22.981 0.0000000000
66113  52.624  -15.544  23.814 0.0000000000
63957  53.903  -17.032  22.561 0.0000000000
62028  53.826  -19.058  22.494 0.0000000000
59966  53.024  -21.868  22.727 0.0000000000
57801  52.040  -23.547  22.955 0.0000000000
58897  51.946  -22.517  24.776 0.0000000000
57796  52.005  -23.525  23.686 0.0000000000
163797  38.386  -31.191  33.893 0.0000000000
48179  39.742  -32.190  34.006 0.0000000000
48194  40.497  -32.402  33.653 0.0000000000
47214  41.201  -33.207  32.254 0.0000000000
47238  39.585  -33.842  30.858 0.0000000000
47226  40.476  -33.541  31.656 0.0000000000
48237  41.955  -32.914  31.061 0.0000000000
48247  41.906  -32.764  29.934 0.0000000000
48255  42.682  -32.347  28.533 0.0000000000
48267  43.880  -32.129  27.683 0.0000000000
142306  45.214  -33.500  27.613 0.0000000000
46229  44.263  -34.730  27.821 0.0000000000
48160  37.943  -31.856  33.791 0.0000000000
47197  37.043  -33.162  33.784 0.0000000000
153843  37.032  -34.375  33.511 0.0000000000
45062  35.261  -34.893  34.236 0.0000000000
45070  36.592  -35.632  33.197 0.0000000000
148061  54.039  -9.531  17.150 0.0000000000
139212  48.130  -8.462  19.322 0.0000000000
73282  48.746  -8.263  20.603 0.0000000000
72269  49.985  -8.020  20.658 0.0000000000
159936  51.045  -9.317  20.601 0.0000000000
72265  53.767  -9.703  21.639 0.0000000000
71183  52.700  -10.524  20.279 0.0000000000
70218  51.150  -11.593  19.556 0.0000000000
51156  42.467  -29.299  32.171 0.0000000000
146923  47.921  -23.436  25.360 0.0000000000
57798  48.687  -22.776  24.922 0.0000000000
57766  48.993  -23.672  27.508 0.0000000000
56629  49.353  -25.111  27.442 0.0000000000
156488  49.976  -26.224  26.179 0.0000000000
52239  48.626  -27.748  26.923 0.0000000000
53313  49.231  -27.370  26.501 0.0000000000
136233  50.022  -27.164  25.330 0.0000000000
52294  49.658  -28.197  24.482 0.0000000000
140578  46.706  -33.297  27.694 0.0000000000
46225  47.864  -34.376  27.574 0.0000000000
41678  25.608  -38.823  37.850 0.0000000000
143679  25.760  -38.193  37.862 0.0000000000
158601  49.203  -21.451  23.631 0.0000000000
59968  49.603  -21.411  24.434 0.0000000000
58899  49.354  -22.003  25.071 0.0000000000
74314  48.577  -7.582  18.551 0.0000000000
66125  53.691  -15.040  23.011 0.0000000000
67137  53.795  -14.146  23.078 0.0000000000
67152  54.545  -14.649  22.264 0.0000000000
66139  54.968  -15.582  21.733 0.0000000000
49250  43.958  -31.610  28.249 0.0000000000
160127  44.530  -31.030  29.464 0.0000000000
49231  44.448  -31.190  28.560 0.0000000000
49230  45.026  -30.992  27.945 0.0000000000
50246  45.998  -31.163  27.510 0.0000000000
45018  26.962  -35.065  37.741 0.0000000000
46134  27.566  -34.425  37.618 0.0000000000
46147  27.531  -34.650  37.469 0.0000000000
45044  27.376  -35.253  36.573 0.0000000000
63937  50.490  -17.527  24.311 0.0000000000
63920  51.127  -17.581  24.886 0.0000000000
64996  51.618  -17.205  24.751 0.0000000000
139300  51.843  -18.147  25.148 0.0000000000
153140  52.093  -19.196  25.105 0.0000000000
62006  51.701  -20.017  25.536 0.0000000000
55496  51.074  -25.280  25.053 0.0000000000
158676  51.019  -25.674  24.793 0.0000000000
54389  50.901  -26.060  24.501 0.0000000000
46181  37.911  -34.362  32.440 0.0000000000
47217  38.568  -33.630  32.868 0.0000000000
48147  33.922  -33.532  35.010 0.0000000000
153207  34.270  -32.871  34.085 0.0000000000
49138  34.989  -33.017  33.849 0.0000000000
48163  34.741  -33.423  34.180 0.0000000000
153485  35.392  -33.371  33.904 0.0000000000
164067  35.046  -33.688  34.258 0.0000000000
74310  51.128  -6.706  19.589 0.0000000000
74289  52.704  -6.247  19.598 0.0000000000
74309  52.128  -6.869  19.212 0.0000000000
73300  52.536  -7.866  18.362 0.0000000000
72242  50.373  -9.269  22.971 0.0000000000
151185  49.639  -9.573  22.481 0.0000000000
72244  49.073  -8.763  22.236 0.0000000000
72229  50.526  -8.302  23.097 0.0000000000
74258  50.867  -7.020  22.734 0.0000000000
73257  51.985  -7.810  23.314 0.0000000000
67207  53.618  -14.479  19.676 0.0000000000
156005  53.966  -13.649  19.733 0.0000000000
48192  42.318  -32.043  33.191 0.0000000000
161387  42.363  -31.426  33.616 0.0000000000
53253  44.000  -27.803  30.342 0.0000000000
53264  43.731  -27.733  29.294 0.0000000000
139218  47.523  -26.924  29.430 0.0000000000
53248  47.184  -26.763  29.743 0.0000000000
54315  47.585  -26.295  29.268 0.0000000000
55432  47.608  -25.593  28.978 0.0000000000
54331  48.047  -26.573  28.725 0.0000000000
161909  48.175  -26.992  28.416 0.0000000000
49263  48.468  -31.655  26.158 0.0000000000
49262  48.626  -30.899  25.729 0.0000000000
49272  48.649  -30.789  25.359 0.0000000000
45020  25.855  -36.019  38.053 0.0000000000
45019  26.388  -35.594  37.713 0.0000000000
43921  26.239  -36.684  37.570 0.0000000000
161708  49.204  -19.899  23.433 0.0000000000
151603  49.016  -19.014  23.286 0.0000000000
62030  49.661  -19.488  23.839 0.0000000000
141124  50.089  -18.899  24.407 0.0000000000
62015  50.927  -19.625  25.911 0.0000000000
60982  50.625  -20.254  26.093 0.0000000000
58887  50.102  -22.138  26.903 0.0000000000
157755  50.372  -21.731  26.704 0.0000000000
57774  50.140  -22.869  26.851 0.0000000000
57784  50.268  -23.872  26.652 0.0000000000
48139  31.016  -33.212  37.017 0.0000000000
48138  31.679  -33.164  36.623 0.0000000000
45025  32.173  -34.043  35.900 0.0000000000
47167  32.530  -33.542  35.963 0.0000000000
46156  32.821  -34.110  35.686 0.0000000000
47180  33.030  -33.637  35.714 0.0000000000
45037  33.624  -34.149  35.399 0.0000000000
75327  49.433  -6.732  18.786 0.0000000000
149213  50.170  -6.423  19.504 0.0000000000
74291  50.838  -6.223  19.773 0.0000000000
72275  49.468  -8.344  20.084 0.0000000000
68142  51.053  -13.757  22.785 0.0000000000
151543  50.535  -13.091  22.384 0.0000000000
68141  51.905  -13.326  23.250 0.0000000000
69095  53.423  -12.293  23.733 0.0000000000
70163  52.640  -11.653  23.688 0.0000000000
70134  53.504  -11.388  23.782 0.0000000000
71149  52.247  -10.652  23.672 0.0000000000
149268  53.510  -10.714  23.637 0.0000000000
70162  53.622  -10.440  23.297 0.0000000000
69093  54.081  -11.694  23.158 0.0000000000
67172  55.639  -14.084  21.032 0.0000000000
68180  55.566  -13.306  21.019 0.0000000000
68193  55.556  -13.820  20.688 0.0000000000
162753  55.454  -13.906  20.399 0.0000000000
66195  55.978  -15.678  19.846 0.0000000000
49208  43.837  -31.531  30.961 0.0000000000
50180  44.844  -30.256  30.888 0.0000000000
49207  44.417  -30.828  30.907 0.0000000000
151023  45.024  -29.865  31.077 0.0000000000
50160  45.000  -29.687  31.439 0.0000000000
51155  45.715  -29.000  31.080 0.0000000000
51167  45.467  -29.451  30.931 0.0000000000
51182  46.820  -28.272  29.790 0.0000000000
51195  46.766  -28.731  28.874 0.0000000000
51196  46.570  -29.482  28.166 0.0000000000
152024  46.847  -31.014  27.245 0.0000000000
49246  47.660  -31.610  26.931 0.0000000000
49245  48.161  -31.197  26.537 0.0000000000
48263  47.842  -32.761  27.062 0.0000000000
47183  26.251  -33.583  36.131 0.0000000000
47190  26.330  -33.431  35.238 0.0000000000
47182  26.917  -33.500  36.811 0.0000000000
140306  28.339  -33.717  37.748 0.0000000000
48154  27.603  -33.023  36.625 0.0000000000
48142  28.454  -33.116  37.292 0.0000000000
48153  29.000  -32.683  36.563 0.0000000000
48141  29.429  -33.054  37.380 0.0000000000
65051  49.395  -16.243  22.219 0.0000000000
66142  49.820  -15.363  22.189 0.0000000000
66141  50.586  -15.097  22.703 0.0000000000
64993  52.380  -16.759  24.235 0.0000000000
65016  52.698  -16.678  23.959 0.0000000000
65034  53.153  -16.606  23.506 0.0000000000
63958  53.222  -17.548  23.382 0.0000000000
62997  53.824  -18.064  22.556 0.0000000000
62998  53.276  -18.550  23.308 0.0000000000
59959  52.718  -21.551  23.629 0.0000000000
60998  53.275  -20.853  23.025 0.0000000000
58911  52.595  -22.594  22.807 0.0000000000
58912  52.330  -23.055  23.212 0.0000000000
59950  51.580  -22.072  25.644 0.0000000000
59949  51.956  -21.635  25.192 0.0000000000
56671  51.546  -24.731  23.906 0.0000000000
56670  51.728  -24.109  23.419 0.0000000000
56689  51.449  -24.710  23.188 0.0000000000
49150  38.499  -31.732  33.921 0.0000000000
141676  39.014  -31.400  34.037 0.0000000000
144572  39.190  -31.720  34.059 0.0000000000
47216  39.579  -33.469  32.694 0.0000000000
47204  40.324  -32.996  33.163 0.0000000000
159420  41.019  -33.039  32.844 0.0000000000
46186  38.621  -34.302  31.201 0.0000000000
46195  38.852  -34.406  30.111 0.0000000000
47248  40.505  -33.532  29.447 0.0000000000
47237  40.440  -33.516  30.566 0.0000000000
47225  41.248  -33.270  31.371 0.0000000000
47258  42.229  -32.933  27.845 0.0000000000
48256  41.949  -32.704  28.814 0.0000000000
48268  43.150  -32.696  27.666 0.0000000000
47273  43.686  -33.758  27.567 0.0000000000
46230  43.224  -34.417  27.702 0.0000000000
49156  31.814  -32.235  34.431 0.0000000000
155016  31.499  -32.084  33.723 0.0000000000
144526  32.254  -32.109  33.698 0.0000000000
50137  36.125  -31.297  33.100 0.0000000000
50136  36.842  -31.170  33.323 0.0000000000
49151  37.760  -31.531  33.661 0.0000000000
48181  37.489  -32.635  33.689 0.0000000000
47207  37.383  -33.596  33.615 0.0000000000
46171  35.121  -34.275  34.463 0.0000000000
156818  53.594  -9.008  17.537 0.0000000000
72333  52.681  -9.928  16.610 0.0000000000
73329  49.844  -8.227  18.849 0.0000000000
69144  49.450  -12.288  21.905 0.0000000000
69164  48.110  -12.613  21.191 0.0000000000
69163  48.688  -11.955  21.545 0.0000000000
72270  47.921  -8.702  20.860 0.0000000000
72276  47.262  -9.171  20.290 0.0000000000
144211  47.346  -9.023  19.554 0.0000000000
73286  48.019  -8.561  20.137 0.0000000000
73276  50.756  -7.221  21.499 0.0000000000
73280  50.247  -7.510  21.100 0.0000000000
72268  50.755  -8.257  20.999 0.0000000000
71185  50.263  -9.165  20.392 0.0000000000
72267  51.730  -8.904  21.067 0.0000000000
72255  54.002  -10.126  22.211 0.0000000000
72256  53.734  -9.462  22.239 0.0000000000
71174  54.217  -10.083  21.934 0.0000000000
160947  52.692  -12.004  19.607 0.0000000000
70217  53.174  -11.379  19.938 0.0000000000
147525  52.182  -11.444  19.741 0.0000000000
71190  51.563  -10.744  19.938 0.0000000000
49180  43.760  -30.797  32.482 0.0000000000
50129  43.444  -30.628  33.101 0.0000000000
51143  43.556  -29.740  32.807 0.0000000000
54288  46.177  -27.128  30.648 0.0000000000
55451  46.366  -25.060  28.762 0.0000000000
57776  47.949  -23.645  28.034 0.0000000000
56644  47.052  -23.810  26.797 0.0000000000
57786  47.685  -23.365  26.385 0.0000000000
57792  48.299  -22.837  26.085 0.0000000000
57775  48.415  -23.029  27.438 0.0000000000
58894  48.673  -22.541  26.821 0.0000000000
57767  48.419  -23.559  27.666 0.0000000000
55465  49.133  -25.762  27.549 0.0000000000
54349  49.645  -25.676  26.848 0.0000000000
52240  48.064  -28.119  27.425 0.0000000000
52255  48.514  -28.622  26.508 0.0000000000
52254  49.104  -28.225  26.078 0.0000000000
52253  49.607  -27.761  25.547 0.0000000000
52274  49.656  -28.276  24.989 0.0000000000
53329  49.974  -27.626  24.864 0.0000000000
51239  49.392  -28.896  24.904 0.0000000000
51284  49.072  -29.347  24.477 0.0000000000
152531  45.709  -34.513  27.872 0.0000000000
48265  45.762  -32.876  27.560 0.0000000000
46227  46.781  -34.947  28.064 0.0000000000
43913  25.450  -36.748  38.150 0.0000000000
42824  25.976  -37.517  37.792 0.0000000000
60983  50.180  -20.630  25.899 0.0000000000
60992  49.977  -20.601  24.927 0.0000000000
59941  49.879  -21.253  26.409 0.0000000000
58888  49.643  -22.220  26.954 0.0000000000
45027  31.013  -34.323  36.464 0.0000000000
46142  31.304  -34.167  36.364 0.0000000000
45040  31.337  -34.566  36.052 0.0000000000
45039  32.034  -34.392  35.788 0.0000000000
67123  53.063  -14.494  23.638 0.0000000000
149600  53.449  -13.549  23.503 0.0000000000
157304  53.673  -13.185  23.446 0.0000000000
69113  53.981  -12.552  23.347 0.0000000000
69112  54.434  -12.157  22.690 0.0000000000
67151  55.139  -13.902  21.696 0.0000000000
67173  55.489  -14.876  21.186 0.0000000000
49217  43.747  -31.701  30.082 0.0000000000
49206  44.889  -30.541  30.177 0.0000000000
50201  45.485  -30.028  29.523 0.0000000000
50223  45.986  -29.697  28.790 0.0000000000
146564  46.346  -32.338  27.420 0.0000000000
47174  26.906  -34.014  37.617 0.0000000000
47163  26.937  -34.369  37.723 0.0000000000
47162  27.650  -33.929  37.785 0.0000000000
46133  28.590  -33.985  37.875 0.0000000000
63977  48.740  -17.570  22.505 0.0000000000
65037  49.161  -16.971  22.586 0.0000000000
65036  49.756  -16.743  23.112 0.0000000000
65035  50.549  -16.348  23.548 0.0000000000
66128  50.802  -15.698  23.261 0.0000000000
65017  51.842  -16.659  24.430 0.0000000000
64994  52.128  -17.179  24.633 0.0000000000
63936  52.383  -17.664  24.512 0.0000000000
158374  52.792  -18.893  23.912 0.0000000000
158234  52.435  -18.722  24.574 0.0000000000
62022  52.572  -19.511  24.319 0.0000000000
60991  52.344  -21.137  24.620 0.0000000000
155969  51.242  -23.374  25.563 0.0000000000
163339  51.550  -23.560  24.877 0.0000000000
57791  51.340  -24.073  25.091 0.0000000000
56657  51.375  -24.713  24.660 0.0000000000
54403  51.044  -25.845  23.769 0.0000000000
54390  50.588  -26.600  24.051 0.0000000000
53341  50.152  -27.365  24.259 0.0000000000
47195  39.026  -32.635  33.671 0.0000000000
47247  41.230  -33.085  29.150 0.0000000000
47260  40.810  -33.778  28.507 0.0000000000
158516  41.364  -34.187  27.980 0.0000000000
49140  33.080  -32.766  35.202 0.0000000000
163184  33.057  -32.269  33.719 0.0000000000
49155  33.813  -32.707  34.084 0.0000000000
49183  34.396  -31.678  32.665 0.0000000000
49168  34.706  -32.155  33.321 0.0000000000
49167  35.696  -31.933  33.349 0.0000000000
49153  35.973  -32.316  33.538 0.0000000000
49136  36.905  -32.206  33.659 0.0000000000
48162  36.602  -32.836  33.594 0.0000000000
47198  36.239  -33.587  33.907 0.0000000000
74308  53.259  -7.092  18.948 0.0000000000
157588  53.475  -8.225  18.105 0.0000000000
73325  52.844  -8.785  17.649 0.0000000000
71199  49.072  -9.142  18.924 0.0000000000
70181  50.024  -11.173  22.428 0.0000000000
70182  49.199  -11.237  22.061 0.0000000000
71160  49.580  -10.483  22.333 0.0000000000
71175  48.166  -9.799  21.606 0.0000000000
72259  48.442  -9.051  21.792 0.0000000000
153149  48.372  -8.705  21.386 0.0000000000
73271  48.926  -8.201  21.828 0.0000000000
74277  49.411  -7.769  21.376 0.0000000000
74267  50.302  -7.069  22.153 0.0000000000
74266  51.127  -6.869  22.432 0.0000000000
73274  52.342  -7.819  22.348 0.0000000000
69180  55.020  -12.356  20.853 0.0000000000
137734  54.533  -11.033  20.803 0.0000000000
69190  54.574  -12.317  20.196 0.0000000000
70216  53.528  -12.119  19.793 0.0000000000
48177  41.040  -31.469  34.119 0.0000000000
52198  44.011  -29.066  32.305 0.0000000000
52199  43.286  -29.139  32.383 0.0000000000
52217  43.510  -28.358  30.882 0.0000000000
52224  43.236  -28.237  29.879 0.0000000000
53249  46.926  -27.231  30.145 0.0000000000
54302  46.633  -26.742  30.118 0.0000000000
54301  46.897  -26.795  29.966 0.0000000000
56607  47.149  -24.934  29.036 0.0000000000
56631  46.810  -24.499  28.338 0.0000000000
56606  47.547  -24.988  28.773 0.0000000000
156515  47.894  -24.827  28.541 0.0000000000
55431  48.219  -25.085  28.408 0.0000000000
54330  48.628  -26.118  28.050 0.0000000000
51224  48.533  -29.649  26.223 0.0000000000
50263  48.821  -30.100  25.678 0.0000000000
51240  49.128  -29.495  25.283 0.0000000000
51260  49.154  -29.547  24.933 0.0000000000
47175  26.313  -34.415  37.430 0.0000000000
46149  25.915  -34.878  37.718 0.0000000000
46148  26.619  -34.709  37.722 0.0000000000
46135  26.875  -34.960  37.786 0.0000000000
161732  26.426  -36.846  36.970 0.0000000000
62999  49.302  -18.111  23.378 0.0000000000
62988  49.970  -18.139  24.077 0.0000000000
62976  51.080  -18.797  25.518 0.0000000000
62007  51.174  -19.792  25.942 0.0000000000
62008  51.076  -19.808  26.018 0.0000000000
58893  51.185  -22.528  26.016 0.0000000000
60964  50.696  -20.949  26.475 0.0000000000
58886  50.594  -22.121  26.606 0.0000000000
57783  50.886  -23.946  25.845 0.0000000000
55480  50.615  -25.155  25.762 0.0000000000
153728  38.059  -34.511  31.799 0.0000000000
144415  30.562  -32.312  34.921 0.0000000000
49157  30.986  -32.190  34.289 0.0000000000
48166  31.602  -32.639  36.107 0.0000000000
48165  32.499  -32.865  36.074 0.0000000000
47168  31.965  -33.457  36.309 0.0000000000
48149  32.279  -33.129  36.339 0.0000000000
145632  32.926  -32.733  36.073 0.0000000000
48148  33.284  -33.296  35.576 0.0000000000
47179  34.037  -33.911  35.644 0.0000000000
46154  34.203  -33.742  35.283 0.0000000000
45063  34.675  -35.128  34.335 0.0000000000
73302  50.675  -7.370  19.173 0.0000000000
73304  49.435  -7.430  19.472 0.0000000000
148974  49.784  -13.126  22.030 0.0000000000
69143  50.128  -12.469  22.239 0.0000000000
150063  50.448  -11.867  22.482 0.0000000000
69114  51.858  -12.359  23.238 0.0000000000
69115  51.114  -12.030  22.826 0.0000000000
70165  50.799  -11.114  22.955 0.0000000000
143784  51.492  -10.626  23.343 0.0000000000
71150  51.862  -9.768  23.568 0.0000000000
72214  52.332  -8.887  23.496 0.0000000000
73245  52.483  -8.522  23.280 0.0000000000
71148  53.214  -9.521  23.157 0.0000000000
71147  53.852  -10.148  22.783 0.0000000000
71157  54.460  -11.149  21.891 0.0000000000
69141  54.738  -12.114  21.986 0.0000000000
70178  54.819  -12.294  21.366 0.0000000000
70207  54.825  -11.959  21.131 0.0000000000
69189  55.143  -12.953  20.533 0.0000000000
147694  54.711  -14.141  19.812 0.0000000000
48224  42.595  -32.565  31.723 0.0000000000
49182  42.882  -31.928  32.718 0.0000000000
48208  43.031  -32.021  32.148 0.0000000000
49195  43.928  -30.951  31.917 0.0000000000
142798  44.025  -31.042  31.413 0.0000000000
50143  44.384  -30.325  31.995 0.0000000000
51142  44.669  -29.740  32.038 0.0000000000
141087  45.106  -28.707  31.709 0.0000000000
53238  45.264  -27.998  31.478 0.0000000000
52207  45.640  -28.540  31.315 0.0000000000
53237  46.054  -27.808  31.110 0.0000000000
53236  46.453  -27.648  30.729 0.0000000000
161597  45.784  -29.342  30.500 0.0000000000
52216  46.368  -28.470  30.497 0.0000000000
52215  46.652  -27.764  30.515 0.0000000000
137554  46.959  -27.900  29.958 0.0000000000
53262  47.263  -27.578  29.572 0.0000000000
52241  47.456  -28.432  28.010 0.0000000000
50244  47.987  -30.045  26.666 0.0000000000
48169  28.588  -32.612  35.622 0.0000000000
158855  29.086  -32.479  34.728 0.0000000000
48182  29.936  -32.379  35.204 0.0000000000
48152  29.961  -32.652  36.597 0.0000000000
48140  30.269  -33.207  37.246 0.0000000000
47170  30.325  -33.602  37.284 0.0000000000
46132  29.538  -33.811  37.688 0.0000000000
46144  30.092  -34.017  37.347 0.0000000000
149700  30.489  -34.310  36.808 0.0000000000
67153  50.623  -14.358  22.535 0.0000000000
67139  51.855  -14.384  23.386 0.0000000000
66127  51.338  -15.175  23.378 0.0000000000
148034  52.046  -15.322  23.823 0.0000000000
67124  52.595  -14.766  23.703 0.0000000000
66112  53.005  -15.047  23.679 0.0000000000
65033  53.709  -15.985  22.897 0.0000000000
137398  54.399  -17.727  21.976 0.0000000000
62037  53.781  -20.094  22.360 0.0000000000
62029  53.220  -19.666  23.328 0.0000000000
60981  51.802  -20.722  25.491 0.0000000000
59960  52.332  -22.081  24.265 0.0000000000
57790  51.846  -23.277  24.427 0.0000000000
58905  52.237  -22.889  23.955 0.0000000000
50134  38.494  -30.991  33.920 0.0000000000
49149  39.963  -31.560  34.165 0.0000000000
48195  39.842  -32.641  33.568 0.0000000000
48178  40.534  -32.005  34.028 0.0000000000
48193  41.134  -32.110  33.747 0.0000000000
48210  41.728  -32.725  32.828 0.0000000000
47227  39.577  -33.719  31.894 0.0000000000
48225  41.943  -32.933  32.027 0.0000000000
48236  42.619  -32.493  30.734 0.0000000000
48246  42.614  -32.391  29.652 0.0000000000
48245  43.264  -31.991  29.399 0.0000000000
48254  43.372  -31.924  28.359 0.0000000000
48266  44.736  -32.450  27.500 0.0000000000
142357  44.176  -33.089  27.496 0.0000000000
47272  44.679  -34.108  27.676 0.0000000000
46228  45.125  -34.924  27.914 0.0000000000
46214  43.906  -35.410  28.094 0.0000000000
45122  44.644  -36.273  28.418 0.0000000000
49172  30.810  -32.104  33.433 0.0000000000
49170  32.772  -32.007  33.045 0.0000000000
50135  37.631  -30.874  33.461 0.0000000000
50122  38.315  -31.261  33.853 0.0000000000
48180  38.013  -32.156  33.817 0.0000000000
48161  37.483  -32.413  33.610 0.0000000000
47196  38.148  -32.857  33.662 0.0000000000
46175  37.589  -34.172  33.109 0.0000000000
46162  35.404  -33.875  34.260 0.0000000000
46170  35.853  -34.405  34.059 0.0000000000
45071  35.925  -35.404  33.625 0.0000000000
46177  36.531  -34.851  33.622 0.0000000000
46176  37.046  -35.069  33.164 0.0000000000
41679  25.083  -38.622  38.013 0.0000000000
72331  54.487  -9.865  16.472 0.0000000000
74283  49.263  -7.951  20.895 0.0000000000
73281  49.396  -7.989  20.498 0.0000000000
72274  49.755  -8.496  20.318 0.0000000000
71191  50.134  -10.235  19.893 0.0000000000
73255  52.869  -8.622  22.917 0.0000000000
73268  53.020  -8.619  22.558 0.0000000000
72258  52.397  -8.506  21.663 0.0000000000
141317  53.551  -10.118  20.880 0.0000000000
72266  52.823  -9.423  21.076 0.0000000000
139396  51.775  -9.870  20.486 0.0000000000
140849  50.747  -10.812  19.806 0.0000000000
149462  50.463  -11.951  19.277 0.0000000000
58913  48.684  -22.169  23.379 0.0000000000
159008  43.028  -31.423  33.183 0.0000000000
51131  42.939  -30.221  33.281 0.0000000000
57799  48.060  -23.477  24.376 0.0000000000
58906  49.160  -22.203  24.118 0.0000000000
58900  48.920  -22.253  25.946 0.0000000000
58889  49.096  -22.466  27.144 0.0000000000
56616  48.806  -24.626  27.826 0.0000000000
56615  49.538  -24.260  27.268 0.0000000000
56628  50.060  -24.896  26.639 0.0000000000
164158  50.229  -25.602  26.176 0.0000000000
53293  48.234  -27.362  27.907 0.0000000000
53292  48.795  -27.112  27.302 0.0000000000
54364  49.729  -26.936  26.015 0.0000000000
141133  50.195  -26.628  25.531 0.0000000000
52316  49.825  -27.781  23.869 0.0000000000
155255  49.319  -28.918  24.584 0.0000000000
52295  49.451  -28.539  24.122 0.0000000000
48264  47.351  -33.115  27.513 0.0000000000
46226  47.538  -34.872  27.909 0.0000000000
47270  47.389  -34.088  27.869 0.0000000000
47269  47.856  -33.680  27.324 0.0000000000
47268  48.103  -33.190  26.813 0.0000000000
45036  34.223  -33.830  35.160 0.0000000000
46141  31.922  -34.003  36.030 0.0000000000
46213  44.974  -35.556  28.191 0.0000000000
47169  31.177  -33.539  36.744 0.0000000000
47271  46.316  -33.894  27.843 0.0000000000
48164  33.090  -32.952  35.726 0.0000000000
48167  30.612  -32.449  35.848 0.0000000000
48171  26.951  -33.030  35.090 0.0000000000
48211  41.096  -32.583  33.312 0.0000000000
49141  32.185  -32.504  35.306 0.0000000000
49152  36.999  -31.932  33.568 0.0000000000
49273  48.498  -31.709  25.774 0.0000000000
50123  37.420  -31.494  33.617 0.0000000000
51144  42.736  -29.608  33.028 0.0000000000
52197  44.702  -29.154  32.066 0.0000000000
52206  46.262  -28.249  30.961 0.0000000000
52209  43.798  -28.639  31.780 0.0000000000
53239  44.348  -28.104  31.268 0.0000000000
53252  44.876  -27.480  30.770 0.0000000000
54304  45.322  -26.852  30.173 0.0000000000
55416  47.182  -26.258  29.557 0.0000000000
55417  46.856  -26.353  29.772 0.0000000000
55418  46.781  -26.211  29.848 0.0000000000
55419  46.303  -25.998  29.711 0.0000000000
56618  47.568  -24.301  28.549 0.0000000000
57758  47.907  -24.223  28.302 0.0000000000
57765  49.562  -22.828  27.086 0.0000000000
57785  48.092  -22.921  26.911 0.0000000000
57802  48.526  -22.884  23.841 0.0000000000
58882  49.022  -22.909  27.294 0.0000000000
58883  48.721  -22.986  27.355 0.0000000000
59931  50.644  -21.407  26.565 0.0000000000
59932  50.249  -21.583  26.701 0.0000000000
59933  49.789  -21.752  26.850 0.0000000000
59940  51.111  -21.643  26.352 0.0000000000
59942  49.296  -21.969  26.668 0.0000000000
59951  49.750  -21.272  25.433 0.0000000000
60971  51.277  -20.434  26.105 0.0000000000
60972  51.001  -20.357  26.328 0.0000000000
60973  50.822  -20.438  26.302 0.0000000000
60974  50.439  -20.744  26.349 0.0000000000
62016  50.455  -19.963  25.521 0.0000000000
62962  51.595  -18.982  25.442 0.0000000000
62964  51.133  -19.150  25.673 0.0000000000
62986  52.653  -18.041  24.156 0.0000000000
62987  50.659  -18.268  24.913 0.0000000000
63907  51.950  -17.723  24.995 0.0000000000
63917  52.292  -17.108  24.475 0.0000000000
63918  52.065  -17.609  24.875 0.0000000000
63919  51.675  -17.737  25.046 0.0000000000
63960  49.249  -17.441  23.050 0.0000000000
64995  51.902  -17.127  24.731 0.0000000000
65049  55.247  -16.409  21.365 0.0000000000
66096  52.627  -16.060  23.886 0.0000000000
66097  52.337  -16.607  24.228 0.0000000000
66115  51.419  -16.006  23.900 0.0000000000
66126  53.085  -15.633  23.621 0.0000000000
66140  54.286  -15.503  22.452 0.0000000000
66194  56.130  -15.414  20.203 0.0000000000
67122  53.397  -13.998  23.439 0.0000000000
67195  55.686  -14.389  20.627 0.0000000000
67205  55.816  -14.697  20.358 0.0000000000
67206  55.735  -14.758  19.931 0.0000000000
68127  53.721  -12.779  23.555 0.0000000000
68139  54.401  -12.842  22.699 0.0000000000
68140  52.711  -12.767  23.576 0.0000000000
68157  55.045  -12.774  21.485 0.0000000000
68158  54.897  -13.122  21.955 0.0000000000
68194  55.459  -13.395  20.682 0.0000000000
68204  55.307  -13.749  20.223 0.0000000000
69142  50.682  -12.474  22.519 0.0000000000
69162  55.226  -12.711  21.038 0.0000000000
69178  55.407  -12.868  20.904 0.0000000000
69179  55.407  -12.709  20.988 0.0000000000
69191  53.772  -12.922  19.744 0.0000000000
70133  53.794  -11.176  23.442 0.0000000000
70161  54.033  -10.901  22.965 0.0000000000
70179  54.616  -11.662  21.700 0.0000000000
70194  54.997  -12.450  20.983 0.0000000000
70195  54.713  -11.912  21.224 0.0000000000
70208  54.786  -11.677  20.825 0.0000000000
70209  53.787  -10.785  20.487 0.0000000000
71135  53.209  -10.028  23.596 0.0000000000
71151  50.969  -10.011  23.222 0.0000000000
71158  54.179  -10.744  22.289 0.0000000000
71172  54.600  -11.350  21.400 0.0000000000
71173  54.388  -10.726  21.757 0.0000000000
71182  54.321  -10.472  21.327 0.0000000000
71184  50.873  -10.090  20.181 0.0000000000
72213  52.797  -9.247  23.406 0.0000000000
72227  52.725  -8.764  23.189 0.0000000000
72243  49.861  -8.525  22.647 0.0000000000
72257  53.150  -8.823  21.983 0.0000000000
73256  52.457  -8.007  23.107 0.0000000000
73258  51.070  -7.586  23.177 0.0000000000
73259  50.327  -7.609  22.705 0.0000000000
73269  52.445  -7.785  22.826 0.0000000000
74256  52.041  -7.299  22.942 0.0000000000
74257  51.524  -7.055  22.935 0.0000000000
74265  51.667  -7.008  22.684 0.0000000000
74268  49.653  -7.532  21.823 0.0000000000
74274  51.461  -7.040  22.220 0.0000000000
74275  50.636  -6.924  21.831 0.0000000000
74281  50.274  -7.202  21.374 0.0000000000
74282  49.804  -7.611  21.011 0.0000000000
141537  34.105  -33.176  34.501 0.0000000000
143018  44.189  -29.624  32.333 0.0000000000
143548  38.798  -31.227  34.023 0.0000000000
144868  47.716  -23.353  27.349 0.0000000000
144936  53.028  -10.659  23.915 0.0000000000
149042  54.081  -13.420  23.075 0.0000000000
149278  51.240  -19.295  25.695 0.0000000000
149602  55.859  -15.066  20.586 0.0000000000
151972  49.622  -18.720  23.752 0.0000000000
153719  41.623  -32.243  33.405 0.0000000000
155483  50.296  -16.962  23.805 0.0000000000
156744  46.125  -24.865  27.957 0.0000000000
157861  38.050  -31.276  33.837 0.0000000000
159348  48.945  -17.828  22.992 0.0000000000
159531  33.448  -32.971  35.162 0.0000000000
161714  56.163  -15.752  20.218 0.0000000000
162052  54.732  -12.548  22.150 0.0000000000
162511  29.971  -32.431  35.870 0.0000000000
163398  43.443  -31.133  32.870 0.0000000000
164387  51.243  -18.166  25.235 0.0000000000
