#!ascii label  , from subject sub-v1s14x0051578_ses-1 vox2ras=TkReg
1163
117351  41.458  45.569  -16.356 0.0000000000
120546  45.051  50.895  -18.732 0.0000000000
157789  48.928  40.123  -16.577 0.0000000000
115946  37.554  43.056  -12.661 0.0000000000
114065  40.416  40.776  -13.686 0.0000000000
115426  40.222  41.535  -22.631 0.0000000000
121862  43.963  52.821  -11.614 0.0000000000
123974  42.117  55.558  -11.771 0.0000000000
111005  52.027  36.023  -13.550 0.0000000000
111064  45.803  36.781  -21.279 0.0000000000
117402  46.198  45.419  -21.687 0.0000000000
115374  46.122  42.938  -16.390 0.0000000000
141584  48.999  45.887  -16.246 0.0000000000
162867  47.885  42.096  -12.881 0.0000000000
145513  37.436  53.543  -17.603 0.0000000000
118701  41.339  47.089  -21.264 0.0000000000
112663  42.543  38.313  -17.472 0.0000000000
116633  39.535  44.452  -14.188 0.0000000000
114736  38.803  41.321  -12.289 0.0000000000
115954  41.685  43.622  -13.858 0.0000000000
116711  41.172  43.890  -20.468 0.0000000000
117370  38.461  45.106  -17.346 0.0000000000
143645  41.984  56.846  -8.943 0.0000000000
110103  51.226  35.637  -11.022 0.0000000000
139551  48.251  35.443  -14.068 0.0000000000
138734  47.019  35.474  -11.003 0.0000000000
120594  39.223  50.805  -23.954 0.0000000000
119336  45.956  48.657  -21.672 0.0000000000
118016  48.130  46.299  -19.809 0.0000000000
142342  47.545  48.733  -17.487 0.0000000000
117293  44.398  46.349  -10.582 0.0000000000
117307  47.140  45.548  -12.004 0.0000000000
114722  45.542  41.723  -11.633 0.0000000000
112601  47.088  38.815  -10.974 0.0000000000
121892  43.783  53.252  -15.573 0.0000000000
121205  40.457  51.503  -16.471 0.0000000000
119967  43.097  49.029  -20.188 0.0000000000
118074  44.360  45.863  -23.638 0.0000000000
154566  47.363  41.450  -16.851 0.0000000000
114084  44.237  40.467  -15.480 0.0000000000
112648  45.572  38.357  -16.194 0.0000000000
113346  37.653  39.527  -13.518 0.0000000000
113370  37.276  38.793  -15.388 0.0000000000
115444  39.191  41.948  -25.546 0.0000000000
115428  36.618  42.096  -22.868 0.0000000000
121182  45.499  52.542  -15.432 0.0000000000
119288  44.531  48.823  -15.795 0.0000000000
127518  39.022  62.478  -8.968 0.0000000000
125848  41.830  59.496  -10.971 0.0000000000
123959  44.775  54.745  -11.176 0.0000000000
160242  50.696  37.124  -15.689 0.0000000000
111842  47.740  36.892  -18.133 0.0000000000
110175  49.689  35.340  -17.792 0.0000000000
110190  45.617  35.495  -17.262 0.0000000000
117380  43.233  45.904  -18.868 0.0000000000
117330  43.660  45.285  -15.935 0.0000000000
117379  46.392  45.440  -18.444 0.0000000000
115984  48.126  43.788  -17.797 0.0000000000
115372  49.391  42.636  -16.713 0.0000000000
119264  48.394  48.102  -13.904 0.0000000000
116606  48.513  44.258  -13.727 0.0000000000
114071  49.696  40.851  -15.026 0.0000000000
113331  49.588  39.064  -13.113 0.0000000000
112587  51.264  37.687  -10.398 0.0000000000
143440  38.378  53.609  -20.326 0.0000000000
119974  37.404  49.494  -21.494 0.0000000000
119958  37.979  49.603  -19.316 0.0000000000
117425  38.397  45.439  -22.641 0.0000000000
156081  41.992  42.965  -24.407 0.0000000000
139248  43.875  43.165  -22.609 0.0000000000
114751  43.272  41.762  -14.711 0.0000000000
145615  40.912  39.655  -15.498 0.0000000000
112667  38.598  38.007  -17.149 0.0000000000
111862  43.831  38.056  -19.181 0.0000000000
117318  40.453  45.075  -14.895 0.0000000000
116608  40.150  44.075  -13.687 0.0000000000
116630  41.871  45.123  -14.926 0.0000000000
117383  40.609  45.118  -18.359 0.0000000000
154189  39.440  44.797  -18.582 0.0000000000
117353  40.025  45.352  -16.443 0.0000000000
144400  38.989  44.909  -15.400 0.0000000000
138745  50.298  35.691  -8.922 0.0000000000
110104  48.574  35.406  -11.385 0.0000000000
138743  47.993  35.437  -9.198 0.0000000000
111825  35.389  37.495  -15.703 0.0000000000
154184  45.831  49.616  -20.136 0.0000000000
119323  47.085  48.924  -19.936 0.0000000000
149909  45.877  49.880  -18.734 0.0000000000
115932  43.799  43.569  -11.365 0.0000000000
148758  44.818  43.854  -11.592 0.0000000000
121202  44.285  52.406  -17.229 0.0000000000
120532  42.749  51.105  -18.059 0.0000000000
120560  43.890  50.476  -19.308 0.0000000000
119337  44.687  48.955  -21.039 0.0000000000
114092  47.612  40.713  -16.672 0.0000000000
113361  46.071  39.492  -15.701 0.0000000000
161395  47.344  38.935  -15.975 0.0000000000
115340  36.645  42.205  -11.716 0.0000000000
114726  37.406  41.565  -11.738 0.0000000000
114745  40.049  41.155  -12.983 0.0000000000
114058  38.531  40.483  -12.587 0.0000000000
113345  38.473  39.888  -13.369 0.0000000000
113355  37.352  39.187  -14.460 0.0000000000
137938  38.981  39.547  -14.658 0.0000000000
114132  40.078  40.599  -24.844 0.0000000000
114816  38.089  40.809  -24.582 0.0000000000
114790  38.257  41.778  -22.310 0.0000000000
115958  37.167  43.630  -13.246 0.0000000000
115934  36.215  42.953  -12.115 0.0000000000
121884  44.994  52.412  -13.578 0.0000000000
120510  43.953  50.905  -15.085 0.0000000000
121170  42.625  51.418  -13.747 0.0000000000
122581  42.968  53.850  -9.704 0.0000000000
123931  43.732  55.575  -9.140 0.0000000000
122579  44.787  53.946  -10.708 0.0000000000
160653  45.766  53.733  -12.965 0.0000000000
111823  51.213  36.622  -15.386 0.0000000000
111029  50.161  35.486  -17.260 0.0000000000
110160  50.911  35.369  -15.701 0.0000000000
110149  45.806  35.989  -14.540 0.0000000000
110164  46.213  35.651  -15.801 0.0000000000
110179  44.567  35.682  -16.515 0.0000000000
117389  44.636  45.829  -20.109 0.0000000000
165387  44.693  45.935  -18.591 0.0000000000
118028  45.438  45.896  -19.479 0.0000000000
118008  48.546  46.493  -18.056 0.0000000000
162160  48.242  45.548  -18.569 0.0000000000
117345  48.751  45.287  -17.300 0.0000000000
115983  48.783  43.449  -17.443 0.0000000000
116648  49.261  44.179  -16.100 0.0000000000
118636  45.059  47.866  -13.420 0.0000000000
162251  46.806  48.134  -14.790 0.0000000000
119255  47.029  48.793  -12.025 0.0000000000
142308  47.057  43.375  -12.357 0.0000000000
116594  47.667  44.788  -12.632 0.0000000000
115941  48.149  43.186  -13.234 0.0000000000
114750  48.997  42.160  -14.216 0.0000000000
114741  48.845  41.683  -13.791 0.0000000000
113343  49.857  39.511  -13.834 0.0000000000
166459  48.570  40.032  -12.879 0.0000000000
144051  48.265  38.266  -9.914 0.0000000000
146985  49.509  38.059  -10.977 0.0000000000
122647  38.046  53.839  -19.068 0.0000000000
121949  37.502  52.112  -20.939 0.0000000000
121242  37.169  51.513  -19.581 0.0000000000
124587  42.060  57.116  -10.860 0.0000000000
124604  40.599  57.235  -12.001 0.0000000000
123285  40.541  54.597  -13.187 0.0000000000
119938  40.394  49.508  -18.615 0.0000000000
120550  38.911  50.080  -17.889 0.0000000000
119342  39.592  48.092  -20.224 0.0000000000
162999  38.532  47.153  -21.148 0.0000000000
118052  40.012  46.444  -21.554 0.0000000000
116741  40.484  43.976  -23.481 0.0000000000
117422  42.037  45.313  -23.003 0.0000000000
117419  46.170  45.451  -23.397 0.0000000000
116039  44.670  43.690  -23.603 0.0000000000
116719  45.195  44.217  -22.594 0.0000000000
116710  43.504  44.549  -21.149 0.0000000000
116649  45.053  44.116  -15.747 0.0000000000
115966  43.842  43.614  -14.824 0.0000000000
115367  44.797  42.654  -15.425 0.0000000000
113381  43.127  39.151  -15.982 0.0000000000
113365  42.714  39.762  -15.628 0.0000000000
113383  41.288  39.111  -16.185 0.0000000000
166694  39.697  38.739  -16.324 0.0000000000
112665  40.265  38.373  -17.052 0.0000000000
111873  47.299  36.579  -20.082 0.0000000000
159199  45.681  37.577  -18.938 0.0000000000
111875  45.432  37.563  -20.961 0.0000000000
115957  38.049  43.590  -13.309 0.0000000000
144901  38.114  42.528  -12.385 0.0000000000
115944  39.333  42.938  -12.786 0.0000000000
115357  40.149  42.770  -12.908 0.0000000000
114744  40.739  41.516  -13.272 0.0000000000
116023  41.118  42.744  -21.495 0.0000000000
116634  38.220  44.405  -14.579 0.0000000000
110116  52.100  35.958  -12.274 0.0000000000
110146  50.570  35.195  -14.863 0.0000000000
110119  49.328  35.444  -12.886 0.0000000000
163176  47.321  35.571  -12.489 0.0000000000
118048  46.796  46.309  -22.465 0.0000000000
164980  47.559  45.737  -20.858 0.0000000000
118686  47.508  47.562  -20.908 0.0000000000
145079  47.891  48.480  -18.555 0.0000000000
119297  48.413  48.297  -16.731 0.0000000000
158696  45.851  48.135  -9.873 0.0000000000
117979  47.098  47.706  -10.855 0.0000000000
117300  45.650  45.867  -11.245 0.0000000000
115929  46.309  43.357  -11.992 0.0000000000
114721  46.405  41.904  -11.970 0.0000000000
114056  47.462  40.553  -12.317 0.0000000000
114046  46.517  40.295  -11.684 0.0000000000
112580  46.083  38.936  -9.886 0.0000000000
149664  46.662  39.303  -8.464 0.0000000000
123989  38.602  55.180  -16.013 0.0000000000
150658  42.830  53.664  -14.410 0.0000000000
121894  41.078  52.988  -14.907 0.0000000000
121204  41.578  51.654  -16.674 0.0000000000
119937  41.589  49.595  -18.887 0.0000000000
119324  42.140  48.643  -19.973 0.0000000000
117421  42.731  46.115  -22.751 0.0000000000
143018  43.718  47.653  -21.863 0.0000000000
118710  45.102  47.474  -22.762 0.0000000000
115373  46.987  42.582  -16.995 0.0000000000
114758  45.417  41.762  -15.754 0.0000000000
114094  46.014  41.417  -16.079 0.0000000000
113363  44.516  39.446  -15.646 0.0000000000
112650  43.628  38.611  -16.427 0.0000000000
157429  44.616  36.391  -21.601 0.0000000000
111073  43.870  37.013  -21.876 0.0000000000
113337  35.691  39.303  -12.341 0.0000000000
114049  38.050  41.019  -11.940 0.0000000000
113335  37.336  39.751  -12.636 0.0000000000
113348  36.021  39.056  -13.330 0.0000000000
113356  35.987  38.776  -14.145 0.0000000000
112627  36.414  38.740  -14.836 0.0000000000
112640  36.505  38.352  -15.706 0.0000000000
115453  37.883  42.348  -26.020 0.0000000000
115446  36.234  42.817  -24.432 0.0000000000
121218  45.020  51.669  -17.606 0.0000000000
149289  45.261  50.113  -17.459 0.0000000000
119917  44.743  50.550  -16.516 0.0000000000
119289  43.653  48.949  -15.297 0.0000000000
119258  43.829  48.031  -12.488 0.0000000000
119244  44.800  49.158  -10.392 0.0000000000
117974  44.248  47.443  -9.742 0.0000000000
126962  40.677  61.513  -10.385 0.0000000000
126402  42.840  59.914  -9.639 0.0000000000
125237  43.707  57.827  -9.908 0.0000000000
147813  44.139  55.730  -11.041 0.0000000000
123282  44.832  54.383  -13.255 0.0000000000
122626  45.418  53.298  -15.454 0.0000000000
113376  49.661  38.864  -15.871 0.0000000000
112646  48.210  38.476  -16.212 0.0000000000
111831  49.753  36.722  -16.708 0.0000000000
111036  48.762  35.792  -18.765 0.0000000000
110200  47.706  35.923  -19.895 0.0000000000
110162  48.552  35.274  -16.471 0.0000000000
110189  47.012  35.334  -18.059 0.0000000000
140088  46.797  35.599  -19.980 0.0000000000
117366  42.427  45.772  -17.562 0.0000000000
152003  42.955  45.523  -16.131 0.0000000000
117365  43.586  45.818  -17.414 0.0000000000
117348  44.964  45.268  -16.679 0.0000000000
117347  45.767  45.085  -17.058 0.0000000000
118017  47.659  45.590  -19.817 0.0000000000
117363  47.227  45.083  -18.406 0.0000000000
115979  46.755  43.438  -17.062 0.0000000000
158170  47.838  42.562  -17.484 0.0000000000
115378  48.480  42.182  -17.441 0.0000000000
114765  49.366  41.530  -16.542 0.0000000000
119300  46.052  48.655  -16.614 0.0000000000
119285  48.314  48.317  -15.181 0.0000000000
117990  49.036  47.351  -14.808 0.0000000000
117984  48.125  47.168  -12.135 0.0000000000
117309  48.780  45.969  -13.775 0.0000000000
117316  49.012  45.541  -14.639 0.0000000000
115965  49.227  43.314  -14.983 0.0000000000
115360  49.508  42.203  -15.507 0.0000000000
114081  49.554  40.806  -15.992 0.0000000000
112626  50.362  38.765  -14.898 0.0000000000
112625  50.717  38.049  -14.395 0.0000000000
111806  51.739  37.016  -13.215 0.0000000000
112610  49.257  38.649  -12.352 0.0000000000
112608  50.849  37.731  -12.137 0.0000000000
111796  52.064  36.590  -12.502 0.0000000000
110101  52.234  36.283  -10.727 0.0000000000
121962  38.459  52.313  -22.250 0.0000000000
120596  37.939  50.001  -22.929 0.0000000000
119368  37.577  48.275  -23.165 0.0000000000
121903  39.463  52.499  -15.507 0.0000000000
121223  37.420  51.554  -17.730 0.0000000000
119968  37.480  49.390  -20.779 0.0000000000
118713  37.446  47.488  -22.238 0.0000000000
117440  37.738  45.413  -23.898 0.0000000000
116044  39.068  43.401  -24.199 0.0000000000
116053  40.634  42.264  -24.814 0.0000000000
114812  41.742  41.542  -24.275 0.0000000000
157936  43.378  44.563  -24.003 0.0000000000
115435  43.563  42.651  -24.116 0.0000000000
115407  42.662  42.346  -22.606 0.0000000000
116005  42.072  43.575  -21.116 0.0000000000
163518  42.101  44.910  -19.837 0.0000000000
152161  42.562  44.509  -14.636 0.0000000000
115354  42.472  43.026  -14.032 0.0000000000
114753  41.796  41.389  -14.110 0.0000000000
114760  43.717  41.163  -15.195 0.0000000000
114072  42.061  40.887  -14.636 0.0000000000
113367  40.466  39.998  -14.942 0.0000000000
113368  39.637  39.265  -15.596 0.0000000000
112654  38.774  38.483  -16.482 0.0000000000
111833  46.557  37.707  -16.887 0.0000000000
111843  45.009  37.808  -17.971 0.0000000000
111845  43.147  38.114  -18.281 0.0000000000
142396  42.854  37.491  -21.179 0.0000000000
111847  41.529  37.737  -18.468 0.0000000000
138738  46.526  35.412  -10.273 0.0000000000
110105  45.458  35.809  -11.775 0.0000000000
117352  40.795  45.479  -16.161 0.0000000000
117317  41.063  45.247  -15.030 0.0000000000
117332  41.318  45.422  -15.592 0.0000000000
117367  41.482  45.593  -17.230 0.0000000000
151807  40.709  45.355  -17.666 0.0000000000
117368  40.748  45.500  -16.864 0.0000000000
138744  49.063  35.547  -8.863 0.0000000000
120545  45.272  50.410  -19.163 0.0000000000
119934  45.771  49.910  -19.336 0.0000000000
119935  45.467  50.391  -18.756 0.0000000000
120531  44.773  51.439  -18.236 0.0000000000
121234  43.905  51.515  -18.285 0.0000000000
120559  44.755  50.557  -19.259 0.0000000000
119951  44.464  50.004  -19.837 0.0000000000
113378  48.099  39.708  -16.329 0.0000000000
115350  36.902  42.780  -12.272 0.0000000000
115349  37.476  42.341  -12.109 0.0000000000
114066  39.672  40.487  -13.469 0.0000000000
114067  39.039  40.304  -13.233 0.0000000000
114076  39.140  39.909  -13.953 0.0000000000
165462  39.438  39.797  -14.474 0.0000000000
114800  40.708  41.057  -23.718 0.0000000000
114802  38.670  41.218  -23.140 0.0000000000
114789  39.209  41.618  -22.412 0.0000000000
115947  36.654  43.321  -12.696 0.0000000000
121872  44.607  52.576  -12.539 0.0000000000
163270  44.091  52.286  -12.968 0.0000000000
121873  43.412  52.451  -12.483 0.0000000000
122594  43.176  53.284  -10.562 0.0000000000
122580  43.994  53.844  -10.107 0.0000000000
122593  44.547  53.370  -10.930 0.0000000000
121861  45.315  53.010  -11.937 0.0000000000
165427  51.597  36.480  -14.587 0.0000000000
111013  51.375  35.885  -15.227 0.0000000000
110145  51.353  35.569  -14.822 0.0000000000
140966  45.011  35.986  -15.286 0.0000000000
117403  45.076  45.416  -21.153 0.0000000000
118042  45.881  45.736  -20.649 0.0000000000
118002  48.797  46.609  -16.999 0.0000000000
157207  48.531  45.672  -17.867 0.0000000000
148423  49.036  44.775  -16.663 0.0000000000
118628  45.368  48.181  -12.535 0.0000000000
118635  46.233  48.216  -12.959 0.0000000000
115345  47.621  42.805  -12.722 0.0000000000
115344  48.230  42.426  -13.267 0.0000000000
164916  48.612  42.121  -13.666 0.0000000000
114731  48.390  41.663  -13.276 0.0000000000
114064  48.929  41.033  -13.594 0.0000000000
114055  48.352  40.695  -12.921 0.0000000000
140204  48.157  38.526  -8.920 0.0000000000
123308  37.806  54.078  -17.822 0.0000000000
123307  38.380  54.370  -18.398 0.0000000000
122638  37.652  53.674  -18.346 0.0000000000
121929  37.165  52.302  -19.258 0.0000000000
121921  37.157  52.486  -18.558 0.0000000000
152605  40.945  55.664  -12.105 0.0000000000
123277  41.369  54.952  -12.579 0.0000000000
119341  40.589  47.997  -20.280 0.0000000000
119326  40.175  48.515  -19.735 0.0000000000
118689  40.026  47.529  -20.689 0.0000000000
118703  39.483  47.000  -21.084 0.0000000000
118702  40.481  47.009  -21.156 0.0000000000
117423  41.019  45.332  -22.588 0.0000000000
118061  41.559  46.032  -22.296 0.0000000000
117412  46.294  45.070  -22.568 0.0000000000
116718  45.813  44.469  -22.911 0.0000000000
117413  45.567  44.840  -22.130 0.0000000000
116720  44.489  44.564  -21.726 0.0000000000
115980  45.904  43.817  -16.385 0.0000000000
115974  44.593  43.475  -15.301 0.0000000000
115973  45.352  43.225  -15.819 0.0000000000
112651  42.797  38.690  -16.632 0.0000000000
113382  42.278  39.198  -16.113 0.0000000000
112652  41.957  38.647  -16.784 0.0000000000
112653  41.115  38.526  -16.951 0.0000000000
112664  41.738  38.204  -17.605 0.0000000000
111063  46.558  36.577  -20.688 0.0000000000
111874  46.370  37.152  -20.656 0.0000000000
111883  45.817  37.128  -21.227 0.0000000000
156174  38.624  43.894  -13.626 0.0000000000
151392  38.940  43.504  -13.174 0.0000000000
116609  39.310  43.978  -13.616 0.0000000000
116607  41.003  44.197  -13.935 0.0000000000
115955  40.782  43.358  -13.404 0.0000000000
115356  40.860  42.401  -13.174 0.0000000000
115355  41.604  42.750  -13.577 0.0000000000
140911  40.679  43.288  -20.875 0.0000000000
140704  39.869  43.270  -20.667 0.0000000000
163567  40.333  43.741  -20.341 0.0000000000
117385  39.076  44.990  -18.004 0.0000000000
116685  38.754  44.670  -18.674 0.0000000000
117320  38.932  44.624  -14.705 0.0000000000
162689  38.414  44.698  -15.112 0.0000000000
150813  38.779  44.265  -14.095 0.0000000000
116610  38.096  44.064  -13.953 0.0000000000
155049  51.689  35.719  -11.812 0.0000000000
110118  50.422  35.484  -12.718 0.0000000000
141837  50.611  35.557  -11.749 0.0000000000
138735  47.801  35.410  -10.826 0.0000000000
138730  47.737  35.456  -11.787 0.0000000000
138728  46.603  35.773  -12.636 0.0000000000
138729  46.822  35.613  -11.823 0.0000000000
121281  39.366  51.602  -23.691 0.0000000000
121975  39.545  52.440  -23.475 0.0000000000
119349  46.508  48.012  -22.041 0.0000000000
118698  47.103  47.150  -21.838 0.0000000000
119335  46.759  48.439  -21.333 0.0000000000
119314  47.196  49.063  -19.022 0.0000000000
119313  47.716  48.358  -19.459 0.0000000000
167008  47.584  48.818  -18.188 0.0000000000
119306  48.127  48.500  -17.574 0.0000000000
117973  45.182  47.293  -10.095 0.0000000000
117980  46.062  47.140  -10.575 0.0000000000
117981  45.188  46.385  -10.775 0.0000000000
115337  45.046  42.332  -11.560 0.0000000000
115930  45.402  43.184  -11.708 0.0000000000
115336  45.920  42.539  -11.819 0.0000000000
115346  46.771  42.685  -12.213 0.0000000000
146339  46.013  41.092  -11.706 0.0000000000
113312  45.585  39.344  -10.233 0.0000000000
112569  46.105  39.062  -9.119 0.0000000000
112568  47.027  38.749  -8.942 0.0000000000
161537  45.938  39.495  -8.583 0.0000000000
121893  42.506  53.197  -15.071 0.0000000000
121910  42.288  52.271  -16.288 0.0000000000
119936  42.497  50.029  -18.963 0.0000000000
141889  42.131  50.393  -18.436 0.0000000000
119953  42.501  49.445  -19.489 0.0000000000
119954  41.656  48.997  -19.484 0.0000000000
119339  42.668  48.220  -20.734 0.0000000000
119351  43.428  48.099  -21.301 0.0000000000
119973  45.397  49.017  -21.148 0.0000000000
161898  44.987  48.119  -22.162 0.0000000000
119360  45.538  48.078  -22.274 0.0000000000
118709  45.871  47.382  -22.874 0.0000000000
114767  46.802  41.819  -16.648 0.0000000000
114093  46.726  40.980  -16.373 0.0000000000
112636  45.818  38.911  -15.743 0.0000000000
113362  45.382  39.550  -15.625 0.0000000000
112637  45.153  38.923  -15.754 0.0000000000
112649  44.566  38.550  -16.165 0.0000000000
113325  35.367  39.661  -11.532 0.0000000000
113324  36.188  39.843  -11.714 0.0000000000
115348  38.888  42.272  -12.417 0.0000000000
114725  38.157  41.837  -12.070 0.0000000000
113334  37.995  39.923  -12.794 0.0000000000
113336  36.549  39.541  -12.485 0.0000000000
113347  36.891  39.337  -13.319 0.0000000000
152199  36.613  39.073  -14.038 0.0000000000
113369  38.251  39.201  -15.114 0.0000000000
116055  38.793  42.877  -25.025 0.0000000000
115452  38.323  42.378  -25.820 0.0000000000
114803  37.299  41.580  -23.282 0.0000000000
115437  36.650  42.152  -24.405 0.0000000000
115438  36.236  42.570  -23.551 0.0000000000
115429  36.040  42.688  -22.557 0.0000000000
121190  45.290  52.667  -16.275 0.0000000000
120514  45.158  51.692  -16.799 0.0000000000
121191  45.122  51.754  -15.881 0.0000000000
119908  43.413  49.690  -15.301 0.0000000000
118643  43.785  48.154  -14.247 0.0000000000
119245  43.837  48.650  -11.079 0.0000000000
118606  44.904  49.050  -9.499 0.0000000000
126963  39.510  61.529  -10.192 0.0000000000
127517  40.124  62.302  -9.379 0.0000000000
126952  42.340  60.995  -8.993 0.0000000000
126959  42.728  60.331  -9.194 0.0000000000
146969  43.455  58.519  -9.818 0.0000000000
123240  44.417  55.130  -10.223 0.0000000000
123944  44.256  56.130  -10.053 0.0000000000
167206  44.131  56.180  -10.516 0.0000000000
123972  44.639  55.069  -11.629 0.0000000000
123275  44.190  54.827  -12.385 0.0000000000
155021  45.176  54.528  -12.470 0.0000000000
121889  45.813  53.311  -13.772 0.0000000000
122617  45.592  53.359  -14.556 0.0000000000
121898  45.572  53.087  -15.484 0.0000000000
112634  50.248  38.303  -15.428 0.0000000000
112645  49.173  37.945  -16.144 0.0000000000
112644  50.043  37.534  -15.963 0.0000000000
111035  49.426  35.501  -18.140 0.0000000000
111044  48.175  36.070  -19.384 0.0000000000
110188  48.271  35.691  -19.048 0.0000000000
141472  49.329  35.366  -13.913 0.0000000000
110147  49.426  35.206  -15.019 0.0000000000
156101  48.411  35.382  -15.027 0.0000000000
157089  46.235  35.461  -16.804 0.0000000000
110177  47.229  35.366  -17.005 0.0000000000
110201  47.330  35.527  -19.292 0.0000000000
158138  45.992  35.339  -18.677 0.0000000000
110213  45.033  35.667  -20.262 0.0000000000
110202  44.744  35.521  -18.669 0.0000000000
117381  42.368  45.676  -18.578 0.0000000000
138985  43.074  45.949  -18.112 0.0000000000
118009  43.895  45.961  -18.277 0.0000000000
118019  45.461  45.783  -18.495 0.0000000000
117364  44.573  45.827  -17.843 0.0000000000
164696  45.413  45.504  -17.562 0.0000000000
117346  46.477  45.083  -17.740 0.0000000000
118026  47.874  45.856  -20.515 0.0000000000
117377  48.032  45.603  -19.252 0.0000000000
116672  48.252  44.774  -18.062 0.0000000000
117362  47.832  45.117  -18.592 0.0000000000
160744  47.474  44.505  -17.950 0.0000000000
164936  47.152  44.237  -17.645 0.0000000000
115985  47.349  43.888  -17.588 0.0000000000
115379  47.614  43.163  -17.531 0.0000000000
115377  49.010  42.748  -17.351 0.0000000000
114769  49.227  42.113  -17.081 0.0000000000
114770  48.899  41.467  -17.142 0.0000000000
119301  45.252  49.029  -16.516 0.0000000000
119915  45.711  49.369  -17.335 0.0000000000
119287  45.443  48.435  -15.842 0.0000000000
119274  47.615  48.269  -14.003 0.0000000000
142358  47.804  48.330  -14.752 0.0000000000
119273  48.211  48.283  -14.298 0.0000000000
118650  48.782  48.016  -15.259 0.0000000000
118640  48.732  47.885  -14.380 0.0000000000
117299  46.626  46.351  -11.355 0.0000000000
117978  47.694  47.683  -11.522 0.0000000000
117985  47.502  46.769  -11.669 0.0000000000
116593  48.325  45.193  -13.257 0.0000000000
157456  48.794  44.834  -14.104 0.0000000000
116628  49.110  44.315  -15.033 0.0000000000
157513  48.846  43.821  -14.308 0.0000000000
114749  49.460  41.813  -14.908 0.0000000000
115964  49.330  42.545  -14.913 0.0000000000
114757  49.562  41.596  -15.729 0.0000000000
113360  49.862  39.689  -15.458 0.0000000000
113342  50.329  38.836  -14.224 0.0000000000
112619  50.346  38.432  -13.532 0.0000000000
159077  51.065  37.648  -13.777 0.0000000000
112618  51.010  37.694  -12.950 0.0000000000
113321  47.523  39.187  -11.688 0.0000000000
113320  48.345  38.915  -12.071 0.0000000000
112600  47.933  38.619  -11.291 0.0000000000
153951  50.752  37.779  -11.188 0.0000000000
112598  49.873  38.098  -11.828 0.0000000000
111797  51.669  37.223  -12.380 0.0000000000
111788  52.000  36.834  -11.739 0.0000000000
110986  52.124  36.612  -11.098 0.0000000000
123314  38.520  54.030  -19.759 0.0000000000
124017  40.256  55.478  -19.015 0.0000000000
145773  39.362  54.700  -19.667 0.0000000000
122677  38.639  53.518  -21.141 0.0000000000
144202  37.454  50.235  -21.626 0.0000000000
120583  37.779  50.507  -22.318 0.0000000000
160544  37.541  49.705  -22.229 0.0000000000
119988  37.658  49.058  -22.878 0.0000000000
119361  37.413  48.225  -22.487 0.0000000000
121902  40.499  52.459  -15.470 0.0000000000
121895  39.942  53.017  -14.880 0.0000000000
121193  39.967  51.929  -15.961 0.0000000000
119940  38.420  49.799  -18.592 0.0000000000
120535  38.504  50.789  -17.290 0.0000000000
120551  38.063  50.392  -18.040 0.0000000000
119941  37.701  50.266  -18.826 0.0000000000
154853  37.512  50.164  -19.618 0.0000000000
160984  37.693  49.451  -20.051 0.0000000000
117414  38.794  45.769  -22.068 0.0000000000
118704  37.769  47.448  -21.455 0.0000000000
118064  38.028  46.172  -22.144 0.0000000000
118065  37.492  46.689  -22.796 0.0000000000
117439  38.096  44.983  -23.407 0.0000000000
116743  38.570  44.198  -23.746 0.0000000000
116728  38.823  44.729  -23.021 0.0000000000
145804  41.727  43.685  -23.890 0.0000000000
116042  41.095  43.009  -24.267 0.0000000000
154177  41.610  42.337  -24.620 0.0000000000
114819  41.605  41.699  -24.517 0.0000000000
115442  42.013  42.077  -24.548 0.0000000000
118060  43.770  46.453  -23.006 0.0000000000
117438  43.013  45.267  -23.550 0.0000000000
145812  43.973  45.116  -24.002 0.0000000000
116030  44.308  43.142  -23.338 0.0000000000
116040  44.153  43.138  -23.870 0.0000000000
115422  43.680  42.548  -23.744 0.0000000000
115423  43.048  42.098  -23.498 0.0000000000
116022  42.010  42.835  -21.716 0.0000000000
145594  42.971  43.154  -22.018 0.0000000000
117405  42.871  44.922  -20.365 0.0000000000
117391  42.586  45.436  -19.443 0.0000000000
117331  42.925  45.125  -15.319 0.0000000000
116651  43.746  44.872  -15.421 0.0000000000
147238  43.418  42.763  -14.580 0.0000000000
115967  43.013  43.713  -14.491 0.0000000000
115362  42.774  42.247  -14.305 0.0000000000
114742  42.143  42.130  -13.915 0.0000000000
114752  42.498  41.555  -14.405 0.0000000000
114759  44.604  41.414  -15.454 0.0000000000
113366  41.807  39.743  -15.591 0.0000000000
114086  42.330  40.368  -15.200 0.0000000000
114087  41.381  40.314  -14.983 0.0000000000
113353  39.666  39.673  -14.953 0.0000000000
141895  40.198  39.570  -15.386 0.0000000000
112666  39.400  38.210  -17.091 0.0000000000
112655  37.995  38.213  -16.646 0.0000000000
112668  37.968  37.796  -17.198 0.0000000000
111832  47.854  37.263  -17.208 0.0000000000
153823  47.273  38.083  -16.280 0.0000000000
111861  44.765  37.859  -19.024 0.0000000000
111844  44.006  38.028  -18.109 0.0000000000
111893  43.143  36.892  -21.728 0.0000000000
111886  43.370  37.225  -21.645 0.0000000000
111887  42.482  36.916  -21.480 0.0000000000
117319  39.700  44.913  -14.895 0.0000000000
116632  40.326  44.622  -14.326 0.0000000000
116631  41.097  44.818  -14.532 0.0000000000
115968  41.772  44.401  -14.309 0.0000000000
117393  40.934  44.934  -19.028 0.0000000000
116696  40.396  44.331  -19.696 0.0000000000
117384  39.930  45.092  -17.994 0.0000000000
117369  39.434  45.211  -17.234 0.0000000000
140828  38.979  45.128  -16.329 0.0000000000
117334  39.693  45.162  -15.641 0.0000000000
110074  51.014  35.665  -9.751 0.0000000000
110087  50.289  35.592  -10.470 0.0000000000
110075  49.743  35.582  -9.682 0.0000000000
138740  48.732  35.442  -9.770 0.0000000000
138739  47.873  35.399  -10.028 0.0000000000
119964  45.834  49.223  -20.877 0.0000000000
119963  46.462  49.139  -20.556 0.0000000000
119949  46.457  49.435  -19.685 0.0000000000
119933  46.449  49.563  -18.927 0.0000000000
119307  46.980  49.130  -18.257 0.0000000000
116578  44.254  44.582  -11.422 0.0000000000
114723  44.672  41.463  -11.230 0.0000000000
121909  43.752  52.665  -16.603 0.0000000000
121203  42.920  52.041  -16.988 0.0000000000
121220  43.483  51.819  -17.667 0.0000000000
120548  43.216  50.713  -18.733 0.0000000000
119952  43.509  49.761  -19.730 0.0000000000
119338  43.727  48.671  -20.863 0.0000000000
119966  44.113  49.380  -20.389 0.0000000000
119965  45.123  49.536  -20.482 0.0000000000
113379  46.868  39.843  -16.013 0.0000000000
112635  46.567  38.909  -15.832 0.0000000000
112647  46.292  38.372  -16.085 0.0000000000
114735  39.536  41.631  -12.558 0.0000000000
114057  39.314  40.849  -12.791 0.0000000000
165716  37.116  39.277  -13.873 0.0000000000
113354  38.309  39.522  -14.194 0.0000000000
114140  39.750  40.688  -25.159 0.0000000000
114147  38.741  40.848  -25.377 0.0000000000
114134  38.700  40.544  -24.589 0.0000000000
140995  38.119  40.947  -23.842 0.0000000000
115427  37.292  41.965  -22.316 0.0000000000
115959  36.349  43.804  -13.265 0.0000000000
160789  35.851  42.560  -11.596 0.0000000000
121891  45.234  52.248  -14.630 0.0000000000
121183  44.689  51.623  -14.982 0.0000000000
121169  44.039  51.702  -14.100 0.0000000000
121184  43.292  51.115  -14.386 0.0000000000
123932  42.753  55.164  -9.021 0.0000000000
124554  43.283  56.084  -8.889 0.0000000000
123242  43.462  54.838  -9.235 0.0000000000
123259  44.328  54.415  -10.045 0.0000000000
123258  44.757  54.433  -10.708 0.0000000000
123274  45.582  54.086  -12.426 0.0000000000
122592  45.227  53.605  -11.474 0.0000000000
121871  45.842  53.233  -12.727 0.0000000000
111830  50.548  36.400  -16.333 0.0000000000
165088  50.929  36.415  -15.943 0.0000000000
111021  50.883  35.788  -16.142 0.0000000000
110174  50.104  35.004  -17.278 0.0000000000
139997  47.279  35.623  -14.388 0.0000000000
110148  46.785  35.660  -15.068 0.0000000000
110178  45.369  35.692  -16.205 0.0000000000
117390  43.527  45.649  -19.758 0.0000000000
118029  44.218  45.977  -19.130 0.0000000000
118018  46.546  45.607  -19.288 0.0000000000
118015  48.329  46.351  -18.921 0.0000000000
116661  48.611  44.246  -17.459 0.0000000000
164114  49.045  43.961  -16.936 0.0000000000
115978  49.309  43.335  -16.656 0.0000000000
119275  44.937  48.119  -15.092 0.0000000000
162794  45.818  48.080  -15.189 0.0000000000
118641  45.699  47.911  -14.245 0.0000000000
119266  47.363  48.446  -13.043 0.0000000000
119254  47.750  48.504  -12.418 0.0000000000
115943  46.852  44.277  -12.169 0.0000000000
115942  47.617  43.741  -12.722 0.0000000000
140701  48.109  44.082  -13.241 0.0000000000
115953  48.540  43.470  -13.738 0.0000000000
154805  48.918  42.970  -14.307 0.0000000000
115353  48.590  42.699  -13.729 0.0000000000
114740  49.264  41.368  -14.247 0.0000000000
114063  49.516  40.492  -14.099 0.0000000000
113344  49.074  40.062  -13.338 0.0000000000
112590  47.601  38.480  -10.497 0.0000000000
112589  48.497  38.272  -10.764 0.0000000000
166279  49.088  38.137  -10.253 0.0000000000
112588  50.194  38.026  -10.134 0.0000000000
124004  39.262  55.157  -17.965 0.0000000000
151952  38.667  54.371  -19.144 0.0000000000
122662  37.931  53.395  -19.738 0.0000000000
121936  37.836  52.929  -20.512 0.0000000000
122663  37.483  52.789  -19.722 0.0000000000
121248  37.262  51.437  -20.452 0.0000000000
120575  37.288  50.694  -20.915 0.0000000000
154747  41.941  58.695  -10.747 0.0000000000
125252  41.032  58.036  -11.725 0.0000000000
124588  41.104  57.106  -11.462 0.0000000000
123278  40.349  55.276  -12.744 0.0000000000
149516  40.407  50.565  -17.461 0.0000000000
120521  39.952  51.018  -16.895 0.0000000000
120549  39.906  49.990  -17.948 0.0000000000
119939  39.333  49.549  -18.518 0.0000000000
119957  38.784  49.229  -19.159 0.0000000000
119328  38.297  48.955  -19.809 0.0000000000
118690  39.019  47.611  -20.638 0.0000000000
118053  38.904  46.388  -21.556 0.0000000000
118063  39.592  45.834  -21.970 0.0000000000
116727  39.687  44.681  -22.906 0.0000000000
152264  40.088  45.319  -22.437 0.0000000000
116726  41.369  44.593  -23.220 0.0000000000
118073  45.182  45.870  -23.740 0.0000000000
141650  44.872  45.214  -24.026 0.0000000000
116737  45.187  44.271  -23.614 0.0000000000
116725  45.157  43.917  -23.213 0.0000000000
116021  44.533  43.679  -22.597 0.0000000000
116721  43.693  43.817  -21.862 0.0000000000
117404  43.947  45.278  -20.708 0.0000000000
116650  44.494  44.921  -15.912 0.0000000000
115975  44.219  44.281  -15.262 0.0000000000
115361  44.194  42.905  -14.984 0.0000000000
115368  44.139  42.067  -15.131 0.0000000000
113364  43.587  39.682  -15.636 0.0000000000
114085  43.219  40.397  -15.356 0.0000000000
113384  40.374  39.197  -15.915 0.0000000000
157123  40.546  38.776  -16.474 0.0000000000
111859  47.580  36.722  -19.305 0.0000000000
111860  46.649  37.227  -19.689 0.0000000000
153390  45.660  37.638  -19.996 0.0000000000
148672  44.661  37.984  -20.146 0.0000000000
115945  38.485  43.023  -12.740 0.0000000000
115347  39.659  42.335  -12.637 0.0000000000
115956  39.794  43.469  -13.206 0.0000000000
114734  40.238  41.973  -12.768 0.0000000000
115409  40.703  42.139  -21.999 0.0000000000
115410  39.744  42.148  -21.785 0.0000000000
116006  39.033  43.297  -20.514 0.0000000000
116697  39.327  44.386  -19.305 0.0000000000
138909  38.278  44.901  -15.726 0.0000000000
116652  37.682  44.658  -15.167 0.0000000000
155993  37.518  43.914  -13.745 0.0000000000
165153  41.726  55.336  -9.077 0.0000000000
123261  41.916  53.987  -9.585 0.0000000000
165150  42.210  53.613  -10.049 0.0000000000
110130  52.002  35.844  -13.159 0.0000000000
145452  51.170  35.428  -14.245 0.0000000000
110131  51.343  35.521  -13.456 0.0000000000
110132  50.377  35.360  -13.704 0.0000000000
138731  49.449  35.477  -11.983 0.0000000000
110133  48.212  35.430  -12.929 0.0000000000
110134  47.296  35.630  -13.331 0.0000000000
110135  46.325  35.937  -13.606 0.0000000000
118049  46.773  45.645  -22.135 0.0000000000
118041  47.079  45.683  -21.267 0.0000000000
153757  47.201  46.122  -21.793 0.0000000000
118040  47.631  46.256  -21.148 0.0000000000
118674  48.020  47.392  -19.943 0.0000000000
150573  47.100  48.569  -20.618 0.0000000000
156029  48.232  47.472  -19.056 0.0000000000
118667  48.444  47.230  -18.331 0.0000000000
118662  48.561  47.690  -17.427 0.0000000000
118655  48.749  47.862  -16.310 0.0000000000
118625  46.153  49.105  -10.238 0.0000000000
118624  46.818  48.769  -10.538 0.0000000000
117972  46.446  48.290  -10.187 0.0000000000
116576  46.208  45.143  -11.718 0.0000000000
116577  45.226  44.820  -11.534 0.0000000000
142309  45.803  44.093  -11.794 0.0000000000
144608  47.245  42.050  -12.426 0.0000000000
114732  47.754  41.420  -12.668 0.0000000000
114733  46.907  41.239  -12.145 0.0000000000
114045  47.221  39.825  -11.923 0.0000000000
113322  46.729  39.432  -11.319 0.0000000000
113311  46.336  39.108  -10.585 0.0000000000
112591  46.792  38.684  -10.217 0.0000000000
112578  47.362  38.494  -9.662 0.0000000000
113292  47.621  39.110  -8.275 0.0000000000
123297  38.078  54.561  -16.688 0.0000000000
156209  42.133  54.528  -12.953 0.0000000000
123284  41.398  54.395  -13.194 0.0000000000
122620  41.632  53.540  -14.307 0.0000000000
121901  41.684  52.570  -15.575 0.0000000000
121192  41.032  52.011  -16.033 0.0000000000
121221  42.068  51.318  -17.402 0.0000000000
120533  41.226  50.760  -17.555 0.0000000000
154205  41.052  50.197  -18.103 0.0000000000
119325  41.185  48.490  -19.847 0.0000000000
119340  41.615  48.029  -20.412 0.0000000000
118050  42.094  46.821  -21.771 0.0000000000
118687  41.938  47.528  -21.052 0.0000000000
118712  43.184  46.986  -22.235 0.0000000000
118711  44.166  47.173  -22.547 0.0000000000
118699  44.333  48.293  -21.583 0.0000000000
161413  44.484  47.767  -22.182 0.0000000000
118059  44.741  46.627  -23.284 0.0000000000
162738  45.559  46.616  -23.385 0.0000000000
117411  46.550  45.542  -22.909 0.0000000000
115366  45.487  42.434  -15.841 0.0000000000
145457  46.143  42.169  -16.296 0.0000000000
146029  45.177  41.000  -15.664 0.0000000000
114082  45.877  40.400  -15.782 0.0000000000
114083  45.012  40.198  -15.566 0.0000000000
113380  43.856  39.020  -15.831 0.0000000000
112662  43.356  38.300  -17.297 0.0000000000
110224  45.512  36.381  -21.284 0.0000000000
110235  45.133  36.775  -21.736 0.0000000000
110236  44.446  36.808  -21.871 0.0000000000
113338  34.838  39.111  -12.122 0.0000000000
114050  37.259  40.764  -11.671 0.0000000000
114059  37.724  40.333  -12.176 0.0000000000
114060  36.980  40.077  -11.906 0.0000000000
113349  35.102  38.853  -13.002 0.0000000000
112620  35.331  38.630  -13.826 0.0000000000
112641  35.804  38.195  -15.303 0.0000000000
114829  37.848  41.629  -25.633 0.0000000000
115454  37.345  42.448  -25.893 0.0000000000
115411  38.813  42.226  -21.664 0.0000000000
115412  37.892  42.343  -21.593 0.0000000000
120530  45.207  50.877  -18.102 0.0000000000
120520  45.080  50.899  -17.285 0.0000000000
119916  44.816  49.756  -16.670 0.0000000000
120515  44.359  50.629  -15.798 0.0000000000
119907  44.161  49.708  -15.928 0.0000000000
119276  44.056  48.373  -14.933 0.0000000000
118642  44.553  47.975  -14.284 0.0000000000
118629  44.616  47.972  -12.790 0.0000000000
119243  45.769  49.156  -10.660 0.0000000000
119228  45.431  49.204  -9.897 0.0000000000
151031  45.097  48.403  -9.539 0.0000000000
126969  41.717  60.550  -10.846 0.0000000000
127516  40.988  61.997  -9.471 0.0000000000
126960  42.286  60.785  -9.841 0.0000000000
126403  42.247  60.089  -10.533 0.0000000000
125839  42.688  59.176  -10.214 0.0000000000
125238  42.661  58.091  -10.446 0.0000000000
123961  43.170  56.366  -10.916 0.0000000000
125226  43.064  57.050  -8.782 0.0000000000
125236  43.973  57.601  -9.518 0.0000000000
123276  42.713  54.932  -12.351 0.0000000000
123283  43.353  54.464  -13.116 0.0000000000
122611  44.085  54.021  -14.110 0.0000000000
122619  43.908  53.542  -14.971 0.0000000000
123273  45.597  54.062  -13.161 0.0000000000
122618  45.113  53.593  -14.912 0.0000000000
122627  44.873  53.364  -15.641 0.0000000000
121908  44.914  52.833  -16.660 0.0000000000
121201  44.984  52.316  -17.102 0.0000000000
113377  48.993  39.232  -16.262 0.0000000000
138073  48.678  37.213  -16.831 0.0000000000
111841  48.974  36.285  -18.287 0.0000000000
160257  49.595  36.147  -17.734 0.0000000000
111858  48.397  36.217  -19.151 0.0000000000
157087  47.749  36.211  -19.788 0.0000000000
110212  46.996  36.065  -20.547 0.0000000000
153675  49.542  35.002  -16.263 0.0000000000
146476  49.495  34.975  -17.160 0.0000000000
110163  47.467  35.437  -16.137 0.0000000000
110176  48.595  35.262  -17.385 0.0000000000
140376  48.099  35.450  -18.037 0.0000000000
140322  45.994  35.917  -20.664 0.0000000000
110225  44.873  35.909  -21.033 0.0000000000
117350  42.258  45.643  -16.608 0.0000000000
141484  42.991  45.716  -16.816 0.0000000000
117349  43.639  45.561  -16.597 0.0000000000
137994  44.405  45.601  -17.036 0.0000000000
157459  44.221  45.358  -16.410 0.0000000000
116663  45.476  44.668  -16.427 0.0000000000
118027  46.985  45.619  -20.326 0.0000000000
117378  47.408  45.359  -19.048 0.0000000000
116662  46.543  44.378  -17.229 0.0000000000
114766  47.590  42.013  -17.204 0.0000000000
145484  48.342  42.951  -17.590 0.0000000000
114098  48.099  41.415  -17.215 0.0000000000
114091  48.520  40.738  -16.864 0.0000000000
114090  49.223  40.803  -16.680 0.0000000000
119927  45.600  50.021  -18.167 0.0000000000
119308  46.626  48.953  -17.449 0.0000000000
139296  46.432  48.281  -15.783 0.0000000000
119299  47.242  48.517  -16.542 0.0000000000
119298  48.100  48.540  -16.694 0.0000000000
119284  48.461  48.312  -15.987 0.0000000000
147550  49.010  47.133  -15.770 0.0000000000
118623  47.443  48.291  -11.217 0.0000000000
118627  47.982  48.113  -11.992 0.0000000000
117983  48.446  47.540  -12.829 0.0000000000
117306  47.884  46.001  -12.435 0.0000000000
117305  48.459  46.511  -12.950 0.0000000000
117987  48.782  47.023  -13.561 0.0000000000
144454  49.017  46.643  -14.315 0.0000000000
141724  49.106  46.324  -15.195 0.0000000000
117329  49.118  45.157  -15.610 0.0000000000
163323  49.332  43.568  -15.700 0.0000000000
115972  49.459  42.824  -15.812 0.0000000000
115371  49.501  42.162  -16.269 0.0000000000
154852  49.461  40.002  -16.219 0.0000000000
113352  50.012  39.764  -14.630 0.0000000000
112633  50.815  37.698  -15.067 0.0000000000
153921  51.291  37.280  -14.557 0.0000000000
164081  51.602  36.987  -13.978 0.0000000000
111815  51.842  36.457  -13.796 0.0000000000
113333  48.014  39.784  -12.402 0.0000000000
113332  48.816  39.437  -12.714 0.0000000000
112599  48.869  38.392  -11.570 0.0000000000
112609  50.157  38.266  -12.670 0.0000000000
111805  52.060  36.401  -13.162 0.0000000000
110998  52.208  36.097  -12.773 0.0000000000
110102  52.083  35.996  -11.197 0.0000000000
110085  52.319  36.057  -10.160 0.0000000000
110073  52.128  35.848  -9.576 0.0000000000
121282  38.732  51.139  -23.251 0.0000000000
121256  37.846  51.827  -21.683 0.0000000000
121268  38.213  51.353  -22.445 0.0000000000
120595  38.571  50.376  -23.471 0.0000000000
119987  38.324  49.567  -23.600 0.0000000000
119381  37.791  47.855  -23.840 0.0000000000
118728  37.596  46.847  -23.812 0.0000000000
123294  37.876  54.329  -15.969 0.0000000000
161663  37.410  53.485  -16.869 0.0000000000
122613  40.991  54.002  -13.697 0.0000000000
161606  39.172  50.995  -16.858 0.0000000000
121208  37.420  52.153  -17.118 0.0000000000
121913  37.202  52.288  -17.885 0.0000000000
121235  37.177  51.683  -18.612 0.0000000000
120568  37.255  50.770  -20.007 0.0000000000
119344  37.840  48.650  -20.525 0.0000000000
119352  37.489  48.772  -21.267 0.0000000000
156023  37.355  48.894  -22.013 0.0000000000
118719  37.421  47.558  -23.032 0.0000000000
141377  37.603  46.135  -23.518 0.0000000000
118076  37.720  45.926  -24.269 0.0000000000
116744  38.136  44.467  -24.454 0.0000000000
116054  39.599  42.491  -24.869 0.0000000000
116742  39.348  44.020  -23.503 0.0000000000
116043  39.964  43.161  -24.137 0.0000000000
148940  40.098  41.713  -25.220 0.0000000000
114820  40.417  40.928  -25.015 0.0000000000
149710  41.165  41.196  -24.283 0.0000000000
114799  41.670  41.423  -23.755 0.0000000000
116740  42.505  44.393  -23.773 0.0000000000
116738  44.042  44.160  -24.149 0.0000000000
116739  43.336  43.764  -24.250 0.0000000000
116051  43.221  42.930  -24.358 0.0000000000
115436  43.118  42.104  -24.052 0.0000000000
115424  42.240  41.771  -23.170 0.0000000000
115425  41.261  41.583  -22.894 0.0000000000
115408  41.679  42.225  -22.288 0.0000000000
165932  41.397  43.293  -21.132 0.0000000000
116694  42.812  44.075  -21.172 0.0000000000
116695  42.051  44.334  -20.439 0.0000000000
142303  41.388  44.618  -19.776 0.0000000000
117392  41.758  45.218  -19.178 0.0000000000
117382  41.436  45.418  -18.250 0.0000000000
139204  42.155  45.470  -15.756 0.0000000000
151380  42.314  43.875  -14.223 0.0000000000
116629  43.411  44.410  -14.902 0.0000000000
114743  41.432  41.867  -13.566 0.0000000000
114754  41.132  41.116  -13.863 0.0000000000
152816  44.910  42.036  -15.512 0.0000000000
114761  42.869  40.989  -14.886 0.0000000000
114074  40.789  40.533  -14.382 0.0000000000
114075  39.945  40.148  -14.281 0.0000000000
143609  39.076  39.328  -15.212 0.0000000000
112638  38.902  38.963  -15.765 0.0000000000
112639  38.055  38.707  -15.938 0.0000000000
112656  37.253  38.339  -16.196 0.0000000000
150304  46.386  37.427  -18.172 0.0000000000
112660  45.323  37.927  -16.975 0.0000000000
112661  44.256  38.127  -17.100 0.0000000000
111884  45.080  37.395  -21.533 0.0000000000
144915  44.468  37.834  -21.091 0.0000000000
147899  43.692  38.041  -20.261 0.0000000000
111876  42.021  37.282  -20.566 0.0000000000
147898  42.862  37.814  -20.371 0.0000000000
111863  42.994  38.021  -19.313 0.0000000000
111846  42.369  37.976  -18.396 0.0000000000
155787  40.882  38.022  -17.701 0.0000000000
111848  39.977  37.829  -17.759 0.0000000000
138742  47.082  35.403  -9.555 0.0000000000
159226  47.235  35.407  -10.323 0.0000000000
138733  46.099  35.535  -11.132 0.0000000000
110086  51.819  35.765  -10.354 0.0000000000
110088  49.335  35.487  -10.303 0.0000000000
110089  48.602  35.410  -10.552 0.0000000000
110117  51.550  35.628  -12.571 0.0000000000
110144  51.698  35.762  -13.996 0.0000000000
110161  50.487  35.182  -16.569 0.0000000000
110165  44.768  35.801  -15.875 0.0000000000
110187  49.130  35.490  -18.445 0.0000000000
110223  46.262  36.366  -20.915 0.0000000000
110237  43.878  36.549  -21.737 0.0000000000
110992  52.188  36.254  -11.779 0.0000000000
111012  51.728  35.972  -14.367 0.0000000000
111052  47.355  36.203  -20.187 0.0000000000
111072  44.707  37.116  -21.844 0.0000000000
111789  51.542  37.379  -11.695 0.0000000000
111872  47.913  36.285  -19.610 0.0000000000
111885  44.196  37.415  -21.647 0.0000000000
111892  45.359  37.088  -21.607 0.0000000000
112579  46.632  38.750  -9.563 0.0000000000
114073  41.436  40.832  -14.389 0.0000000000
114133  39.465  40.460  -24.725 0.0000000000
114141  39.069  40.528  -25.133 0.0000000000
114148  38.295  41.053  -25.395 0.0000000000
114798  42.481  41.716  -23.910 0.0000000000
114801  39.644  41.032  -23.350 0.0000000000
114804  36.748  41.887  -23.639 0.0000000000
114811  42.373  41.884  -24.288 0.0000000000
114813  40.580  40.855  -24.565 0.0000000000
114814  39.954  40.604  -24.275 0.0000000000
114815  39.063  40.524  -23.986 0.0000000000
114821  37.845  41.097  -25.058 0.0000000000
114822  37.210  41.834  -25.170 0.0000000000
114826  39.873  41.232  -25.337 0.0000000000
114827  39.244  40.951  -25.458 0.0000000000
114828  38.544  41.478  -25.620 0.0000000000
115441  42.856  42.352  -24.305 0.0000000000
115443  40.937  41.608  -24.884 0.0000000000
115445  36.589  42.735  -25.331 0.0000000000
115457  37.727  43.175  -26.409 0.0000000000
116031  43.558  42.565  -23.007 0.0000000000
116041  42.611  43.378  -24.298 0.0000000000
116049  44.601  43.921  -23.899 0.0000000000
116050  43.924  43.301  -24.147 0.0000000000
116052  42.444  42.637  -24.434 0.0000000000
116684  40.098  44.793  -18.846 0.0000000000
116736  45.634  44.502  -23.324 0.0000000000
117301  44.723  45.532  -11.170 0.0000000000
117333  40.479  45.311  -15.565 0.0000000000
117420  46.157  44.895  -23.176 0.0000000000
117424  39.189  45.273  -22.452 0.0000000000
117426  37.734  45.790  -23.047 0.0000000000
117435  45.705  44.920  -23.641 0.0000000000
117436  45.144  44.668  -23.904 0.0000000000
117437  44.602  44.584  -24.078 0.0000000000
118025  47.950  46.694  -20.504 0.0000000000
118051  41.004  46.546  -21.663 0.0000000000
118054  37.647  46.884  -21.987 0.0000000000
118058  46.296  46.360  -23.228 0.0000000000
118062  40.551  45.928  -22.061 0.0000000000
118072  45.758  45.723  -23.652 0.0000000000
118075  43.546  45.797  -23.434 0.0000000000
118618  45.952  48.952  -9.745 0.0000000000
118632  48.611  47.768  -13.630 0.0000000000
118633  48.251  48.143  -13.003 0.0000000000
118634  46.777  48.125  -13.828 0.0000000000
118637  44.123  47.931  -13.528 0.0000000000
118663  48.312  47.988  -18.168 0.0000000000
118685  47.793  47.455  -20.398 0.0000000000
118688  41.028  47.506  -20.780 0.0000000000
118691  38.196  47.840  -20.794 0.0000000000
118700  42.812  47.565  -21.482 0.0000000000
118708  46.475  47.265  -22.561 0.0000000000
119216  44.128  49.101  -9.334 0.0000000000
119229  44.521  49.224  -9.729 0.0000000000
119241  47.324  48.662  -11.463 0.0000000000
119242  46.626  49.025  -10.986 0.0000000000
119256  46.108  48.748  -11.690 0.0000000000
119265  48.051  48.371  -13.402 0.0000000000
119272  48.504  48.130  -14.608 0.0000000000
119286  47.519  48.366  -15.518 0.0000000000
119322  47.571  48.132  -20.217 0.0000000000
119327  39.171  48.647  -19.689 0.0000000000
119343  38.642  48.291  -20.257 0.0000000000
119350  45.182  48.588  -21.686 0.0000000000
119359  46.072  47.974  -22.350 0.0000000000
119367  38.067  48.727  -23.730 0.0000000000
119926  46.210  49.501  -18.172 0.0000000000
119950  45.239  50.041  -19.709 0.0000000000
119955  40.806  48.978  -19.276 0.0000000000
119956  39.756  49.028  -19.137 0.0000000000
120516  43.338  50.264  -15.041 0.0000000000
120522  38.633  51.411  -16.634 0.0000000000
120534  39.457  50.509  -17.359 0.0000000000
120547  44.315  51.045  -18.785 0.0000000000
120552  37.475  50.936  -18.309 0.0000000000
120561  43.096  50.111  -19.260 0.0000000000
120562  37.316  50.874  -19.147 0.0000000000
121206  39.498  51.443  -16.443 0.0000000000
121219  44.545  51.985  -17.747 0.0000000000
121222  40.924  51.100  -17.052 0.0000000000
121257  37.592  51.017  -21.714 0.0000000000
121870  45.851  53.473  -13.143 0.0000000000
121883  45.840  52.996  -13.321 0.0000000000
121885  43.335  51.987  -13.246 0.0000000000
121890  45.809  52.961  -14.507 0.0000000000
121899  45.275  53.131  -16.024 0.0000000000
121900  44.464  53.110  -16.168 0.0000000000
121911  37.471  52.829  -16.589 0.0000000000
121937  37.299  52.182  -20.097 0.0000000000
121948  38.135  52.663  -21.454 0.0000000000
121976  38.869  51.954  -22.992 0.0000000000
122604  45.753  53.619  -12.328 0.0000000000
122609  45.716  53.638  -13.567 0.0000000000
122610  45.234  53.973  -14.081 0.0000000000
122612  42.284  54.062  -13.666 0.0000000000
122614  39.957  54.184  -13.770 0.0000000000
122621  40.477  53.539  -14.303 0.0000000000
122634  37.233  52.877  -17.327 0.0000000000
122648  37.413  53.117  -18.982 0.0000000000
123241  44.063  54.999  -9.491 0.0000000000
123260  43.646  54.358  -9.555 0.0000000000
123270  45.302  54.143  -11.516 0.0000000000
123298  37.622  54.016  -16.546 0.0000000000
123301  38.292  54.570  -17.521 0.0000000000
123302  37.653  54.085  -17.173 0.0000000000
123330  38.955  54.171  -20.475 0.0000000000
123960  44.395  55.490  -10.778 0.0000000000
123962  41.554  56.311  -11.474 0.0000000000
123963  40.637  56.432  -11.970 0.0000000000
123973  43.578  55.432  -11.615 0.0000000000
124555  42.359  56.058  -8.902 0.0000000000
124572  43.234  57.304  -10.428 0.0000000000
125250  43.981  56.986  -10.087 0.0000000000
125251  41.571  57.928  -11.026 0.0000000000
125838  43.428  59.093  -9.396 0.0000000000
126390  43.236  59.674  -9.065 0.0000000000
126961  41.541  61.308  -10.274 0.0000000000
127494  41.537  61.649  -8.625 0.0000000000
127504  41.705  61.567  -9.293 0.0000000000
138727  45.564  35.488  -19.679 0.0000000000
138736  49.550  35.497  -11.065 0.0000000000
139842  41.025  41.308  -24.613 0.0000000000
140329  39.096  41.504  -25.543 0.0000000000
141549  50.381  35.002  -15.844 0.0000000000
141555  37.212  53.020  -18.113 0.0000000000
141836  43.545  37.773  -21.166 0.0000000000
145005  48.090  48.483  -15.973 0.0000000000
145284  37.385  50.068  -20.397 0.0000000000
146904  47.925  35.443  -15.516 0.0000000000
148583  37.373  41.403  -24.276 0.0000000000
151196  45.518  52.842  -12.809 0.0000000000
151315  37.332  49.974  -21.041 0.0000000000
151560  43.054  52.859  -15.876 0.0000000000
151773  37.432  48.150  -21.750 0.0000000000
153488  40.460  62.555  -8.702 0.0000000000
156208  42.736  54.381  -9.325 0.0000000000
157057  40.155  45.338  -17.247 0.0000000000
157269  48.601  35.418  -12.179 0.0000000000
157758  38.255  50.674  -22.872 0.0000000000
158669  37.687  48.143  -21.121 0.0000000000
159180  41.816  50.731  -17.880 0.0000000000
159487  38.102  46.768  -21.588 0.0000000000
160003  45.384  45.248  -23.850 0.0000000000
160493  36.540  42.379  -22.138 0.0000000000
160613  40.512  44.783  -22.860 0.0000000000
161186  37.429  51.426  -21.158 0.0000000000
162046  40.262  55.915  -12.428 0.0000000000
162156  38.440  40.666  -25.049 0.0000000000
163472  46.229  48.956  -21.128 0.0000000000
164021  46.145  35.778  -11.979 0.0000000000
164655  45.187  54.514  -11.886 0.0000000000
164811  50.615  38.230  -13.970 0.0000000000
164866  46.498  35.837  -14.370 0.0000000000
164966  48.889  47.410  -14.120 0.0000000000
165512  40.071  45.144  -15.243 0.0000000000
165591  50.377  35.573  -11.072 0.0000000000
166181  45.243  49.540  -16.949 0.0000000000
166239  51.104  35.637  -10.404 0.0000000000
166577  37.891  41.485  -22.972 0.0000000000
