#!ascii label  , from subject sub-v1s14x0051584_ses-1 vox2ras=TkReg
446
26104  -26.847  -68.373  -43.592 0.6999999881
28397  -25.682  -67.060  -44.159 0.6000000238
27227  -25.543  -67.341  -44.875 0.6000000238
27239  -25.768  -67.395  -45.765 0.4000000060
144483  -30.386  -66.301  -37.959 0.6999999881
30583  -30.535  -64.975  -38.079 0.6999999881
28337  -30.347  -66.556  -38.805 0.6999999881
30590  -30.454  -65.129  -38.842 0.6000000238
28336  -30.058  -66.358  -39.710 0.6999999881
29456  -30.310  -65.728  -39.236 0.6000000238
141894  -30.068  -67.137  -39.588 0.6000000238
29455  -29.895  -65.662  -39.975 0.6000000238
28362  -29.046  -66.739  -41.224 0.6000000238
29469  -29.379  -65.900  -40.654 0.6000000238
29468  -28.991  -65.180  -41.006 0.5000000000
28361  -28.528  -66.517  -41.806 0.5000000000
29487  -28.424  -64.972  -41.606 0.5000000000
29510  -27.688  -65.965  -42.542 0.6000000238
28378  -27.181  -66.633  -42.986 0.6000000238
29508  -26.423  -65.292  -43.343 0.6000000238
29524  -26.242  -66.284  -43.546 0.6000000238
28396  -25.323  -66.334  -44.158 0.6000000238
30574  -30.257  -64.942  -37.235 0.6000000238
154087  -30.390  -63.488  -38.515 0.6000000238
31712  -30.403  -64.288  -38.874 0.6000000238
137843  -29.789  -64.117  -39.814 0.6000000238
139367  -29.252  -64.040  -40.450 0.6000000238
30602  -28.880  -64.432  -40.974 0.6000000238
143933  -28.353  -64.032  -41.497 0.6000000238
31738  -27.769  -63.699  -42.024 0.6000000238
29486  -27.767  -65.190  -42.312 0.6000000238
30621  -27.918  -64.441  -42.051 0.6999999881
147685  -27.101  -64.463  -42.777 0.6000000238
28407  -24.997  -66.630  -44.852 0.5000000000
30573  -29.658  -64.966  -36.728 0.6000000238
135512  -30.440  -64.071  -37.724 0.6000000238
32762  -30.244  -62.669  -38.718 0.6000000238
31698  -30.039  -63.396  -39.310 0.6000000238
31728  -29.363  -63.231  -40.143 0.6000000238
32791  -29.269  -62.144  -40.056 0.6000000238
32790  -28.679  -62.708  -40.747 0.6000000238
31727  -28.780  -63.595  -40.869 0.6000000238
31739  -28.242  -63.198  -41.396 0.6000000238
32803  -27.708  -62.867  -41.893 0.6999999881
158435  -25.952  -64.622  -43.652 0.6000000238
29523  -25.516  -65.556  -43.879 0.6000000238
28421  -25.096  -66.727  -45.726 0.4000000060
31683  -29.724  -63.566  -36.543 0.6000000238
31693  -30.252  -63.442  -37.036 0.6000000238
31699  -30.437  -63.098  -37.818 0.6000000238
149706  -29.868  -62.138  -39.326 0.6000000238
33762  -28.979  -61.137  -40.146 0.5000000000
33774  -28.489  -61.727  -40.742 0.6000000238
32804  -28.127  -62.377  -41.340 0.6999999881
31755  -27.181  -63.312  -42.582 0.6000000238
31754  -26.347  -63.673  -43.355 0.6000000238
140013  -24.544  -64.182  -45.225 0.6000000238
29533  -24.760  -65.807  -44.674 0.6000000238
154326  -24.621  -65.924  -45.710 0.4000000060
30671  -24.470  -65.117  -45.424 0.5000000000
32743  -29.402  -62.933  -36.197 0.5000000000
33725  -30.233  -62.319  -36.892 0.6000000238
32755  -30.309  -62.780  -37.193 0.6000000238
33744  -30.217  -61.766  -38.663 0.6000000238
137659  -29.672  -61.449  -39.445 0.5000000000
160114  -28.514  -61.107  -40.588 0.6000000238
34768  -27.996  -60.181  -40.935 0.6000000238
33773  -28.175  -60.992  -40.980 0.6999999881
143604  -27.694  -62.192  -41.827 0.6999999881
158178  -27.090  -61.471  -42.709 0.6000000238
32820  -27.303  -62.456  -42.404 0.6999999881
150106  -26.933  -61.964  -42.882 0.6000000238
32834  -26.185  -62.116  -43.620 0.6000000238
32819  -26.645  -62.757  -43.100 0.6000000238
31772  -25.742  -62.996  -43.894 0.6000000238
31771  -25.272  -63.923  -44.182 0.6000000238
30679  -24.666  -64.486  -46.192 0.4000000060
33705  -29.761  -62.120  -36.284 0.6000000238
33724  -30.288  -61.620  -36.910 0.6000000238
33738  -30.347  -61.271  -37.846 0.5000000000
34732  -30.104  -60.945  -38.758 0.6000000238
35764  -29.170  -59.849  -39.494 0.5000000000
34755  -29.467  -60.634  -39.471 0.6000000238
35780  -28.442  -59.729  -40.203 0.5000000000
34769  -28.484  -60.583  -40.476 0.5000000000
35794  -27.526  -59.764  -41.531 0.5000000000
34786  -27.638  -60.763  -41.682 0.6000000238
36782  -27.028  -58.590  -42.009 0.5000000000
35793  -27.112  -59.310  -42.138 0.5000000000
34803  -27.187  -60.969  -42.529 0.6999999881
35805  -26.722  -59.687  -42.831 0.4000000060
34801  -26.267  -60.013  -43.568 0.5000000000
33800  -26.598  -61.303  -43.203 0.6000000238
33799  -26.223  -60.710  -43.646 0.5000000000
33811  -25.680  -61.316  -44.204 0.6000000238
34821  -25.099  -59.853  -44.968 0.5000000000
32833  -25.293  -62.296  -44.495 0.6000000238
31784  -24.899  -63.428  -46.836 0.5000000000
32839  -24.734  -62.457  -45.512 0.6000000238
146636  -24.559  -63.392  -46.005 0.6000000238
136456  -29.938  -61.196  -36.116 0.5000000000
157549  -30.297  -60.544  -38.037 0.5000000000
35765  -29.873  -60.143  -38.769 0.5000000000
36756  -28.197  -58.760  -40.211 0.4000000060
35779  -27.813  -59.274  -40.832 0.5000000000
37803  -26.251  -57.191  -42.882 0.4000000060
36788  -26.602  -58.769  -42.744 0.4000000060
36797  -26.114  -58.677  -43.721 0.5000000000
35804  -26.309  -59.330  -43.403 0.5000000000
141591  -25.737  -59.408  -44.277 0.5000000000
33826  -25.127  -61.758  -46.741 0.5000000000
32845  -24.797  -62.545  -46.537 0.5000000000
150234  -24.953  -61.672  -45.054 0.6000000238
36771  -27.530  -58.284  -40.828 0.4000000060
160233  -27.149  -58.225  -41.542 0.5000000000
37796  -26.671  -57.014  -41.802 0.5000000000
147136  -26.292  -57.947  -43.190 0.4000000060
36807  -25.576  -58.559  -44.630 0.5000000000
34828  -25.476  -60.151  -46.333 0.5000000000
33827  -25.713  -61.058  -46.788 0.3000000119
37815  -26.026  -57.425  -44.377 0.5000000000
35821  -25.169  -59.144  -45.109 0.5000000000
34827  -24.946  -59.904  -45.628 0.5000000000
37797  -27.102  -57.581  -41.359 0.4000000060
37804  -26.705  -57.782  -42.204 0.4000000060
38846  -26.246  -56.469  -42.232 0.4000000060
141308  -25.527  -55.954  -43.437 0.4000000060
38852  -26.085  -56.637  -42.725 0.4000000060
38861  -25.940  -56.649  -43.830 0.4000000060
39843  -25.889  -55.962  -43.795 0.4000000060
35835  -26.437  -59.824  -46.465 0.4000000060
34832  -26.363  -60.538  -46.769 0.4000000060
36817  -25.396  -58.461  -45.156 0.5000000000
145621  -26.597  -59.040  -46.094 0.5000000000
151979  -26.285  -57.523  -44.698 0.5000000000
36818  -25.953  -58.466  -45.451 0.5000000000
35828  -25.487  -59.199  -45.734 0.5000000000
40831  -25.398  -54.524  -43.686 0.4000000060
153282  -26.864  -58.477  -45.681 0.5000000000
38862  -26.370  -56.790  -44.273 0.5000000000
37816  -27.052  -57.359  -44.820 0.5000000000
40832  -26.227  -54.449  -43.888 0.4000000060
37828  -27.644  -58.107  -45.491 0.4000000060
37829  -28.653  -57.913  -45.753 0.3000000119
39844  -26.513  -55.897  -44.048 0.5000000000
38863  -27.191  -56.575  -44.446 0.5000000000
37827  -26.532  -57.968  -45.164 0.5000000000
41948  -25.779  -53.757  -43.765 0.4000000060
37817  -27.954  -57.282  -44.906 0.3000000119
38871  -28.843  -57.134  -45.140 0.3000000119
155860  -27.086  -54.429  -43.873 0.4000000060
38864  -28.179  -56.424  -44.559 0.5000000000
40846  -27.708  -54.920  -43.961 0.4000000060
39845  -27.455  -55.738  -44.155 0.5000000000
39846  -28.444  -55.549  -44.273 0.5000000000
42976  -27.288  -52.691  -43.676 0.4000000060
38865  -29.120  -56.284  -44.805 0.3000000119
39858  -30.000  -56.249  -45.246 0.3000000119
41949  -26.926  -53.654  -43.835 0.4000000060
44034  -26.482  -51.996  -43.652 0.5000000000
39847  -29.460  -55.289  -44.466 0.3000000119
40849  -30.896  -54.601  -44.604 0.4000000060
39848  -30.436  -55.378  -44.905 0.4000000060
41950  -28.049  -53.288  -43.696 0.4000000060
41967  -28.775  -53.877  -43.771 0.5000000000
145420  -29.331  -54.439  -44.024 0.4000000060
40833  -27.866  -54.127  -43.785 0.5000000000
41951  -29.080  -53.065  -43.538 0.5000000000
41952  -30.061  -53.303  -43.462 0.4000000060
150816  -30.786  -53.524  -43.577 0.4000000060
41970  -31.344  -54.036  -44.108 0.4000000060
40850  -31.702  -54.661  -44.951 0.3000000119
42977  -28.267  -52.461  -43.524 0.5000000000
42980  -31.570  -52.734  -42.898 0.4000000060
42981  -32.476  -52.616  -42.902 0.3000000119
45141  -27.217  -51.089  -43.568 0.5000000000
44039  -30.976  -51.911  -42.649 0.4000000060
42979  -30.634  -52.832  -43.031 0.4000000060
41953  -31.381  -53.420  -43.431 0.4000000060
41954  -32.147  -53.327  -43.317 0.4000000060
41971  -32.627  -53.864  -43.800 0.3000000119
159575  -27.898  -51.360  -43.474 0.5000000000
152311  -28.986  -52.298  -43.293 0.5000000000
42978  -29.702  -52.554  -43.146 0.5000000000
44036  -28.483  -51.639  -43.342 0.5000000000
44040  -31.965  -51.933  -42.604 0.4000000060
146787  -27.602  -50.162  -43.431 0.5000000000
41955  -32.998  -53.210  -43.309 0.3000000119
45142  -28.155  -50.847  -43.361 0.5000000000
145604  -29.005  -50.875  -43.093 0.5000000000
44038  -29.908  -51.059  -42.731 0.5000000000
146415  -30.135  -51.985  -42.771 0.5000000000
44037  -29.355  -51.760  -43.009 0.5000000000
44023  -32.511  -51.107  -42.483 0.4000000060
46258  -27.988  -49.283  -43.396 0.5000000000
145037  -30.143  -49.389  -42.806 0.5000000000
44041  -33.464  -51.172  -42.741 0.3000000119
42982  -33.444  -52.301  -43.038 0.3000000119
46259  -28.842  -49.026  -43.253 0.5000000000
159380  -29.157  -49.456  -43.079 0.5000000000
45144  -29.527  -49.967  -42.861 0.5000000000
27217  -26.519  -67.405  -43.534 0.6000000238
27228  -26.110  -68.039  -44.917 0.5000000000
29488  -28.773  -65.852  -41.379 0.6000000238
33785  -27.916  -61.616  -41.443 0.6999999881
134091  -24.871  -63.212  -44.884 0.6000000238
33801  -27.425  -61.637  -42.199 0.6999999881
34802  -26.736  -60.485  -42.996 0.5000000000
36783  -27.354  -58.909  -41.445 0.5000000000
34785  -27.204  -60.159  -42.289 0.4000000060
33818  -25.000  -60.733  -45.216 0.5000000000
143065  -24.780  -61.638  -45.920 0.5000000000
38856  -25.890  -56.596  -43.267 0.4000000060
147215  -26.000  -58.031  -44.074 0.5000000000
37795  -26.403  -57.002  -42.333 0.4000000060
40848  -30.072  -54.559  -44.275 0.4000000060
45143  -28.609  -49.946  -43.168 0.5000000000
45125  -30.366  -50.158  -42.635 0.5000000000
19525  -29.326  -74.152  -43.477 0.5000000000
19539  -30.088  -74.047  -44.041 0.5000000000
19538  -29.345  -73.969  -44.274 0.5000000000
20590  -31.986  -73.414  -45.075 0.5000000000
20589  -31.273  -73.902  -45.603 0.5000000000
19550  -30.804  -73.984  -44.714 0.4000000060
19515  -29.650  -74.305  -42.745 0.5000000000
20569  -30.885  -73.920  -43.739 0.6000000238
19526  -30.219  -74.168  -43.211 0.6000000238
20571  -32.088  -73.151  -44.303 0.5000000000
20570  -31.566  -73.665  -44.259 0.5000000000
23894  -32.432  -70.887  -45.426 0.4000000060
19494  -28.699  -73.903  -40.095 0.6999999881
20509  -29.429  -73.851  -40.433 0.6999999881
19508  -30.159  -74.018  -41.612 0.6999999881
20535  -31.404  -73.210  -42.519 0.5000000000
20534  -30.794  -73.620  -42.018 0.6999999881
22749  -32.335  -71.702  -44.120 0.5000000000
21627  -32.214  -72.557  -43.820 0.5000000000
154371  -31.890  -72.826  -43.124 0.5000000000
23893  -31.814  -70.425  -45.187 0.5000000000
22768  -32.540  -71.612  -45.013 0.5000000000
21563  -26.255  -72.895  -39.133 0.5000000000
20488  -27.225  -73.029  -38.964 0.6999999881
20489  -28.216  -73.044  -38.917 0.6999999881
20498  -27.800  -73.698  -39.681 0.6999999881
160868  -29.254  -73.091  -39.380 0.6999999881
20520  -29.981  -73.796  -40.980 0.6000000238
22719  -31.436  -71.625  -42.441 0.6999999881
20522  -31.044  -72.821  -41.679 0.6000000238
23883  -31.482  -70.542  -44.323 0.5000000000
22731  -32.037  -71.862  -43.172 0.6000000238
22730  -31.562  -71.201  -43.069 0.6000000238
23884  -32.183  -70.960  -44.595 0.5000000000
25021  -31.346  -69.978  -45.912 0.5000000000
22656  -27.490  -71.619  -38.227 0.5000000000
21564  -27.734  -72.392  -38.496 0.6999999881
20500  -29.512  -73.275  -39.827 0.6999999881
22672  -29.993  -72.061  -39.484 0.6999999881
141767  -30.006  -71.488  -39.015 0.6999999881
21598  -30.586  -72.892  -40.997 0.8000000119
23808  -30.331  -71.667  -40.741 0.6999999881
23849  -30.865  -71.031  -42.663 0.6000000238
22718  -30.748  -71.445  -41.898 0.6999999881
23882  -30.524  -70.397  -44.080 0.6999999881
23863  -31.157  -70.718  -43.467 0.6000000238
25020  -30.208  -69.764  -45.921 0.6000000238
25009  -30.931  -70.085  -45.003 0.6000000238
160959  -29.578  -69.480  -46.269 0.6000000238
23780  -26.410  -70.604  -38.498 0.5000000000
23765  -27.904  -70.136  -37.671 0.6000000238
153960  -26.779  -71.356  -38.361 0.5000000000
22648  -28.244  -71.071  -37.846 0.6000000238
22649  -29.050  -70.981  -37.805 0.6000000238
22658  -29.637  -71.126  -38.307 0.6999999881
23798  -30.021  -70.456  -40.071 0.6999999881
154581  -30.109  -70.751  -39.064 0.6000000238
22688  -30.247  -72.119  -40.265 0.6999999881
161132  -30.666  -71.778  -41.335 0.6999999881
23881  -29.333  -70.559  -43.833 0.6999999881
25008  -29.818  -70.106  -44.810 0.6999999881
24915  -27.083  -69.911  -38.115 0.5000000000
26033  -29.318  -69.038  -37.671 0.6000000238
24893  -29.327  -69.845  -37.747 0.6000000238
23782  -29.849  -70.252  -38.298 0.6000000238
23807  -29.904  -70.951  -40.800 0.8000000119
148752  -29.288  -70.261  -41.198 0.5000000000
24949  -29.720  -69.534  -40.280 0.6000000238
23848  -29.761  -71.007  -42.215 0.6999999881
23847  -28.898  -70.599  -42.093 0.6999999881
25006  -27.812  -69.874  -44.097 0.6999999881
24992  -28.339  -70.423  -43.521 0.6999999881
26135  -29.022  -69.162  -46.597 0.5000000000
25019  -29.126  -69.666  -45.534 0.6999999881
26146  -28.077  -68.479  -46.779 0.5000000000
26049  -26.877  -69.039  -38.278 0.5000000000
145136  -27.653  -69.220  -37.695 0.5000000000
160963  -28.866  -68.589  -37.409 0.6000000238
24892  -28.573  -69.387  -37.508 0.6000000238
135099  -29.422  -68.250  -37.613 0.6000000238
26050  -29.771  -68.702  -37.997 0.6000000238
27142  -30.010  -67.992  -38.161 0.6000000238
24917  -30.061  -68.798  -38.651 0.6000000238
149472  -30.158  -68.198  -38.950 0.6000000238
157937  -28.344  -69.252  -41.973 0.6000000238
26077  -28.593  -68.501  -41.717 0.5000000000
26066  -29.991  -67.940  -39.547 0.5000000000
144169  -27.340  -69.037  -42.968 0.6000000238
24976  -27.915  -69.601  -42.513 0.6000000238
24991  -27.689  -69.853  -43.202 0.6000000238
138551  -26.752  -68.512  -45.068 0.5000000000
26031  -27.385  -68.338  -37.765 0.5000000000
27123  -28.775  -67.737  -37.240 0.6000000238
27124  -30.234  -67.055  -37.989 0.6000000238
154524  -29.196  -67.835  -41.025 0.5000000000
28349  -29.647  -66.830  -40.385 0.5000000000
27200  -27.451  -67.798  -42.843 0.4000000060
27201  -28.454  -67.527  -41.951 0.5000000000
26121  -26.688  -68.554  -44.321 0.6000000238
26048  -26.595  -68.192  -38.395 0.5000000000
27122  -27.859  -67.625  -37.355 0.6000000238
28296  -29.117  -66.694  -37.036 0.6000000238
137003  -29.641  -67.358  -37.514 0.6000000238
28379  -27.986  -66.686  -42.419 0.5000000000
27141  -26.271  -67.312  -38.487 0.5000000000
135866  -27.524  -66.614  -37.338 0.5000000000
28307  -28.322  -66.420  -37.004 0.6000000238
29443  -30.343  -65.673  -37.597 0.6000000238
28306  -26.745  -66.796  -37.888 0.5000000000
148837  -27.960  -65.826  -36.906 0.6000000238
29433  -29.488  -65.827  -36.865 0.6000000238
28320  -25.523  -66.578  -39.015 0.5000000000
28321  -26.129  -66.421  -38.287 0.5000000000
29440  -27.148  -65.556  -37.221 0.5000000000
29431  -28.393  -65.217  -36.629 0.6000000238
29432  -29.060  -65.309  -36.615 0.6000000238
29450  -26.293  -65.569  -37.813 0.5000000000
30572  -27.261  -64.813  -36.872 0.5000000000
29449  -25.535  -65.651  -38.584 0.5000000000
144788  -29.511  -64.204  -36.519 0.5000000000
30571  -26.492  -64.699  -37.343 0.5000000000
30557  -27.907  -64.490  -36.450 0.5000000000
30581  -25.146  -64.680  -38.533 0.5000000000
30570  -25.654  -64.199  -37.741 0.5000000000
30558  -28.883  -64.544  -36.388 0.4000000060
31697  -24.943  -63.773  -38.157 0.5000000000
30556  -27.035  -64.119  -36.714 0.5000000000
31680  -27.611  -63.613  -36.255 0.4000000060
31681  -28.412  -63.765  -36.154 0.4000000060
31692  -26.203  -63.769  -37.069 0.4000000060
31679  -26.776  -63.288  -36.498 0.4000000060
32721  -28.179  -62.354  -35.775 0.4000000060
26133  -27.356  -68.543  -45.782 0.4000000060
26071  -29.615  -68.484  -40.303 0.6000000238
32742  -28.751  -63.041  -35.954 0.4000000060
32722  -29.095  -62.293  -35.832 0.4000000060
160268  -30.350  -72.647  -40.560 0.6999999881
23827  -29.460  -70.830  -41.546 0.6999999881
23861  -28.966  -70.798  -42.915 0.6999999881
150228  -29.984  -68.778  -39.486 0.6000000238
25018  -28.228  -69.677  -44.938 0.6999999881
24963  -28.501  -69.957  -41.959 0.6999999881
24977  -28.254  -70.328  -42.689 0.6999999881
26122  -27.428  -69.126  -44.783 0.6000000238
19501  -28.780  -74.269  -40.817 0.6999999881
19502  -29.482  -74.220  -41.223 0.6000000238
19516  -30.255  -74.145  -42.399 0.5000000000
19524  -28.550  -74.068  -43.331 0.5000000000
20499  -28.828  -73.427  -39.485 0.6999999881
20501  -30.005  -72.665  -39.983 0.6999999881
20510  -30.120  -73.250  -40.539 0.6999999881
20521  -30.503  -73.413  -41.273 0.6999999881
20549  -30.892  -73.815  -42.859 0.6000000238
20550  -31.488  -73.505  -43.357 0.6000000238
20551  -31.912  -73.208  -43.756 0.5000000000
21565  -28.632  -72.344  -38.499 0.6999999881
21566  -29.507  -72.058  -38.735 0.6999999881
21578  -29.032  -72.825  -39.004 0.6999999881
21579  -29.585  -72.679  -39.363 0.6999999881
21644  -32.400  -72.524  -44.652 0.5000000000
22657  -28.941  -71.616  -38.095 0.6999999881
22687  -30.149  -71.376  -39.859 0.6999999881
22702  -30.623  -72.307  -41.064 0.8000000119
22703  -31.134  -72.066  -41.766 0.6000000238
23766  -28.765  -70.342  -37.638 0.6000000238
23767  -29.364  -70.538  -37.866 0.6000000238
23781  -27.307  -70.783  -38.063 0.6000000238
23828  -30.154  -71.276  -41.379 0.6999999881
23862  -30.123  -70.721  -43.163 0.6999999881
23864  -31.895  -71.100  -43.754 0.5000000000
24914  -26.298  -69.678  -38.671 0.5000000000
24916  -29.849  -69.404  -38.173 0.6000000238
24935  -30.076  -69.720  -39.145 0.6000000238
25007  -28.712  -70.172  -44.484 0.6999999881
26032  -28.173  -68.489  -37.403 0.5000000000
26078  -28.987  -69.174  -41.219 0.5000000000
26089  -28.003  -68.652  -42.352 0.6000000238
26105  -27.216  -69.202  -43.763 0.6000000238
26134  -28.242  -69.126  -45.723 0.6999999881
27121  -27.070  -67.476  -37.828 0.5000000000
27163  -30.224  -67.485  -38.833 0.6000000238
27176  -29.721  -67.635  -40.172 0.5000000000
27240  -26.522  -67.991  -45.793 0.5000000000
28295  -28.745  -65.893  -36.812 0.6000000238
28308  -29.979  -66.382  -37.324 0.6000000238
28420  -24.945  -66.140  -46.347 0.4000000060
29441  -27.730  -65.187  -36.782 0.5000000000
29442  -30.037  -65.603  -37.032 0.6000000238
29451  -30.463  -65.728  -38.410 0.6999999881
29509  -27.104  -65.616  -42.911 0.6000000238
30559  -30.068  -64.214  -36.862 0.6000000238
30582  -25.804  -64.946  -37.982 0.5000000000
30589  -30.121  -64.956  -39.548 0.6000000238
30603  -29.472  -64.879  -40.362 0.6000000238
30660  -24.908  -64.883  -44.428 0.6000000238
31682  -29.130  -63.692  -36.226 0.4000000060
32741  -27.390  -62.822  -36.029 0.4000000060
32744  -29.956  -62.866  -36.631 0.6000000238
32763  -30.394  -62.204  -37.727 0.6000000238
32779  -29.756  -62.705  -39.537 0.6000000238
33823  -24.976  -60.797  -46.217 0.5000000000
34754  -28.875  -60.382  -39.960 0.5000000000
34814  -25.641  -60.339  -44.316 0.5000000000
37826  -25.823  -57.927  -44.979 0.5000000000
39835  -25.339  -55.252  -43.565 0.4000000060
39836  -25.882  -55.200  -43.878 0.4000000060
40845  -26.764  -55.098  -43.927 0.4000000060
40847  -28.616  -54.691  -43.990 0.4000000060
41968  -29.651  -53.847  -43.796 0.4000000060
41969  -30.488  -53.962  -43.957 0.4000000060
44035  -27.634  -51.865  -43.545 0.5000000000
136422  -28.228  -65.836  -42.033 0.6000000238
138571  -25.880  -66.910  -38.737 0.5000000000
139951  -28.082  -63.135  -35.964 0.4000000060
140311  -28.204  -71.828  -38.183 0.6000000238
143792  -32.778  -51.858  -42.695 0.4000000060
144569  -26.107  -67.894  -44.190 0.6000000238
145873  -28.314  -67.026  -37.149 0.6000000238
146250  -26.123  -57.258  -43.638 0.4000000060
147329  -25.738  -58.070  -44.749 0.5000000000
150577  -31.916  -53.829  -43.808 0.3000000119
153698  -31.590  -72.385  -42.407 0.6999999881
155719  -29.413  -61.625  -35.831 0.4000000060
157409  -31.441  -73.829  -44.913 0.5000000000
157756  -29.758  -66.195  -40.184 0.6000000238
159094  -26.765  -66.184  -37.677 0.5000000000
160278  -24.537  -65.249  -46.008 0.4000000060
161126  -29.131  -73.656  -39.930 0.6999999881
