#!ascii label  , from subject sub-v1s14x0051581_ses-1 vox2ras=TkReg
1603
27081  10.478  -47.689  41.983 0.0000000000
56070  40.500  -16.424  24.414 0.0000000000
116593  26.774  -37.924  33.434 0.0000000000
36992  32.243  -35.931  40.421 0.0000000000
37054  18.769  -37.212  34.449 0.0000000000
32649  16.615  -41.650  43.537 0.0000000000
64106  49.951  -6.820  19.863 0.0000000000
59486  48.396  -12.389  30.077 0.0000000000
45935  37.596  -27.273  31.987 0.0000000000
68543  52.218  -1.797  13.164 0.0000000000
34417  26.233  -39.955  39.150 0.0000000000
28953  13.723  -45.383  43.056 0.0000000000
61276  50.029  -10.332  25.115 0.0000000000
58702  46.205  -12.225  23.203 0.0000000000
52253  40.905  -20.174  28.818 0.0000000000
117311  41.666  -15.455  31.177 0.0000000000
52255  36.391  -19.984  28.592 0.0000000000
40642  30.575  -32.666  33.685 0.0000000000
36222  32.472  -37.398  34.684 0.0000000000
35297  22.178  -38.709  40.187 0.0000000000
35228  20.170  -39.396  45.040 0.0000000000
35336  17.206  -38.964  38.881 0.0000000000
32725  14.666  -41.612  37.346 0.0000000000
37050  22.667  -36.973  34.232 0.0000000000
66710  54.012  -3.808  22.149 0.0000000000
63126  54.561  -7.971  27.655 0.0000000000
132638  43.865  -14.412  27.349 0.0000000000
48521  39.462  -23.482  34.226 0.0000000000
40588  35.946  -32.857  36.476 0.0000000000
65853  49.588  -4.845  16.130 0.0000000000
65835  54.905  -4.463  17.079 0.0000000000
65884  57.592  -4.343  13.571 0.0000000000
34394  25.984  -40.092  42.136 0.0000000000
28017  11.937  -46.790  42.200 0.0000000000
28930  12.083  -46.161  45.767 0.0000000000
28001  10.874  -47.165  45.649 0.0000000000
114851  46.572  -10.547  21.187 0.0000000000
111561  40.724  -20.619  32.944 0.0000000000
111558  41.658  -19.605  32.480 0.0000000000
27074  5.126  -48.618  42.657 0.0000000000
52328  36.993  -19.903  24.705 0.0000000000
37910  27.346  -35.133  31.162 0.0000000000
38797  28.735  -34.555  33.011 0.0000000000
35382  29.992  -38.513  33.870 0.0000000000
36211  20.292  -37.833  36.374 0.0000000000
36158  19.244  -38.445  38.922 0.0000000000
36213  17.807  -37.752  36.253 0.0000000000
37052  20.913  -36.890  33.977 0.0000000000
36187  22.438  -37.951  37.050 0.0000000000
34359  17.980  -39.820  44.085 0.0000000000
64982  51.631  -5.374  20.753 0.0000000000
64951  53.909  -5.671  24.388 0.0000000000
64070  51.967  -6.965  23.849 0.0000000000
59499  49.169  -11.740  27.644 0.0000000000
60376  51.038  -10.846  28.712 0.0000000000
57014  41.220  -15.482  22.049 0.0000000000
57002  43.706  -14.487  24.076 0.0000000000
56969  42.275  -15.379  26.207 0.0000000000
47681  37.451  -24.782  29.223 0.0000000000
49495  37.653  -22.373  30.643 0.0000000000
118207  39.267  -26.240  33.320 0.0000000000
39708  31.314  -33.987  36.530 0.0000000000
122274  33.317  -32.781  34.634 0.0000000000
39676  34.120  -33.859  38.680 0.0000000000
65826  47.763  -4.573  17.998 0.0000000000
66781  47.154  -4.398  16.092 0.0000000000
66744  49.480  -4.142  18.436 0.0000000000
67605  51.503  -3.178  18.941 0.0000000000
66816  55.876  -3.475  12.280 0.0000000000
66808  54.563  -4.061  13.303 0.0000000000
65846  57.558  -4.054  15.662 0.0000000000
65874  53.265  -5.094  14.505 0.0000000000
35357  26.522  -39.021  36.173 0.0000000000
34443  28.834  -40.269  36.729 0.0000000000
33544  28.060  -41.368  39.404 0.0000000000
30813  15.183  -43.851  43.183 0.0000000000
30779  15.306  -43.553  46.746 0.0000000000
30781  14.145  -44.612  45.809 0.0000000000
63209  48.454  -7.375  19.007 0.0000000000
63169  50.028  -8.199  22.903 0.0000000000
62218  48.334  -9.168  21.655 0.0000000000
60421  48.138  -11.137  24.165 0.0000000000
58677  47.448  -12.584  25.730 0.0000000000
54126  40.418  -17.394  26.996 0.0000000000
56040  40.907  -16.134  28.230 0.0000000000
54072  41.511  -17.607  30.194 0.0000000000
44005  35.847  -28.773  31.282 0.0000000000
38719  33.755  -34.819  42.341 0.0000000000
27106  8.298  -47.559  40.192 0.0000000000
27065  8.967  -48.596  44.712 0.0000000000
26124  6.731  -48.749  42.967 0.0000000000
55162  38.279  -17.407  23.857 0.0000000000
53208  39.075  -19.334  25.565 0.0000000000
124200  39.214  -20.940  28.597 0.0000000000
52177  38.510  -20.376  32.249 0.0000000000
40655  28.464  -32.269  32.740 0.0000000000
38785  29.874  -34.527  35.227 0.0000000000
37013  32.796  -36.458  37.020 0.0000000000
33578  32.137  -40.651  37.114 0.0000000000
34427  34.183  -40.145  38.244 0.0000000000
35248  23.991  -39.289  42.783 0.0000000000
34356  22.328  -39.473  44.756 0.0000000000
120786  20.906  -38.705  42.156 0.0000000000
35284  18.905  -38.798  41.809 0.0000000000
34398  17.134  -39.917  41.144 0.0000000000
135879  16.232  -38.772  35.893 0.0000000000
33571  15.806  -40.694  38.200 0.0000000000
32695  15.591  -41.879  39.993 0.0000000000
30856  14.615  -43.626  40.507 0.0000000000
116528  12.972  -45.184  39.964 0.0000000000
29004  11.466  -45.949  39.451 0.0000000000
37913  24.785  -35.692  30.972 0.0000000000
37915  22.901  -35.462  31.496 0.0000000000
36262  25.051  -37.534  33.583 0.0000000000
36206  24.741  -38.518  36.594 0.0000000000
117851  24.091  -38.920  40.109 0.0000000000
63124  56.133  -7.859  27.109 0.0000000000
62172  52.184  -9.106  26.182 0.0000000000
58711  44.696  -13.207  22.263 0.0000000000
57871  45.475  -13.702  25.293 0.0000000000
115261  45.872  -13.200  28.366 0.0000000000
56937  42.299  -14.488  29.609 0.0000000000
58644  44.611  -13.366  30.433 0.0000000000
51330  34.906  -20.324  28.157 0.0000000000
50377  37.178  -21.204  32.237 0.0000000000
49396  38.600  -22.109  36.138 0.0000000000
42306  34.902  -31.273  33.036 0.0000000000
43145  37.141  -29.971  34.235 0.0000000000
40526  35.824  -33.138  40.228 0.0000000000
42261  38.059  -30.874  38.527 0.0000000000
43944  39.079  -28.500  36.316 0.0000000000
45903  40.441  -26.184  36.886 0.0000000000
126660  40.234  -24.060  38.240 0.0000000000
134462  50.665  -4.496  14.435 0.0000000000
65850  52.429  -4.964  16.665 0.0000000000
117141  53.844  -2.724  19.035 0.0000000000
32645  26.239  -41.155  43.267 0.0000000000
121659  11.216  -47.148  41.864 0.0000000000
122446  11.706  -46.940  44.008 0.0000000000
27071  10.559  -47.836  42.992 0.0000000000
51241  40.526  -20.564  33.955 0.0000000000
51240  41.170  -20.477  34.286 0.0000000000
126582  3.464  -47.443  40.293 0.0000000000
36272  27.260  -37.143  32.244 0.0000000000
36258  28.946  -37.523  32.707 0.0000000000
36244  28.514  -38.174  33.346 0.0000000000
36230  19.778  -37.683  35.530 0.0000000000
129795  19.430  -37.781  36.491 0.0000000000
37037  18.182  -37.412  34.962 0.0000000000
37881  20.003  -36.243  32.895 0.0000000000
133538  19.302  -36.963  34.081 0.0000000000
36229  20.752  -37.706  35.512 0.0000000000
33516  16.964  -41.002  43.971 0.0000000000
32629  16.676  -41.739  45.595 0.0000000000
64096  51.157  -6.230  20.772 0.0000000000
64970  51.983  -6.002  22.030 0.0000000000
64086  51.462  -6.555  21.643 0.0000000000
129654  48.705  -11.894  28.415 0.0000000000
59484  50.063  -11.668  29.540 0.0000000000
56078  40.963  -15.944  23.885 0.0000000000
56992  42.172  -15.343  24.416 0.0000000000
56061  41.564  -15.848  25.802 0.0000000000
44967  36.831  -26.976  30.668 0.0000000000
46841  37.536  -26.143  30.563 0.0000000000
129368  38.985  -25.277  31.705 0.0000000000
116447  38.751  -26.581  32.796 0.0000000000
38766  31.798  -34.963  38.719 0.0000000000
39694  32.626  -33.964  37.734 0.0000000000
39660  32.942  -34.508  39.556 0.0000000000
64997  48.805  -5.544  18.930 0.0000000000
65825  48.630  -4.377  18.144 0.0000000000
64996  49.584  -5.345  19.199 0.0000000000
65810  50.690  -4.521  19.699 0.0000000000
67650  53.867  -2.188  12.825 0.0000000000
67641  53.337  -2.968  13.215 0.0000000000
121956  53.843  -4.486  13.752 0.0000000000
66810  52.584  -3.607  13.556 0.0000000000
118013  26.129  -39.648  37.941 0.0000000000
34428  27.469  -40.499  38.076 0.0000000000
124540  27.398  -40.926  39.519 0.0000000000
29901  14.669  -44.452  42.885 0.0000000000
118442  14.812  -44.238  44.624 0.0000000000
29877  14.219  -44.789  44.308 0.0000000000
28919  11.646  -46.371  47.018 0.0000000000
122178  12.321  -45.851  46.941 0.0000000000
62250  47.340  -8.455  18.939 0.0000000000
62238  48.591  -8.533  20.119 0.0000000000
62239  47.801  -8.836  19.790 0.0000000000
134096  46.461  -11.418  22.138 0.0000000000
60440  47.532  -10.490  22.521 0.0000000000
133468  47.182  -11.358  23.291 0.0000000000
59520  47.982  -11.959  25.460 0.0000000000
59532  47.127  -12.054  24.403 0.0000000000
53192  40.613  -19.220  27.606 0.0000000000
54092  40.927  -17.675  28.667 0.0000000000
53158  41.412  -19.348  29.262 0.0000000000
64999  47.148  -5.982  18.376 0.0000000000
27083  7.715  -48.436  41.846 0.0000000000
27084  6.859  -48.550  42.019 0.0000000000
54170  37.452  -17.801  23.544 0.0000000000
54142  38.923  -18.389  25.162 0.0000000000
54158  37.444  -18.545  24.098 0.0000000000
52294  36.438  -20.322  26.689 0.0000000000
52293  37.515  -20.552  26.203 0.0000000000
51328  37.809  -20.791  28.058 0.0000000000
51308  38.755  -20.878  29.483 0.0000000000
52233  37.535  -20.219  29.726 0.0000000000
41522  27.343  -32.016  32.033 0.0000000000
37047  30.820  -36.235  33.563 0.0000000000
37869  29.736  -35.009  34.186 0.0000000000
37031  31.119  -35.746  35.469 0.0000000000
37854  31.020  -35.568  36.528 0.0000000000
36204  33.481  -37.119  36.247 0.0000000000
32718  30.139  -41.706  38.193 0.0000000000
34442  30.561  -40.380  36.571 0.0000000000
32717  31.073  -41.786  38.145 0.0000000000
130653  33.649  -41.780  38.737 0.0000000000
34415  34.549  -39.715  39.712 0.0000000000
117330  22.725  -38.793  40.796 0.0000000000
35267  22.369  -38.828  42.632 0.0000000000
35298  21.466  -38.665  40.457 0.0000000000
35334  18.391  -38.344  38.729 0.0000000000
114143  18.729  -38.695  40.310 0.0000000000
117069  18.012  -38.764  40.066 0.0000000000
34397  17.737  -39.459  41.641 0.0000000000
35318  17.421  -39.134  39.744 0.0000000000
36233  16.075  -37.973  34.829 0.0000000000
33590  14.485  -40.903  36.163 0.0000000000
34464  15.193  -40.328  36.467 0.0000000000
121905  15.225  -41.124  37.796 0.0000000000
121648  15.910  -41.189  39.622 0.0000000000
32708  14.979  -42.177  39.244 0.0000000000
31800  14.965  -42.762  40.057 0.0000000000
31828  14.501  -42.539  38.551 0.0000000000
131098  12.293  -45.627  39.621 0.0000000000
38836  25.563  -34.493  29.730 0.0000000000
38837  24.696  -34.741  29.721 0.0000000000
37879  21.939  -36.194  32.965 0.0000000000
37878  22.828  -36.287  32.882 0.0000000000
37094  23.822  -36.542  32.752 0.0000000000
37049  23.490  -37.078  34.170 0.0000000000
36225  24.565  -37.889  35.218 0.0000000000
36226  23.751  -37.775  35.451 0.0000000000
36168  22.111  -38.391  37.778 0.0000000000
35329  23.401  -38.702  38.193 0.0000000000
117252  23.059  -38.772  39.956 0.0000000000
35280  24.142  -38.976  41.025 0.0000000000
35227  20.970  -39.432  45.201 0.0000000000
27060  7.994  -48.664  46.167 0.0000000000
27052  8.631  -48.157  46.780 0.0000000000
66696  55.364  -3.760  23.245 0.0000000000
123427  54.510  -6.909  26.706 0.0000000000
64934  55.744  -5.977  26.447 0.0000000000
127188  55.428  -7.816  27.714 0.0000000000
62152  55.121  -9.073  28.358 0.0000000000
62193  50.164  -9.051  24.044 0.0000000000
62192  50.926  -8.450  24.244 0.0000000000
61262  51.547  -9.454  25.686 0.0000000000
61228  52.803  -10.249  29.201 0.0000000000
57873  44.132  -14.446  25.746 0.0000000000
134909  44.298  -14.033  24.235 0.0000000000
57861  44.697  -14.112  26.330 0.0000000000
119978  45.826  -13.604  26.819 0.0000000000
57850  45.363  -13.694  27.653 0.0000000000
114962  41.179  -15.702  29.665 0.0000000000
56947  41.743  -15.181  28.496 0.0000000000
115322  41.531  -15.274  30.293 0.0000000000
50425  34.842  -20.914  27.886 0.0000000000
48535  39.024  -23.639  32.543 0.0000000000
49479  37.501  -22.067  31.414 0.0000000000
120461  37.972  -22.302  32.879 0.0000000000
50352  37.818  -21.451  34.030 0.0000000000
132722  38.853  -22.793  34.861 0.0000000000
41518  30.473  -31.822  32.307 0.0000000000
41517  31.400  -31.920  32.554 0.0000000000
40609  34.612  -32.906  35.551 0.0000000000
41499  34.421  -31.894  33.470 0.0000000000
130968  35.407  -32.011  34.408 0.0000000000
42304  36.489  -30.543  33.797 0.0000000000
41478  36.617  -31.549  35.152 0.0000000000
39622  34.581  -33.801  41.782 0.0000000000
43099  38.369  -30.251  39.131 0.0000000000
43115  38.646  -30.080  37.318 0.0000000000
43939  39.355  -28.610  37.736 0.0000000000
44912  39.657  -27.675  36.556 0.0000000000
44897  39.657  -27.992  38.371 0.0000000000
65854  48.734  -4.711  15.914 0.0000000000
65862  50.304  -4.996  15.475 0.0000000000
132297  51.182  -5.238  15.607 0.0000000000
65852  50.502  -4.954  16.325 0.0000000000
66732  52.602  -3.486  20.420 0.0000000000
118556  52.636  -2.847  18.981 0.0000000000
67580  53.617  -2.825  20.290 0.0000000000
67578  55.361  -2.286  20.813 0.0000000000
65895  56.336  -4.101  12.862 0.0000000000
65847  55.933  -4.383  16.815 0.0000000000
67620  57.530  -2.918  16.850 0.0000000000
114617  55.901  -2.916  17.805 0.0000000000
34405  26.146  -40.174  40.925 0.0000000000
33545  26.631  -40.695  40.639 0.0000000000
33524  26.951  -40.987  42.001 0.0000000000
28969  13.196  -45.805  42.561 0.0000000000
28940  13.049  -45.813  44.453 0.0000000000
28955  12.421  -46.451  43.955 0.0000000000
28000  11.504  -46.789  45.422 0.0000000000
131310  11.085  -46.636  47.152 0.0000000000
60453  45.731  -10.840  20.645 0.0000000000
59560  45.579  -11.713  21.208 0.0000000000
117821  40.995  -20.655  31.203 0.0000000000
128611  41.649  -19.722  30.072 0.0000000000
112699  41.293  -20.350  32.626 0.0000000000
52153  41.541  -19.793  34.585 0.0000000000
27097  6.025  -48.273  41.236 0.0000000000
27098  4.992  -48.039  41.105 0.0000000000
27087  3.427  -48.145  42.170 0.0000000000
53243  36.837  -19.336  24.116 0.0000000000
52295  35.712  -19.944  26.447 0.0000000000
39737  27.411  -33.216  32.046 0.0000000000
37890  28.616  -35.934  32.073 0.0000000000
37066  30.196  -36.538  33.030 0.0000000000
35380  31.974  -38.340  34.556 0.0000000000
35332  20.919  -38.565  38.685 0.0000000000
131590  20.531  -38.634  39.449 0.0000000000
36171  19.587  -38.118  38.088 0.0000000000
36172  18.876  -38.060  38.233 0.0000000000
35346  17.482  -38.206  37.600 0.0000000000
31840  13.580  -42.660  37.063 0.0000000000
31850  13.137  -42.266  36.126 0.0000000000
37897  20.527  -35.811  32.234 0.0000000000
37051  21.823  -36.947  34.170 0.0000000000
36227  22.436  -37.677  35.556 0.0000000000
36228  21.633  -37.679  35.487 0.0000000000
36188  21.674  -37.926  37.108 0.0000000000
34358  18.669  -39.628  44.473 0.0000000000
65801  52.653  -4.525  21.253 0.0000000000
65780  54.054  -4.812  23.228 0.0000000000
64969  52.726  -5.528  22.296 0.0000000000
64952  53.150  -6.054  23.949 0.0000000000
64062  52.898  -6.999  25.229 0.0000000000
60396  49.740  -11.128  26.207 0.0000000000
61253  51.128  -10.493  26.853 0.0000000000
60377  50.275  -11.215  28.587 0.0000000000
59473  51.053  -11.666  30.136 0.0000000000
57890  43.149  -14.377  22.383 0.0000000000
57004  42.209  -15.055  23.555 0.0000000000
56979  42.682  -15.072  24.933 0.0000000000
127184  43.298  -14.758  27.020 0.0000000000
56920  42.063  -14.883  31.840 0.0000000000
48570  36.983  -23.566  28.332 0.0000000000
49511  36.922  -22.295  29.285 0.0000000000
48561  37.978  -23.549  29.568 0.0000000000
47668  39.203  -24.427  32.061 0.0000000000
46829  39.986  -25.116  34.057 0.0000000000
40613  30.934  -33.314  35.004 0.0000000000
41492  32.062  -32.586  33.685 0.0000000000
40592  32.036  -33.490  35.901 0.0000000000
40590  33.406  -33.438  36.349 0.0000000000
40569  34.781  -33.543  37.330 0.0000000000
65839  46.263  -4.653  17.340 0.0000000000
66782  46.341  -3.990  16.090 0.0000000000
66767  46.678  -4.434  16.838 0.0000000000
66765  48.458  -4.172  17.499 0.0000000000
66764  49.329  -4.016  17.665 0.0000000000
66763  50.291  -3.898  17.835 0.0000000000
66742  50.996  -3.548  19.071 0.0000000000
66734  51.132  -3.876  19.684 0.0000000000
68558  54.376  -1.663  12.277 0.0000000000
66817  54.838  -3.316  12.835 0.0000000000
65885  55.882  -4.598  13.584 0.0000000000
65871  57.653  -4.356  14.310 0.0000000000
113338  55.527  -4.960  14.412 0.0000000000
121513  55.373  -5.190  15.378 0.0000000000
115932  54.436  -5.311  15.737 0.0000000000
133650  26.726  -38.891  35.404 0.0000000000
35368  28.238  -38.957  34.780 0.0000000000
34461  28.117  -39.807  36.242 0.0000000000
122948  28.429  -40.983  38.243 0.0000000000
32705  29.506  -41.942  38.932 0.0000000000
136622  15.880  -42.734  42.975 0.0000000000
32640  16.108  -42.486  44.660 0.0000000000
31746  15.347  -43.620  44.993 0.0000000000
30780  14.789  -43.947  46.413 0.0000000000
29856  13.191  -45.236  46.315 0.0000000000
28918  13.499  -45.246  47.113 0.0000000000
64107  49.235  -7.129  19.332 0.0000000000
128711  50.157  -7.579  20.697 0.0000000000
63187  49.334  -8.126  20.490 0.0000000000
62217  48.999  -8.772  22.076 0.0000000000
61294  49.498  -9.496  23.657 0.0000000000
61318  47.674  -9.610  21.234 0.0000000000
61296  48.186  -10.040  23.101 0.0000000000
60420  48.836  -10.718  24.314 0.0000000000
60397  49.224  -11.254  25.663 0.0000000000
59508  48.740  -11.890  26.829 0.0000000000
120694  48.029  -12.273  28.114 0.0000000000
133107  39.910  -17.179  25.438 0.0000000000
56062  40.958  -16.222  26.340 0.0000000000
55124  40.689  -16.703  27.602 0.0000000000
55108  41.037  -16.978  29.437 0.0000000000
55101  41.278  -16.625  30.349 0.0000000000
128568  41.821  -19.013  31.769 0.0000000000
112888  41.886  -17.961  32.136 0.0000000000
130784  41.904  -16.413  32.212 0.0000000000
125298  36.904  -27.929  31.893 0.0000000000
38745  32.808  -35.214  41.274 0.0000000000
65840  45.218  -4.567  17.349 0.0000000000
65827  46.854  -4.856  17.855 0.0000000000
64998  48.005  -5.764  18.641 0.0000000000
132944  51.931  0.002  12.480 0.0000000000
69440  51.619  -0.286  12.732 0.0000000000
27105  9.152  -47.511  40.397 0.0000000000
130940  9.887  -48.040  42.585 0.0000000000
116758  9.084  -48.456  42.679 0.0000000000
26102  8.225  -48.746  44.119 0.0000000000
26094  7.261  -48.809  45.553 0.0000000000
26115  5.824  -48.723  43.354 0.0000000000
114333  40.293  -16.168  23.401 0.0000000000
55182  38.506  -16.792  22.439 0.0000000000
55160  39.784  -16.955  24.677 0.0000000000
55150  39.306  -17.550  24.955 0.0000000000
54128  39.516  -18.580  25.738 0.0000000000
52272  40.260  -19.941  27.274 0.0000000000
52311  37.611  -20.070  25.186 0.0000000000
51363  39.295  -20.493  26.628 0.0000000000
51325  40.221  -20.737  28.449 0.0000000000
51292  40.465  -20.865  30.321 0.0000000000
52176  39.326  -20.505  31.926 0.0000000000
115561  39.350  -20.471  34.040 0.0000000000
41504  29.756  -32.040  32.871 0.0000000000
39731  28.482  -33.776  33.243 0.0000000000
39725  28.890  -33.559  33.709 0.0000000000
39723  30.151  -33.506  34.743 0.0000000000
38778  30.495  -34.775  36.225 0.0000000000
37848  31.212  -35.373  37.418 0.0000000000
36998  32.597  -36.362  39.145 0.0000000000
34473  29.545  -39.524  35.335 0.0000000000
34458  30.995  -39.734  35.929 0.0000000000
121334  32.541  -39.569  36.189 0.0000000000
32715  33.138  -41.498  38.204 0.0000000000
33577  33.125  -40.433  37.279 0.0000000000
35341  34.114  -38.701  37.056 0.0000000000
126196  34.436  -38.519  37.965 0.0000000000
36156  33.856  -37.586  39.197 0.0000000000
132252  33.149  -37.216  40.558 0.0000000000
34353  24.606  -40.082  44.073 0.0000000000
34369  23.427  -39.597  44.165 0.0000000000
35250  22.114  -38.965  43.615 0.0000000000
35252  20.274  -38.820  43.307 0.0000000000
35299  20.198  -38.672  40.922 0.0000000000
35283  19.605  -38.718  41.386 0.0000000000
35253  19.403  -38.940  43.455 0.0000000000
34385  18.287  -39.269  42.822 0.0000000000
34371  17.337  -40.158  42.829 0.0000000000
33527  16.948  -40.730  42.440 0.0000000000
36232  16.849  -37.722  35.157 0.0000000000
36214  17.069  -37.866  35.969 0.0000000000
35347  16.895  -38.619  37.150 0.0000000000
35373  15.060  -39.325  34.863 0.0000000000
34448  15.878  -39.845  37.029 0.0000000000
34430  16.723  -39.532  38.385 0.0000000000
33557  16.465  -40.534  39.670 0.0000000000
122635  16.431  -41.167  40.988 0.0000000000
32682  16.082  -41.959  41.849 0.0000000000
31781  15.664  -42.533  41.422 0.0000000000
30840  14.788  -43.809  41.436 0.0000000000
30841  14.109  -44.384  40.968 0.0000000000
31817  14.063  -43.152  38.858 0.0000000000
30857  13.951  -44.074  40.056 0.0000000000
29916  13.248  -45.343  40.856 0.0000000000
115220  12.680  -45.966  41.219 0.0000000000
29003  12.078  -46.311  40.806 0.0000000000
28043  10.678  -46.443  39.535 0.0000000000
134875  9.638  -47.319  40.384 0.0000000000
134706  8.818  -47.294  39.962 0.0000000000
38835  26.267  -34.192  30.111 0.0000000000
37108  26.315  -36.273  31.369 0.0000000000
37092  25.662  -36.688  31.964 0.0000000000
37914  23.804  -35.625  31.263 0.0000000000
37093  24.834  -36.668  32.294 0.0000000000
36261  25.900  -37.718  33.424 0.0000000000
36224  25.479  -38.162  34.863 0.0000000000
35358  25.587  -38.829  36.415 0.0000000000
35327  25.391  -39.219  38.021 0.0000000000
36186  23.267  -37.987  37.003 0.0000000000
127642  24.127  -38.779  37.984 0.0000000000
35296  24.860  -39.248  39.741 0.0000000000
34396  24.744  -39.400  41.402 0.0000000000
34384  24.682  -39.552  42.268 0.0000000000
27064  9.766  -48.275  44.330 0.0000000000
27996  9.969  -47.368  46.987 0.0000000000
65763  55.903  -4.986  25.276 0.0000000000
63167  51.365  -7.232  23.178 0.0000000000
63146  52.330  -7.837  25.302 0.0000000000
62171  52.890  -8.748  26.700 0.0000000000
61252  51.902  -9.996  27.329 0.0000000000
61240  53.016  -9.699  28.408 0.0000000000
62153  54.632  -9.141  28.700 0.0000000000
59562  44.456  -12.203  20.356 0.0000000000
58710  45.502  -12.690  22.750 0.0000000000
57898  43.888  -13.835  22.319 0.0000000000
58696  45.006  -13.271  23.312 0.0000000000
58695  45.715  -12.901  23.806 0.0000000000
58678  46.714  -12.994  25.942 0.0000000000
132220  46.828  -12.943  27.360 0.0000000000
58653  46.855  -12.784  29.009 0.0000000000
56050  41.640  -15.702  26.938 0.0000000000
56958  42.471  -15.089  27.131 0.0000000000
56957  43.317  -14.501  27.908 0.0000000000
56919  42.448  -14.227  31.435 0.0000000000
57832  42.906  -13.925  29.853 0.0000000000
57840  44.207  -13.812  28.644 0.0000000000
121563  45.034  -13.280  29.594 0.0000000000
136989  46.113  -13.085  30.541 0.0000000000
131574  34.139  -19.663  26.636 0.0000000000
52256  35.646  -19.960  28.300 0.0000000000
50407  36.266  -21.427  29.745 0.0000000000
126035  36.285  -20.846  30.343 0.0000000000
52214  36.760  -20.036  30.109 0.0000000000
51278  37.337  -20.745  31.773 0.0000000000
51229  37.967  -20.959  34.465 0.0000000000
51214  38.813  -20.920  36.103 0.0000000000
41501  32.699  -32.110  33.141 0.0000000000
43162  35.747  -29.844  32.298 0.0000000000
43161  36.455  -29.423  32.676 0.0000000000
43968  37.432  -29.189  33.862 0.0000000000
39639  33.582  -34.287  40.290 0.0000000000
39658  34.716  -33.799  39.455 0.0000000000
127849  36.090  -33.073  37.813 0.0000000000
41436  36.916  -32.180  39.223 0.0000000000
41461  37.182  -31.998  37.348 0.0000000000
41470  37.562  -31.170  36.247 0.0000000000
43134  38.241  -29.558  35.499 0.0000000000
44926  38.334  -27.922  33.947 0.0000000000
123496  39.229  -27.257  34.994 0.0000000000
45918  39.840  -26.469  35.099 0.0000000000
46813  40.473  -25.120  35.662 0.0000000000
45883  40.093  -26.659  39.651 0.0000000000
129910  40.576  -25.748  38.166 0.0000000000
47647  40.331  -24.331  36.246 0.0000000000
131377  39.422  -22.722  37.080 0.0000000000
68532  50.650  -1.291  13.647 0.0000000000
66811  51.793  -3.398  13.681 0.0000000000
65876  51.858  -4.776  14.336 0.0000000000
65859  52.977  -5.354  15.945 0.0000000000
65836  53.952  -4.444  17.316 0.0000000000
66761  52.129  -3.451  17.956 0.0000000000
66760  53.032  -3.221  18.074 0.0000000000
67611  55.054  -3.108  17.934 0.0000000000
67591  55.589  -2.237  19.402 0.0000000000
33506  25.091  -40.754  44.390 0.0000000000
32635  25.435  -41.499  44.423 0.0000000000
27092  10.773  -47.097  41.150 0.0000000000
28018  11.214  -47.322  42.625 0.0000000000
51227  39.762  -20.530  34.902 0.0000000000
115707  40.649  -20.731  35.474 0.0000000000
36259  27.403  -37.675  32.828 0.0000000000
118557  28.122  -37.778  32.941 0.0000000000
36245  27.618  -38.133  33.426 0.0000000000
37036  18.939  -37.549  35.188 0.0000000000
119031  17.972  -36.995  34.256 0.0000000000
128189  19.537  -37.389  34.653 0.0000000000
136627  16.847  -41.179  43.395 0.0000000000
32639  16.563  -41.814  44.527 0.0000000000
64990  50.482  -6.102  20.085 0.0000000000
64105  50.576  -6.827  20.491 0.0000000000
125581  48.115  -12.147  29.088 0.0000000000
59485  49.047  -11.880  29.472 0.0000000000
132703  41.416  -15.858  24.701 0.0000000000
56069  40.861  -16.295  25.365 0.0000000000
136245  37.064  -27.362  31.386 0.0000000000
45942  37.630  -26.688  31.269 0.0000000000
45934  38.370  -26.394  32.004 0.0000000000
44941  38.107  -27.162  32.736 0.0000000000
122839  31.854  -35.424  39.097 0.0000000000
38765  32.228  -34.833  39.244 0.0000000000
38758  32.259  -34.998  39.834 0.0000000000
64114  49.421  -6.258  19.219 0.0000000000
134603  49.962  -5.979  19.557 0.0000000000
65811  50.266  -5.267  19.643 0.0000000000
67651  53.070  -1.991  13.049 0.0000000000
67642  52.434  -2.695  13.359 0.0000000000
123749  26.584  -39.986  38.420 0.0000000000
34416  26.899  -40.472  39.128 0.0000000000
136882  14.147  -44.897  42.717 0.0000000000
29890  14.192  -44.862  43.433 0.0000000000
28939  13.672  -45.354  43.945 0.0000000000
63211  46.727  -7.850  18.264 0.0000000000
62240  46.966  -9.087  19.548 0.0000000000
59551  46.693  -11.544  22.751 0.0000000000
59543  46.861  -11.858  23.605 0.0000000000
53177  40.900  -19.328  28.414 0.0000000000
123419  41.063  -18.570  28.757 0.0000000000
27096  7.053  -48.166  41.117 0.0000000000
55175  37.137  -17.416  22.725 0.0000000000
131688  36.687  -17.880  23.130 0.0000000000
54159  36.719  -18.533  23.572 0.0000000000
52273  37.067  -20.364  27.909 0.0000000000
114250  37.049  -20.550  27.081 0.0000000000
52254  37.228  -20.320  28.763 0.0000000000
135361  31.434  -36.712  33.812 0.0000000000
119383  31.096  -35.977  34.425 0.0000000000
37030  31.941  -36.542  34.582 0.0000000000
37029  32.573  -36.723  35.141 0.0000000000
36221  33.029  -37.275  35.408 0.0000000000
32704  30.527  -42.219  38.737 0.0000000000
33568  30.644  -41.332  37.630 0.0000000000
115143  21.926  -38.712  41.042 0.0000000000
35335  17.676  -38.493  38.408 0.0000000000
35317  17.835  -38.693  39.236 0.0000000000
33583  14.906  -40.965  36.980 0.0000000000
32719  15.532  -41.240  38.466 0.0000000000
32720  14.950  -41.772  38.323 0.0000000000
37072  22.327  -36.674  33.520 0.0000000000
37895  22.411  -35.826  32.242 0.0000000000
122096  23.160  -36.746  33.504 0.0000000000
36248  23.970  -37.571  34.667 0.0000000000
37032  23.067  -37.474  34.942 0.0000000000
35331  21.776  -38.595  38.596 0.0000000000
35312  22.360  -38.696  39.315 0.0000000000
35234  20.611  -39.014  44.289 0.0000000000
26085  7.099  -48.752  46.656 0.0000000000
27053  7.935  -48.430  47.196 0.0000000000
66719  54.375  -3.103  21.764 0.0000000000
66709  54.845  -3.446  22.486 0.0000000000
66697  54.464  -4.155  22.858 0.0000000000
63136  54.987  -7.263  27.299 0.0000000000
63118  55.524  -8.455  27.769 0.0000000000
62161  55.002  -8.528  28.146 0.0000000000
61286  50.199  -9.716  24.575 0.0000000000
118654  50.691  -9.223  24.603 0.0000000000
61275  50.784  -9.799  25.254 0.0000000000
57862  44.021  -14.463  26.635 0.0000000000
117197  45.185  -13.854  26.812 0.0000000000
57851  44.545  -14.046  27.237 0.0000000000
56013  41.265  -15.915  30.435 0.0000000000
50439  34.277  -20.936  27.029 0.0000000000
48529  39.245  -23.562  33.379 0.0000000000
48530  38.590  -22.860  33.124 0.0000000000
49436  38.652  -22.712  34.054 0.0000000000
48520  39.663  -23.450  35.061 0.0000000000
41503  30.562  -32.205  33.041 0.0000000000
41502  31.331  -32.404  33.289 0.0000000000
40608  35.546  -32.736  35.652 0.0000000000
41480  35.096  -32.546  34.884 0.0000000000
41479  35.850  -32.066  35.047 0.0000000000
41472  36.460  -32.254  35.871 0.0000000000
43091  37.974  -30.028  40.534 0.0000000000
43098  38.805  -29.539  38.900 0.0000000000
43927  38.980  -28.876  39.524 0.0000000000
43933  39.198  -28.762  38.628 0.0000000000
44891  39.482  -28.149  39.277 0.0000000000
65864  48.651  -4.475  15.234 0.0000000000
65863  49.419  -4.717  15.231 0.0000000000
66721  52.958  -3.799  21.070 0.0000000000
67581  52.832  -2.962  20.078 0.0000000000
66720  53.659  -3.517  21.388 0.0000000000
67570  53.974  -2.877  21.036 0.0000000000
65894  57.448  -4.143  12.722 0.0000000000
65883  58.419  -4.064  13.108 0.0000000000
66776  56.990  -3.916  16.459 0.0000000000
66757  56.436  -3.462  17.204 0.0000000000
67610  56.921  -2.600  17.588 0.0000000000
66758  55.460  -3.768  17.497 0.0000000000
130911  25.969  -39.965  41.486 0.0000000000
33535  26.381  -40.612  41.516 0.0000000000
33525  26.347  -40.820  42.404 0.0000000000
28988  12.678  -46.222  42.012 0.0000000000
28970  12.573  -46.401  42.900 0.0000000000
28006  11.179  -47.270  44.606 0.0000000000
27994  11.416  -46.585  46.353 0.0000000000
129560  45.026  -10.711  20.050 0.0000000000
59569  44.922  -11.448  20.376 0.0000000000
115018  40.874  -20.661  32.038 0.0000000000
27109  5.415  -47.698  40.172 0.0000000000
27099  4.008  -47.915  41.136 0.0000000000
38807  27.859  -34.654  31.790 0.0000000000
37891  27.875  -35.692  31.626 0.0000000000
36243  29.518  -38.007  33.292 0.0000000000
37067  29.533  -36.728  32.517 0.0000000000
36257  29.835  -37.320  32.902 0.0000000000
36242  30.722  -37.480  33.337 0.0000000000
35381  31.033  -38.339  34.064 0.0000000000
36189  20.805  -37.914  37.163 0.0000000000
36170  20.412  -38.254  37.961 0.0000000000
36190  19.887  -37.893  37.257 0.0000000000
36212  18.582  -37.751  36.466 0.0000000000
36191  18.938  -37.869  37.384 0.0000000000
36192  18.020  -37.824  37.105 0.0000000000
36173  18.201  -37.956  37.951 0.0000000000
37074  20.298  -36.694  33.450 0.0000000000
37880  20.967  -36.328  33.048 0.0000000000
37034  21.276  -37.426  34.762 0.0000000000
36210  21.142  -37.795  36.277 0.0000000000
36169  21.290  -38.364  37.878 0.0000000000
34348  18.066  -39.979  45.009 0.0000000000
65802  52.040  -4.601  20.777 0.0000000000
127239  52.812  -4.929  21.805 0.0000000000
64981  52.270  -5.316  21.429 0.0000000000
64080  51.962  -6.696  23.178 0.0000000000
64079  52.515  -6.434  23.524 0.0000000000
64069  52.669  -6.689  24.313 0.0000000000
127416  49.540  -11.530  26.904 0.0000000000
60395  50.231  -10.983  26.881 0.0000000000
60387  49.906  -11.358  27.691 0.0000000000
57013  42.226  -14.895  22.449 0.0000000000
57005  41.659  -15.383  22.977 0.0000000000
56980  42.180  -15.461  25.286 0.0000000000
132241  42.783  -15.003  25.664 0.0000000000
56968  42.838  -14.961  26.418 0.0000000000
48571  36.428  -23.383  27.711 0.0000000000
47688  37.804  -24.052  29.193 0.0000000000
48562  37.482  -23.263  28.942 0.0000000000
47680  38.223  -24.432  29.925 0.0000000000
45933  39.112  -25.803  32.553 0.0000000000
47673  38.989  -24.430  31.381 0.0000000000
118927  39.401  -25.063  32.417 0.0000000000
125577  39.512  -24.406  32.818 0.0000000000
46830  39.695  -25.285  33.166 0.0000000000
40612  31.795  -33.142  35.164 0.0000000000
119496  33.270  -33.943  38.363 0.0000000000
39706  33.274  -33.684  37.044 0.0000000000
39693  33.837  -33.761  37.703 0.0000000000
40570  34.093  -33.536  36.801 0.0000000000
39692  34.669  -33.708  38.056 0.0000000000
66753  47.302  -4.647  17.467 0.0000000000
66752  48.173  -4.338  17.675 0.0000000000
66751  48.953  -4.011  17.950 0.0000000000
66750  49.877  -3.912  18.205 0.0000000000
66743  50.310  -3.857  18.756 0.0000000000
65809  51.382  -4.576  20.226 0.0000000000
66722  52.407  -4.027  20.769 0.0000000000
66818  54.143  -2.876  12.987 0.0000000000
66807  55.372  -4.055  13.099 0.0000000000
65886  54.900  -4.628  13.749 0.0000000000
65873  54.400  -5.175  14.631 0.0000000000
65021  53.576  -5.402  15.326 0.0000000000
135695  27.496  -39.294  35.611 0.0000000000
34462  27.108  -39.658  36.606 0.0000000000
133920  28.221  -41.195  38.820 0.0000000000
33555  28.677  -41.516  38.790 0.0000000000
33569  29.294  -41.422  38.192 0.0000000000
32706  28.717  -41.842  39.405 0.0000000000
31755  15.669  -43.230  43.482 0.0000000000
31745  15.751  -43.093  44.376 0.0000000000
30804  15.287  -43.758  44.047 0.0000000000
29863  14.257  -44.670  45.210 0.0000000000
30792  14.800  -44.067  45.552 0.0000000000
120551  14.332  -44.651  47.096 0.0000000000
30774  14.061  -44.547  46.647 0.0000000000
28941  12.513  -46.201  44.893 0.0000000000
28929  12.939  -45.693  45.515 0.0000000000
63198  49.578  -7.578  19.954 0.0000000000
63199  48.956  -7.903  19.633 0.0000000000
62227  48.073  -8.975  20.748 0.0000000000
62226  48.855  -8.657  21.100 0.0000000000
62203  49.127  -8.964  22.959 0.0000000000
61306  48.582  -9.404  22.519 0.0000000000
119642  46.732  -9.621  20.096 0.0000000000
61319  46.936  -9.874  20.872 0.0000000000
60430  47.734  -10.891  23.351 0.0000000000
113394  48.383  -10.608  23.709 0.0000000000
60429  48.886  -10.101  23.727 0.0000000000
60419  49.334  -10.783  25.010 0.0000000000
60409  48.604  -11.385  25.002 0.0000000000
59509  48.045  -12.251  26.307 0.0000000000
59500  48.041  -12.376  27.208 0.0000000000
55137  40.115  -17.328  26.202 0.0000000000
55136  40.585  -16.758  26.722 0.0000000000
54080  41.317  -18.141  29.377 0.0000000000
112622  41.766  -19.413  30.848 0.0000000000
111571  41.868  -17.804  32.955 0.0000000000
111569  41.835  -17.128  31.756 0.0000000000
55061  42.051  -17.016  32.875 0.0000000000
44018  35.587  -28.384  30.517 0.0000000000
44952  36.388  -27.938  31.098 0.0000000000
132434  36.421  -28.504  31.700 0.0000000000
65828  45.837  -4.916  17.940 0.0000000000
65007  46.479  -5.411  18.159 0.0000000000
64116  47.857  -6.690  18.515 0.0000000000
64115  48.633  -6.461  18.961 0.0000000000
27094  8.891  -47.845  41.064 0.0000000000
116427  8.569  -48.256  41.826 0.0000000000
26123  7.560  -48.695  42.651 0.0000000000
26113  7.468  -48.789  43.553 0.0000000000
26103  7.376  -48.818  44.534 0.0000000000
26114  6.597  -48.792  43.967 0.0000000000
136258  5.354  -48.431  41.835 0.0000000000
27085  6.005  -48.601  42.334 0.0000000000
116450  40.299  -15.908  22.414 0.0000000000
56086  39.468  -16.508  22.685 0.0000000000
55174  37.909  -17.085  23.124 0.0000000000
55173  38.801  -16.927  23.391 0.0000000000
55161  39.034  -17.165  24.245 0.0000000000
53207  39.707  -19.238  26.142 0.0000000000
53193  40.213  -19.149  26.845 0.0000000000
52291  39.808  -19.953  26.622 0.0000000000
51327  38.623  -20.913  27.890 0.0000000000
51364  38.580  -20.599  26.437 0.0000000000
51347  38.955  -20.799  27.144 0.0000000000
51326  39.509  -20.804  27.791 0.0000000000
51307  39.819  -20.937  29.351 0.0000000000
132388  38.641  -20.375  31.603 0.0000000000
51293  39.231  -20.719  31.004 0.0000000000
52161  39.164  -20.322  32.724 0.0000000000
135826  39.005  -20.346  33.380 0.0000000000
41520  28.821  -31.721  32.195 0.0000000000
41505  29.116  -31.963  32.713 0.0000000000
40644  29.054  -32.486  33.189 0.0000000000
38798  28.140  -34.173  32.583 0.0000000000
39732  27.926  -33.418  32.703 0.0000000000
37862  29.880  -34.945  34.972 0.0000000000
38790  29.000  -34.199  33.911 0.0000000000
38789  29.604  -34.393  34.576 0.0000000000
39724  29.486  -33.706  34.277 0.0000000000
39716  29.818  -34.047  35.093 0.0000000000
39715  30.365  -33.890  35.451 0.0000000000
38779  30.172  -34.439  35.644 0.0000000000
37022  31.740  -36.035  36.820 0.0000000000
37014  31.820  -35.960  37.802 0.0000000000
37005  31.934  -35.942  38.728 0.0000000000
37004  32.711  -36.409  38.144 0.0000000000
34460  28.971  -39.800  36.001 0.0000000000
35356  28.583  -39.500  35.412 0.0000000000
34459  29.856  -39.910  36.137 0.0000000000
33579  31.113  -40.769  37.110 0.0000000000
34441  31.710  -40.102  36.473 0.0000000000
34457  31.993  -39.423  35.759 0.0000000000
34440  32.750  -39.990  36.707 0.0000000000
32714  33.960  -40.986  38.562 0.0000000000
33565  33.540  -40.757  37.885 0.0000000000
118597  33.836  -40.101  37.607 0.0000000000
34439  33.681  -39.622  37.005 0.0000000000
34438  34.282  -39.396  37.739 0.0000000000
35308  34.428  -38.838  39.630 0.0000000000
36146  33.690  -37.620  40.134 0.0000000000
34368  23.971  -39.637  43.675 0.0000000000
35249  23.187  -39.189  43.348 0.0000000000
120787  21.696  -38.723  41.927 0.0000000000
35268  21.524  -38.773  42.780 0.0000000000
35251  21.160  -38.841  43.562 0.0000000000
131207  20.795  -38.732  42.826 0.0000000000
136264  19.856  -38.612  39.378 0.0000000000
117877  20.779  -38.653  40.321 0.0000000000
35314  20.028  -38.651  40.102 0.0000000000
35301  18.855  -38.743  41.043 0.0000000000
35270  19.644  -38.756  42.155 0.0000000000
35271  18.960  -38.864  42.704 0.0000000000
35272  18.276  -39.005  42.160 0.0000000000
34387  17.224  -40.051  42.021 0.0000000000
33536  16.813  -40.779  41.546 0.0000000000
35371  16.493  -38.243  35.573 0.0000000000
35359  16.742  -38.440  36.322 0.0000000000
34475  15.097  -39.848  35.697 0.0000000000
33582  15.582  -40.540  37.370 0.0000000000
34447  16.541  -39.363  37.502 0.0000000000
34431  16.031  -39.950  37.928 0.0000000000
34420  16.321  -40.228  38.740 0.0000000000
33547  16.153  -41.174  40.320 0.0000000000
124098  15.946  -41.779  40.968 0.0000000000
33537  16.427  -41.451  41.494 0.0000000000
31765  15.814  -42.646  42.247 0.0000000000
31782  15.111  -43.035  41.007 0.0000000000
31829  13.851  -42.912  37.997 0.0000000000
30878  13.122  -44.263  38.694 0.0000000000
29945  13.402  -44.567  39.529 0.0000000000
29932  13.613  -44.773  40.361 0.0000000000
135920  11.936  -46.036  40.140 0.0000000000
28042  11.291  -46.576  40.351 0.0000000000
28059  9.932  -46.671  39.453 0.0000000000
28060  9.223  -46.455  38.855 0.0000000000
28044  9.343  -47.007  39.849 0.0000000000
37931  25.226  -35.173  30.203 0.0000000000
38817  25.983  -34.910  30.151 0.0000000000
37912  25.885  -35.617  30.690 0.0000000000
38838  23.099  -34.678  30.030 0.0000000000
124947  23.890  -34.825  30.032 0.0000000000
38819  23.411  -35.051  30.769 0.0000000000
37070  24.560  -36.977  33.159 0.0000000000
37893  24.295  -36.083  31.851 0.0000000000
37069  25.547  -37.163  32.741 0.0000000000
118799  25.468  -37.846  34.081 0.0000000000
121505  24.296  -37.969  36.061 0.0000000000
36205  25.101  -38.322  35.803 0.0000000000
35342  25.173  -38.894  37.216 0.0000000000
120811  24.758  -38.886  37.799 0.0000000000
36208  22.806  -37.851  36.336 0.0000000000
135041  23.765  -38.833  39.430 0.0000000000
129720  23.934  -38.821  38.737 0.0000000000
35310  24.422  -38.934  39.259 0.0000000000
35328  24.646  -38.933  38.472 0.0000000000
34407  24.758  -39.279  40.544 0.0000000000
35265  24.067  -39.023  41.898 0.0000000000
113481  24.653  -39.791  43.150 0.0000000000
34355  23.199  -39.742  45.114 0.0000000000
31735  15.819  -42.866  45.436 0.0000000000
32619  16.238  -42.331  46.124 0.0000000000
31723  15.748  -42.953  46.471 0.0000000000
27073  9.051  -48.574  43.713 0.0000000000
27072  9.845  -48.246  43.364 0.0000000000
27046  9.280  -47.746  47.311 0.0000000000
27051  9.398  -47.908  46.334 0.0000000000
130380  9.851  -47.379  47.722 0.0000000000
27986  10.046  -47.315  48.082 0.0000000000
65773  54.420  -5.050  24.022 0.0000000000
64950  54.836  -5.286  24.866 0.0000000000
64040  56.325  -7.122  26.929 0.0000000000
63176  50.420  -7.662  21.772 0.0000000000
63168  50.595  -7.764  22.786 0.0000000000
62183  51.915  -8.642  25.480 0.0000000000
62191  51.661  -8.138  24.786 0.0000000000
62182  52.554  -8.310  25.977 0.0000000000
60385  51.492  -10.554  27.913 0.0000000000
132056  53.504  -9.804  29.027 0.0000000000
62154  53.809  -9.336  28.558 0.0000000000
127170  54.194  -9.699  29.083 0.0000000000
114366  54.351  -10.217  29.132 0.0000000000
58718  44.004  -12.910  20.507 0.0000000000
58717  44.664  -12.792  21.174 0.0000000000
59553  45.247  -12.418  21.772 0.0000000000
57003  43.003  -14.692  23.310 0.0000000000
129093  43.704  -14.198  23.155 0.0000000000
57881  44.904  -13.815  24.620 0.0000000000
57889  44.670  -13.752  23.825 0.0000000000
131028  45.181  -13.431  24.037 0.0000000000
57880  45.617  -13.402  24.599 0.0000000000
113690  46.130  -12.933  24.574 0.0000000000
58686  46.109  -13.281  25.315 0.0000000000
58669  46.200  -13.285  27.524 0.0000000000
58668  46.517  -13.207  26.746 0.0000000000
58662  46.709  -12.908  28.197 0.0000000000
133227  46.273  -12.902  28.885 0.0000000000
56051  40.918  -16.160  27.320 0.0000000000
56039  41.362  -15.707  27.958 0.0000000000
56946  42.177  -14.747  28.893 0.0000000000
132470  41.911  -15.282  27.726 0.0000000000
118176  42.485  -14.841  28.084 0.0000000000
135554  42.900  -14.798  27.537 0.0000000000
57841  42.885  -14.287  28.861 0.0000000000
57823  43.811  -13.573  31.166 0.0000000000
57824  43.001  -13.793  30.842 0.0000000000
57831  43.698  -13.633  30.163 0.0000000000
121087  43.587  -13.839  29.238 0.0000000000
58655  44.373  -13.570  29.463 0.0000000000
51349  34.474  -20.280  27.541 0.0000000000
52257  34.821  -19.901  27.874 0.0000000000
51329  35.446  -20.238  28.562 0.0000000000
49510  37.652  -22.728  29.751 0.0000000000
49512  36.219  -21.796  28.877 0.0000000000
49496  36.894  -21.923  30.192 0.0000000000
49463  37.146  -21.502  31.774 0.0000000000
49480  36.961  -21.538  31.043 0.0000000000
50386  36.669  -21.033  30.865 0.0000000000
51295  36.180  -20.410  30.039 0.0000000000
51279  36.975  -20.849  31.259 0.0000000000
52195  37.098  -20.430  30.663 0.0000000000
51265  37.036  -20.950  32.083 0.0000000000
49416  37.940  -21.456  34.930 0.0000000000
51244  37.810  -20.976  33.396 0.0000000000
51215  38.192  -20.969  35.272 0.0000000000
50336  38.295  -21.470  35.706 0.0000000000
40626  32.416  -32.831  34.493 0.0000000000
41491  33.013  -32.550  33.834 0.0000000000
42307  34.082  -31.553  32.725 0.0000000000
42316  34.556  -30.917  32.288 0.0000000000
42315  35.355  -30.586  32.643 0.0000000000
43153  36.053  -30.142  33.076 0.0000000000
43152  36.815  -29.729  33.421 0.0000000000
43980  37.052  -28.870  33.119 0.0000000000
38731  33.169  -35.329  42.140 0.0000000000
38744  33.419  -34.576  41.063 0.0000000000
40527  35.383  -33.387  40.778 0.0000000000
39637  35.158  -33.638  40.164 0.0000000000
39657  35.498  -33.504  39.447 0.0000000000
40552  35.909  -33.253  38.694 0.0000000000
40539  36.022  -33.075  39.462 0.0000000000
127557  37.875  -30.865  39.397 0.0000000000
42255  37.374  -31.441  39.786 0.0000000000
41435  37.579  -31.548  38.857 0.0000000000
41449  37.127  -32.107  38.231 0.0000000000
41448  37.718  -31.517  37.935 0.0000000000
41460  37.722  -31.392  37.058 0.0000000000
42270  38.191  -30.823  37.630 0.0000000000
43114  38.951  -29.156  36.980 0.0000000000
43125  38.509  -29.892  36.408 0.0000000000
43952  38.737  -28.731  35.538 0.0000000000
43953  38.261  -28.892  34.966 0.0000000000
43966  38.682  -28.139  34.799 0.0000000000
118037  38.859  -27.426  34.290 0.0000000000
44919  39.172  -27.898  35.667 0.0000000000
44904  40.047  -26.994  37.200 0.0000000000
44918  39.734  -27.062  35.782 0.0000000000
44911  40.000  -26.795  36.480 0.0000000000
136179  40.178  -25.717  35.218 0.0000000000
44884  39.702  -27.523  39.944 0.0000000000
45874  39.853  -26.812  40.698 0.0000000000
46798  40.538  -25.480  38.826 0.0000000000
114587  40.568  -24.966  38.140 0.0000000000
47639  40.373  -24.401  37.290 0.0000000000
48503  39.890  -23.462  36.783 0.0000000000
69418  50.404  -0.384  13.557 0.0000000000
134908  46.784  -3.942  15.707 0.0000000000
66793  46.402  -3.413  15.481 0.0000000000
67634  50.185  -2.955  14.102 0.0000000000
66812  50.977  -3.216  13.868 0.0000000000
66799  51.207  -4.194  14.098 0.0000000000
65888  52.020  -4.131  13.890 0.0000000000
65860  52.085  -5.341  15.779 0.0000000000
65849  53.377  -4.944  16.707 0.0000000000
66762  51.235  -3.663  17.932 0.0000000000
66749  51.692  -3.237  18.492 0.0000000000
67603  53.190  -2.873  18.678 0.0000000000
125853  53.703  -3.700  17.798 0.0000000000
67612  54.140  -2.980  18.282 0.0000000000
123394  55.416  -2.652  18.533 0.0000000000
67602  54.666  -2.575  19.139 0.0000000000
68486  56.292  -2.059  21.155 0.0000000000
67660  55.725  -2.236  11.640 0.0000000000
66823  55.989  -2.819  11.708 0.0000000000
113970  57.096  -4.599  15.040 0.0000000000
133794  25.791  -40.752  43.386 0.0000000000
28010  11.841  -46.896  43.204 0.0000000000
28011  11.190  -47.394  43.556 0.0000000000
27063  10.530  -47.879  43.965 0.0000000000
37107  27.181  -36.503  31.664 0.0000000000
37090  27.974  -36.580  32.024 0.0000000000
36271  28.101  -37.318  32.405 0.0000000000
35383  28.918  -38.630  33.934 0.0000000000
134017  19.006  -37.680  35.877 0.0000000000
36231  18.347  -37.633  35.698 0.0000000000
37075  19.565  -36.716  33.456 0.0000000000
37053  20.012  -36.955  34.087 0.0000000000
37035  20.377  -37.449  34.733 0.0000000000
33515  17.441  -40.309  43.626 0.0000000000
33508  17.517  -40.483  44.499 0.0000000000
33509  16.977  -41.060  45.028 0.0000000000
32618  16.776  -41.840  46.538 0.0000000000
127036  51.725  -5.927  21.311 0.0000000000
116342  51.707  -6.662  22.495 0.0000000000
59493  49.529  -11.642  28.528 0.0000000000
134792  49.625  -11.929  30.065 0.0000000000
56085  41.019  -15.765  23.082 0.0000000000
56077  41.619  -15.627  23.763 0.0000000000
46848  37.437  -25.564  29.821 0.0000000000
133938  38.089  -25.379  30.416 0.0000000000
46840  38.251  -25.807  31.110 0.0000000000
38772  31.234  -34.922  37.701 0.0000000000
39695  31.623  -34.339  37.307 0.0000000000
39678  31.865  -34.594  38.071 0.0000000000
39677  32.560  -34.439  38.665 0.0000000000
137030  33.328  -34.063  38.969 0.0000000000
65820  48.270  -4.966  18.460 0.0000000000
65819  49.101  -4.716  18.717 0.0000000000
65818  49.946  -4.415  19.140 0.0000000000
64989  50.937  -5.350  20.201 0.0000000000
66809  53.992  -3.610  13.250 0.0000000000
135435  53.277  -3.864  13.479 0.0000000000
65887  52.741  -4.471  13.977 0.0000000000
34446  26.094  -39.336  37.125 0.0000000000
34445  26.855  -39.873  37.551 0.0000000000
33570  27.739  -40.909  38.865 0.0000000000
29889  14.761  -44.352  43.731 0.0000000000
28925  11.973  -46.016  46.491 0.0000000000
28924  12.621  -45.687  46.438 0.0000000000
63210  47.660  -7.646  18.546 0.0000000000
63200  48.206  -8.231  19.254 0.0000000000
61308  47.196  -10.140  21.726 0.0000000000
60441  46.831  -10.896  22.107 0.0000000000
133006  47.132  -10.974  22.852 0.0000000000
59542  47.497  -11.528  23.895 0.0000000000
59531  47.819  -11.740  24.653 0.0000000000
59521  47.452  -12.237  25.051 0.0000000000
54111  40.516  -18.281  27.258 0.0000000000
54110  40.680  -17.458  27.841 0.0000000000
123730  40.807  -18.408  28.076 0.0000000000
135087  41.725  -19.157  33.121 0.0000000000
64117  46.964  -6.921  18.211 0.0000000000
27095  7.960  -47.942  41.095 0.0000000000
54157  38.608  -17.818  24.489 0.0000000000
135885  37.939  -17.930  24.191 0.0000000000
54143  38.164  -18.557  24.542 0.0000000000
53223  38.347  -19.365  25.025 0.0000000000
52312  36.542  -20.265  25.564 0.0000000000
51348  37.948  -20.812  27.189 0.0000000000
51309  38.184  -20.790  28.753 0.0000000000
52212  38.424  -20.585  30.341 0.0000000000
52193  38.211  -20.332  31.068 0.0000000000
41521  28.008  -31.871  32.202 0.0000000000
37868  30.121  -35.631  33.479 0.0000000000
37877  29.366  -35.019  33.450 0.0000000000
116256  30.415  -35.432  34.262 0.0000000000
37861  30.507  -35.291  35.188 0.0000000000
37855  30.558  -35.161  36.097 0.0000000000
37021  32.737  -36.547  35.957 0.0000000000
131653  29.881  -41.268  37.721 0.0000000000
128132  29.705  -40.518  36.784 0.0000000000
33580  30.170  -40.868  37.212 0.0000000000
33567  31.598  -41.288  37.590 0.0000000000
32701  34.380  -41.359  39.366 0.0000000000
35325  34.480  -39.313  38.704 0.0000000000
35266  23.326  -38.946  42.335 0.0000000000
121430  22.556  -38.798  41.688 0.0000000000
115421  21.018  -38.680  41.232 0.0000000000
35315  19.313  -38.626  39.812 0.0000000000
35316  18.565  -38.589  39.520 0.0000000000
132010  18.254  -38.820  40.718 0.0000000000
35302  18.236  -38.908  41.373 0.0000000000
34408  17.669  -39.229  40.710 0.0000000000
34409  17.002  -39.778  40.215 0.0000000000
35372  15.847  -38.697  35.217 0.0000000000
135727  14.656  -40.421  35.716 0.0000000000
33558  15.915  -40.894  38.977 0.0000000000
32707  15.522  -41.551  39.093 0.0000000000
31799  15.490  -42.419  40.678 0.0000000000
30865  14.384  -43.422  39.644 0.0000000000
29946  12.618  -44.970  39.013 0.0000000000
29018  11.924  -45.460  38.950 0.0000000000
37894  23.345  -35.922  32.129 0.0000000000
37071  23.859  -36.896  33.518 0.0000000000
37048  24.269  -37.295  33.918 0.0000000000
36247  24.779  -37.744  34.373 0.0000000000
35345  22.902  -38.443  37.634 0.0000000000
35330  22.604  -38.640  38.407 0.0000000000
35311  23.199  -38.756  39.007 0.0000000000
127133  23.473  -38.845  40.675 0.0000000000
35281  23.374  -38.836  41.405 0.0000000000
26093  8.136  -48.773  45.125 0.0000000000
27059  8.812  -48.465  45.723 0.0000000000
64943  54.224  -5.883  25.256 0.0000000000
64942  55.284  -5.607  25.690 0.0000000000
64060  54.604  -6.284  26.153 0.0000000000
64041  55.830  -7.134  27.308 0.0000000000
63125  55.874  -7.767  27.366 0.0000000000
62160  55.822  -8.279  27.472 0.0000000000
61250  55.466  -9.412  27.778 0.0000000000
62201  50.414  -8.351  23.485 0.0000000000
61274  51.239  -8.944  25.019 0.0000000000
60370  51.423  -10.988  29.594 0.0000000000
60375  51.857  -10.570  28.916 0.0000000000
133001  44.051  -13.432  21.401 0.0000000000
57882  44.239  -14.309  24.871 0.0000000000
57872  44.796  -13.996  25.492 0.0000000000
57860  45.436  -13.804  26.074 0.0000000000
129246  45.794  -13.594  25.697 0.0000000000
56028  40.946  -16.189  29.096 0.0000000000
56027  41.245  -15.655  28.839 0.0000000000
56938  41.618  -15.063  29.426 0.0000000000
127015  41.910  -14.745  30.149 0.0000000000
130243  44.548  -13.551  31.401 0.0000000000
51350  33.830  -20.315  26.889 0.0000000000
50409  35.392  -20.624  28.657 0.0000000000
48543  38.248  -22.886  31.292 0.0000000000
48536  38.437  -22.895  32.274 0.0000000000
49462  37.660  -22.022  32.172 0.0000000000
50367  37.697  -21.522  32.996 0.0000000000
49448  37.953  -22.159  33.645 0.0000000000
49437  37.936  -22.035  34.500 0.0000000000
127543  38.198  -22.087  35.300 0.0000000000
40625  34.232  -32.722  34.758 0.0000000000
41490  33.897  -32.433  33.996 0.0000000000
41489  34.733  -32.252  34.182 0.0000000000
41488  35.250  -31.688  33.745 0.0000000000
42305  35.708  -30.963  33.403 0.0000000000
42295  36.060  -31.405  34.278 0.0000000000
42294  36.861  -30.783  34.641 0.0000000000
39623  33.901  -34.329  41.744 0.0000000000
133812  34.723  -33.781  42.488 0.0000000000
40506  35.052  -33.396  42.372 0.0000000000
40516  35.736  -32.927  41.165 0.0000000000
43106  38.585  -30.206  38.243 0.0000000000
43105  38.936  -29.402  37.968 0.0000000000
123293  39.400  -28.378  37.013 0.0000000000
44905  39.722  -27.818  37.487 0.0000000000
44896  39.981  -27.123  38.081 0.0000000000
66780  48.054  -4.512  16.567 0.0000000000
115626  47.325  -3.839  15.311 0.0000000000
65855  47.979  -4.423  15.593 0.0000000000
65878  49.666  -4.308  14.631 0.0000000000
65877  50.189  -4.692  14.733 0.0000000000
65861  51.001  -4.964  14.743 0.0000000000
65851  51.450  -4.993  16.500 0.0000000000
67595  51.918  -3.054  19.327 0.0000000000
67604  52.045  -2.933  18.927 0.0000000000
67594  52.430  -2.938  19.461 0.0000000000
67593  53.213  -2.804  19.481 0.0000000000
114736  54.114  -2.615  19.742 0.0000000000
67592  55.004  -2.367  19.988 0.0000000000
67579  54.476  -2.609  20.528 0.0000000000
66815  56.940  -3.702  12.049 0.0000000000
66814  57.850  -3.836  11.936 0.0000000000
65858  56.361  -4.737  15.891 0.0000000000
67609  57.924  -2.219  17.199 0.0000000000
33556  26.164  -40.126  40.036 0.0000000000
33534  27.102  -41.115  41.252 0.0000000000
32661  26.905  -41.443  42.683 0.0000000000
28954  13.086  -45.852  43.472 0.0000000000
28005  11.914  -46.658  44.769 0.0000000000
27990  11.213  -46.734  47.646 0.0000000000
119692  46.211  -10.043  20.399 0.0000000000
60442  46.216  -11.232  21.569 0.0000000000
59552  45.972  -11.883  22.213 0.0000000000
52211  41.204  -20.295  29.698 0.0000000000
51291  41.447  -20.322  30.603 0.0000000000
115736  41.551  -20.143  31.619 0.0000000000
112843  41.496  -19.907  33.251 0.0000000000
113821  41.164  -20.438  33.485 0.0000000000
135911  41.406  -20.051  33.903 0.0000000000
27086  4.536  -48.343  41.941 0.0000000000
27110  4.431  -47.614  40.232 0.0000000000
27075  4.184  -48.493  42.887 0.0000000000
52274  36.299  -20.052  27.722 0.0000000000
123686  27.724  -33.886  32.120 0.0000000000
126482  29.045  -35.403  32.600 0.0000000000
136767  29.193  -36.142  32.351 0.0000000000
37876  29.678  -35.862  32.806 0.0000000000
36241  31.703  -37.473  34.057 0.0000000000
35313  21.441  -38.656  39.590 0.0000000000
35333  20.088  -38.513  38.724 0.0000000000
33597  14.014  -40.756  35.397 0.0000000000
32731  14.373  -41.403  36.610 0.0000000000
118642  13.944  -41.924  36.807 0.0000000000
32721  14.258  -42.234  37.689 0.0000000000
37896  21.489  -35.801  32.287 0.0000000000
37073  21.592  -36.668  33.496 0.0000000000
37033  22.143  -37.388  34.856 0.0000000000
36209  21.996  -37.828  36.302 0.0000000000
66711  53.291  -4.315  21.760 0.0000000000
65789  53.735  -4.573  22.481 0.0000000000
65790  53.158  -4.904  22.250 0.0000000000
65781  53.349  -5.183  22.835 0.0000000000
64961  53.636  -5.466  23.567 0.0000000000
64962  52.936  -5.818  23.154 0.0000000000
64061  53.726  -6.504  25.488 0.0000000000
64051  53.658  -7.080  26.113 0.0000000000
63137  54.071  -7.544  26.925 0.0000000000
60407  50.464  -10.607  25.943 0.0000000000
60386  50.661  -10.892  27.752 0.0000000000
60371  50.741  -11.219  29.363 0.0000000000
57022  42.641  -14.473  21.491 0.0000000000
56991  42.878  -14.915  24.232 0.0000000000
56990  43.445  -14.768  25.079 0.0000000000
56978  43.445  -14.774  26.095 0.0000000000
55997  41.952  -15.668  32.148 0.0000000000
49541  35.935  -22.779  27.325 0.0000000000
49527  36.170  -22.289  27.975 0.0000000000
49526  36.823  -22.716  28.428 0.0000000000
48552  38.230  -23.274  30.275 0.0000000000
46847  38.717  -24.828  30.822 0.0000000000
47679  38.775  -23.894  30.795 0.0000000000
48542  38.895  -23.683  31.677 0.0000000000
47658  39.783  -24.341  33.644 0.0000000000
47657  39.966  -24.280  34.513 0.0000000000
40628  30.689  -32.960  34.358 0.0000000000
40641  31.245  -32.698  33.881 0.0000000000
40627  31.528  -32.890  34.442 0.0000000000
40611  32.659  -32.980  35.320 0.0000000000
39707  32.435  -33.741  36.688 0.0000000000
40591  32.835  -33.334  35.955 0.0000000000
40610  33.590  -32.968  35.550 0.0000000000
127492  34.138  -33.198  36.124 0.0000000000
40589  34.978  -33.188  36.419 0.0000000000
40568  35.586  -33.225  37.165 0.0000000000
66766  47.630  -4.455  17.161 0.0000000000
66779  48.919  -4.452  16.902 0.0000000000
66778  49.843  -4.469  17.062 0.0000000000
116746  50.899  -3.609  18.501 0.0000000000
129481  50.597  -3.961  19.263 0.0000000000
66741  51.610  -3.416  19.473 0.0000000000
66733  51.877  -3.824  20.196 0.0000000000
68557  55.136  -1.929  11.946 0.0000000000
67648  55.332  -2.729  12.150 0.0000000000
67649  54.595  -2.452  12.503 0.0000000000
117324  56.733  -4.462  13.379 0.0000000000
114245  56.638  -4.754  14.176 0.0000000000
65872  56.195  -4.976  15.020 0.0000000000
116329  55.233  -4.962  16.297 0.0000000000
35385  27.011  -38.428  34.069 0.0000000000
35384  27.917  -38.615  34.012 0.0000000000
35369  27.289  -38.831  34.773 0.0000000000
132120  27.781  -40.110  37.120 0.0000000000
34444  28.315  -40.624  37.477 0.0000000000
33581  29.225  -40.876  37.456 0.0000000000
125069  26.887  -40.690  39.920 0.0000000000
32692  27.419  -41.225  40.280 0.0000000000
32691  28.312  -41.902  40.230 0.0000000000
32650  16.093  -42.417  43.753 0.0000000000
31724  15.314  -43.470  46.006 0.0000000000
30773  14.742  -44.079  46.896 0.0000000000
29865  13.636  -45.267  44.994 0.0000000000
29864  13.696  -44.939  45.861 0.0000000000
29846  13.055  -45.197  46.974 0.0000000000
29855  13.640  -44.843  46.655 0.0000000000
62225  49.668  -8.227  21.549 0.0000000000
62216  49.637  -8.521  22.503 0.0000000000
62202  49.810  -8.761  23.279 0.0000000000
134754  49.857  -9.608  24.162 0.0000000000
62228  47.389  -9.378  20.370 0.0000000000
61307  47.898  -9.783  22.146 0.0000000000
61295  48.859  -9.602  23.198 0.0000000000
61287  49.543  -10.135  24.353 0.0000000000
60408  49.771  -10.835  25.584 0.0000000000
132182  49.197  -11.550  26.298 0.0000000000
59519  48.662  -11.771  25.906 0.0000000000
135488  48.515  -11.985  27.638 0.0000000000
55149  40.322  -16.735  25.149 0.0000000000
55148  40.472  -16.770  25.868 0.0000000000
55115  40.810  -16.768  28.486 0.0000000000
56014  41.044  -16.238  29.812 0.0000000000
55092  41.593  -16.299  31.306 0.0000000000
115006  41.683  -18.756  30.108 0.0000000000
112482  41.848  -18.152  31.080 0.0000000000
113400  41.812  -18.642  32.619 0.0000000000
54064  41.618  -17.108  30.927 0.0000000000
45950  36.319  -26.823  29.903 0.0000000000
36985  32.720  -36.342  41.342 0.0000000000
38746  32.449  -35.439  40.421 0.0000000000
37818  33.304  -35.987  42.585 0.0000000000
65006  47.418  -5.212  18.230 0.0000000000
68561  51.925  -1.012  12.887 0.0000000000
27093  9.818  -47.534  41.016 0.0000000000
27082  9.458  -47.972  41.872 0.0000000000
26122  8.254  -48.579  42.422 0.0000000000
26112  8.288  -48.717  43.168 0.0000000000
26104  6.514  -48.809  44.966 0.0000000000
26095  6.391  -48.813  45.929 0.0000000000
55172  39.681  -16.755  23.786 0.0000000000
54141  39.646  -17.854  25.641 0.0000000000
54127  39.989  -18.202  26.403 0.0000000000
52271  40.606  -20.059  27.989 0.0000000000
53224  37.632  -19.373  24.500 0.0000000000
52310  38.438  -20.154  25.645 0.0000000000
52292  39.222  -20.074  26.078 0.0000000000
51346  39.703  -20.479  27.152 0.0000000000
51345  40.125  -20.466  27.694 0.0000000000
51306  40.610  -20.727  29.293 0.0000000000
51277  40.223  -20.844  31.488 0.0000000000
134137  39.364  -20.922  30.093 0.0000000000
51262  40.104  -20.715  32.400 0.0000000000
51242  39.876  -20.537  33.259 0.0000000000
115998  38.886  -20.714  35.396 0.0000000000
41519  29.640  -31.726  32.179 0.0000000000
40643  29.804  -32.616  33.450 0.0000000000
40657  27.046  -32.430  31.927 0.0000000000
40656  27.811  -32.617  32.401 0.0000000000
40645  28.459  -33.016  33.208 0.0000000000
40630  29.109  -33.066  33.794 0.0000000000
40629  29.865  -33.055  34.146 0.0000000000
39709  30.640  -34.269  36.121 0.0000000000
38773  30.889  -34.632  36.843 0.0000000000
37849  30.718  -35.017  36.925 0.0000000000
37842  31.617  -35.380  38.268 0.0000000000
36993  32.008  -35.891  39.579 0.0000000000
35367  29.248  -38.990  34.690 0.0000000000
35366  30.236  -38.952  34.650 0.0000000000
34472  30.516  -39.435  35.295 0.0000000000
35365  31.066  -38.865  34.716 0.0000000000
34471  31.467  -39.125  35.238 0.0000000000
130886  32.260  -38.778  35.254 0.0000000000
35364  32.817  -38.085  35.120 0.0000000000
32716  32.099  -41.742  38.126 0.0000000000
33566  32.608  -41.103  37.668 0.0000000000
34456  33.277  -39.313  36.386 0.0000000000
36203  33.482  -37.943  35.774 0.0000000000
36183  33.936  -37.850  36.621 0.0000000000
127673  34.239  -37.916  37.416 0.0000000000
36184  33.689  -37.121  37.425 0.0000000000
35326  34.335  -38.322  38.867 0.0000000000
36166  34.145  -37.691  38.218 0.0000000000
36167  33.379  -37.010  38.636 0.0000000000
36157  33.058  -36.992  39.726 0.0000000000
121996  32.751  -36.619  40.543 0.0000000000
33507  24.384  -40.467  44.891 0.0000000000
35232  22.851  -39.411  44.178 0.0000000000
35233  21.482  -39.226  44.473 0.0000000000
35300  19.453  -38.684  40.607 0.0000000000
35282  20.249  -38.689  41.716 0.0000000000
35269  20.257  -38.724  42.470 0.0000000000
125523  19.710  -38.776  42.788 0.0000000000
35235  19.823  -39.035  44.156 0.0000000000
35236  19.171  -39.250  44.086 0.0000000000
35254  18.607  -39.345  43.550 0.0000000000
34370  17.885  -39.717  43.225 0.0000000000
34386  17.791  -39.610  42.443 0.0000000000
118031  17.007  -40.744  43.196 0.0000000000
32665  16.754  -41.323  42.899 0.0000000000
36249  17.413  -37.358  34.720 0.0000000000
126740  17.613  -37.634  35.466 0.0000000000
36193  17.270  -37.960  36.796 0.0000000000
116591  17.049  -38.784  38.024 0.0000000000
34474  15.728  -39.278  35.749 0.0000000000
34463  15.674  -39.726  36.293 0.0000000000
35348  16.252  -39.149  36.571 0.0000000000
34419  16.875  -39.691  39.273 0.0000000000
33546  16.706  -40.577  40.636 0.0000000000
33528  16.620  -41.425  42.150 0.0000000000
32666  16.248  -42.019  42.772 0.0000000000
31756  15.537  -43.298  42.667 0.0000000000
31766  15.344  -43.216  41.848 0.0000000000
30824  14.966  -43.854  42.342 0.0000000000
30825  14.384  -44.579  41.993 0.0000000000
30877  13.524  -43.626  38.315 0.0000000000
30866  13.762  -43.862  39.185 0.0000000000
29915  13.767  -45.027  41.450 0.0000000000
117922  13.788  -45.259  42.241 0.0000000000
28987  13.281  -45.658  41.714 0.0000000000
135220  12.233  -46.470  41.496 0.0000000000
29002  12.565  -45.788  40.411 0.0000000000
28028  11.624  -46.787  41.295 0.0000000000
126621  10.214  -46.956  40.271 0.0000000000
28061  8.468  -46.914  39.374 0.0000000000
28062  7.435  -47.073  39.356 0.0000000000
125036  26.803  -33.889  30.664 0.0000000000
38816  26.757  -34.834  30.518 0.0000000000
37911  26.693  -35.555  30.971 0.0000000000
37091  26.408  -36.893  32.109 0.0000000000
36260  26.530  -37.496  32.742 0.0000000000
38818  24.288  -35.232  30.461 0.0000000000
37892  25.280  -36.214  31.487 0.0000000000
36246  26.176  -38.065  34.137 0.0000000000
36223  26.394  -38.624  34.770 0.0000000000
35370  25.941  -38.707  35.560 0.0000000000
34429  25.821  -39.658  38.646 0.0000000000
129903  23.120  -37.737  35.706 0.0000000000
36207  23.549  -37.875  36.267 0.0000000000
36185  23.967  -38.113  36.798 0.0000000000
35344  23.664  -38.515  37.481 0.0000000000
35343  24.397  -38.666  37.301 0.0000000000
35309  25.102  -39.283  38.932 0.0000000000
34418  25.569  -39.710  39.442 0.0000000000
34406  25.353  -39.676  40.129 0.0000000000
121280  25.489  -39.795  40.897 0.0000000000
34395  25.361  -39.801  41.793 0.0000000000
34383  25.355  -39.948  42.630 0.0000000000
33514  25.302  -40.400  43.488 0.0000000000
32630  16.294  -42.244  45.269 0.0000000000
27057  10.417  -47.840  44.969 0.0000000000
27058  9.610  -48.170  45.320 0.0000000000
28002  10.169  -47.605  45.971 0.0000000000
27995  10.648  -46.955  46.679 0.0000000000
125833  10.520  -46.910  47.652 0.0000000000
113917  54.918  -4.417  23.645 0.0000000000
65772  55.423  -4.709  24.450 0.0000000000
64097  50.822  -7.024  21.242 0.0000000000
64087  51.002  -7.096  22.215 0.0000000000
63156  50.921  -7.857  23.582 0.0000000000
63155  51.481  -7.654  24.055 0.0000000000
63154  52.115  -7.332  24.617 0.0000000000
64052  52.899  -7.612  25.810 0.0000000000
63138  53.270  -7.945  26.435 0.0000000000
63127  53.696  -8.351  27.212 0.0000000000
61263  51.135  -10.054  26.026 0.0000000000
118612  51.751  -9.818  26.457 0.0000000000
62164  52.463  -9.495  26.929 0.0000000000
61241  52.235  -10.081  28.248 0.0000000000
61251  52.596  -9.723  27.648 0.0000000000
62163  53.213  -9.123  27.663 0.0000000000
62162  54.156  -8.673  28.103 0.0000000000
59561  45.018  -12.138  20.958 0.0000000000
113186  44.111  -13.991  23.697 0.0000000000
57897  44.378  -13.758  23.087 0.0000000000
58694  46.504  -12.486  24.080 0.0000000000
58685  46.812  -12.697  25.004 0.0000000000
58679  46.092  -13.462  26.101 0.0000000000
58667  47.323  -12.773  26.702 0.0000000000
58661  47.430  -12.715  27.695 0.0000000000
58652  47.440  -12.631  28.624 0.0000000000
131407  47.429  -12.675  29.688 0.0000000000
56931  41.904  -14.737  30.922 0.0000000000
56930  42.339  -14.213  30.478 0.0000000000
132026  43.563  -14.020  28.496 0.0000000000
57852  43.985  -14.000  27.916 0.0000000000
120250  44.646  -13.847  28.031 0.0000000000
57839  45.047  -13.551  28.717 0.0000000000
58654  45.654  -13.015  29.228 0.0000000000
58643  45.516  -13.083  30.103 0.0000000000
58642  46.391  -12.891  29.718 0.0000000000
58641  47.845  -12.869  30.693 0.0000000000
52296  34.805  -19.700  26.874 0.0000000000
52275  35.524  -19.880  27.411 0.0000000000
50424  35.651  -21.310  28.384 0.0000000000
50408  35.731  -21.000  29.323 0.0000000000
50396  35.913  -20.820  30.037 0.0000000000
51310  35.903  -20.452  29.394 0.0000000000
52215  36.183  -20.055  29.698 0.0000000000
52234  36.577  -19.985  29.412 0.0000000000
52213  37.545  -20.255  30.507 0.0000000000
52194  37.512  -20.483  31.170 0.0000000000
52178  37.971  -20.467  31.722 0.0000000000
124110  37.442  -21.107  32.524 0.0000000000
51263  38.377  -20.539  33.021 0.0000000000
51243  38.431  -20.650  33.866 0.0000000000
51228  38.647  -20.694  34.703 0.0000000000
135156  31.982  -32.136  33.029 0.0000000000
41516  32.336  -31.846  32.459 0.0000000000
41500  33.549  -31.995  33.302 0.0000000000
41515  33.207  -31.743  32.504 0.0000000000
43171  35.438  -29.519  31.562 0.0000000000
43995  36.037  -29.058  32.036 0.0000000000
43994  36.758  -28.666  32.322 0.0000000000
44932  37.457  -28.011  32.691 0.0000000000
39640  32.834  -34.832  40.421 0.0000000000
39659  33.829  -33.982  39.538 0.0000000000
114621  34.064  -33.974  40.999 0.0000000000
116384  34.383  -33.888  40.223 0.0000000000
39675  35.089  -33.682  38.701 0.0000000000
40553  35.385  -33.502  37.939 0.0000000000
133513  36.228  -32.894  37.144 0.0000000000
41423  36.249  -32.446  40.730 0.0000000000
42248  37.091  -31.173  40.682 0.0000000000
41422  36.784  -31.937  40.245 0.0000000000
40525  36.416  -32.638  39.844 0.0000000000
40538  36.416  -32.811  39.131 0.0000000000
40567  36.702  -32.610  37.601 0.0000000000
40587  36.675  -32.493  36.784 0.0000000000
41471  37.113  -31.829  36.513 0.0000000000
43135  37.537  -30.191  35.047 0.0000000000
42278  38.145  -30.671  36.744 0.0000000000
42286  37.894  -30.419  35.889 0.0000000000
43144  37.798  -29.433  34.629 0.0000000000
43979  37.775  -28.440  33.496 0.0000000000
44931  38.051  -27.724  33.284 0.0000000000
45926  38.691  -27.119  33.504 0.0000000000
45919  39.405  -26.636  34.207 0.0000000000
134140  39.736  -25.855  33.823 0.0000000000
129974  39.946  -25.828  34.529 0.0000000000
46819  40.270  -25.058  34.858 0.0000000000
47651  40.193  -24.277  35.355 0.0000000000
44890  39.907  -27.319  39.007 0.0000000000
45888  40.380  -26.397  38.698 0.0000000000
115783  40.451  -25.946  39.413 0.0000000000
45895  40.440  -26.342  37.741 0.0000000000
114895  40.558  -25.272  36.558 0.0000000000
48515  39.802  -23.461  35.919 0.0000000000
48504  39.177  -22.772  36.456 0.0000000000
124718  38.962  -22.227  36.848 0.0000000000
69429  51.134  -0.748  13.159 0.0000000000
68544  51.400  -1.571  13.339 0.0000000000
67644  50.820  -2.230  13.744 0.0000000000
67643  51.608  -2.471  13.519 0.0000000000
65875  52.460  -5.085  14.548 0.0000000000
65023  51.843  -5.334  14.952 0.0000000000
65022  52.682  -5.413  15.134 0.0000000000
129233  53.730  -5.309  16.072 0.0000000000
65848  54.277  -4.973  16.556 0.0000000000
66777  50.804  -4.397  17.220 0.0000000000
65838  51.799  -4.319  17.338 0.0000000000
66748  52.417  -2.995  18.465 0.0000000000
65837  52.904  -4.227  17.500 0.0000000000
66759  54.526  -3.778  17.690 0.0000000000
67601  56.149  -2.144  18.898 0.0000000000
68493  55.907  -1.988  20.276 0.0000000000
31816  14.616  -42.831  39.264 0.0000000000
33505  25.748  -40.999  43.933 0.0000000000
34455  33.740  -39.079  36.646 0.0000000000
35354  33.656  -38.613  36.317 0.0000000000
35355  32.927  -38.840  35.761 0.0000000000
37068  28.772  -36.754  32.245 0.0000000000
37824  32.811  -35.811  41.795 0.0000000000
37830  32.512  -35.742  41.052 0.0000000000
38730  33.346  -34.828  41.728 0.0000000000
38759  32.116  -35.452  39.781 0.0000000000
38784  30.094  -34.868  35.655 0.0000000000
38806  28.436  -35.036  32.219 0.0000000000
38808  27.305  -34.104  31.322 0.0000000000
39638  34.840  -33.712  40.891 0.0000000000
39714  31.162  -33.696  35.711 0.0000000000
40517  35.194  -33.346  41.498 0.0000000000
40551  36.585  -32.728  38.440 0.0000000000
41534  29.409  -31.311  31.489 0.0000000000
42287  37.240  -30.942  35.464 0.0000000000
43124  38.734  -29.192  36.129 0.0000000000
43967  38.039  -28.675  34.282 0.0000000000
46808  40.586  -25.490  37.454 0.0000000000
47627  40.410  -24.638  38.890 0.0000000000
47689  37.277  -24.176  28.670 0.0000000000
50378  36.919  -21.124  31.605 0.0000000000
50395  36.407  -21.159  30.424 0.0000000000
51226  40.809  -20.670  34.733 0.0000000000
51264  37.709  -20.786  32.417 0.0000000000
51294  36.678  -20.673  30.483 0.0000000000
52235  35.927  -19.980  29.108 0.0000000000
61227  54.766  -9.576  28.849 0.0000000000
61238  55.568  -8.862  27.840 0.0000000000
61239  55.084  -9.559  28.511 0.0000000000
62170  56.164  -8.216  26.892 0.0000000000
63177  50.006  -8.003  22.344 0.0000000000
64049  55.988  -6.480  26.944 0.0000000000
64050  55.379  -6.597  26.923 0.0000000000
64068  53.384  -6.280  24.775 0.0000000000
64963  52.294  -6.194  22.787 0.0000000000
67571  53.254  -3.155  20.719 0.0000000000
67582  52.189  -3.189  19.823 0.0000000000
117679  31.862  -36.170  35.712 0.0000000000
117687  36.978  -31.538  35.852 0.0000000000
121752  40.238  -26.098  35.947 0.0000000000
123546  31.970  -35.087  39.374 0.0000000000
127202  32.500  -36.284  39.905 0.0000000000
127407  38.961  -22.762  35.663 0.0000000000
131324  27.126  -35.879  31.257 0.0000000000
134562  15.746  -43.195  46.937 0.0000000000
134924  13.380  -45.307  45.688 0.0000000000
135604  38.439  -22.336  34.681 0.0000000000
136193  29.437  -34.577  34.064 0.0000000000
136921  13.699  -44.888  40.907 0.0000000000
