#!ascii label  , from subject sub-v1s14x0051581_ses-1 vox2ras=TkReg
1289
93752  42.339  32.427  15.307 0.0000000000
131658  48.331  38.955  24.106 0.0000000000
90796  47.011  27.381  23.121 0.0000000000
91993  38.985  30.012  17.646 0.0000000000
90135  43.855  26.406  17.752 0.0000000000
95704  47.253  34.927  11.677 0.0000000000
96161  42.938  37.420  22.386 0.0000000000
133025  43.062  40.405  19.310 0.0000000000
87526  48.399  22.172  27.181 0.0000000000
127207  43.655  22.249  22.028 0.0000000000
116099  45.925  36.313  18.961 0.0000000000
93125  47.945  31.294  18.115 0.0000000000
93692  50.240  32.454  22.736 0.0000000000
91305  49.817  29.026  28.810 0.0000000000
101319  44.916  45.572  17.533 0.0000000000
97199  49.725  38.681  17.380 0.0000000000
88834  46.863  24.519  15.779 0.0000000000
92596  41.309  31.532  16.611 0.0000000000
90833  41.557  27.784  18.726 0.0000000000
92572  43.206  30.442  17.270 0.0000000000
94402  45.236  32.573  12.287 0.0000000000
93181  40.954  30.974  12.247 0.0000000000
97689  40.080  38.458  21.178 0.0000000000
86169  47.035  20.283  29.893 0.0000000000
135498  44.530  20.852  27.808 0.0000000000
113432  48.996  21.133  27.094 0.0000000000
101877  47.191  47.449  15.205 0.0000000000
135789  48.149  36.958  21.090 0.0000000000
95007  46.426  34.395  21.997 0.0000000000
95591  49.668  36.083  24.173 0.0000000000
123064  45.884  28.841  26.256 0.0000000000
91916  47.949  29.925  26.138 0.0000000000
135300  47.127  27.904  30.108 0.0000000000
89339  48.730  25.966  32.290 0.0000000000
97683  45.910  39.982  21.383 0.0000000000
97734  46.767  39.926  18.102 0.0000000000
97717  49.131  38.619  20.265 0.0000000000
118503  49.483  36.572  17.797 0.0000000000
91381  48.868  28.144  20.753 0.0000000000
90827  47.688  27.790  18.111 0.0000000000
89426  47.778  25.767  19.949 0.0000000000
114648  41.095  25.252  16.972 0.0000000000
131828  42.613  26.134  13.910 0.0000000000
97764  48.752  39.538  14.721 0.0000000000
96753  45.169  37.915  13.661 0.0000000000
97138  46.284  38.882  24.014 0.0000000000
95574  48.550  36.061  25.757 0.0000000000
100310  38.353  44.405  18.575 0.0000000000
126827  41.874  44.884  19.038 0.0000000000
97686  42.577  39.289  21.252 0.0000000000
88766  45.718  24.565  25.849 0.0000000000
88778  45.757  24.098  22.278 0.0000000000
86914  46.774  22.022  24.362 0.0000000000
86209  41.966  20.055  25.151 0.0000000000
121104  43.933  35.665  16.103 0.0000000000
93734  44.481  32.344  17.426 0.0000000000
94340  44.727  33.490  20.533 0.0000000000
121897  47.212  31.369  21.304 0.0000000000
91960  49.927  29.302  22.273 0.0000000000
93663  49.676  33.912  25.456 0.0000000000
92503  50.967  30.367  24.900 0.0000000000
115785  48.750  27.403  26.203 0.0000000000
89373  47.971  25.320  29.292 0.0000000000
87509  48.433  22.599  30.813 0.0000000000
130270  46.061  48.802  18.353 0.0000000000
100843  46.968  44.334  16.859 0.0000000000
124703  47.761  42.399  17.365 0.0000000000
98732  49.435  41.563  16.335 0.0000000000
96246  49.789  36.651  14.681 0.0000000000
95668  46.920  35.818  14.843 0.0000000000
91417  45.655  29.181  17.352 0.0000000000
90150  46.265  26.235  14.892 0.0000000000
131876  44.340  24.940  12.493 0.0000000000
88171  45.011  23.157  18.696 0.0000000000
92604  41.576  31.866  15.716 0.0000000000
92587  41.858  31.168  17.063 0.0000000000
93150  42.387  31.767  16.644 0.0000000000
94391  43.838  32.812  13.473 0.0000000000
136273  43.521  31.173  11.936 0.0000000000
124323  42.608  31.325  13.628 0.0000000000
92613  41.365  31.205  14.048 0.0000000000
112050  46.655  19.120  29.738 0.0000000000
112051  46.833  19.941  28.510 0.0000000000
85483  48.339  20.847  28.584 0.0000000000
125115  39.643  26.227  11.006 0.0000000000
96681  48.537  38.376  23.101 0.0000000000
96152  48.148  36.895  23.363 0.0000000000
96151  49.022  37.674  24.337 0.0000000000
91320  45.015  27.735  27.495 0.0000000000
91319  45.989  28.132  27.979 0.0000000000
135025  47.787  40.107  22.940 0.0000000000
97681  48.196  39.814  21.471 0.0000000000
97664  48.652  39.286  22.425 0.0000000000
96689  49.412  38.324  21.009 0.0000000000
128008  48.635  27.663  21.782 0.0000000000
90814  48.473  27.031  20.233 0.0000000000
90090  47.047  26.609  21.500 0.0000000000
91979  38.743  29.244  18.181 0.0000000000
91400  39.285  28.483  18.663 0.0000000000
90119  42.538  26.633  18.360 0.0000000000
89448  41.924  26.139  18.226 0.0000000000
129495  42.536  25.636  17.223 0.0000000000
89482  41.915  25.570  15.571 0.0000000000
89480  43.565  25.840  15.610 0.0000000000
96761  47.775  36.755  12.772 0.0000000000
97241  46.746  38.017  13.674 0.0000000000
96763  45.495  36.686  12.359 0.0000000000
92020  38.648  31.206  16.445 0.0000000000
117903  38.278  30.354  17.375 0.0000000000
96673  44.008  38.352  22.705 0.0000000000
125020  45.736  36.396  24.007 0.0000000000
95594  44.469  35.732  22.910 0.0000000000
97160  41.414  38.200  21.717 0.0000000000
97688  41.112  38.991  21.285 0.0000000000
97158  42.851  38.519  21.952 0.0000000000
97657  44.369  39.286  22.704 0.0000000000
87541  47.764  22.909  26.349 0.0000000000
88141  47.406  23.012  24.866 0.0000000000
86905  49.775  21.378  25.114 0.0000000000
134243  44.514  18.983  26.938 0.0000000000
86203  41.721  20.069  26.665 0.0000000000
85521  43.649  19.657  25.110 0.0000000000
96215  44.467  36.243  17.243 0.0000000000
95630  43.681  34.902  18.612 0.0000000000
95625  44.726  35.356  19.890 0.0000000000
125452  49.155  33.969  22.979 0.0000000000
93694  47.094  32.704  22.164 0.0000000000
93693  49.449  32.048  22.181 0.0000000000
92547  48.978  30.437  21.379 0.0000000000
92537  50.160  30.442  22.554 0.0000000000
94293  47.219  34.101  25.256 0.0000000000
94285  49.156  34.733  25.704 0.0000000000
93676  47.821  32.724  25.133 0.0000000000
91890  49.692  29.700  28.112 0.0000000000
92488  49.952  30.450  26.536 0.0000000000
91902  50.246  29.570  27.349 0.0000000000
90751  50.357  28.529  26.142 0.0000000000
90740  49.926  28.000  27.818 0.0000000000
90041  48.112  26.576  27.822 0.0000000000
90029  49.093  26.879  28.868 0.0000000000
88703  48.498  24.584  33.216 0.0000000000
122895  49.205  24.360  31.861 0.0000000000
101832  45.427  47.922  18.052 0.0000000000
101331  45.661  46.352  16.952 0.0000000000
101318  45.514  45.431  17.036 0.0000000000
99208  41.858  43.226  19.352 0.0000000000
124345  42.289  44.721  19.071 0.0000000000
98723  43.876  41.739  17.999 0.0000000000
97733  47.805  39.655  18.016 0.0000000000
98728  47.218  41.595  17.477 0.0000000000
98244  48.465  40.377  17.439 0.0000000000
99238  48.319  42.517  17.136 0.0000000000
97741  49.654  40.084  16.551 0.0000000000
97217  50.085  38.648  15.486 0.0000000000
97205  50.253  38.530  16.313 0.0000000000
114541  47.213  36.489  18.156 0.0000000000
95649  48.358  36.139  15.817 0.0000000000
96222  46.466  36.577  16.693 0.0000000000
95681  45.416  35.485  14.669 0.0000000000
93133  46.346  31.922  17.789 0.0000000000
136805  46.150  30.765  17.036 0.0000000000
92583  47.794  30.242  16.670 0.0000000000
89469  48.490  26.436  16.550 0.0000000000
90139  48.342  27.180  16.713 0.0000000000
89489  47.934  25.963  14.284 0.0000000000
90176  46.640  26.057  12.693 0.0000000000
88851  46.069  24.965  13.420 0.0000000000
87564  45.293  23.114  22.431 0.0000000000
88158  45.591  23.539  21.045 0.0000000000
87572  44.407  22.802  21.001 0.0000000000
117418  40.145  30.907  17.400 0.0000000000
91991  40.568  29.354  18.135 0.0000000000
91990  41.414  30.397  17.565 0.0000000000
91420  42.542  28.976  18.006 0.0000000000
91396  43.293  28.313  18.253 0.0000000000
93784  46.100  33.067  11.059 0.0000000000
133867  40.138  31.366  15.938 0.0000000000
113385  47.471  22.204  28.587 0.0000000000
113056  47.203  20.113  27.141 0.0000000000
112063  45.898  20.418  28.429 0.0000000000
113086  46.289  19.440  28.109 0.0000000000
96184  47.143  36.201  20.425 0.0000000000
95623  46.155  35.591  20.989 0.0000000000
96170  46.801  35.998  21.545 0.0000000000
94996  48.109  35.073  23.034 0.0000000000
94990  50.278  34.472  23.665 0.0000000000
92501  46.124  30.216  25.007 0.0000000000
92506  47.688  30.995  24.976 0.0000000000
91906  46.492  29.297  26.047 0.0000000000
91317  47.655  29.221  27.605 0.0000000000
91307  48.715  28.859  29.780 0.0000000000
90716  49.401  27.945  30.425 0.0000000000
90706  48.065  28.019  31.103 0.0000000000
89341  47.356  26.223  32.364 0.0000000000
88704  47.791  24.326  33.156 0.0000000000
124944  44.111  46.020  18.234 0.0000000000
114542  44.814  39.704  20.248 0.0000000000
98238  45.038  40.230  18.491 0.0000000000
97719  46.367  39.436  19.529 0.0000000000
97718  48.450  39.048  19.593 0.0000000000
97724  49.092  38.531  18.934 0.0000000000
96712  49.949  37.576  18.004 0.0000000000
96706  49.551  37.608  19.274 0.0000000000
96189  48.669  36.624  19.445 0.0000000000
92557  48.651  30.056  19.220 0.0000000000
91977  49.084  29.365  17.331 0.0000000000
91387  47.606  28.083  19.855 0.0000000000
89430  49.007  26.324  18.353 0.0000000000
88800  48.061  24.864  17.845 0.0000000000
86220  41.969  20.619  22.123 0.0000000000
86933  42.214  21.564  21.271 0.0000000000
88802  38.993  24.920  18.114 0.0000000000
90834  40.758  27.327  18.882 0.0000000000
89450  40.328  25.654  18.400 0.0000000000
88826  39.631  25.015  16.678 0.0000000000
89483  40.452  25.391  15.199 0.0000000000
90161  41.038  26.167  13.429 0.0000000000
90181  41.467  26.375  11.812 0.0000000000
98281  47.327  40.124  14.967 0.0000000000
98282  46.061  40.172  15.055 0.0000000000
97645  47.188  39.267  24.546 0.0000000000
96653  48.661  38.042  25.465 0.0000000000
120384  47.146  37.503  25.200 0.0000000000
95584  46.540  35.298  24.853 0.0000000000
94294  46.258  33.713  24.708 0.0000000000
93080  45.351  31.783  24.394 0.0000000000
122825  44.932  30.438  24.633 0.0000000000
100292  40.145  44.501  18.899 0.0000000000
99210  40.693  43.315  19.452 0.0000000000
98234  41.643  41.036  19.524 0.0000000000
97721  43.116  39.876  19.975 0.0000000000
114845  44.138  39.531  22.075 0.0000000000
98194  45.710  39.839  23.378 0.0000000000
120513  46.652  26.892  24.670 0.0000000000
90082  45.626  25.858  22.664 0.0000000000
88774  45.496  24.437  24.035 0.0000000000
119057  45.867  23.330  23.564 0.0000000000
86921  44.828  21.821  23.632 0.0000000000
132468  46.211  20.452  25.918 0.0000000000
86909  43.354  20.666  25.553 0.0000000000
117664  43.287  20.653  23.989 0.0000000000
95044  42.991  34.001  15.597 0.0000000000
117577  43.095  32.870  16.685 0.0000000000
94352  43.439  33.876  17.606 0.0000000000
94349  44.006  33.344  19.037 0.0000000000
93120  45.640  31.814  20.022 0.0000000000
95008  45.712  34.022  21.536 0.0000000000
93114  46.189  31.663  20.914 0.0000000000
92558  47.480  31.077  20.261 0.0000000000
126096  48.654  29.665  20.951 0.0000000000
91961  49.114  28.878  21.463 0.0000000000
90798  49.031  27.956  22.544 0.0000000000
96129  49.817  36.645  25.537 0.0000000000
95571  50.528  35.241  25.156 0.0000000000
93673  50.642  33.599  24.140 0.0000000000
92505  48.955  31.196  25.232 0.0000000000
92504  50.353  31.243  25.078 0.0000000000
92518  50.527  30.687  23.839 0.0000000000
91371  50.864  28.949  23.546 0.0000000000
90783  49.798  27.968  24.130 0.0000000000
90784  48.489  27.683  24.359 0.0000000000
117622  46.674  26.374  26.144 0.0000000000
89388  46.594  25.228  27.330 0.0000000000
87528  47.153  23.105  27.779 0.0000000000
89365  48.848  25.691  30.391 0.0000000000
88735  48.370  24.668  30.053 0.0000000000
87516  47.811  22.592  29.466 0.0000000000
86168  47.697  21.000  30.700 0.0000000000
102384  46.379  48.520  17.250 0.0000000000
101344  46.920  45.898  16.273 0.0000000000
100330  48.600  44.106  16.247 0.0000000000
98730  44.977  41.782  17.671 0.0000000000
99765  45.855  44.105  17.239 0.0000000000
116372  47.197  43.595  17.086 0.0000000000
99247  48.621  42.942  16.845 0.0000000000
99250  49.522  42.466  15.364 0.0000000000
134095  49.440  40.151  15.250 0.0000000000
96749  49.205  37.447  14.003 0.0000000000
96261  48.628  36.077  13.007 0.0000000000
96219  49.998  36.502  16.175 0.0000000000
95678  48.987  35.629  14.326 0.0000000000
94386  47.910  34.383  12.545 0.0000000000
95079  46.008  34.067  13.325 0.0000000000
95068  44.439  34.479  14.237 0.0000000000
124183  43.865  31.464  17.173 0.0000000000
91988  45.027  29.830  17.231 0.0000000000
90830  44.757  27.545  18.042 0.0000000000
135637  47.053  28.070  17.772 0.0000000000
90133  46.507  26.670  16.837 0.0000000000
89471  44.653  26.027  16.413 0.0000000000
90158  45.083  26.340  13.731 0.0000000000
90179  43.681  26.074  11.880 0.0000000000
88784  46.471  24.406  20.915 0.0000000000
88791  47.031  24.329  19.153 0.0000000000
88184  45.792  23.557  17.447 0.0000000000
87584  43.590  22.255  18.668 0.0000000000
88205  45.417  23.657  15.506 0.0000000000
84765  50.423  19.166  27.966 0.0000000000
84771  49.202  19.043  27.008 0.0000000000
93162  42.131  31.791  14.786 0.0000000000
92595  41.872  31.626  16.628 0.0000000000
133023  42.241  32.289  16.257 0.0000000000
93758  43.223  32.629  13.936 0.0000000000
93766  43.388  31.822  13.204 0.0000000000
93759  42.721  32.062  14.183 0.0000000000
92612  41.879  31.431  14.344 0.0000000000
113045  47.758  19.058  29.698 0.0000000000
96670  48.487  37.778  23.467 0.0000000000
96669  48.702  38.472  24.143 0.0000000000
98191  48.198  39.653  23.256 0.0000000000
97665  48.323  39.845  22.331 0.0000000000
118001  48.482  39.150  23.190 0.0000000000
97157  48.800  38.859  22.504 0.0000000000
90799  47.887  27.565  22.433 0.0000000000
90807  47.927  27.220  21.527 0.0000000000
90800  46.956  27.069  22.255 0.0000000000
91978  39.599  29.345  18.168 0.0000000000
90136  43.132  26.320  17.961 0.0000000000
89464  42.536  25.993  17.846 0.0000000000
89463  43.320  25.910  17.344 0.0000000000
89473  43.005  25.617  16.502 0.0000000000
96263  47.245  36.237  12.275 0.0000000000
96762  46.886  37.029  12.706 0.0000000000
96274  46.786  35.528  11.716 0.0000000000
92009  39.286  30.635  17.349 0.0000000000
92010  38.549  30.830  17.005 0.0000000000
135606  38.776  30.498  17.342 0.0000000000
122394  38.250  29.796  17.768 0.0000000000
136463  43.621  37.724  22.564 0.0000000000
96154  44.465  37.552  22.894 0.0000000000
95599  43.879  36.778  22.573 0.0000000000
96684  42.391  37.917  22.170 0.0000000000
123665  42.079  38.218  21.888 0.0000000000
96683  43.176  38.188  22.329 0.0000000000
87540  48.180  22.496  26.798 0.0000000000
87551  48.560  22.746  25.479 0.0000000000
87549  50.039  21.800  25.541 0.0000000000
84778  44.336  19.249  25.771 0.0000000000
96204  45.539  36.474  18.257 0.0000000000
96193  44.603  35.797  19.043 0.0000000000
96192  45.382  35.970  19.474 0.0000000000
94311  49.945  32.993  22.790 0.0000000000
94312  48.607  32.785  22.460 0.0000000000
93098  49.969  31.467  22.349 0.0000000000
93677  46.774  33.317  24.907 0.0000000000
93665  47.492  33.503  25.244 0.0000000000
124616  46.893  32.647  24.858 0.0000000000
91882  49.707  29.408  28.589 0.0000000000
91889  50.010  29.652  27.979 0.0000000000
91304  50.043  29.356  28.131 0.0000000000
90739  50.249  28.627  27.181 0.0000000000
90726  49.906  28.383  28.838 0.0000000000
125882  49.728  27.639  28.639 0.0000000000
90727  49.763  27.802  29.502 0.0000000000
88085  48.701  23.433  33.526 0.0000000000
101320  44.703  46.575  17.817 0.0000000000
101833  44.837  47.570  18.142 0.0000000000
101843  45.221  46.808  17.396 0.0000000000
125230  42.499  41.191  19.033 0.0000000000
98724  42.419  42.442  18.929 0.0000000000
98240  43.554  40.832  18.612 0.0000000000
97732  48.704  39.608  17.693 0.0000000000
114996  49.231  40.063  17.126 0.0000000000
127485  48.916  40.980  17.070 0.0000000000
97731  49.644  39.421  17.041 0.0000000000
97730  49.959  39.202  16.602 0.0000000000
97198  50.086  38.307  17.080 0.0000000000
96212  47.346  36.533  17.247 0.0000000000
96213  46.239  36.595  17.602 0.0000000000
117332  45.728  36.606  16.935 0.0000000000
93132  47.483  31.312  17.500 0.0000000000
93137  47.595  30.859  16.955 0.0000000000
93136  48.299  30.677  17.030 0.0000000000
88824  47.717  24.978  16.367 0.0000000000
88832  47.808  25.838  15.215 0.0000000000
114737  47.148  25.005  14.587 0.0000000000
88842  47.443  25.447  13.573 0.0000000000
88204  46.386  24.405  14.988 0.0000000000
87565  44.786  22.788  22.263 0.0000000000
88159  45.006  23.143  21.585 0.0000000000
87573  43.713  22.369  21.383 0.0000000000
92017  40.769  31.283  17.072 0.0000000000
92008  40.708  30.263  17.699 0.0000000000
134081  40.902  30.838  17.454 0.0000000000
124393  42.170  30.527  17.338 0.0000000000
116074  42.830  29.756  17.559 0.0000000000
91419  43.260  29.106  17.791 0.0000000000
94401  46.113  32.890  12.029 0.0000000000
93792  45.642  32.935  10.957 0.0000000000
93786  44.842  32.247  11.356 0.0000000000
92629  41.910  30.847  12.102 0.0000000000
93189  42.522  31.197  11.227 0.0000000000
92605  41.198  31.585  15.401 0.0000000000
133302  40.845  31.386  14.806 0.0000000000
92597  40.725  31.471  16.301 0.0000000000
92018  40.111  31.322  16.755 0.0000000000
112061  47.487  21.402  29.519 0.0000000000
112064  46.953  20.842  28.935 0.0000000000
86170  46.600  20.096  29.105 0.0000000000
112059  48.129  20.750  28.243 0.0000000000
115056  45.973  19.640  28.624 0.0000000000
113091  48.043  20.475  27.730 0.0000000000
126978  46.802  19.788  26.817 0.0000000000
130792  47.926  20.109  26.858 0.0000000000
125877  46.455  48.624  16.290 0.0000000000
102391  46.408  48.606  15.130 0.0000000000
96169  47.439  36.538  21.191 0.0000000000
120556  46.783  36.031  20.935 0.0000000000
127732  49.141  36.818  24.222 0.0000000000
95597  47.564  35.927  22.820 0.0000000000
95592  48.552  35.998  23.586 0.0000000000
94991  49.398  35.170  23.660 0.0000000000
95590  50.408  35.407  24.339 0.0000000000
91918  45.746  29.408  25.537 0.0000000000
132069  46.478  29.772  25.453 0.0000000000
91308  46.838  28.302  28.961 0.0000000000
91318  46.964  28.707  28.111 0.0000000000
114355  48.025  29.003  28.888 0.0000000000
91296  47.572  28.352  30.015 0.0000000000
91295  48.373  28.422  30.557 0.0000000000
90717  47.702  28.088  30.716 0.0000000000
89342  46.652  26.483  31.709 0.0000000000
88718  46.887  25.421  32.300 0.0000000000
123033  46.795  24.317  32.318 0.0000000000
113739  45.039  39.817  21.064 0.0000000000
97702  45.697  39.620  20.318 0.0000000000
97699  48.789  39.208  20.808 0.0000000000
97700  47.785  39.440  20.509 0.0000000000
97188  49.367  38.136  19.497 0.0000000000
96703  48.909  37.501  20.975 0.0000000000
96707  49.175  37.369  19.982 0.0000000000
96183  48.195  36.728  20.427 0.0000000000
96190  47.567  36.285  19.664 0.0000000000
91973  48.350  29.388  19.726 0.0000000000
129338  47.966  29.092  19.549 0.0000000000
118231  48.030  28.635  19.984 0.0000000000
90095  47.918  26.428  20.283 0.0000000000
90099  48.388  26.481  19.637 0.0000000000
89431  48.460  25.764  19.045 0.0000000000
89447  48.753  25.594  18.161 0.0000000000
88790  47.881  24.921  18.653 0.0000000000
89451  39.402  25.483  18.549 0.0000000000
91398  40.784  28.337  18.688 0.0000000000
89465  41.746  25.605  17.617 0.0000000000
89449  41.194  25.900  18.328 0.0000000000
89466  40.767  25.397  17.834 0.0000000000
88816  40.209  25.135  17.287 0.0000000000
89475  40.377  25.244  16.325 0.0000000000
114283  41.214  25.400  15.936 0.0000000000
89493  42.254  25.870  14.778 0.0000000000
128990  41.755  26.068  13.898 0.0000000000
90170  41.646  26.350  12.782 0.0000000000
90169  42.553  26.341  12.878 0.0000000000
98279  48.997  40.448  14.852 0.0000000000
98280  48.360  40.117  14.834 0.0000000000
123887  45.909  37.954  13.653 0.0000000000
97230  46.044  38.481  14.116 0.0000000000
97242  45.245  38.429  14.098 0.0000000000
97243  44.604  38.461  14.154 0.0000000000
97646  46.521  39.358  24.120 0.0000000000
96664  47.480  38.288  25.166 0.0000000000
96665  46.699  38.187  24.606 0.0000000000
94983  45.913  34.528  24.469 0.0000000000
93679  45.029  32.546  24.201 0.0000000000
122987  44.753  31.043  24.379 0.0000000000
100827  39.868  45.048  18.703 0.0000000000
99746  40.321  43.679  19.264 0.0000000000
123112  40.649  42.199  19.529 0.0000000000
98715  41.158  41.856  19.489 0.0000000000
97168  42.227  38.934  21.502 0.0000000000
126742  41.944  39.534  20.980 0.0000000000
97705  42.454  39.747  20.599 0.0000000000
97704  43.267  39.570  20.862 0.0000000000
97685  43.509  39.332  21.568 0.0000000000
97656  45.117  39.387  23.300 0.0000000000
97666  45.094  39.571  23.155 0.0000000000
125537  45.818  39.322  23.691 0.0000000000
97654  46.672  39.611  24.119 0.0000000000
90066  45.893  25.489  25.933 0.0000000000
126814  45.591  25.516  25.025 0.0000000000
89410  45.492  24.953  25.350 0.0000000000
88145  47.307  22.577  24.771 0.0000000000
88146  46.429  23.247  24.158 0.0000000000
87557  46.148  22.748  23.915 0.0000000000
86920  45.544  22.440  23.436 0.0000000000
86915  45.722  22.009  23.925 0.0000000000
112067  45.227  20.862  28.031 0.0000000000
112073  47.333  20.603  26.097 0.0000000000
112958  44.589  21.043  27.158 0.0000000000
85519  41.189  19.576  26.010 0.0000000000
86903  42.533  20.709  26.322 0.0000000000
86910  42.046  20.464  25.451 0.0000000000
86917  43.458  20.416  24.724 0.0000000000
86918  42.715  20.180  24.629 0.0000000000
86213  42.838  20.198  23.711 0.0000000000
85532  42.647  19.965  23.394 0.0000000000
95056  43.312  34.736  15.810 0.0000000000
95043  43.140  34.298  16.358 0.0000000000
95651  43.443  35.119  16.531 0.0000000000
95030  44.186  34.612  19.697 0.0000000000
94347  43.725  34.220  19.032 0.0000000000
93724  44.450  32.928  19.797 0.0000000000
93729  45.037  32.311  19.475 0.0000000000
93723  45.209  32.464  20.589 0.0000000000
95608  46.454  35.347  21.726 0.0000000000
95609  45.809  34.840  21.328 0.0000000000
93711  48.018  31.868  21.882 0.0000000000
93712  46.032  32.502  21.510 0.0000000000
92549  47.635  30.999  20.868 0.0000000000
128883  48.182  30.488  20.483 0.0000000000
92548  48.255  30.480  21.005 0.0000000000
91964  49.418  29.815  21.740 0.0000000000
91377  49.641  28.554  22.270 0.0000000000
91373  49.960  28.180  23.093 0.0000000000
96131  48.657  37.536  25.685 0.0000000000
96130  49.125  37.468  25.543 0.0000000000
124417  48.875  36.750  25.786 0.0000000000
94284  49.859  34.902  25.653 0.0000000000
94283  50.206  34.623  25.403 0.0000000000
94292  50.585  34.213  24.468 0.0000000000
93674  50.255  32.960  24.690 0.0000000000
92499  48.116  30.441  25.566 0.0000000000
92497  50.540  30.615  25.767 0.0000000000
126510  50.463  31.888  24.208 0.0000000000
91946  50.912  29.629  24.062 0.0000000000
90764  49.887  28.204  25.897 0.0000000000
91357  50.295  28.360  25.003 0.0000000000
90765  49.324  27.846  25.322 0.0000000000
90766  48.106  27.410  25.409 0.0000000000
90064  47.082  26.914  25.448 0.0000000000
90051  47.678  26.937  26.197 0.0000000000
114246  47.944  26.003  28.582 0.0000000000
89387  47.168  25.862  27.617 0.0000000000
89374  47.051  25.051  28.180 0.0000000000
88111  46.746  24.098  27.950 0.0000000000
119877  47.454  24.157  28.935 0.0000000000
90013  49.011  26.880  31.670 0.0000000000
89364  49.294  26.857  30.790 0.0000000000
89353  49.118  26.010  31.536 0.0000000000
88095  48.805  23.494  31.327 0.0000000000
131996  48.747  24.226  30.847 0.0000000000
88101  48.230  23.521  30.009 0.0000000000
119497  47.944  21.908  30.152 0.0000000000
102862  45.802  49.405  18.597 0.0000000000
102870  45.513  50.072  18.414 0.0000000000
116367  46.401  48.932  17.976 0.0000000000
100855  46.187  45.144  16.852 0.0000000000
101345  46.262  46.029  16.653 0.0000000000
100854  46.987  44.989  16.641 0.0000000000
100853  47.917  44.742  16.403 0.0000000000
100331  47.608  44.171  16.820 0.0000000000
98237  45.867  40.110  18.244 0.0000000000
98239  44.513  40.896  18.147 0.0000000000
98247  45.466  40.821  17.831 0.0000000000
98729  46.126  41.729  17.543 0.0000000000
99240  46.888  42.718  17.436 0.0000000000
135170  46.967  43.438  17.225 0.0000000000
99779  46.588  43.874  17.113 0.0000000000
99239  47.550  43.055  17.245 0.0000000000
99237  49.102  42.272  16.640 0.0000000000
99246  49.375  42.702  16.181 0.0000000000
121102  49.578  42.064  15.923 0.0000000000
98754  49.315  41.409  15.195 0.0000000000
98266  49.537  40.591  15.521 0.0000000000
129549  50.147  37.852  15.206 0.0000000000
97226  49.852  38.136  14.876 0.0000000000
96748  49.554  36.888  14.106 0.0000000000
96253  49.004  36.762  13.515 0.0000000000
96252  49.145  36.237  13.642 0.0000000000
96200  49.976  36.822  17.742 0.0000000000
96209  50.222  36.914  17.050 0.0000000000
96210  49.817  36.515  16.911 0.0000000000
95667  47.982  35.836  14.933 0.0000000000
95666  48.860  35.847  15.002 0.0000000000
95679  47.811  35.315  14.229 0.0000000000
95064  48.453  35.061  13.682 0.0000000000
95065  47.721  34.782  13.599 0.0000000000
95078  47.063  34.279  13.229 0.0000000000
95066  46.979  35.122  14.035 0.0000000000
126860  44.354  35.667  15.496 0.0000000000
95682  44.547  35.260  14.807 0.0000000000
95671  43.786  35.147  15.412 0.0000000000
132929  43.826  34.206  14.428 0.0000000000
93732  43.702  33.108  17.362 0.0000000000
93743  43.661  32.157  17.077 0.0000000000
93139  44.792  31.576  17.295 0.0000000000
91987  46.010  29.911  17.008 0.0000000000
92570  45.677  30.477  17.076 0.0000000000
91418  44.611  29.004  17.644 0.0000000000
91394  45.212  28.327  17.850 0.0000000000
90818  47.434  28.209  18.724 0.0000000000
91393  47.958  28.479  17.213 0.0000000000
128750  47.273  28.177  17.309 0.0000000000
90140  47.139  26.571  16.294 0.0000000000
118255  47.991  27.451  16.760 0.0000000000
90141  46.208  26.324  16.306 0.0000000000
90142  45.326  26.282  16.825 0.0000000000
89470  45.481  26.112  15.814 0.0000000000
89479  44.473  25.994  15.657 0.0000000000
89490  45.235  26.174  14.805 0.0000000000
89508  45.326  25.706  12.332 0.0000000000
90178  44.618  26.001  12.071 0.0000000000
89512  44.379  25.647  11.986 0.0000000000
90188  43.021  25.767  11.626 0.0000000000
88862  43.695  25.089  12.054 0.0000000000
89419  45.622  24.901  22.488 0.0000000000
90091  46.078  25.476  21.921 0.0000000000
89425  46.100  24.580  21.711 0.0000000000
88162  45.643  23.527  20.143 0.0000000000
88161  46.349  23.827  19.693 0.0000000000
88165  45.710  23.499  19.213 0.0000000000
88169  46.498  23.900  17.889 0.0000000000
88170  45.761  23.501  18.283 0.0000000000
86936  41.850  21.519  19.850 0.0000000000
128119  43.128  22.149  20.242 0.0000000000
87581  42.786  21.949  19.484 0.0000000000
92007  41.419  31.007  17.275 0.0000000000
92586  42.555  31.105  17.044 0.0000000000
93765  44.370  32.158  12.639 0.0000000000
93178  44.130  31.654  11.606 0.0000000000
93179  43.901  31.548  12.287 0.0000000000
93168  43.142  31.053  12.657 0.0000000000
92622  42.210  30.910  13.057 0.0000000000
92623  41.221  30.900  12.972 0.0000000000
85484  46.708  19.661  29.641 0.0000000000
84747  46.665  19.842  29.110 0.0000000000
112052  47.084  19.644  29.072 0.0000000000
119240  49.086  21.227  27.842 0.0000000000
96691  48.030  37.201  21.696 0.0000000000
96160  47.388  36.592  22.231 0.0000000000
96682  48.098  37.477  22.635 0.0000000000
134847  49.569  37.263  24.798 0.0000000000
91334  45.522  28.347  26.897 0.0000000000
90728  46.591  27.782  29.671 0.0000000000
98206  46.528  40.179  22.261 0.0000000000
97682  47.144  39.996  21.339 0.0000000000
98198  47.535  40.145  22.227 0.0000000000
97680  48.809  39.339  21.622 0.0000000000
97698  49.308  38.889  21.105 0.0000000000
97181  49.250  38.461  20.736 0.0000000000
97167  49.215  38.720  21.546 0.0000000000
96690  48.782  38.115  21.978 0.0000000000
90806  48.778  27.572  21.073 0.0000000000
90813  48.509  27.659  20.525 0.0000000000
126720  48.426  27.252  20.807 0.0000000000
90089  47.846  26.783  20.845 0.0000000000
90096  47.172  26.006  20.781 0.0000000000
135406  42.194  27.332  18.627 0.0000000000
90120  41.563  26.743  18.665 0.0000000000
89474  42.032  25.456  16.516 0.0000000000
89481  42.664  25.687  15.612 0.0000000000
89492  43.236  26.073  14.539 0.0000000000
97240  47.712  38.013  13.773 0.0000000000
96751  47.323  37.480  13.188 0.0000000000
96752  46.545  37.574  13.232 0.0000000000
127475  45.901  37.308  12.997 0.0000000000
92021  37.845  31.092  16.487 0.0000000000
113421  37.420  29.984  17.513 0.0000000000
91401  37.810  29.093  18.165 0.0000000000
96672  44.891  38.323  23.267 0.0000000000
96671  45.892  38.181  23.795 0.0000000000
96153  45.403  37.371  23.532 0.0000000000
126646  44.927  36.550  23.175 0.0000000000
126779  40.807  38.456  21.433 0.0000000000
128080  40.512  38.847  21.147 0.0000000000
97169  41.603  38.716  21.517 0.0000000000
97159  42.183  38.604  21.681 0.0000000000
97669  42.993  38.943  21.666 0.0000000000
97668  43.888  39.263  22.181 0.0000000000
127981  43.565  38.970  22.123 0.0000000000
97145  44.503  38.999  23.050 0.0000000000
88757  46.156  24.037  26.424 0.0000000000
88135  46.275  23.682  25.343 0.0000000000
88134  47.036  23.227  25.834 0.0000000000
119526  48.949  22.213  25.311 0.0000000000
86906  48.132  21.691  25.036 0.0000000000
112057  43.931  19.721  27.719 0.0000000000
112530  43.746  20.679  27.523 0.0000000000
85517  42.785  19.370  26.993 0.0000000000
84772  42.228  19.094  26.312 0.0000000000
85522  42.543  19.499  25.251 0.0000000000
96224  44.372  36.120  16.554 0.0000000000
95639  43.589  35.281  17.291 0.0000000000
95635  44.015  35.538  18.479 0.0000000000
95629  44.054  35.112  19.190 0.0000000000
95023  44.611  34.469  20.341 0.0000000000
94997  47.491  34.251  22.647 0.0000000000
94323  46.921  33.590  22.310 0.0000000000
94313  47.810  33.414  22.572 0.0000000000
134864  48.883  31.537  21.785 0.0000000000
93113  48.344  31.128  21.354 0.0000000000
93099  49.322  31.218  21.780 0.0000000000
92538  49.637  30.652  21.924 0.0000000000
94973  47.910  35.072  25.591 0.0000000000
94972  48.914  35.422  25.768 0.0000000000
94286  48.200  34.463  25.591 0.0000000000
93664  48.466  33.691  25.483 0.0000000000
93675  49.017  32.802  25.235 0.0000000000
91904  49.407  30.011  27.255 0.0000000000
91915  48.875  30.293  26.354 0.0000000000
132760  50.597  30.240  26.416 0.0000000000
92487  50.654  29.824  26.535 0.0000000000
91342  50.793  28.913  25.481 0.0000000000
91331  50.546  29.174  26.580 0.0000000000
90752  49.878  28.148  26.728 0.0000000000
90753  49.311  27.524  26.981 0.0000000000
90754  48.365  26.963  27.004 0.0000000000
90040  49.180  27.159  27.862 0.0000000000
90025  48.791  26.286  29.647 0.0000000000
89328  48.391  25.487  32.861 0.0000000000
88727  49.201  25.140  32.220 0.0000000000
88717  49.263  24.206  32.770 0.0000000000
88094  49.237  23.639  32.337 0.0000000000
102369  44.821  48.747  18.606 0.0000000000
102368  45.516  48.807  18.532 0.0000000000
102373  46.164  48.361  17.831 0.0000000000
101842  45.723  47.526  17.471 0.0000000000
123684  41.596  43.919  19.382 0.0000000000
125407  42.048  44.838  19.101 0.0000000000
99231  42.458  43.360  19.081 0.0000000000
122682  43.256  42.841  18.479 0.0000000000
98246  46.458  40.686  17.680 0.0000000000
98245  47.498  40.549  17.591 0.0000000000
98727  48.251  41.517  17.324 0.0000000000
98243  49.344  40.920  16.659 0.0000000000
98254  49.711  40.816  16.114 0.0000000000
98253  49.906  39.980  16.000 0.0000000000
96734  50.180  37.172  15.312 0.0000000000
117080  48.456  36.402  17.844 0.0000000000
96211  49.211  36.413  17.193 0.0000000000
96220  48.377  36.368  16.829 0.0000000000
96221  47.372  36.418  16.311 0.0000000000
96239  46.436  36.347  15.776 0.0000000000
95680  46.172  35.462  14.475 0.0000000000
133272  45.799  36.536  16.346 0.0000000000
96223  45.047  36.490  16.595 0.0000000000
134402  44.864  32.354  17.705 0.0000000000
93148  45.956  31.245  17.164 0.0000000000
120827  46.667  31.441  17.215 0.0000000000
93147  46.849  30.841  16.956 0.0000000000
91986  46.846  29.353  16.866 0.0000000000
90130  49.198  27.457  16.982 0.0000000000
90131  48.789  27.645  16.737 0.0000000000
90147  48.027  26.695  16.547 0.0000000000
90148  47.741  26.303  15.803 0.0000000000
90156  47.108  26.336  14.089 0.0000000000
90165  46.882  26.286  13.248 0.0000000000
129349  47.768  26.066  12.988 0.0000000000
88860  46.215  25.492  12.750 0.0000000000
88852  45.191  25.125  12.780 0.0000000000
88152  45.553  23.564  21.938 0.0000000000
88785  45.995  23.942  21.430 0.0000000000
88163  45.004  23.213  20.587 0.0000000000
88166  44.995  23.205  19.648 0.0000000000
91992  39.895  30.117  17.719 0.0000000000
91421  41.588  28.887  18.288 0.0000000000
123429  41.963  29.755  17.722 0.0000000000
91397  42.365  28.128  18.531 0.0000000000
90832  42.945  27.423  18.473 0.0000000000
90118  43.439  26.811  18.224 0.0000000000
95097  47.049  34.147  11.329 0.0000000000
113655  46.634  34.517  11.227 0.0000000000
94412  44.498  33.317  10.914 0.0000000000
93196  43.397  31.800  10.948 0.0000000000
92624  40.497  31.323  13.909 0.0000000000
92614  40.222  31.408  15.004 0.0000000000
92026  39.417  31.312  16.237 0.0000000000
92019  39.362  31.103  16.938 0.0000000000
131790  40.195  38.092  21.402 0.0000000000
96692  40.607  37.930  21.577 0.0000000000
96685  41.692  37.708  21.949 0.0000000000
112798  48.207  21.999  27.488 0.0000000000
112056  49.350  21.226  26.376 0.0000000000
112062  47.287  20.857  27.926 0.0000000000
112960  46.389  20.700  28.137 0.0000000000
128523  44.726  20.550  28.145 0.0000000000
112055  45.586  19.945  28.569 0.0000000000
125947  44.624  19.969  28.249 0.0000000000
132119  45.341  19.254  27.502 0.0000000000
113080  45.516  19.462  26.199 0.0000000000
96191  46.409  36.097  19.751 0.0000000000
96186  45.681  35.737  20.240 0.0000000000
96185  46.419  35.927  20.476 0.0000000000
126223  47.038  35.161  22.413 0.0000000000
94302  50.336  33.748  23.305 0.0000000000
93079  46.270  31.787  24.634 0.0000000000
93078  47.229  31.793  24.829 0.0000000000
92507  46.635  30.981  24.787 0.0000000000
92500  47.004  30.344  25.220 0.0000000000
91917  47.199  29.818  25.751 0.0000000000
91333  46.523  28.802  27.048 0.0000000000
91332  47.325  29.447  26.564 0.0000000000
91905  48.342  29.771  26.980 0.0000000000
91891  48.843  29.589  28.053 0.0000000000
91883  49.234  29.382  28.928 0.0000000000
91306  49.394  29.046  29.347 0.0000000000
90715  49.552  28.545  29.568 0.0000000000
91294  49.084  28.572  30.177 0.0000000000
90705  48.793  28.098  30.867 0.0000000000
89998  47.997  27.140  32.036 0.0000000000
89999  47.336  27.043  31.926 0.0000000000
89340  48.018  26.356  32.467 0.0000000000
89329  47.865  25.495  32.909 0.0000000000
119394  48.189  23.034  33.464 0.0000000000
98233  43.776  40.126  19.335 0.0000000000
131195  44.302  40.313  18.734 0.0000000000
97726  44.696  39.889  19.319 0.0000000000
97720  45.519  39.619  19.472 0.0000000000
114326  46.129  39.607  18.772 0.0000000000
97701  46.680  39.571  20.404 0.0000000000
116641  47.332  39.297  19.591 0.0000000000
115045  47.008  39.444  18.760 0.0000000000
132356  47.813  39.213  18.821 0.0000000000
115828  48.553  39.103  18.368 0.0000000000
118007  49.216  38.993  17.698 0.0000000000
97190  49.865  38.043  17.807 0.0000000000
97191  49.532  38.306  18.295 0.0000000000
96705  49.724  37.808  18.556 0.0000000000
131520  49.682  36.805  18.331 0.0000000000
118076  49.404  37.997  20.201 0.0000000000
96188  49.495  36.980  19.035 0.0000000000
96201  49.052  36.561  18.579 0.0000000000
96202  48.019  36.350  18.816 0.0000000000
92561  48.353  30.780  18.685 0.0000000000
93130  48.796  30.507  17.146 0.0000000000
91975  48.428  29.369  18.877 0.0000000000
91390  48.059  28.734  18.149 0.0000000000
90817  47.985  27.308  19.252 0.0000000000
90113  48.841  27.143  18.057 0.0000000000
89446  49.217  26.511  17.613 0.0000000000
89461  48.760  25.620  17.396 0.0000000000
88825  47.073  24.434  16.769 0.0000000000
86928  42.500  21.264  22.529 0.0000000000
87574  42.844  21.876  21.826 0.0000000000
120432  42.150  21.260  21.890 0.0000000000
91399  40.069  28.686  18.550 0.0000000000
124247  40.035  27.897  18.890 0.0000000000
90100  39.853  26.911  18.977 0.0000000000
90121  40.628  26.385  18.742 0.0000000000
90122  39.922  26.057  18.800 0.0000000000
89467  39.880  25.170  18.026 0.0000000000
88817  39.383  24.897  17.494 0.0000000000
89476  39.685  25.207  15.780 0.0000000000
115360  41.407  25.625  14.944 0.0000000000
89494  40.811  25.800  14.241 0.0000000000
90171  40.803  26.405  12.559 0.0000000000
97229  47.094  38.605  14.264 0.0000000000
97766  46.341  39.256  14.648 0.0000000000
126004  45.203  35.971  11.838 0.0000000000
96265  44.648  36.608  12.480 0.0000000000
97136  48.098  38.918  24.358 0.0000000000
97125  48.356  38.450  24.996 0.0000000000
97127  47.548  38.711  24.967 0.0000000000
125995  47.920  37.813  25.611 0.0000000000
96132  47.937  36.871  25.675 0.0000000000
96143  46.270  37.295  24.385 0.0000000000
96142  46.662  36.336  24.906 0.0000000000
95575  47.407  35.702  25.410 0.0000000000
94982  46.861  34.690  25.106 0.0000000000
92508  45.652  30.890  24.606 0.0000000000
91929  45.349  29.978  24.929 0.0000000000
91919  44.873  29.275  25.417 0.0000000000
121293  41.048  44.693  18.937 0.0000000000
99747  39.752  43.834  19.093 0.0000000000
126831  40.730  44.293  19.050 0.0000000000
99745  41.066  43.969  19.253 0.0000000000
99209  41.228  42.905  19.507 0.0000000000
98714  41.742  42.121  19.280 0.0000000000
97707  40.569  39.470  20.806 0.0000000000
98217  41.617  40.121  20.330 0.0000000000
97722  42.374  40.338  19.775 0.0000000000
114448  43.941  39.782  20.158 0.0000000000
97703  44.179  39.650  21.216 0.0000000000
97684  44.859  39.816  22.055 0.0000000000
97667  44.528  39.550  22.651 0.0000000000
98200  45.225  39.869  22.927 0.0000000000
98207  45.662  40.045  22.397 0.0000000000
98193  46.521  40.016  23.730 0.0000000000
98185  47.238  39.716  24.206 0.0000000000
90075  46.332  26.874  23.796 0.0000000000
90078  46.174  26.710  22.891 0.0000000000
90079  45.550  26.112  23.523 0.0000000000
89416  45.310  25.237  23.253 0.0000000000
88777  45.476  24.396  23.161 0.0000000000
88142  46.393  23.477  24.526 0.0000000000
113221  45.790  23.748  23.627 0.0000000000
88149  45.603  23.598  22.871 0.0000000000
87559  45.599  22.983  23.162 0.0000000000
87560  44.940  22.455  22.954 0.0000000000
87566  44.055  22.246  22.559 0.0000000000
112074  48.801  21.032  25.815 0.0000000000
86208  47.454  21.005  25.468 0.0000000000
86907  46.615  21.260  25.071 0.0000000000
86899  43.291  20.884  26.960 0.0000000000
86908  44.950  20.648  25.415 0.0000000000
116145  45.747  21.489  24.551 0.0000000000
86916  44.573  21.160  24.457 0.0000000000
113517  43.980  21.207  24.057 0.0000000000
86927  43.245  21.655  22.892 0.0000000000
86923  42.862  21.040  23.272 0.0000000000
94379  42.857  32.928  14.641 0.0000000000
125505  42.463  32.768  16.147 0.0000000000
94361  42.810  33.495  16.173 0.0000000000
94360  43.192  33.695  16.899 0.0000000000
95034  43.512  34.379  18.155 0.0000000000
94350  43.723  33.663  18.247 0.0000000000
115779  44.279  32.882  18.100 0.0000000000
93731  45.170  32.335  18.239 0.0000000000
93127  45.916  31.983  18.965 0.0000000000
93126  47.031  31.707  18.493 0.0000000000
95624  45.300  35.110  20.667 0.0000000000
94324  46.187  33.378  21.839 0.0000000000
94339  45.393  33.295  21.262 0.0000000000
93119  46.561  31.467  19.884 0.0000000000
92562  47.617  31.270  19.287 0.0000000000
123251  48.203  30.603  19.756 0.0000000000
91966  48.507  29.764  20.061 0.0000000000
91965  48.637  28.972  20.419 0.0000000000
91378  49.140  28.093  21.559 0.0000000000
90795  48.105  27.722  23.324 0.0000000000
96663  48.875  38.177  25.075 0.0000000000
96141  49.537  37.380  25.213 0.0000000000
95583  50.067  36.601  24.894 0.0000000000
95573  49.375  36.197  25.797 0.0000000000
95572  50.096  35.784  25.618 0.0000000000
95582  50.463  35.867  25.086 0.0000000000
94989  50.505  34.466  23.879 0.0000000000
94300  50.588  34.045  23.895 0.0000000000
93685  50.530  32.964  23.195 0.0000000000
93077  48.362  31.839  25.004 0.0000000000
92498  49.469  30.807  25.740 0.0000000000
93076  49.694  31.984  25.044 0.0000000000
93075  50.745  32.801  23.732 0.0000000000
93085  50.523  31.817  23.139 0.0000000000
91947  50.660  29.598  23.056 0.0000000000
91356  50.885  28.849  24.425 0.0000000000
115631  50.494  28.449  23.799 0.0000000000
91372  50.436  28.753  22.876 0.0000000000
90794  49.184  27.895  23.462 0.0000000000
90785  47.275  27.439  24.031 0.0000000000
133418  47.480  27.330  24.801 0.0000000000
115826  47.341  26.462  26.935 0.0000000000
89399  46.526  25.754  26.807 0.0000000000
89400  46.101  24.952  26.666 0.0000000000
88756  46.479  24.508  27.294 0.0000000000
122479  49.456  27.156  29.925 0.0000000000
88728  49.091  25.069  31.205 0.0000000000
88110  47.505  23.088  28.940 0.0000000000
87527  47.574  22.435  28.108 0.0000000000
112752  47.602  22.198  28.643 0.0000000000
85469  46.786  19.353  30.280 0.0000000000
101869  46.641  47.922  16.295 0.0000000000
101857  46.122  47.432  16.981 0.0000000000
101351  46.634  46.816  16.160 0.0000000000
100857  47.697  45.477  15.934 0.0000000000
100329  49.298  43.693  15.673 0.0000000000
101314  43.693  45.259  18.648 0.0000000000
100287  44.700  44.892  17.995 0.0000000000
100307  45.376  44.459  17.369 0.0000000000
100821  45.466  44.796  17.242 0.0000000000
100306  46.099  44.281  17.038 0.0000000000
100326  46.764  44.056  16.992 0.0000000000
100325  47.402  43.838  16.960 0.0000000000
99778  47.833  43.250  17.078 0.0000000000
100324  48.130  43.572  16.871 0.0000000000
99784  49.037  43.379  16.372 0.0000000000
99787  49.496  43.106  15.513 0.0000000000
97763  49.335  39.675  14.971 0.0000000000
97753  49.708  39.632  15.451 0.0000000000
134217  49.441  38.951  14.813 0.0000000000
97239  48.670  37.928  14.068 0.0000000000
124449  48.745  37.247  13.539 0.0000000000
96262  48.205  36.263  12.719 0.0000000000
95703  47.751  35.249  12.199 0.0000000000
96724  50.306  37.678  16.706 0.0000000000
123017  50.302  37.018  16.131 0.0000000000
96237  50.014  36.586  15.419 0.0000000000
124640  49.209  36.092  15.650 0.0000000000
95665  49.388  36.042  15.092 0.0000000000
95677  49.303  35.997  14.492 0.0000000000
95063  48.749  35.487  13.661 0.0000000000
95088  48.220  34.900  12.627 0.0000000000
95096  47.563  34.714  11.895 0.0000000000
94400  46.758  33.404  11.843 0.0000000000
94388  46.584  33.538  12.531 0.0000000000
94389  45.741  33.157  12.766 0.0000000000
129167  45.760  35.185  14.301 0.0000000000
95080  45.038  33.896  13.518 0.0000000000
94390  44.780  32.963  13.106 0.0000000000
94377  44.166  33.703  13.817 0.0000000000
94378  43.426  33.510  14.319 0.0000000000
93744  42.827  32.200  16.613 0.0000000000
93149  43.136  31.557  16.910 0.0000000000
92585  43.554  30.990  17.181 0.0000000000
92584  45.296  30.972  17.151 0.0000000000
92571  44.437  30.539  17.232 0.0000000000
91989  43.876  29.657  17.468 0.0000000000
132645  43.841  28.831  17.829 0.0000000000
90831  43.833  27.498  18.286 0.0000000000
90117  44.316  26.883  18.027 0.0000000000
92581  49.011  29.577  16.422 0.0000000000
91416  47.921  28.684  16.695 0.0000000000
135073  46.514  28.402  17.659 0.0000000000
90132  47.908  27.873  17.184 0.0000000000
90115  46.555  27.169  17.381 0.0000000000
90829  45.822  27.623  17.929 0.0000000000
90116  45.283  26.956  17.756 0.0000000000
90134  44.748  26.535  17.514 0.0000000000
89462  44.277  26.116  17.117 0.0000000000
89472  43.871  25.845  16.479 0.0000000000
89491  44.258  26.135  14.683 0.0000000000
90159  44.136  26.276  13.577 0.0000000000
90166  45.911  26.256  13.000 0.0000000000
90168  44.041  26.230  12.534 0.0000000000
120953  43.332  26.281  12.413 0.0000000000
90180  42.888  26.202  11.878 0.0000000000
90081  46.308  26.361  22.101 0.0000000000
133354  46.532  25.992  21.462 0.0000000000
89427  47.107  25.010  20.426 0.0000000000
88788  46.190  23.852  20.581 0.0000000000
88787  46.805  24.324  20.074 0.0000000000
89432  47.526  24.972  19.542 0.0000000000
88801  47.197  24.344  18.282 0.0000000000
88815  47.217  24.384  17.511 0.0000000000
88195  46.283  24.003  16.438 0.0000000000
87576  43.770  22.444  20.576 0.0000000000
87580  43.692  22.407  19.709 0.0000000000
87579  44.333  22.771  19.167 0.0000000000
87585  42.842  21.798  18.554 0.0000000000
123273  43.820  22.249  17.829 0.0000000000
87582  45.041  23.128  17.764 0.0000000000
87589  45.133  23.248  16.862 0.0000000000
123060  45.615  23.606  16.255 0.0000000000
126523  46.028  23.993  15.731 0.0000000000
88213  45.769  24.283  14.577 0.0000000000
88224  45.129  24.357  13.866 0.0000000000
114237  49.454  20.691  28.277 0.0000000000
112068  49.525  20.882  27.474 0.0000000000
84766  50.061  18.974  27.545 0.0000000000
117096  48.632  19.820  26.817 0.0000000000
84773  41.274  19.597  25.842 0.0000000000
84779  42.837  19.001  25.841 0.0000000000
84780  41.793  19.236  25.758 0.0000000000
85482  49.970  19.615  28.461 0.0000000000
85510  49.899  20.238  27.708 0.0000000000
85511  41.795  19.673  26.573 0.0000000000
85512  41.191  19.787  26.023 0.0000000000
85518  41.385  19.449  26.061 0.0000000000
85523  41.860  19.741  25.252 0.0000000000
85524  41.302  19.721  25.782 0.0000000000
85528  43.072  19.887  24.604 0.0000000000
85529  42.859  20.201  24.304 0.0000000000
86205  42.485  20.444  26.846 0.0000000000
86206  41.584  20.336  26.168 0.0000000000
86922  43.820  21.659  23.395 0.0000000000
87539  49.303  22.226  26.068 0.0000000000
87550  49.502  22.210  25.536 0.0000000000
87553  50.075  21.436  25.239 0.0000000000
87554  50.057  21.797  25.298 0.0000000000
87567  43.239  21.894  22.416 0.0000000000
87575  44.382  22.817  20.120 0.0000000000
87577  42.993  22.046  20.974 0.0000000000
87583  44.348  22.682  18.200 0.0000000000
88089  49.343  23.286  33.075 0.0000000000
88125  46.651  23.574  27.030 0.0000000000
88164  46.447  23.848  18.754 0.0000000000
88183  46.445  23.981  17.151 0.0000000000
88702  48.887  24.861  32.897 0.0000000000
88772  45.697  24.245  24.872 0.0000000000
88775  45.317  24.841  23.630 0.0000000000
88813  48.454  25.659  16.757 0.0000000000
88814  47.955  24.909  17.134 0.0000000000
88823  48.030  25.697  16.088 0.0000000000
88833  47.532  25.253  15.401 0.0000000000
88835  39.051  24.946  16.130 0.0000000000
88843  46.683  24.916  13.955 0.0000000000
88849  47.577  25.765  12.918 0.0000000000
88850  46.933  25.365  13.108 0.0000000000
88859  46.925  25.663  12.763 0.0000000000
88861  44.447  25.339  12.177 0.0000000000
88868  43.566  25.459  11.809 0.0000000000
89412  45.331  25.334  24.121 0.0000000000
89424  46.599  25.177  21.211 0.0000000000
89460  49.044  26.600  16.921 0.0000000000
89488  47.875  26.092  14.041 0.0000000000
89500  47.609  26.169  13.576 0.0000000000
89506  47.221  25.943  12.723 0.0000000000
89507  46.384  25.807  12.574 0.0000000000
89997  48.497  27.513  31.538 0.0000000000
90065  46.196  26.263  25.315 0.0000000000
90076  45.808  26.220  24.446 0.0000000000
90098  48.726  26.626  18.877 0.0000000000
90114  48.731  27.819  17.301 0.0000000000
90138  48.780  27.305  16.776 0.0000000000
90149  47.258  26.263  15.115 0.0000000000
90154  47.692  26.053  15.244 0.0000000000
90155  47.666  26.183  14.491 0.0000000000
90157  46.078  26.349  13.921 0.0000000000
90160  43.321  26.272  13.307 0.0000000000
90164  47.692  26.192  13.470 0.0000000000
90167  44.956  26.234  12.711 0.0000000000
90175  47.364  26.147  12.924 0.0000000000
90177  45.691  25.973  12.410 0.0000000000
90187  43.850  25.868  11.847 0.0000000000
90189  42.160  26.067  11.370 0.0000000000
90696  47.778  27.565  31.600 0.0000000000
90828  46.898  27.772  17.905 0.0000000000
91315  50.294  29.127  27.523 0.0000000000
91316  50.147  28.801  28.138 0.0000000000
91392  48.637  29.411  16.577 0.0000000000
91395  44.234  28.236  18.038 0.0000000000
91414  48.822  29.395  16.244 0.0000000000
91415  48.598  29.093  16.249 0.0000000000
91432  48.708  29.085  16.130 0.0000000000
91903  50.169  29.991  27.234 0.0000000000
91914  50.910  29.519  25.864 0.0000000000
91928  51.118  29.514  25.042 0.0000000000
91985  49.007  29.544  16.456 0.0000000000
92005  47.974  29.454  16.486 0.0000000000
92006  46.784  30.231  16.800 0.0000000000
92496  51.010  30.081  25.790 0.0000000000
92564  48.942  30.175  17.909 0.0000000000
92565  48.497  30.825  17.763 0.0000000000
92567  49.152  29.816  16.785 0.0000000000
92568  48.840  30.067  16.656 0.0000000000
92569  48.355  30.307  16.682 0.0000000000
92582  48.745  29.600  16.366 0.0000000000
93131  48.240  30.905  17.480 0.0000000000
93138  45.542  31.983  17.379 0.0000000000
93157  41.842  32.173  16.019 0.0000000000
93180  42.836  30.913  11.990 0.0000000000
93188  43.446  31.371  11.371 0.0000000000
93195  44.203  31.926  11.069 0.0000000000
93662  50.435  34.008  24.898 0.0000000000
93684  50.644  33.477  23.552 0.0000000000
93774  46.156  32.961  11.412 0.0000000000
93775  45.442  32.591  11.624 0.0000000000
93776  44.754  31.956  11.934 0.0000000000
93785  45.527  32.779  11.186 0.0000000000
93788  42.574  32.038  10.867 0.0000000000
93793  44.952  32.514  11.067 0.0000000000
94301  50.423  33.711  23.405 0.0000000000
94310  50.369  33.199  23.081 0.0000000000
94346  44.144  33.795  19.796 0.0000000000
94370  42.688  33.221  15.423 0.0000000000
94387  47.384  33.906  12.422 0.0000000000
94398  47.830  34.652  12.223 0.0000000000
94399  47.448  33.985  11.830 0.0000000000
94410  46.565  33.525  11.382 0.0000000000
94420  45.012  32.841  10.909 0.0000000000
94969  50.525  34.679  25.078 0.0000000000
94970  50.213  35.174  25.559 0.0000000000
94971  49.670  35.470  25.731 0.0000000000
94980  50.599  34.643  24.489 0.0000000000
94981  50.590  35.131  24.597 0.0000000000
95022  45.197  34.219  20.981 0.0000000000
95036  43.382  34.557  17.266 0.0000000000
95067  45.314  34.788  14.107 0.0000000000
95069  43.387  34.339  15.031 0.0000000000
95070  43.003  33.651  14.975 0.0000000000
95076  48.398  34.836  13.065 0.0000000000
95077  47.916  34.437  13.062 0.0000000000
95087  48.548  35.186  13.042 0.0000000000
95095  47.907  35.068  12.307 0.0000000000
95098  45.756  34.295  11.051 0.0000000000
95598  46.947  35.815  22.167 0.0000000000
95636  43.565  35.112  17.958 0.0000000000
95638  43.955  35.753  17.698 0.0000000000
95646  49.670  36.286  15.346 0.0000000000
95647  49.706  36.270  15.933 0.0000000000
95648  49.240  36.258  16.414 0.0000000000
95650  43.906  35.751  16.908 0.0000000000
95669  45.880  35.959  15.123 0.0000000000
95670  44.647  36.144  15.940 0.0000000000
95676  49.654  36.340  14.847 0.0000000000
95683  43.943  34.745  14.768 0.0000000000
95690  49.477  36.247  14.388 0.0000000000
95691  49.215  35.933  13.913 0.0000000000
95697  48.760  35.651  13.328 0.0000000000
95698  48.321  35.389  12.679 0.0000000000
95705  45.934  35.236  11.408 0.0000000000
96199  50.088  37.206  17.756 0.0000000000
96203  46.899  36.355  18.983 0.0000000000
96205  44.626  36.204  18.176 0.0000000000
96214  45.220  36.537  17.475 0.0000000000
96238  47.379  36.151  15.527 0.0000000000
96240  45.439  36.328  15.814 0.0000000000
96251  49.462  36.352  14.135 0.0000000000
96264  45.967  36.034  11.799 0.0000000000
96272  48.087  35.746  12.486 0.0000000000
96273  47.519  35.566  12.114 0.0000000000
96654  48.142  38.312  25.413 0.0000000000
96686  40.989  37.583  21.727 0.0000000000
96713  49.862  37.243  18.394 0.0000000000
96719  50.137  37.610  17.444 0.0000000000
96741  49.908  37.370  14.733 0.0000000000
96742  49.596  37.609  14.466 0.0000000000
96750  48.162  37.368  13.330 0.0000000000
96760  48.447  36.726  13.124 0.0000000000
97126  47.816  38.761  24.815 0.0000000000
97137  46.959  38.870  24.676 0.0000000000
97143  48.534  38.932  23.689 0.0000000000
97144  45.348  38.948  23.528 0.0000000000
97146  43.717  38.774  22.394 0.0000000000
97156  49.132  38.922  21.663 0.0000000000
97218  49.676  38.926  14.992 0.0000000000
97227  49.376  38.258  14.576 0.0000000000
97228  48.200  38.670  14.417 0.0000000000
97231  45.401  38.871  14.399 0.0000000000
97644  47.626  39.244  24.414 0.0000000000
97652  48.279  39.208  23.841 0.0000000000
97653  47.864  39.506  24.024 0.0000000000
97655  45.893  39.622  23.670 0.0000000000
97687  41.793  39.145  21.326 0.0000000000
97725  45.442  39.805  18.837 0.0000000000
97752  50.102  39.264  15.954 0.0000000000
97765  47.684  39.349  14.680 0.0000000000
98192  47.503  40.052  23.649 0.0000000000
98199  46.045  40.155  23.067 0.0000000000
98726  48.959  41.698  16.917 0.0000000000
98740  49.564  41.411  15.687 0.0000000000
99744  42.104  43.714  19.312 0.0000000000
99766  45.288  44.169  17.548 0.0000000000
100291  41.514  44.685  19.017 0.0000000000
100822  44.336  45.465  18.231 0.0000000000
100844  46.184  44.596  16.934 0.0000000000
112047  48.948  19.815  29.494 0.0000000000
112053  44.184  19.237  27.413 0.0000000000
112054  45.118  19.542  28.193 0.0000000000
112058  50.051  20.119  27.823 0.0000000000
112060  49.588  21.218  25.445 0.0000000000
112066  43.942  20.211  27.889 0.0000000000
112069  50.049  21.139  25.455 0.0000000000
112070  49.528  20.460  27.165 0.0000000000
112071  48.581  21.225  28.073 0.0000000000
112072  48.679  21.061  25.468 0.0000000000
112075  49.563  21.041  25.889 0.0000000000
112776  48.710  21.296  27.161 0.0000000000
112781  43.385  19.001  26.660 0.0000000000
112906  46.205  20.456  27.126 0.0000000000
113003  42.725  20.000  27.386 0.0000000000
113275  48.468  21.626  26.691 0.0000000000
113365  43.589  20.917  26.461 0.0000000000
114316  43.000  25.198  11.603 0.0000000000
114550  49.079  38.833  14.607 0.0000000000
115253  50.343  37.819  15.863 0.0000000000
115454  49.612  20.998  25.577 0.0000000000
115818  43.252  21.855  17.889 0.0000000000
117078  46.910  31.238  20.717 0.0000000000
117390  45.021  35.879  15.284 0.0000000000
117440  46.390  36.493  12.235 0.0000000000
118321  44.328  22.639  21.802 0.0000000000
119190  47.642  28.717  19.313 0.0000000000
119538  49.352  21.658  26.431 0.0000000000
120110  47.668  25.666  14.332 0.0000000000
122691  48.959  22.706  25.855 0.0000000000
122922  49.431  27.873  26.253 0.0000000000
122977  48.450  38.689  24.438 0.0000000000
123250  49.152  27.589  31.193 0.0000000000
123514  48.547  35.480  14.388 0.0000000000
123864  49.177  36.904  25.724 0.0000000000
123954  46.209  34.845  13.907 0.0000000000
125117  45.845  23.665  16.825 0.0000000000
125591  45.168  36.225  18.807 0.0000000000
126415  49.471  41.933  15.347 0.0000000000
126449  44.386  31.101  17.218 0.0000000000
126455  45.640  26.665  17.319 0.0000000000
127134  43.066  41.725  18.482 0.0000000000
127859  42.394  21.797  20.444 0.0000000000
129082  48.486  26.837  32.094 0.0000000000
129520  45.982  23.742  24.171 0.0000000000
129963  41.348  20.138  25.763 0.0000000000
130061  44.495  32.741  18.962 0.0000000000
130714  45.769  48.035  17.948 0.0000000000
131967  46.818  31.953  21.632 0.0000000000
132215  46.515  26.251  15.655 0.0000000000
133199  49.377  38.717  21.182 0.0000000000
133388  46.980  40.283  23.052 0.0000000000
133599  46.338  36.487  18.405 0.0000000000
133608  41.251  29.778  17.846 0.0000000000
134100  49.315  37.852  20.527 0.0000000000
134805  45.383  24.904  24.736 0.0000000000
135115  41.932  19.358  26.436 0.0000000000
135832  40.678  31.455  15.557 0.0000000000
135927  47.824  36.091  12.431 0.0000000000
136097  45.875  24.034  15.247 0.0000000000
136198  43.528  35.224  15.959 0.0000000000
136567  42.181  26.352  12.063 0.0000000000
136689  48.198  26.026  15.972 0.0000000000
