#!ascii label  , from subject sub-v1s14x0051581_ses-1 vox2ras=TkReg
330
22060  42.459  -52.662  -14.369 0.0000000000
14533  41.224  -61.921  -25.123 0.0000000000
20216  50.008  -55.560  -17.814 0.0000000000
19292  43.793  -56.408  -19.644 0.0000000000
16342  47.405  -60.118  -24.304 0.0000000000
18305  50.058  -56.937  -22.040 0.0000000000
14495  49.476  -60.726  -23.346 0.0000000000
17303  42.333  -58.728  -22.893 0.0000000000
18274  40.302  -57.306  -19.299 0.0000000000
22072  46.328  -54.520  -15.653 0.0000000000
20245  46.990  -55.511  -19.656 0.0000000000
18328  45.963  -57.775  -22.894 0.0000000000
14514  43.917  -61.355  -24.590 0.0000000000
11938  45.541  -64.535  -27.157 0.0000000000
22964  38.452  -52.441  -12.096 0.0000000000
20184  42.692  -55.373  -14.340 0.0000000000
19235  47.970  -56.964  -15.434 0.0000000000
21126  41.566  -53.769  -16.931 0.0000000000
16298  50.352  -58.920  -21.949 0.0000000000
15401  41.406  -60.269  -23.594 0.0000000000
17286  40.513  -58.357  -22.259 0.0000000000
21123  48.384  -55.297  -16.651 0.0000000000
21169  48.699  -55.233  -18.715 0.0000000000
17297  48.992  -58.954  -23.699 0.0000000000
18317  47.356  -57.300  -22.598 0.0000000000
16316  46.818  -59.322  -23.800 0.0000000000
16344  44.930  -59.878  -23.835 0.0000000000
15419  45.548  -60.704  -24.374 0.0000000000
11939  44.424  -64.227  -27.231 0.0000000000
19237  43.575  -56.862  -14.507 0.0000000000
119369  45.065  -56.498  -14.713 0.0000000000
18218  45.781  -57.972  -14.381 0.0000000000
20234  44.386  -55.401  -18.230 0.0000000000
136609  42.877  -55.614  -17.698 0.0000000000
19295  38.354  -56.611  -19.100 0.0000000000
20221  39.774  -55.649  -18.003 0.0000000000
18270  50.919  -56.614  -19.733 0.0000000000
20259  50.147  -55.802  -20.205 0.0000000000
18292  51.121  -57.003  -21.116 0.0000000000
16313  50.095  -59.452  -23.313 0.0000000000
15416  48.950  -60.930  -24.665 0.0000000000
18307  43.097  -57.222  -21.804 0.0000000000
123836  42.609  -56.946  -20.129 0.0000000000
18309  41.525  -57.637  -21.380 0.0000000000
18311  39.711  -57.710  -21.205 0.0000000000
13668  40.321  -62.587  -26.770 0.0000000000
22058  44.038  -52.957  -14.748 0.0000000000
21160  46.044  -54.934  -18.075 0.0000000000
20246  45.323  -55.746  -19.425 0.0000000000
20277  48.461  -55.979  -21.127 0.0000000000
19314  46.677  -56.122  -21.326 0.0000000000
19332  44.505  -56.672  -21.598 0.0000000000
17283  43.604  -58.111  -22.852 0.0000000000
15399  43.064  -60.108  -23.720 0.0000000000
135628  42.255  -61.250  -24.385 0.0000000000
14528  46.741  -62.191  -25.502 0.0000000000
13649  44.943  -62.585  -25.722 0.0000000000
13665  43.322  -62.987  -26.215 0.0000000000
13652  41.780  -62.399  -25.680 0.0000000000
23897  38.891  -51.273  -11.952 0.0000000000
123588  39.041  -52.497  -13.516 0.0000000000
21108  39.525  -54.299  -13.778 0.0000000000
21105  42.590  -54.453  -14.237 0.0000000000
120162  45.183  -54.729  -14.804 0.0000000000
20180  46.636  -55.450  -15.257 0.0000000000
20193  48.670  -56.034  -16.188 0.0000000000
18231  49.307  -57.427  -15.552 0.0000000000
19253  49.982  -56.354  -17.088 0.0000000000
19270  41.557  -56.162  -17.752 0.0000000000
22995  40.772  -51.877  -14.093 0.0000000000
23924  40.666  -51.074  -14.417 0.0000000000
22994  41.836  -52.030  -14.315 0.0000000000
128193  41.035  -60.899  -24.088 0.0000000000
127714  40.565  -60.386  -23.612 0.0000000000
21122  49.031  -55.576  -17.045 0.0000000000
21141  48.636  -55.295  -17.227 0.0000000000
21156  49.494  -55.310  -18.634 0.0000000000
16315  48.055  -59.502  -24.000 0.0000000000
17298  47.538  -58.696  -23.469 0.0000000000
16343  46.158  -59.994  -24.075 0.0000000000
15418  46.808  -60.788  -24.628 0.0000000000
11954  44.330  -65.399  -28.227 0.0000000000
18219  44.759  -57.846  -14.380 0.0000000000
19282  44.029  -55.998  -18.895 0.0000000000
20235  43.431  -55.836  -18.204 0.0000000000
115463  43.225  -56.380  -18.844 0.0000000000
19286  38.735  -56.177  -18.624 0.0000000000
131486  51.151  -56.879  -20.456 0.0000000000
17239  50.986  -57.507  -20.813 0.0000000000
15392  50.030  -59.993  -23.100 0.0000000000
16303  50.255  -59.185  -22.755 0.0000000000
15398  49.754  -60.133  -23.721 0.0000000000
16314  49.658  -59.663  -23.770 0.0000000000
14502  49.316  -60.830  -24.154 0.0000000000
18322  42.591  -57.758  -22.141 0.0000000000
18308  42.350  -57.471  -21.575 0.0000000000
18323  41.821  -57.908  -21.979 0.0000000000
17268  40.171  -57.938  -21.766 0.0000000000
17269  39.339  -57.943  -21.716 0.0000000000
18312  38.796  -57.638  -21.099 0.0000000000
127637  45.275  -53.688  -15.264 0.0000000000
22990  44.774  -53.230  -15.388 0.0000000000
22081  46.279  -54.293  -16.088 0.0000000000
20233  46.106  -55.355  -19.104 0.0000000000
20263  46.081  -55.809  -19.989 0.0000000000
19327  50.574  -56.568  -21.313 0.0000000000
20260  49.282  -55.815  -20.653 0.0000000000
19328  49.440  -56.295  -21.484 0.0000000000
131981  46.507  -57.337  -22.626 0.0000000000
19339  46.701  -56.775  -22.221 0.0000000000
18318  45.725  -57.028  -22.359 0.0000000000
19331  46.072  -56.382  -21.734 0.0000000000
19340  44.731  -57.010  -22.249 0.0000000000
18319  45.042  -57.611  -22.741 0.0000000000
15420  44.441  -60.701  -24.221 0.0000000000
136025  44.190  -59.479  -23.458 0.0000000000
15421  43.482  -60.729  -24.142 0.0000000000
15422  42.639  -60.735  -24.072 0.0000000000
14515  42.977  -61.331  -24.496 0.0000000000
10151  45.861  -66.963  -27.614 0.0000000000
11946  45.937  -65.342  -27.487 0.0000000000
123715  46.416  -64.882  -26.971 0.0000000000
12822  46.158  -64.060  -26.727 0.0000000000
13648  46.136  -62.734  -25.876 0.0000000000
14529  45.524  -62.027  -25.322 0.0000000000
13663  45.565  -63.276  -26.272 0.0000000000
12832  43.400  -63.992  -27.335 0.0000000000
12824  43.863  -63.599  -26.736 0.0000000000
13651  42.798  -62.448  -25.595 0.0000000000
13666  42.301  -62.879  -26.311 0.0000000000
23884  39.262  -51.734  -11.589 0.0000000000
23885  38.674  -51.883  -11.873 0.0000000000
22972  38.493  -52.277  -12.903 0.0000000000
121623  42.439  -55.976  -14.371 0.0000000000
20187  39.875  -55.137  -13.909 0.0000000000
20185  41.815  -55.417  -14.245 0.0000000000
21106  41.452  -54.470  -14.118 0.0000000000
120809  43.420  -55.012  -14.390 0.0000000000
21104  43.714  -54.003  -14.398 0.0000000000
20183  43.985  -55.517  -14.483 0.0000000000
131519  46.113  -57.050  -14.843 0.0000000000
20181  45.824  -55.724  -14.938 0.0000000000
19236  46.869  -56.326  -15.170 0.0000000000
20178  48.191  -56.147  -15.884 0.0000000000
19234  48.890  -56.787  -15.704 0.0000000000
16239  49.193  -59.026  -15.914 0.0000000000
18230  49.519  -57.880  -15.547 0.0000000000
127247  49.691  -57.077  -16.278 0.0000000000
18273  41.023  -57.320  -19.574 0.0000000000
114349  41.764  -56.614  -18.325 0.0000000000
118935  40.858  -56.646  -18.228 0.0000000000
21149  40.013  -54.956  -17.928 0.0000000000
16321  41.731  -59.419  -23.159 0.0000000000
131318  41.659  -58.686  -22.698 0.0000000000
21124  47.691  -54.916  -16.253 0.0000000000
22099  47.056  -54.601  -16.473 0.0000000000
21142  47.864  -54.830  -16.875 0.0000000000
20244  47.976  -55.283  -19.195 0.0000000000
17280  49.637  -58.327  -23.048 0.0000000000
124049  48.251  -57.233  -22.488 0.0000000000
17281  48.279  -57.951  -23.045 0.0000000000
17282  46.962  -57.908  -23.023 0.0000000000
17299  46.357  -58.572  -23.265 0.0000000000
17300  45.359  -58.400  -23.116 0.0000000000
16317  45.699  -59.210  -23.538 0.0000000000
14513  44.964  -61.339  -24.777 0.0000000000
12823  44.997  -63.774  -26.734 0.0000000000
11948  43.843  -64.630  -27.795 0.0000000000
120790  43.283  -55.963  -14.442 0.0000000000
120791  44.177  -56.260  -14.548 0.0000000000
125126  44.424  -57.079  -14.575 0.0000000000
125127  45.199  -57.289  -14.610 0.0000000000
127887  47.234  -57.322  -14.876 0.0000000000
21147  42.739  -54.960  -17.283 0.0000000000
18267  39.679  -57.155  -18.959 0.0000000000
19284  39.953  -56.700  -18.424 0.0000000000
19285  39.493  -56.241  -18.283 0.0000000000
130013  39.431  -55.110  -18.285 0.0000000000
20230  50.294  -55.778  -18.476 0.0000000000
20241  50.327  -55.806  -19.107 0.0000000000
19289  50.599  -56.201  -19.445 0.0000000000
19326  50.964  -56.672  -21.097 0.0000000000
18304  50.783  -57.230  -21.687 0.0000000000
17278  50.489  -57.973  -22.169 0.0000000000
18315  50.260  -57.836  -22.337 0.0000000000
17296  49.927  -59.054  -23.406 0.0000000000
130584  49.037  -59.761  -24.104 0.0000000000
19333  43.675  -56.831  -21.311 0.0000000000
130532  43.091  -56.658  -19.594 0.0000000000
19317  42.842  -56.996  -21.084 0.0000000000
18293  42.076  -57.297  -20.795 0.0000000000
18294  41.256  -57.469  -20.510 0.0000000000
18324  41.001  -57.946  -21.872 0.0000000000
18310  40.585  -57.684  -21.137 0.0000000000
131771  39.951  -57.586  -20.630 0.0000000000
18297  38.790  -57.384  -20.217 0.0000000000
18277  38.013  -57.020  -19.879 0.0000000000
13653  40.786  -62.323  -25.894 0.0000000000
22059  43.264  -52.412  -14.772 0.0000000000
22991  44.253  -52.733  -15.173 0.0000000000
19291  44.571  -56.061  -19.637 0.0000000000
20261  48.024  -55.718  -20.290 0.0000000000
19329  48.141  -56.321  -21.680 0.0000000000
20278  47.511  -56.038  -21.195 0.0000000000
20262  46.858  -55.884  -20.584 0.0000000000
19315  45.997  -56.032  -20.912 0.0000000000
115048  45.219  -56.317  -21.223 0.0000000000
19316  44.349  -56.444  -20.600 0.0000000000
18306  43.876  -57.025  -22.061 0.0000000000
18321  43.351  -57.610  -22.347 0.0000000000
17284  42.838  -58.145  -22.650 0.0000000000
16318  44.748  -59.028  -23.305 0.0000000000
117412  43.920  -58.837  -23.171 0.0000000000
16320  42.659  -59.454  -23.272 0.0000000000
15400  42.230  -60.151  -23.624 0.0000000000
15423  41.855  -60.798  -24.041 0.0000000000
14516  41.550  -61.403  -24.501 0.0000000000
125908  48.475  -61.496  -24.927 0.0000000000
11041  46.395  -65.640  -27.114 0.0000000000
14527  47.611  -62.439  -25.486 0.0000000000
14511  47.553  -61.647  -25.174 0.0000000000
14512  46.166  -61.419  -24.990 0.0000000000
14530  44.392  -61.935  -25.177 0.0000000000
13664  44.400  -63.098  -26.207 0.0000000000
13650  43.843  -62.509  -25.618 0.0000000000
14531  43.347  -61.889  -25.073 0.0000000000
14532  42.270  -61.840  -24.940 0.0000000000
13667  41.304  -62.747  -26.500 0.0000000000
25743  39.710  -49.981  -12.108 0.0000000000
126257  39.484  -51.117  -11.686 0.0000000000
24859  38.890  -50.870  -12.559 0.0000000000
22981  38.905  -51.650  -13.376 0.0000000000
22062  39.874  -52.645  -13.860 0.0000000000
22061  40.886  -52.777  -13.984 0.0000000000
20166  39.085  -54.999  -13.574 0.0000000000
22046  38.682  -53.242  -13.203 0.0000000000
22045  39.249  -53.425  -13.649 0.0000000000
126016  41.086  -53.642  -14.025 0.0000000000
123974  42.054  -53.577  -14.143 0.0000000000
122862  43.057  -53.292  -14.370 0.0000000000
21103  44.621  -53.882  -14.729 0.0000000000
135288  45.880  -54.408  -15.265 0.0000000000
20182  44.753  -55.571  -14.650 0.0000000000
115497  45.931  -54.825  -15.112 0.0000000000
21100  46.943  -55.113  -15.517 0.0000000000
21116  48.116  -55.384  -16.210 0.0000000000
20200  48.881  -55.715  -16.629 0.0000000000
20199  49.583  -55.726  -17.119 0.0000000000
19248  49.306  -56.611  -16.039 0.0000000000
19247  49.591  -56.462  -16.375 0.0000000000
19252  50.053  -55.724  -17.492 0.0000000000
19293  42.384  -56.800  -19.028 0.0000000000
19283  42.501  -56.229  -18.083 0.0000000000
20219  41.245  -55.454  -17.475 0.0000000000
19272  40.222  -56.179  -17.954 0.0000000000
21148  40.871  -54.542  -17.461 0.0000000000
13647  47.222  -62.917  -25.915 0.0000000000
14510  48.182  -62.243  -25.156 0.0000000000
14517  40.658  -61.463  -24.639 0.0000000000
15385  49.906  -59.791  -22.332 0.0000000000
16319  43.476  -59.473  -23.371 0.0000000000
16345  43.917  -60.064  -23.799 0.0000000000
17202  49.507  -58.586  -15.643 0.0000000000
17279  50.265  -58.670  -22.782 0.0000000000
17285  42.098  -58.266  -22.428 0.0000000000
17301  44.450  -58.207  -23.013 0.0000000000
17302  43.119  -58.749  -23.056 0.0000000000
17304  40.876  -58.952  -22.824 0.0000000000
18263  50.597  -56.266  -18.859 0.0000000000
18265  40.792  -57.119  -18.864 0.0000000000
18266  40.301  -57.026  -18.688 0.0000000000
18268  39.185  -56.740  -18.734 0.0000000000
18272  41.821  -57.203  -19.811 0.0000000000
18275  39.621  -57.425  -19.856 0.0000000000
18276  38.915  -57.144  -19.360 0.0000000000
18295  40.458  -57.493  -20.174 0.0000000000
18296  39.375  -57.537  -20.625 0.0000000000
18316  49.274  -57.483  -22.559 0.0000000000
18320  44.156  -57.560  -22.559 0.0000000000
19269  50.343  -56.049  -17.971 0.0000000000
19271  40.852  -56.038  -17.688 0.0000000000
19290  45.231  -56.008  -20.328 0.0000000000
19294  41.461  -57.021  -18.904 0.0000000000
19311  50.931  -56.543  -20.420 0.0000000000
19312  50.733  -56.252  -20.719 0.0000000000
19313  50.236  -56.004  -20.984 0.0000000000
19330  47.090  -56.300  -21.794 0.0000000000
19337  48.821  -56.750  -22.126 0.0000000000
19338  47.689  -56.725  -22.150 0.0000000000
20179  47.391  -55.805  -15.570 0.0000000000
20186  40.813  -55.228  -14.088 0.0000000000
20192  49.355  -56.064  -16.527 0.0000000000
20194  47.780  -55.497  -15.892 0.0000000000
20217  43.574  -55.186  -17.653 0.0000000000
20218  42.109  -55.582  -17.488 0.0000000000
20220  40.486  -55.499  -17.716 0.0000000000
20231  50.076  -55.528  -18.487 0.0000000000
20236  39.111  -55.640  -18.364 0.0000000000
20237  38.393  -55.448  -18.688 0.0000000000
20242  50.104  -55.564  -19.296 0.0000000000
20258  50.532  -56.020  -19.899 0.0000000000
21101  46.346  -54.685  -15.445 0.0000000000
21102  45.440  -54.134  -14.984 0.0000000000
21107  40.448  -54.409  -13.993 0.0000000000
21117  47.228  -54.979  -15.779 0.0000000000
21140  49.476  -55.476  -17.720 0.0000000000
21157  48.764  -55.262  -17.954 0.0000000000
22036  38.398  -53.160  -12.526 0.0000000000
22056  45.766  -54.215  -15.357 0.0000000000
22057  44.839  -53.264  -14.977 0.0000000000
22071  47.060  -54.694  -16.121 0.0000000000
22073  45.488  -53.859  -15.672 0.0000000000
22993  42.674  -51.971  -14.722 0.0000000000
23898  38.593  -51.691  -12.361 0.0000000000
23913  38.613  -51.388  -12.961 0.0000000000
24839  39.286  -50.628  -12.018 0.0000000000
113510  38.113  -57.406  -20.597 0.0000000000
113916  41.803  -54.733  -17.176 0.0000000000
115217  41.345  -58.337  -22.341 0.0000000000
115654  43.402  -56.718  -20.403 0.0000000000
120810  44.290  -54.754  -14.538 0.0000000000
121887  40.113  -53.563  -13.925 0.0000000000
124918  49.727  -55.953  -16.847 0.0000000000
125394  49.531  -57.048  -15.896 0.0000000000
129564  45.236  -56.624  -21.876 0.0000000000
130366  49.338  -60.316  -24.184 0.0000000000
130384  41.679  -52.930  -14.096 0.0000000000
134830  38.854  -51.187  -13.262 0.0000000000
135477  44.727  -55.763  -18.933 0.0000000000
136369  50.373  -58.436  -22.361 0.0000000000
