#!ascii label  , from subject sub-v1s14x0051579_ses-1 vox2ras=TkReg
653
10103  -34.297  -59.110  -41.065 0.0000000000
14237  -32.771  -55.736  -47.839 0.0000000000
15231  -31.265  -54.139  -36.910 0.0000000000
11077  -30.638  -59.481  -43.616 0.0000000000
16337  -32.625  -53.416  -41.475 0.0000000000
17269  -38.772  -52.657  -35.576 0.0000000000
20036  -32.208  -49.706  -31.299 0.0000000000
26639  -34.197  -42.972  -27.333 0.0000000000
17264  -28.793  -51.894  -36.082 0.0000000000
16330  -29.578  -54.343  -40.094 0.0000000000
18214  -30.020  -51.042  -38.593 0.0000000000
18188  -35.728  -51.493  -33.308 0.0000000000
20038  -35.815  -49.107  -31.696 0.0000000000
29666  -32.388  -40.183  -26.994 0.0000000000
26655  -30.725  -43.300  -28.763 0.0000000000
6856  -30.594  -63.003  -41.324 0.0000000000
11110  -33.360  -58.487  -45.972 0.0000000000
10156  -28.930  -60.092  -45.727 0.0000000000
150793  -29.583  -57.110  -45.886 0.0000000000
13072  -32.873  -56.656  -38.551 0.0000000000
9211  -30.592  -60.646  -41.470 0.0000000000
13127  -32.454  -56.268  -42.843 0.0000000000
14203  -35.593  -54.427  -44.856 0.0000000000
16291  -34.812  -53.902  -36.323 0.0000000000
18185  -32.116  -51.856  -34.116 0.0000000000
19081  -29.069  -50.003  -33.182 0.0000000000
23291  -36.262  -46.363  -28.851 0.0000000000
23309  -32.937  -46.626  -29.309 0.0000000000
23306  -29.751  -47.141  -29.832 0.0000000000
23360  -30.071  -46.332  -32.464 0.0000000000
7694  -28.701  -63.290  -44.993 0.0000000000
17326  -29.451  -52.439  -43.555 0.0000000000
15349  -29.061  -54.521  -46.957 0.0000000000
14281  -25.121  -56.088  -48.596 0.0000000000
19111  -27.803  -49.985  -35.746 0.0000000000
18212  -28.649  -51.550  -37.712 0.0000000000
8376  -32.805  -61.118  -41.547 0.0000000000
13207  -33.685  -56.500  -47.232 0.0000000000
12170  -32.162  -58.373  -46.740 0.0000000000
12183  -31.261  -57.329  -48.152 0.0000000000
12167  -29.633  -57.910  -47.974 0.0000000000
145874  -30.656  -56.784  -49.010 0.0000000000
14101  -32.559  -55.452  -37.684 0.0000000000
14116  -30.445  -55.841  -38.035 0.0000000000
136507  -31.211  -53.400  -40.520 0.0000000000
15277  -30.746  -55.117  -41.090 0.0000000000
15288  -33.151  -54.377  -42.214 0.0000000000
137637  -34.077  -55.357  -43.596 0.0000000000
15289  -34.700  -53.920  -43.378 0.0000000000
15250  -36.235  -54.944  -37.958 0.0000000000
16272  -37.027  -53.237  -35.732 0.0000000000
151002  -33.788  -50.793  -32.387 0.0000000000
18186  -33.671  -51.768  -33.554 0.0000000000
18166  -32.003  -51.104  -33.040 0.0000000000
18183  -30.491  -50.968  -33.647 0.0000000000
19067  -30.988  -50.032  -31.931 0.0000000000
24450  -34.961  -45.107  -28.404 0.0000000000
23311  -35.045  -46.216  -29.489 0.0000000000
24448  -32.961  -45.189  -28.470 0.0000000000
152002  -30.760  -42.430  -29.679 0.0000000000
24467  -30.316  -44.874  -29.288 0.0000000000
25606  -29.930  -44.994  -30.708 0.0000000000
23342  -29.319  -46.419  -31.355 0.0000000000
143178  -29.627  -59.923  -42.199 0.0000000000
8401  -29.901  -62.032  -43.221 0.0000000000
9264  -29.783  -61.940  -45.377 0.0000000000
132765  -26.636  -59.768  -44.259 0.0000000000
18252  -26.997  -51.597  -42.235 0.0000000000
16380  -29.293  -53.361  -44.610 0.0000000000
138491  -25.628  -54.149  -46.919 0.0000000000
16286  -29.699  -53.356  -36.701 0.0000000000
15245  -29.142  -54.505  -37.838 0.0000000000
17280  -28.667  -53.022  -37.611 0.0000000000
16328  -29.620  -52.810  -39.381 0.0000000000
17293  -31.718  -52.555  -40.440 0.0000000000
17255  -37.423  -52.255  -34.676 0.0000000000
19088  -35.568  -50.395  -32.343 0.0000000000
140879  -34.001  -49.562  -31.290 0.0000000000
28628  -33.656  -41.521  -26.761 0.0000000000
25554  -32.244  -43.658  -27.828 0.0000000000
28627  -32.003  -41.065  -27.457 0.0000000000
28653  -31.234  -41.091  -29.090 0.0000000000
28669  -32.046  -41.231  -30.765 0.0000000000
11092  -32.527  -59.421  -45.221 0.0000000000
9265  -30.375  -61.293  -46.232 0.0000000000
10172  -31.916  -60.107  -46.233 0.0000000000
12127  -29.765  -57.758  -45.238 0.0000000000
13143  -28.177  -56.843  -44.195 0.0000000000
13183  -27.880  -56.771  -45.292 0.0000000000
12165  -26.619  -58.063  -46.605 0.0000000000
11169  -26.853  -59.107  -48.365 0.0000000000
12057  -34.318  -57.898  -40.523 0.0000000000
10085  -32.920  -59.640  -41.128 0.0000000000
11017  -30.017  -58.568  -40.018 0.0000000000
12099  -29.811  -58.334  -41.718 0.0000000000
14128  -29.104  -55.688  -39.448 0.0000000000
13111  -30.364  -56.691  -41.553 0.0000000000
12115  -31.662  -57.914  -43.341 0.0000000000
13164  -33.473  -57.355  -44.591 0.0000000000
13186  -34.419  -56.841  -45.608 0.0000000000
14239  -34.904  -55.284  -46.634 0.0000000000
14119  -35.657  -56.050  -39.195 0.0000000000
150859  -34.366  -55.303  -37.800 0.0000000000
15233  -33.094  -54.133  -36.794 0.0000000000
16257  -35.129  -53.073  -35.093 0.0000000000
16269  -33.442  -53.088  -35.431 0.0000000000
16288  -31.866  -53.190  -36.112 0.0000000000
17265  -30.327  -52.199  -35.393 0.0000000000
18195  -28.638  -50.892  -34.802 0.0000000000
20057  -28.021  -48.792  -33.981 0.0000000000
22169  -36.127  -47.386  -30.383 0.0000000000
21042  -34.325  -47.654  -30.383 0.0000000000
21059  -32.196  -48.714  -30.398 0.0000000000
24447  -31.803  -45.190  -28.478 0.0000000000
139816  -30.936  -46.855  -29.263 0.0000000000
20021  -30.817  -49.159  -30.845 0.0000000000
21071  -29.287  -48.686  -31.268 0.0000000000
135697  -28.469  -47.973  -32.676 0.0000000000
8388  -31.509  -61.909  -42.211 0.0000000000
154661  -29.196  -63.667  -43.148 0.0000000000
9276  -28.899  -61.633  -46.445 0.0000000000
9261  -26.374  -61.482  -44.998 0.0000000000
16365  -35.791  -52.800  -44.918 0.0000000000
16404  -35.268  -53.259  -46.263 0.0000000000
15336  -33.562  -54.367  -46.619 0.0000000000
15334  -31.174  -54.239  -46.002 0.0000000000
145850  -31.148  -55.346  -47.848 0.0000000000
14260  -28.819  -56.392  -48.630 0.0000000000
13243  -26.620  -57.654  -48.697 0.0000000000
20074  -27.960  -49.358  -35.759 0.0000000000
20082  -28.113  -49.698  -36.362 0.0000000000
9214  -33.297  -60.305  -41.291 0.0000000000
10102  -33.922  -59.631  -41.190 0.0000000000
14264  -32.863  -56.364  -47.931 0.0000000000
12184  -32.294  -57.487  -47.473 0.0000000000
13228  -32.230  -56.899  -48.200 0.0000000000
13227  -31.440  -56.926  -48.757 0.0000000000
14262  -31.332  -56.177  -48.586 0.0000000000
15246  -31.717  -54.885  -37.333 0.0000000000
13060  -31.536  -55.780  -37.849 0.0000000000
14100  -30.829  -55.303  -37.607 0.0000000000
16336  -31.931  -53.817  -41.063 0.0000000000
15279  -32.494  -54.129  -41.608 0.0000000000
16347  -33.091  -53.699  -41.964 0.0000000000
14164  -33.939  -54.529  -42.954 0.0000000000
16348  -33.867  -53.660  -42.577 0.0000000000
16274  -39.487  -53.219  -36.382 0.0000000000
16295  -39.031  -53.702  -37.132 0.0000000000
16294  -37.787  -53.712  -36.775 0.0000000000
16273  -38.277  -53.190  -36.138 0.0000000000
19086  -33.092  -50.588  -32.164 0.0000000000
18167  -33.055  -51.148  -32.818 0.0000000000
19085  -32.348  -50.609  -32.312 0.0000000000
19084  -31.482  -50.516  -32.433 0.0000000000
19068  -31.830  -50.139  -31.816 0.0000000000
27608  -34.665  -42.509  -26.766 0.0000000000
27591  -34.790  -42.398  -26.374 0.0000000000
26640  -34.945  -43.244  -27.119 0.0000000000
25557  -35.323  -43.912  -27.226 0.0000000000
148036  -34.984  -43.991  -27.514 0.0000000000
24449  -34.064  -45.121  -28.516 0.0000000000
25575  -33.677  -44.472  -28.086 0.0000000000
26684  -30.806  -42.885  -30.481 0.0000000000
26683  -30.452  -43.585  -30.181 0.0000000000
25621  -30.404  -44.512  -31.232 0.0000000000
25622  -31.065  -44.131  -31.693 0.0000000000
10128  -29.849  -59.763  -42.771 0.0000000000
10127  -29.729  -60.559  -42.875 0.0000000000
10143  -30.147  -60.558  -43.888 0.0000000000
140346  -27.602  -53.247  -44.690 0.0000000000
132976  -26.890  -54.212  -46.559 0.0000000000
16396  -25.897  -53.372  -45.761 0.0000000000
17276  -29.166  -52.627  -36.479 0.0000000000
16285  -28.921  -53.178  -37.133 0.0000000000
17275  -28.622  -52.269  -36.881 0.0000000000
18213  -29.171  -51.639  -38.363 0.0000000000
149496  -28.698  -52.193  -38.092 0.0000000000
18218  -29.871  -51.846  -38.937 0.0000000000
17292  -30.871  -52.699  -39.963 0.0000000000
17286  -30.707  -52.007  -39.498 0.0000000000
145284  -34.469  -49.913  -31.651 0.0000000000
143101  -34.879  -49.312  -31.462 0.0000000000
29649  -32.961  -40.513  -26.223 0.0000000000
137016  -32.782  -41.416  -27.179 0.0000000000
28668  -31.411  -41.256  -30.034 0.0000000000
6864  -29.185  -63.351  -41.777 0.0000000000
11093  -32.959  -58.976  -45.601 0.0000000000
10159  -32.472  -59.722  -45.907 0.0000000000
11109  -32.822  -59.233  -46.062 0.0000000000
12146  -31.057  -57.913  -46.378 0.0000000000
12128  -30.674  -58.186  -45.908 0.0000000000
141069  -28.873  -56.982  -44.814 0.0000000000
139645  -28.128  -56.705  -44.637 0.0000000000
12181  -28.900  -58.198  -48.482 0.0000000000
133142  -28.763  -58.053  -47.627 0.0000000000
149554  -28.092  -58.566  -48.106 0.0000000000
11129  -27.241  -58.784  -47.701 0.0000000000
11152  -27.414  -58.851  -48.233 0.0000000000
12041  -33.524  -57.340  -39.413 0.0000000000
12056  -33.004  -58.228  -39.915 0.0000000000
138302  -29.540  -58.208  -40.933 0.0000000000
13110  -29.691  -57.385  -41.130 0.0000000000
15263  -28.717  -54.489  -39.004 0.0000000000
14114  -28.906  -55.205  -38.872 0.0000000000
15271  -29.368  -55.233  -40.167 0.0000000000
14148  -30.502  -55.920  -41.316 0.0000000000
13126  -31.622  -56.593  -42.386 0.0000000000
12101  -31.225  -57.322  -42.566 0.0000000000
13144  -32.050  -57.071  -43.080 0.0000000000
12116  -32.507  -57.666  -43.945 0.0000000000
14181  -35.017  -54.950  -44.250 0.0000000000
14201  -34.611  -55.782  -44.525 0.0000000000
14202  -35.309  -55.269  -45.049 0.0000000000
13187  -34.806  -56.147  -46.133 0.0000000000
14240  -35.353  -54.723  -46.272 0.0000000000
15235  -35.401  -54.374  -37.035 0.0000000000
15249  -35.056  -54.985  -37.625 0.0000000000
15234  -34.449  -54.290  -36.850 0.0000000000
15248  -33.841  -54.687  -37.183 0.0000000000
145515  -33.752  -54.104  -36.678 0.0000000000
17237  -36.143  -51.959  -33.898 0.0000000000
16258  -36.167  -52.935  -35.025 0.0000000000
17253  -35.635  -52.507  -34.428 0.0000000000
17234  -33.032  -52.128  -34.164 0.0000000000
17235  -33.887  -52.347  -34.278 0.0000000000
17267  -32.809  -52.795  -35.244 0.0000000000
16268  -32.691  -53.174  -35.803 0.0000000000
17266  -32.024  -52.697  -35.415 0.0000000000
16267  -31.108  -52.761  -35.810 0.0000000000
17248  -30.945  -51.913  -34.811 0.0000000000
19100  -29.719  -50.535  -33.497 0.0000000000
18196  -29.669  -51.093  -34.300 0.0000000000
19109  -28.872  -50.445  -33.965 0.0000000000
19108  -28.172  -50.169  -34.486 0.0000000000
19099  -28.406  -49.776  -33.699 0.0000000000
22155  -36.186  -46.799  -29.604 0.0000000000
23310  -34.047  -46.404  -29.481 0.0000000000
22153  -34.660  -46.871  -30.043 0.0000000000
22152  -33.537  -47.313  -29.866 0.0000000000
152950  -33.535  -48.059  -30.273 0.0000000000
21041  -32.749  -48.100  -30.062 0.0000000000
26656  -31.320  -43.528  -28.152 0.0000000000
25573  -31.488  -44.368  -28.266 0.0000000000
141141  -29.724  -46.233  -29.877 0.0000000000
23307  -30.311  -46.567  -29.411 0.0000000000
22149  -30.452  -47.361  -29.604 0.0000000000
21039  -30.807  -48.088  -29.899 0.0000000000
21038  -29.983  -47.936  -29.977 0.0000000000
20020  -29.981  -49.022  -30.938 0.0000000000
22167  -29.437  -47.658  -30.383 0.0000000000
23359  -29.359  -46.590  -32.096 0.0000000000
22194  -28.798  -47.485  -31.837 0.0000000000
23379  -28.898  -47.231  -32.515 0.0000000000
22207  -28.690  -47.656  -33.478 0.0000000000
140053  -30.980  -60.126  -40.855 0.0000000000
9212  -31.834  -60.917  -41.739 0.0000000000
9227  -30.147  -61.010  -41.912 0.0000000000
7675  -29.196  -63.318  -44.358 0.0000000000
7658  -29.787  -63.043  -43.365 0.0000000000
6905  -28.759  -63.653  -44.364 0.0000000000
6874  -28.153  -63.726  -43.482 0.0000000000
6884  -27.848  -63.598  -44.316 0.0000000000
10170  -30.217  -60.815  -46.506 0.0000000000
9277  -29.632  -61.503  -46.424 0.0000000000
10169  -29.371  -60.948  -46.513 0.0000000000
10140  -25.955  -59.921  -43.994 0.0000000000
10155  -26.943  -60.351  -44.826 0.0000000000
17329  -35.435  -52.467  -44.169 0.0000000000
17344  -35.657  -51.853  -45.061 0.0000000000
17354  -34.071  -53.297  -46.135 0.0000000000
16403  -34.643  -53.928  -46.589 0.0000000000
16402  -32.750  -53.707  -45.780 0.0000000000
16399  -29.346  -53.811  -45.484 0.0000000000
153808  -29.985  -53.631  -45.017 0.0000000000
16400  -30.222  -54.049  -45.749 0.0000000000
15350  -29.700  -54.796  -47.280 0.0000000000
14235  -30.328  -55.586  -48.231 0.0000000000
14234  -29.152  -55.310  -47.902 0.0000000000
14258  -26.059  -55.464  -47.823 0.0000000000
13223  -26.820  -56.546  -48.435 0.0000000000
13222  -25.807  -56.358  -48.437 0.0000000000
154127  -28.069  -50.983  -35.917 0.0000000000
18209  -28.313  -51.440  -36.914 0.0000000000
19114  -28.075  -50.541  -36.519 0.0000000000
19120  -28.513  -50.767  -37.338 0.0000000000
19121  -29.244  -50.759  -38.037 0.0000000000
30729  -32.187  -39.550  -27.514 0.0000000000
31848  -32.716  -38.393  -27.545 0.0000000000
7636  -31.420  -62.452  -41.324 0.0000000000
12172  -33.473  -57.687  -46.574 0.0000000000
11131  -32.499  -59.034  -46.372 0.0000000000
12171  -32.732  -58.098  -46.770 0.0000000000
141155  -31.950  -57.508  -47.496 0.0000000000
12169  -30.915  -57.505  -47.069 0.0000000000
13205  -29.338  -57.329  -46.554 0.0000000000
12182  -30.446  -57.653  -48.215 0.0000000000
12200  -29.710  -57.731  -48.853 0.0000000000
149951  -32.412  -56.075  -38.056 0.0000000000
133814  -31.831  -56.527  -38.307 0.0000000000
13071  -30.954  -56.349  -38.234 0.0000000000
12037  -29.655  -56.822  -39.282 0.0000000000
148271  -30.390  -54.049  -40.438 0.0000000000
15272  -30.083  -54.767  -40.634 0.0000000000
15273  -31.023  -54.290  -40.854 0.0000000000
150767  -32.307  -54.955  -41.881 0.0000000000
14163  -33.041  -55.343  -42.647 0.0000000000
149039  -33.263  -56.015  -43.336 0.0000000000
15304  -34.639  -54.575  -43.622 0.0000000000
15305  -35.254  -54.165  -44.121 0.0000000000
15236  -36.414  -54.356  -37.215 0.0000000000
16292  -35.690  -53.899  -36.390 0.0000000000
18187  -34.680  -51.572  -33.271 0.0000000000
150497  -34.442  -52.079  -33.859 0.0000000000
18168  -33.932  -51.298  -32.945 0.0000000000
139864  -32.650  -51.601  -33.534 0.0000000000
148215  -32.044  -51.482  -33.591 0.0000000000
18198  -31.393  -51.748  -34.338 0.0000000000
18165  -31.075  -50.811  -33.066 0.0000000000
19101  -30.381  -50.560  -33.111 0.0000000000
19082  -29.888  -50.155  -32.812 0.0000000000
24429  -35.751  -44.658  -27.413 0.0000000000
24468  -35.360  -45.692  -28.824 0.0000000000
23312  -35.772  -46.219  -29.273 0.0000000000
23289  -34.530  -45.708  -28.977 0.0000000000
23288  -33.480  -45.852  -28.930 0.0000000000
26669  -30.586  -43.102  -29.529 0.0000000000
25572  -30.697  -44.191  -28.691 0.0000000000
25593  -30.392  -44.035  -29.478 0.0000000000
25592  -30.025  -44.859  -29.931 0.0000000000
24485  -29.751  -45.590  -30.278 0.0000000000
133795  -29.437  -46.323  -30.642 0.0000000000
24501  -29.619  -45.711  -31.016 0.0000000000
24502  -30.117  -45.254  -31.479 0.0000000000
24518  -30.496  -45.664  -32.152 0.0000000000
9210  -29.843  -60.257  -41.512 0.0000000000
154960  -29.834  -60.712  -41.939 0.0000000000
9242  -29.745  -61.280  -43.042 0.0000000000
152291  -29.679  -62.391  -44.116 0.0000000000
8432  -29.216  -62.683  -45.384 0.0000000000
130235  -27.941  -60.148  -45.129 0.0000000000
17324  -27.418  -52.489  -43.344 0.0000000000
17325  -28.419  -52.506  -43.349 0.0000000000
16362  -28.890  -52.954  -43.944 0.0000000000
16379  -28.460  -53.225  -44.444 0.0000000000
16398  -28.499  -53.568  -45.143 0.0000000000
15332  -28.594  -54.049  -46.136 0.0000000000
134788  -28.343  -54.613  -47.053 0.0000000000
15364  -26.366  -54.603  -47.117 0.0000000000
14257  -25.272  -55.373  -48.010 0.0000000000
15230  -30.230  -54.031  -36.952 0.0000000000
134798  -29.778  -54.493  -37.399 0.0000000000
16307  -29.349  -53.904  -37.280 0.0000000000
15244  -28.749  -54.085  -38.119 0.0000000000
16327  -28.693  -53.876  -38.661 0.0000000000
144494  -28.598  -52.266  -37.548 0.0000000000
17285  -28.837  -53.190  -38.927 0.0000000000
137447  -29.101  -53.760  -39.418 0.0000000000
16331  -30.088  -53.483  -40.023 0.0000000000
16332  -32.107  -53.032  -40.963 0.0000000000
17268  -37.729  -52.714  -35.327 0.0000000000
18189  -36.707  -51.316  -33.456 0.0000000000
18170  -36.325  -50.737  -32.817 0.0000000000
18169  -35.247  -51.013  -32.728 0.0000000000
19087  -34.629  -50.484  -32.143 0.0000000000
19070  -33.669  -50.200  -31.747 0.0000000000
20037  -33.115  -49.700  -31.262 0.0000000000
28612  -33.799  -41.238  -26.221 0.0000000000
27607  -33.858  -42.162  -27.091 0.0000000000
26638  -33.134  -42.872  -27.508 0.0000000000
27606  -32.952  -42.061  -27.314 0.0000000000
27605  -31.979  -42.002  -27.553 0.0000000000
28641  -31.344  -41.825  -28.120 0.0000000000
30740  -31.940  -39.739  -28.364 0.0000000000
131096  -31.430  -41.071  -28.287 0.0000000000
27623  -30.839  -42.399  -28.848 0.0000000000
27636  -30.963  -41.789  -29.398 0.0000000000
143016  -31.085  -42.047  -30.245 0.0000000000
147210  -32.193  -41.887  -31.292 0.0000000000
11078  -31.772  -59.612  -44.644 0.0000000000
10144  -31.208  -60.519  -45.039 0.0000000000
10158  -31.999  -60.158  -45.691 0.0000000000
9278  -31.293  -60.719  -46.037 0.0000000000
10171  -31.211  -60.386  -46.372 0.0000000000
11090  -29.289  -58.901  -45.114 0.0000000000
12113  -27.984  -57.381  -43.729 0.0000000000
13204  -28.432  -57.288  -46.303 0.0000000000
12145  -27.413  -57.322  -46.039 0.0000000000
11127  -25.647  -58.680  -46.819 0.0000000000
11150  -25.708  -59.434  -47.620 0.0000000000
11020  -34.089  -58.711  -41.031 0.0000000000
11037  -33.819  -59.412  -41.301 0.0000000000
11019  -33.262  -59.039  -40.845 0.0000000000
152679  -31.752  -59.694  -40.674 0.0000000000
10084  -30.772  -59.188  -40.149 0.0000000000
10083  -30.109  -59.335  -40.498 0.0000000000
10099  -29.726  -59.483  -40.970 0.0000000000
11061  -29.670  -59.248  -41.929 0.0000000000
11062  -30.044  -58.968  -42.522 0.0000000000
14099  -29.860  -55.183  -37.772 0.0000000000
14115  -29.320  -55.973  -38.870 0.0000000000
14138  -29.881  -55.609  -40.770 0.0000000000
14147  -29.788  -56.442  -40.936 0.0000000000
12085  -30.407  -57.430  -41.971 0.0000000000
12100  -30.698  -58.262  -42.754 0.0000000000
12114  -31.389  -58.753  -43.690 0.0000000000
12129  -32.171  -58.648  -44.250 0.0000000000
12130  -32.932  -58.422  -44.832 0.0000000000
11094  -33.495  -58.095  -45.362 0.0000000000
13146  -33.777  -56.313  -44.110 0.0000000000
13165  -34.280  -56.680  -44.891 0.0000000000
12148  -33.901  -57.623  -45.840 0.0000000000
139077  -34.228  -56.877  -46.381 0.0000000000
142188  -33.382  -55.814  -47.588 0.0000000000
154578  -35.063  -57.630  -40.678 0.0000000000
13074  -35.124  -56.602  -39.619 0.0000000000
13073  -33.983  -56.645  -38.979 0.0000000000
14104  -36.077  -55.520  -38.697 0.0000000000
14103  -35.116  -55.589  -38.308 0.0000000000
14117  -33.291  -56.020  -38.162 0.0000000000
14102  -33.538  -55.344  -37.702 0.0000000000
15247  -32.835  -54.744  -37.242 0.0000000000
15232  -32.226  -54.183  -36.895 0.0000000000
150488  -36.926  -52.707  -35.034 0.0000000000
16271  -35.941  -53.442  -35.701 0.0000000000
16270  -35.145  -53.565  -35.798 0.0000000000
17252  -34.730  -52.510  -34.389 0.0000000000
16256  -34.127  -52.861  -34.930 0.0000000000
133237  -34.297  -53.439  -35.697 0.0000000000
16290  -33.409  -53.652  -36.150 0.0000000000
16289  -32.520  -53.686  -36.381 0.0000000000
151435  -31.777  -53.727  -36.547 0.0000000000
16287  -30.885  -53.416  -36.438 0.0000000000
17277  -30.090  -52.782  -36.099 0.0000000000
131743  -29.476  -52.234  -35.859 0.0000000000
18197  -30.683  -51.454  -34.257 0.0000000000
18204  -29.301  -51.611  -35.251 0.0000000000
18203  -28.423  -51.242  -35.616 0.0000000000
19112  -28.015  -50.531  -35.369 0.0000000000
19107  -27.815  -49.760  -34.962 0.0000000000
22154  -35.568  -46.727  -29.962 0.0000000000
22168  -35.252  -47.357  -30.503 0.0000000000
142937  -34.876  -48.101  -30.801 0.0000000000
21061  -34.435  -48.876  -31.025 0.0000000000
20024  -33.539  -49.137  -30.862 0.0000000000
20023  -32.640  -49.231  -30.831 0.0000000000
25574  -32.547  -44.452  -28.118 0.0000000000
23287  -32.329  -45.961  -28.833 0.0000000000
24446  -30.842  -45.074  -28.705 0.0000000000
23286  -31.113  -46.037  -28.909 0.0000000000
23308  -31.815  -46.727  -29.226 0.0000000000
21040  -31.774  -48.140  -29.923 0.0000000000
21058  -31.250  -48.697  -30.354 0.0000000000
20035  -31.327  -49.645  -31.356 0.0000000000
20034  -30.470  -49.516  -31.460 0.0000000000
20033  -29.653  -49.318  -31.674 0.0000000000
20032  -28.908  -49.019  -32.019 0.0000000000
22180  -28.901  -47.621  -31.282 0.0000000000
21070  -28.713  -48.190  -31.744 0.0000000000
20047  -28.560  -49.312  -32.896 0.0000000000
132053  -28.308  -48.282  -33.495 0.0000000000
21095  -28.287  -48.264  -34.101 0.0000000000
9213  -32.809  -60.789  -41.621 0.0000000000
8389  -32.037  -61.459  -41.780 0.0000000000
7646  -31.087  -62.683  -42.088 0.0000000000
8402  -30.382  -62.374  -42.752 0.0000000000
7659  -30.503  -62.887  -42.597 0.0000000000
6876  -29.736  -63.439  -42.833 0.0000000000
132246  -28.623  -63.576  -42.644 0.0000000000
9252  -30.508  -61.262  -45.368 0.0000000000
8433  -29.654  -61.992  -46.085 0.0000000000
7703  -28.606  -62.760  -45.744 0.0000000000
9262  -27.400  -61.142  -45.544 0.0000000000
143509  -27.230  -61.970  -45.649 0.0000000000
8431  -26.968  -62.455  -45.218 0.0000000000
20101  -29.700  -49.917  -37.894 0.0000000000
18220  -31.395  -51.413  -39.674 0.0000000000
132397  -32.014  -52.028  -40.407 0.0000000000
17301  -32.778  -52.724  -41.419 0.0000000000
132172  -34.054  -52.745  -42.606 0.0000000000
16349  -34.738  -53.114  -43.317 0.0000000000
16364  -35.372  -53.391  -44.078 0.0000000000
16384  -35.749  -53.612  -44.811 0.0000000000
18299  -35.502  -51.799  -45.401 0.0000000000
16405  -35.660  -53.093  -45.848 0.0000000000
15337  -35.510  -53.939  -46.204 0.0000000000
16414  -35.106  -54.043  -46.555 0.0000000000
15353  -33.538  -55.231  -47.271 0.0000000000
15352  -32.662  -55.063  -47.249 0.0000000000
16381  -30.184  -53.217  -44.475 0.0000000000
145733  -30.906  -53.624  -45.069 0.0000000000
16401  -31.784  -53.818  -45.534 0.0000000000
15335  -32.243  -54.377  -46.261 0.0000000000
15351  -31.597  -54.885  -47.022 0.0000000000
14236  -31.973  -55.596  -48.000 0.0000000000
14261  -29.755  -56.502  -48.845 0.0000000000
148470  -28.613  -57.329  -48.889 0.0000000000
13224  -27.872  -56.469  -48.516 0.0000000000
13244  -27.826  -57.727  -48.775 0.0000000000
12197  -27.299  -58.559  -48.577 0.0000000000
6865  -29.861  -63.393  -42.012 0.0000000000
6866  -30.446  -63.158  -42.233 0.0000000000
6875  -28.832  -63.759  -43.329 0.0000000000
6885  -28.554  -63.806  -44.033 0.0000000000
6886  -29.139  -63.670  -43.657 0.0000000000
6904  -28.360  -63.552  -44.700 0.0000000000
7647  -31.679  -62.096  -42.059 0.0000000000
7660  -31.091  -62.319  -42.335 0.0000000000
7692  -27.687  -63.203  -45.089 0.0000000000
7693  -28.256  -63.175  -45.325 0.0000000000
8387  -30.762  -61.785  -42.395 0.0000000000
8446  -27.842  -62.611  -45.792 0.0000000000
8447  -28.515  -62.238  -46.166 0.0000000000
8448  -29.147  -62.183  -46.189 0.0000000000
9226  -29.912  -61.284  -42.486 0.0000000000
9228  -31.234  -61.404  -42.000 0.0000000000
9250  -26.208  -60.505  -44.537 0.0000000000
9251  -29.832  -61.435  -44.001 0.0000000000
9263  -28.412  -60.946  -46.035 0.0000000000
9275  -27.999  -61.791  -46.089 0.0000000000
10100  -32.444  -60.348  -41.429 0.0000000000
10101  -33.387  -60.057  -41.384 0.0000000000
10116  -29.707  -60.480  -42.156 0.0000000000
10157  -29.782  -60.211  -46.232 0.0000000000
10181  -32.344  -59.644  -46.195 0.0000000000
11036  -29.697  -58.618  -40.538 0.0000000000
11049  -29.544  -58.945  -41.192 0.0000000000
11108  -31.721  -59.792  -46.401 0.0000000000
11128  -26.417  -58.917  -47.404 0.0000000000
11132  -33.027  -58.625  -46.327 0.0000000000
11151  -26.724  -59.301  -48.012 0.0000000000
12147  -31.778  -58.885  -46.579 0.0000000000
12164  -25.534  -57.903  -46.233 0.0000000000
12166  -27.808  -58.081  -47.130 0.0000000000
12168  -30.148  -57.392  -46.731 0.0000000000
12201  -30.552  -57.311  -48.894 0.0000000000
13070  -30.086  -56.485  -38.619 0.0000000000
13088  -35.513  -57.146  -40.346 0.0000000000
13112  -31.122  -56.226  -41.830 0.0000000000
13163  -29.408  -57.174  -45.424 0.0000000000
13166  -34.844  -56.045  -45.341 0.0000000000
13185  -30.537  -57.474  -46.389 0.0000000000
13206  -32.935  -57.195  -47.480 0.0000000000
13208  -34.409  -56.068  -46.764 0.0000000000
13225  -29.384  -57.376  -49.037 0.0000000000
13226  -30.074  -57.286  -49.133 0.0000000000
14098  -29.215  -55.230  -38.361 0.0000000000
14118  -34.438  -55.968  -38.459 0.0000000000
14219  -35.287  -55.401  -45.890 0.0000000000
14220  -35.606  -54.603  -45.667 0.0000000000
14238  -34.083  -55.532  -47.124 0.0000000000
14263  -32.085  -56.312  -48.345 0.0000000000
15256  -28.840  -54.615  -38.438 0.0000000000
15264  -28.990  -54.795  -39.551 0.0000000000
15278  -31.675  -54.632  -41.309 0.0000000000
15317  -35.805  -53.765  -45.546 0.0000000000
15333  -29.550  -54.292  -46.387 0.0000000000
15347  -26.127  -53.933  -46.443 0.0000000000
15354  -34.504  -54.679  -46.827 0.0000000000
15355  -35.133  -54.491  -46.567 0.0000000000
15363  -25.481  -54.669  -47.447 0.0000000000
16293  -36.670  -53.827  -36.484 0.0000000000
16306  -28.848  -53.721  -37.706 0.0000000000
16318  -28.649  -53.527  -38.137 0.0000000000
16338  -33.310  -53.132  -41.960 0.0000000000
16363  -29.628  -52.966  -44.066 0.0000000000
16385  -35.832  -53.106  -45.425 0.0000000000
16413  -25.411  -53.599  -46.572 0.0000000000
17236  -35.224  -52.062  -33.833 0.0000000000
17249  -31.735  -52.178  -34.791 0.0000000000
17250  -32.522  -52.387  -34.762 0.0000000000
17251  -33.310  -52.610  -34.799 0.0000000000
17254  -36.536  -52.373  -34.493 0.0000000000
17282  -28.630  -52.905  -38.207 0.0000000000
17283  -29.032  -52.428  -38.672 0.0000000000
17287  -31.533  -52.050  -39.980 0.0000000000
17294  -32.295  -52.319  -40.890 0.0000000000
17315  -28.903  -51.985  -42.872 0.0000000000
17356  -35.477  -52.415  -45.775 0.0000000000
17357  -35.652  -52.476  -45.517 0.0000000000
18184  -31.399  -51.346  -33.710 0.0000000000
18202  -27.927  -50.633  -35.976 0.0000000000
18205  -30.183  -51.645  -34.796 0.0000000000
18207  -28.088  -51.022  -36.300 0.0000000000
18208  -28.356  -51.431  -36.292 0.0000000000
19069  -32.697  -50.183  -31.727 0.0000000000
19071  -35.277  -49.863  -31.866 0.0000000000
19083  -30.674  -50.338  -32.562 0.0000000000
20022  -31.723  -49.225  -30.835 0.0000000000
20046  -28.239  -48.661  -33.192 0.0000000000
20048  -29.334  -49.622  -32.430 0.0000000000
20049  -30.173  -49.830  -32.144 0.0000000000
20058  -28.148  -49.195  -33.580 0.0000000000
20067  -27.863  -49.192  -34.599 0.0000000000
20068  -27.980  -49.470  -34.208 0.0000000000
20090  -29.312  -49.603  -37.370 0.0000000000
21055  -29.074  -48.014  -30.939 0.0000000000
21056  -29.645  -48.362  -30.581 0.0000000000
21057  -30.367  -48.588  -30.382 0.0000000000
21060  -33.097  -48.658  -30.484 0.0000000000
21072  -35.354  -48.567  -31.260 0.0000000000
21114  -27.840  -49.323  -35.190 0.0000000000
21115  -28.162  -48.787  -35.405 0.0000000000
22150  -31.328  -47.461  -29.553 0.0000000000
22151  -32.361  -47.429  -29.624 0.0000000000
22166  -29.107  -47.445  -30.808 0.0000000000
23290  -35.933  -45.768  -28.572 0.0000000000
23327  -29.325  -46.949  -30.405 0.0000000000
23341  -29.031  -47.003  -31.126 0.0000000000
23358  -29.021  -46.949  -31.752 0.0000000000
23380  -29.500  -46.872  -32.780 0.0000000000
24451  -35.604  -45.188  -28.147 0.0000000000
24466  -29.978  -45.437  -29.732 0.0000000000
24517  -29.776  -45.955  -31.770 0.0000000000
25555  -33.369  -43.713  -27.743 0.0000000000
25556  -34.375  -43.816  -27.605 0.0000000000
25576  -34.620  -44.508  -27.982 0.0000000000
25577  -35.254  -44.549  -27.775 0.0000000000
25607  -30.244  -44.269  -30.406 0.0000000000
26637  -32.064  -42.831  -27.656 0.0000000000
27609  -34.974  -42.807  -26.662 0.0000000000
27624  -31.263  -42.670  -28.110 0.0000000000
27666  -31.513  -42.383  -31.042 0.0000000000
28611  -33.044  -40.924  -26.693 0.0000000000
28685  -31.615  -41.745  -30.703 0.0000000000
29665  -31.827  -40.332  -27.840 0.0000000000
29692  -31.651  -40.511  -29.571 0.0000000000
29708  -31.931  -40.666  -30.256 0.0000000000
29709  -32.560  -40.646  -30.750 0.0000000000
30741  -32.287  -38.993  -28.020 0.0000000000
129013  -30.614  -54.685  -37.299 0.0000000000
133131  -28.507  -48.635  -32.487 0.0000000000
133135  -34.661  -57.199  -40.064 0.0000000000
134575  -31.659  -57.732  -46.968 0.0000000000
137511  -29.660  -59.705  -41.597 0.0000000000
141174  -29.028  -50.215  -37.580 0.0000000000
141883  -30.293  -45.698  -29.268 0.0000000000
144088  -29.229  -63.594  -42.683 0.0000000000
145134  -31.834  -57.181  -48.175 0.0000000000
145423  -30.503  -54.674  -46.918 0.0000000000
145944  -38.228  -52.269  -34.950 0.0000000000
147237  -30.176  -57.407  -45.847 0.0000000000
147861  -29.691  -55.757  -38.341 0.0000000000
149062  -31.254  -52.377  -35.243 0.0000000000
149604  -34.115  -53.871  -36.334 0.0000000000
150221  -30.102  -59.976  -40.949 0.0000000000
150426  -31.109  -41.645  -28.728 0.0000000000
150931  -30.948  -56.840  -42.044 0.0000000000
151081  -33.969  -48.449  -30.606 0.0000000000
153838  -29.040  -47.180  -33.066 0.0000000000
154064  -29.110  -53.256  -39.252 0.0000000000
155234  -34.459  -51.049  -32.674 0.0000000000
155538  -28.655  -53.381  -38.496 0.0000000000
155625  -33.982  -57.368  -45.253 0.0000000000
