#!ascii label  , from subject sub-v1s14x0051579_ses-1 vox2ras=TkReg
760
71511  17.457  5.027  -43.451 0.0000000000
140560  25.136  11.805  -44.641 0.0000000000
86979  18.831  21.935  -44.428 0.0000000000
127341  10.377  18.430  -40.262 0.0000000000
65962  20.118  -0.009  -42.802 0.0000000000
68230  23.224  0.965  -46.164 0.0000000000
74311  20.195  8.763  -44.860 0.0000000000
79260  16.038  13.430  -44.918 0.0000000000
83198  21.758  17.119  -44.279 0.0000000000
85129  23.784  19.704  -49.110 0.0000000000
91646  20.521  26.294  -43.547 0.0000000000
69316  18.572  3.227  -42.583 0.0000000000
65986  21.241  0.261  -44.785 0.0000000000
133209  20.965  3.499  -43.148 0.0000000000
77146  13.211  11.632  -42.569 0.0000000000
79217  11.389  13.621  -41.243 0.0000000000
85091  15.061  19.793  -42.841 0.0000000000
83185  15.180  17.570  -44.017 0.0000000000
85098  19.276  19.302  -44.487 0.0000000000
84141  24.589  18.853  -44.634 0.0000000000
86978  24.296  21.180  -43.962 0.0000000000
92530  18.311  27.308  -41.138 0.0000000000
90727  17.571  24.888  -41.600 0.0000000000
93424  20.564  28.501  -43.540 0.0000000000
130562  23.433  9.945  -43.360 0.0000000000
130418  24.111  6.665  -44.615 0.0000000000
74335  24.991  8.444  -46.563 0.0000000000
86003  14.921  21.633  -40.556 0.0000000000
78216  23.794  12.539  -47.915 0.0000000000
73405  15.729  7.204  -43.729 0.0000000000
72521  18.186  6.905  -44.615 0.0000000000
75222  16.056  9.552  -44.293 0.0000000000
76212  18.190  11.049  -45.811 0.0000000000
79246  20.654  13.511  -45.412 0.0000000000
81297  12.769  15.732  -42.024 0.0000000000
81359  18.007  15.590  -46.077 0.0000000000
80290  23.054  14.644  -44.127 0.0000000000
82276  25.285  16.262  -45.603 0.0000000000
88790  16.012  23.770  -41.899 0.0000000000
138610  19.129  24.011  -44.115 0.0000000000
93451  21.585  28.879  -46.716 0.0000000000
91665  23.255  26.117  -45.239 0.0000000000
153003  23.819  23.355  -44.564 0.0000000000
87925  22.934  22.311  -49.129 0.0000000000
71487  22.804  5.360  -43.676 0.0000000000
71492  16.246  5.663  -42.397 0.0000000000
70459  16.927  4.769  -42.678 0.0000000000
70457  17.907  4.455  -43.369 0.0000000000
69333  18.860  3.856  -42.908 0.0000000000
149982  18.121  4.745  -43.708 0.0000000000
86042  16.601  20.918  -44.328 0.0000000000
85100  16.600  19.804  -44.681 0.0000000000
86039  19.267  20.232  -44.338 0.0000000000
86028  22.157  20.249  -43.233 0.0000000000
86967  21.601  21.243  -43.289 0.0000000000
93413  19.257  28.850  -41.722 0.0000000000
92533  19.334  27.790  -42.359 0.0000000000
94220  20.338  29.269  -43.203 0.0000000000
77169  24.478  10.904  -43.924 0.0000000000
75219  24.707  9.443  -44.500 0.0000000000
75231  25.345  9.818  -46.059 0.0000000000
86005  12.289  21.146  -40.143 0.0000000000
85981  13.136  21.997  -39.560 0.0000000000
67049  17.692  2.053  -42.085 0.0000000000
153596  17.950  0.504  -41.482 0.0000000000
64888  19.934  -0.969  -42.468 0.0000000000
64887  20.789  -0.842  -43.312 0.0000000000
65997  22.768  0.353  -45.764 0.0000000000
65983  22.977  0.005  -45.147 0.0000000000
74301  16.029  8.431  -44.162 0.0000000000
75210  14.514  9.586  -43.515 0.0000000000
136339  14.396  12.820  -43.317 0.0000000000
77184  16.263  11.719  -44.844 0.0000000000
78197  16.676  12.201  -45.333 0.0000000000
78207  18.644  12.382  -46.101 0.0000000000
79277  17.642  13.387  -45.928 0.0000000000
81261  10.492  16.265  -40.533 0.0000000000
83156  11.790  17.038  -41.257 0.0000000000
83215  18.317  17.719  -45.467 0.0000000000
82280  16.610  16.693  -45.549 0.0000000000
133172  19.015  16.196  -45.540 0.0000000000
81329  20.895  15.173  -45.173 0.0000000000
81328  21.455  15.851  -44.764 0.0000000000
81326  24.636  15.741  -44.444 0.0000000000
82249  23.495  16.921  -43.982 0.0000000000
85115  24.601  19.387  -46.581 0.0000000000
84170  24.442  18.428  -47.991 0.0000000000
90728  17.897  25.228  -42.241 0.0000000000
89753  17.174  24.196  -41.695 0.0000000000
89756  17.544  24.484  -42.493 0.0000000000
89769  17.351  23.851  -42.884 0.0000000000
89767  18.806  24.752  -43.630 0.0000000000
89793  23.557  24.816  -45.157 0.0000000000
130538  23.553  24.041  -46.714 0.0000000000
136467  23.753  22.757  -46.776 0.0000000000
142675  19.094  7.754  -44.992 0.0000000000
71507  20.337  5.933  -43.953 0.0000000000
73389  21.554  7.138  -43.741 0.0000000000
141376  25.513  5.355  -47.523 0.0000000000
71539  24.104  5.470  -46.161 0.0000000000
68190  17.358  3.004  -42.324 0.0000000000
67047  19.693  1.199  -42.529 0.0000000000
67046  20.370  0.609  -43.351 0.0000000000
68187  20.108  1.787  -42.822 0.0000000000
68205  21.192  1.577  -44.191 0.0000000000
68218  21.741  2.038  -44.681 0.0000000000
145618  11.084  11.349  -42.823 0.0000000000
78164  12.463  12.646  -42.219 0.0000000000
79228  13.322  13.723  -42.573 0.0000000000
84108  12.446  18.681  -41.121 0.0000000000
83170  13.386  17.598  -42.069 0.0000000000
84130  15.267  18.677  -43.864 0.0000000000
84157  17.353  18.739  -45.385 0.0000000000
84144  19.344  18.286  -44.728 0.0000000000
133723  23.003  17.743  -43.756 0.0000000000
84128  21.768  18.703  -43.647 0.0000000000
85096  24.339  19.665  -44.251 0.0000000000
86065  24.185  20.794  -47.071 0.0000000000
91613  17.458  25.293  -39.173 0.0000000000
139520  18.011  25.815  -41.317 0.0000000000
91647  18.946  26.703  -42.580 0.0000000000
92545  19.863  27.022  -43.213 0.0000000000
75209  21.806  9.188  -43.691 0.0000000000
130288  23.089  7.733  -43.383 0.0000000000
74284  24.078  8.392  -43.707 0.0000000000
74323  24.643  7.845  -45.963 0.0000000000
131273  10.093  19.691  -40.051 0.0000000000
85070  12.595  19.646  -40.680 0.0000000000
86022  14.763  20.913  -41.255 0.0000000000
86970  16.781  22.434  -43.375 0.0000000000
64885  21.932  -0.905  -44.268 0.0000000000
78206  25.171  12.102  -46.427 0.0000000000
151024  25.122  11.090  -47.027 0.0000000000
72512  16.785  6.102  -43.367 0.0000000000
71510  18.073  5.519  -44.247 0.0000000000
73403  16.966  6.990  -43.857 0.0000000000
146965  17.393  7.900  -44.546 0.0000000000
75235  18.439  9.044  -45.327 0.0000000000
137665  15.416  10.734  -43.985 0.0000000000
76200  16.858  10.603  -45.094 0.0000000000
75234  19.620  9.632  -45.347 0.0000000000
141384  20.617  11.095  -45.101 0.0000000000
77170  21.703  11.554  -44.156 0.0000000000
78172  22.414  12.846  -44.001 0.0000000000
80272  11.218  14.793  -41.122 0.0000000000
80292  14.299  14.476  -43.241 0.0000000000
82236  13.848  16.766  -42.599 0.0000000000
81331  15.142  15.819  -43.974 0.0000000000
81347  16.527  14.714  -45.374 0.0000000000
80319  19.513  14.653  -45.765 0.0000000000
139295  21.815  14.075  -44.672 0.0000000000
132082  24.248  13.126  -43.971 0.0000000000
79256  25.298  13.564  -45.573 0.0000000000
80346  24.060  14.175  -47.801 0.0000000000
83197  25.091  17.584  -45.055 0.0000000000
86941  15.598  22.654  -40.960 0.0000000000
87856  16.940  22.998  -42.861 0.0000000000
87878  18.299  22.703  -44.490 0.0000000000
93434  21.602  28.511  -44.830 0.0000000000
92555  22.283  27.322  -44.410 0.0000000000
92577  22.633  27.594  -45.911 0.0000000000
91644  22.438  26.512  -44.092 0.0000000000
89764  22.032  24.712  -43.545 0.0000000000
129453  22.147  23.898  -43.492 0.0000000000
87864  21.735  22.239  -43.387 0.0000000000
87876  24.168  22.123  -43.940 0.0000000000
145759  23.787  21.523  -47.579 0.0000000000
87022  23.272  21.069  -49.408 0.0000000000
70473  19.136  5.246  -44.077 0.0000000000
153228  21.742  4.753  -43.383 0.0000000000
69348  22.862  3.231  -45.663 0.0000000000
147113  23.739  6.146  -44.213 0.0000000000
70487  23.425  3.791  -46.109 0.0000000000
71491  16.986  5.107  -43.079 0.0000000000
70460  16.573  5.127  -42.455 0.0000000000
148780  17.302  4.615  -42.968 0.0000000000
70458  17.649  4.523  -43.197 0.0000000000
70456  18.268  4.446  -43.483 0.0000000000
133420  17.890  4.902  -43.732 0.0000000000
145160  17.812  21.364  -44.679 0.0000000000
86041  17.250  21.062  -44.646 0.0000000000
130214  18.547  21.033  -44.556 0.0000000000
138891  20.308  21.150  -43.634 0.0000000000
86969  19.655  21.944  -43.997 0.0000000000
77168  25.038  11.142  -44.491 0.0000000000
76181  24.871  10.353  -44.403 0.0000000000
76195  25.436  10.592  -45.733 0.0000000000
137439  19.280  0.734  -42.226 0.0000000000
67033  18.414  0.865  -41.805 0.0000000000
65963  19.326  -0.159  -42.068 0.0000000000
68217  22.313  1.117  -45.733 0.0000000000
147406  23.056  0.217  -45.578 0.0000000000
67086  23.507  0.553  -45.915 0.0000000000
67095  24.142  0.939  -46.242 0.0000000000
75211  13.776  8.873  -43.277 0.0000000000
146196  13.594  9.629  -43.131 0.0000000000
79248  14.976  13.263  -43.792 0.0000000000
78198  16.131  12.524  -44.901 0.0000000000
79259  16.580  13.044  -45.354 0.0000000000
78209  17.145  12.754  -45.667 0.0000000000
83139  9.792  17.743  -40.154 0.0000000000
82197  11.109  17.334  -40.806 0.0000000000
83201  19.679  17.481  -44.866 0.0000000000
133796  18.694  16.943  -45.515 0.0000000000
149197  19.553  16.777  -45.226 0.0000000000
82264  20.454  16.149  -45.110 0.0000000000
82263  21.203  16.714  -44.678 0.0000000000
140073  22.847  16.267  -44.138 0.0000000000
83183  22.518  17.071  -44.062 0.0000000000
85121  24.304  19.919  -47.492 0.0000000000
85128  24.202  19.222  -48.385 0.0000000000
133214  19.445  26.154  -43.239 0.0000000000
90736  18.187  25.028  -42.922 0.0000000000
90735  18.951  25.456  -43.290 0.0000000000
89768  17.843  24.446  -43.207 0.0000000000
90734  19.986  25.386  -43.545 0.0000000000
89818  23.357  24.765  -47.132 0.0000000000
89819  22.931  24.704  -48.035 0.0000000000
89829  23.264  23.940  -47.692 0.0000000000
150519  20.146  7.825  -44.797 0.0000000000
73400  20.521  7.167  -44.483 0.0000000000
73399  20.964  7.993  -44.220 0.0000000000
71551  25.881  4.175  -47.818 0.0000000000
68207  17.636  3.543  -42.621 0.0000000000
69317  17.362  3.655  -42.507 0.0000000000
68189  18.047  2.780  -42.417 0.0000000000
68188  19.145  2.273  -42.433 0.0000000000
69315  19.617  2.904  -42.558 0.0000000000
69332  20.012  3.655  -42.789 0.0000000000
68206  20.627  2.493  -43.152 0.0000000000
69331  21.351  2.783  -43.685 0.0000000000
141193  21.464  3.470  -43.471 0.0000000000
79197  10.332  13.290  -40.483 0.0000000000
78152  11.329  12.409  -41.614 0.0000000000
79215  11.924  13.066  -41.824 0.0000000000
79216  11.560  13.729  -41.469 0.0000000000
84107  13.200  19.018  -41.356 0.0000000000
84118  13.768  18.526  -42.076 0.0000000000
84131  14.771  18.969  -43.109 0.0000000000
85108  18.014  19.576  -44.939 0.0000000000
85109  17.614  19.290  -45.112 0.0000000000
84145  18.590  18.971  -44.832 0.0000000000
84143  20.132  18.799  -44.155 0.0000000000
84129  20.940  18.917  -43.739 0.0000000000
86965  23.787  20.919  -43.511 0.0000000000
86027  23.317  20.240  -43.414 0.0000000000
86037  24.436  20.387  -44.438 0.0000000000
86049  24.526  20.427  -45.318 0.0000000000
142615  24.461  20.953  -44.669 0.0000000000
93398  18.392  28.154  -40.939 0.0000000000
92522  18.297  27.277  -40.996 0.0000000000
91634  18.218  26.550  -40.919 0.0000000000
91622  18.099  25.963  -41.130 0.0000000000
138656  18.200  26.618  -41.149 0.0000000000
92534  18.567  27.073  -41.753 0.0000000000
92544  20.218  27.834  -43.318 0.0000000000
76173  22.427  9.996  -43.491 0.0000000000
75208  22.946  9.149  -43.326 0.0000000000
75207  23.841  9.128  -43.473 0.0000000000
139325  24.720  8.646  -45.811 0.0000000000
149720  24.683  8.821  -45.016 0.0000000000
72544  25.411  7.008  -47.081 0.0000000000
85039  9.270  20.076  -39.900 0.0000000000
85055  11.099  20.208  -40.111 0.0000000000
84088  11.764  19.393  -40.515 0.0000000000
85054  11.950  20.453  -40.237 0.0000000000
86004  13.935  21.563  -39.951 0.0000000000
86016  13.128  20.351  -40.513 0.0000000000
86021  15.685  21.150  -42.535 0.0000000000
86032  15.969  21.327  -42.924 0.0000000000
86960  16.397  22.254  -42.553 0.0000000000
141089  20.735  0.106  -44.259 0.0000000000
65974  21.203  -0.453  -44.587 0.0000000000
65985  21.736  -0.456  -45.040 0.0000000000
65972  22.926  0.053  -44.273 0.0000000000
78215  24.351  12.270  -47.201 0.0000000000
150696  15.571  6.542  -43.246 0.0000000000
141552  16.238  6.320  -43.179 0.0000000000
73404  16.531  6.859  -43.668 0.0000000000
74300  16.541  8.724  -44.418 0.0000000000
73416  16.913  8.091  -44.383 0.0000000000
74314  17.856  8.488  -45.010 0.0000000000
75237  17.168  8.907  -44.765 0.0000000000
77160  14.069  11.086  -43.096 0.0000000000
76174  14.761  10.520  -43.532 0.0000000000
77183  16.790  11.422  -45.254 0.0000000000
76201  16.377  10.979  -44.749 0.0000000000
76199  17.405  11.109  -45.538 0.0000000000
127440  17.771  10.350  -45.516 0.0000000000
76197  19.260  10.422  -45.645 0.0000000000
76196  20.007  10.515  -45.407 0.0000000000
150133  19.525  11.157  -45.782 0.0000000000
78195  20.214  12.657  -45.675 0.0000000000
77181  20.488  11.861  -45.372 0.0000000000
78183  21.025  12.596  -45.030 0.0000000000
142166  22.082  12.197  -44.020 0.0000000000
78182  21.750  12.801  -44.452 0.0000000000
81284  10.847  15.772  -40.833 0.0000000000
81283  11.442  15.410  -41.288 0.0000000000
80270  12.307  14.575  -41.909 0.0000000000
81296  13.405  15.385  -42.481 0.0000000000
82250  14.553  17.188  -43.277 0.0000000000
149804  16.939  16.193  -45.833 0.0000000000
133991  15.822  15.915  -44.752 0.0000000000
81361  16.732  15.388  -45.611 0.0000000000
81330  15.598  15.011  -44.507 0.0000000000
80334  17.720  14.801  -46.023 0.0000000000
80333  18.365  14.868  -46.025 0.0000000000
80302  21.832  14.887  -44.699 0.0000000000
80303  21.176  14.271  -45.106 0.0000000000
80291  22.487  14.223  -44.291 0.0000000000
79235  22.774  13.464  -43.960 0.0000000000
145713  23.860  13.827  -43.898 0.0000000000
79244  24.845  13.471  -44.508 0.0000000000
80300  24.889  14.296  -44.660 0.0000000000
82260  25.146  15.976  -44.888 0.0000000000
81343  25.306  15.276  -45.499 0.0000000000
81370  24.729  15.014  -47.139 0.0000000000
142349  23.832  14.603  -48.527 0.0000000000
82300  24.765  15.882  -47.331 0.0000000000
84125  24.163  18.402  -44.144 0.0000000000
83181  24.583  17.901  -44.522 0.0000000000
143065  24.959  18.283  -45.056 0.0000000000
90724  17.763  25.212  -41.464 0.0000000000
89750  17.326  24.438  -41.607 0.0000000000
88789  17.133  24.105  -41.779 0.0000000000
153075  16.142  23.684  -40.270 0.0000000000
129892  16.034  23.435  -41.805 0.0000000000
88786  15.373  23.094  -40.109 0.0000000000
87843  15.271  22.697  -40.229 0.0000000000
87842  16.621  23.761  -41.983 0.0000000000
88808  17.993  23.989  -43.868 0.0000000000
88809  17.129  23.370  -42.813 0.0000000000
88817  17.802  23.280  -44.124 0.0000000000
87867  17.322  23.088  -43.588 0.0000000000
88816  18.592  23.378  -44.357 0.0000000000
94249  21.089  29.430  -46.149 0.0000000000
93442  21.647  28.757  -45.772 0.0000000000
92556  21.678  27.841  -44.302 0.0000000000
93441  22.192  28.115  -45.408 0.0000000000
91678  22.992  26.988  -46.466 0.0000000000
139762  22.512  27.677  -46.885 0.0000000000
91666  23.040  26.867  -45.387 0.0000000000
137242  22.759  26.934  -44.637 0.0000000000
91657  23.039  26.310  -44.612 0.0000000000
90732  22.180  25.632  -43.706 0.0000000000
90743  22.949  25.670  -44.085 0.0000000000
129258  23.675  24.045  -44.790 0.0000000000
89763  22.952  24.152  -43.652 0.0000000000
134970  23.516  23.769  -44.066 0.0000000000
88806  21.741  23.160  -43.496 0.0000000000
88804  23.308  23.256  -43.610 0.0000000000
87862  23.610  22.543  -43.605 0.0000000000
146272  23.786  22.935  -44.040 0.0000000000
87911  23.584  22.429  -47.519 0.0000000000
87897  23.897  22.100  -46.739 0.0000000000
87924  23.373  22.024  -48.370 0.0000000000
87013  23.523  21.240  -48.556 0.0000000000
149358  23.206  21.673  -49.068 0.0000000000
72510  17.708  6.257  -44.265 0.0000000000
71509  18.752  5.648  -44.467 0.0000000000
71508  19.538  5.801  -44.351 0.0000000000
71488  21.984  5.374  -43.388 0.0000000000
71489  21.101  5.688  -43.556 0.0000000000
70452  22.256  4.506  -43.672 0.0000000000
70472  22.581  3.804  -44.497 0.0000000000
70451  22.909  4.671  -44.096 0.0000000000
73386  23.661  7.646  -43.621 0.0000000000
73387  23.105  6.939  -43.472 0.0000000000
69390  25.051  3.202  -47.165 0.0000000000
71540  23.873  4.501  -46.326 0.0000000000
70501  24.156  3.541  -46.712 0.0000000000
69376  23.836  2.822  -46.571 0.0000000000
69334  17.656  4.085  -42.885 0.0000000000
148503  18.056  3.930  -42.957 0.0000000000
70455  19.267  4.528  -43.439 0.0000000000
85090  15.600  20.293  -43.390 0.0000000000
136983  15.572  19.516  -43.932 0.0000000000
85101  16.036  20.141  -44.154 0.0000000000
86040  17.942  20.533  -44.785 0.0000000000
85099  18.576  19.940  -44.642 0.0000000000
85089  20.499  19.549  -43.715 0.0000000000
86030  19.965  20.311  -43.781 0.0000000000
86029  20.959  20.315  -43.432 0.0000000000
86966  22.905  21.023  -43.247 0.0000000000
93409  18.677  28.997  -40.971 0.0000000000
92529  18.622  28.068  -41.378 0.0000000000
93412  19.957  28.665  -42.719 0.0000000000
94219  20.779  29.024  -43.811 0.0000000000
76172  22.911  10.763  -43.404 0.0000000000
76182  24.301  9.930  -43.713 0.0000000000
75232  24.895  9.307  -45.530 0.0000000000
75247  25.027  9.169  -46.311 0.0000000000
86943  14.371  22.062  -39.708 0.0000000000
67050  17.032  2.411  -41.876 0.0000000000
67035  16.631  1.780  -41.259 0.0000000000
67034  17.377  1.261  -41.469 0.0000000000
64874  20.204  -1.110  -42.283 0.0000000000
64873  20.980  -0.990  -42.843 0.0000000000
67075  21.977  0.161  -45.469 0.0000000000
65984  22.447  -0.230  -45.284 0.0000000000
74288  14.946  7.641  -43.796 0.0000000000
74302  15.465  8.043  -44.003 0.0000000000
133417  14.692  8.502  -43.703 0.0000000000
75223  15.394  9.050  -43.908 0.0000000000
78173  14.290  11.967  -43.211 0.0000000000
77159  15.074  11.413  -43.729 0.0000000000
78184  15.651  12.011  -44.369 0.0000000000
77196  17.258  11.946  -45.644 0.0000000000
77194  18.605  11.608  -45.963 0.0000000000
78208  17.807  12.567  -45.942 0.0000000000
79275  19.028  13.179  -46.162 0.0000000000
82198  10.445  16.654  -40.526 0.0000000000
82219  11.172  16.322  -41.009 0.0000000000
83216  17.633  17.908  -45.619 0.0000000000
149925  16.478  17.375  -45.359 0.0000000000
127691  17.165  17.119  -45.799 0.0000000000
82293  17.628  16.325  -45.980 0.0000000000
82278  18.333  16.311  -45.843 0.0000000000
81345  19.283  15.468  -45.626 0.0000000000
82277  19.661  16.005  -45.399 0.0000000000
81311  23.177  15.385  -44.160 0.0000000000
80288  24.485  14.897  -44.346 0.0000000000
81310  24.008  15.517  -44.126 0.0000000000
82248  24.168  16.332  -44.166 0.0000000000
82261  24.759  16.536  -44.528 0.0000000000
84154  24.828  18.921  -45.597 0.0000000000
83224  24.756  18.430  -46.836 0.0000000000
137846  24.469  19.084  -47.471 0.0000000000
84178  24.160  18.446  -48.791 0.0000000000
90726  17.869  25.456  -41.682 0.0000000000
90729  17.460  24.639  -41.898 0.0000000000
89757  17.199  24.076  -42.055 0.0000000000
88795  17.029  23.821  -41.984 0.0000000000
89766  20.020  24.501  -43.803 0.0000000000
90786  23.346  25.532  -46.579 0.0000000000
90772  23.413  25.526  -45.626 0.0000000000
89807  23.539  24.807  -46.153 0.0000000000
131593  23.708  24.089  -45.725 0.0000000000
88840  23.738  23.365  -46.301 0.0000000000
88851  23.542  23.253  -47.239 0.0000000000
88862  23.182  22.987  -48.288 0.0000000000
72520  18.875  6.960  -44.868 0.0000000000
72508  19.184  6.348  -44.787 0.0000000000
72507  19.992  6.469  -44.543 0.0000000000
72498  20.897  6.448  -43.938 0.0000000000
72496  22.618  6.129  -43.480 0.0000000000
72532  24.489  6.231  -46.342 0.0000000000
131884  24.733  5.599  -46.935 0.0000000000
71552  25.141  4.409  -47.363 0.0000000000
67048  18.681  1.672  -42.220 0.0000000000
65961  20.696  -0.360  -43.925 0.0000000000
67065  20.650  1.121  -43.781 0.0000000000
137365  21.627  0.870  -45.165 0.0000000000
69349  22.343  2.576  -45.133 0.0000000000
77131  11.654  11.977  -41.966 0.0000000000
78163  12.980  12.343  -42.473 0.0000000000
78174  13.688  12.504  -42.814 0.0000000000
79238  13.854  13.243  -42.882 0.0000000000
79237  14.386  13.613  -43.321 0.0000000000
84109  11.492  18.213  -40.820 0.0000000000
83155  12.514  17.720  -41.483 0.0000000000
83154  13.098  18.267  -41.625 0.0000000000
83186  14.686  18.094  -43.291 0.0000000000
132269  15.666  18.187  -44.490 0.0000000000
84147  15.981  19.059  -44.522 0.0000000000
84146  16.715  18.906  -45.116 0.0000000000
146340  16.279  18.173  -44.999 0.0000000000
84155  18.620  18.208  -45.096 0.0000000000
83200  20.254  17.873  -44.497 0.0000000000
83199  21.097  17.484  -44.407 0.0000000000
83184  21.969  17.828  -43.894 0.0000000000
84127  22.689  18.496  -43.616 0.0000000000
85085  23.998  18.984  -44.002 0.0000000000
85088  21.472  19.485  -43.459 0.0000000000
85086  23.740  19.585  -43.691 0.0000000000
85107  24.626  19.718  -45.730 0.0000000000
85122  23.960  19.997  -48.375 0.0000000000
91637  18.215  26.354  -41.425 0.0000000000
91639  18.359  26.020  -42.084 0.0000000000
91648  18.584  25.778  -42.704 0.0000000000
74298  21.065  8.776  -44.169 0.0000000000
74287  21.612  8.434  -43.783 0.0000000000
74286  22.459  8.315  -43.436 0.0000000000
74285  23.419  8.379  -43.413 0.0000000000
73398  24.230  7.624  -44.220 0.0000000000
75206  24.313  9.085  -43.835 0.0000000000
74310  24.575  8.116  -45.047 0.0000000000
73413  24.443  7.262  -45.246 0.0000000000
72545  24.850  6.614  -46.713 0.0000000000
84090  9.448  18.718  -39.912 0.0000000000
84089  10.948  19.167  -40.259 0.0000000000
85078  13.750  19.329  -41.622 0.0000000000
85053  12.587  20.551  -40.339 0.0000000000
85068  13.984  19.837  -41.430 0.0000000000
85077  14.914  20.183  -42.289 0.0000000000
85076  15.434  20.586  -42.727 0.0000000000
86983  16.525  21.773  -43.783 0.0000000000
86981  17.392  21.980  -44.393 0.0000000000
64886  21.419  -0.931  -43.857 0.0000000000
65973  22.471  -0.549  -44.709 0.0000000000
141391  25.488  11.949  -45.689 0.0000000000
77192  25.372  11.285  -46.332 0.0000000000
135285  24.801  11.547  -47.137 0.0000000000
71513  16.273  5.885  -42.722 0.0000000000
137628  17.114  5.562  -43.426 0.0000000000
128091  17.574  5.533  -43.843 0.0000000000
72511  17.167  6.274  -43.735 0.0000000000
73402  17.285  6.770  -44.032 0.0000000000
135406  16.578  7.675  -44.130 0.0000000000
152990  17.099  7.385  -44.154 0.0000000000
72522  17.579  7.096  -44.352 0.0000000000
73414  18.589  7.459  -44.858 0.0000000000
74313  18.559  8.156  -45.072 0.0000000000
74312  19.221  8.702  -45.272 0.0000000000
76175  13.827  10.277  -43.101 0.0000000000
76187  15.368  10.007  -43.924 0.0000000000
77172  15.800  11.223  -44.365 0.0000000000
76186  15.923  10.485  -44.337 0.0000000000
75221  16.693  9.707  -44.720 0.0000000000
129448  17.219  9.959  -45.148 0.0000000000
145602  18.929  9.669  -45.525 0.0000000000
75233  20.222  9.747  -44.986 0.0000000000
76184  20.713  10.320  -44.737 0.0000000000
141387  21.249  10.933  -44.416 0.0000000000
150341  20.103  11.293  -45.560 0.0000000000
141186  22.011  10.814  -43.771 0.0000000000
77158  22.460  11.515  -43.677 0.0000000000
77157  23.308  11.544  -43.475 0.0000000000
78169  24.323  12.267  -43.916 0.0000000000
135023  11.069  15.009  -40.930 0.0000000000
134753  12.120  13.938  -41.873 0.0000000000
80282  12.783  14.201  -42.240 0.0000000000
134457  14.823  14.011  -43.712 0.0000000000
82237  12.836  16.701  -41.883 0.0000000000
129754  13.367  16.089  -42.367 0.0000000000
82265  15.495  16.696  -44.410 0.0000000000
130781  14.504  16.283  -43.286 0.0000000000
81313  13.958  15.830  -42.803 0.0000000000
81312  14.470  15.381  -43.352 0.0000000000
80305  14.971  14.773  -43.851 0.0000000000
80304  15.426  13.956  -44.322 0.0000000000
141690  17.506  14.093  -45.910 0.0000000000
136425  18.071  14.094  -46.078 0.0000000000
79257  19.723  13.585  -45.887 0.0000000000
80318  20.333  14.431  -45.512 0.0000000000
79245  21.426  13.462  -44.853 0.0000000000
79236  22.105  13.488  -44.354 0.0000000000
78171  23.009  12.860  -43.690 0.0000000000
78181  24.880  12.528  -44.425 0.0000000000
131316  25.322  13.053  -44.925 0.0000000000
136829  24.946  12.913  -46.435 0.0000000000
79274  24.972  13.664  -46.419 0.0000000000
80317  25.237  14.420  -45.141 0.0000000000
80332  25.248  14.366  -45.923 0.0000000000
79292  23.620  13.292  -48.075 0.0000000000
83182  23.885  17.764  -43.970 0.0000000000
151555  24.828  17.195  -44.642 0.0000000000
83213  25.072  18.001  -45.783 0.0000000000
82291  25.128  16.553  -46.558 0.0000000000
89751  16.372  23.958  -39.933 0.0000000000
86942  15.203  22.346  -40.290 0.0000000000
86953  15.552  22.199  -41.220 0.0000000000
88796  16.313  23.735  -42.048 0.0000000000
87849  16.756  23.686  -41.935 0.0000000000
86959  16.750  22.861  -42.576 0.0000000000
87879  17.601  22.659  -44.252 0.0000000000
94229  20.525  29.758  -43.883 0.0000000000
94228  20.978  29.134  -44.430 0.0000000000
94238  21.107  29.301  -45.240 0.0000000000
93423  21.136  28.450  -44.119 0.0000000000
92543  21.017  27.788  -43.887 0.0000000000
141035  20.843  27.075  -43.704 0.0000000000
91645  21.561  26.403  -43.757 0.0000000000
93450  22.140  28.244  -46.328 0.0000000000
92567  22.593  27.500  -45.042 0.0000000000
138719  21.172  25.661  -43.600 0.0000000000
90733  21.000  24.917  -43.619 0.0000000000
89765  21.102  24.022  -43.657 0.0000000000
89777  23.299  24.747  -44.235 0.0000000000
153122  20.070  23.816  -43.948 0.0000000000
88807  20.547  23.265  -43.850 0.0000000000
87866  20.011  22.665  -43.959 0.0000000000
86968  20.657  21.995  -43.622 0.0000000000
140057  22.586  21.773  -43.248 0.0000000000
86977  24.319  21.629  -44.697 0.0000000000
87885  23.958  22.666  -45.980 0.0000000000
86990  24.222  21.804  -45.779 0.0000000000
86996  24.110  21.442  -46.687 0.0000000000
86066  23.905  20.661  -48.003 0.0000000000
86073  23.615  20.482  -48.870 0.0000000000
87032  22.386  21.764  -50.657 0.0000000000
87031  22.943  21.008  -50.261 0.0000000000
86085  23.119  20.266  -50.782 0.0000000000
70474  18.404  5.002  -43.915 0.0000000000
70454  20.529  4.332  -43.157 0.0000000000
71490  20.173  5.196  -43.643 0.0000000000
70453  21.485  4.134  -43.323 0.0000000000
69330  21.939  3.340  -43.948 0.0000000000
68231  22.850  2.015  -46.174 0.0000000000
73388  22.450  7.450  -43.443 0.0000000000
72495  23.292  6.120  -43.717 0.0000000000
71506  23.436  5.316  -44.313 0.0000000000
71505  23.948  5.800  -44.990 0.0000000000
71525  23.635  4.887  -45.499 0.0000000000
70471  23.149  4.307  -44.958 0.0000000000
69361  23.288  2.744  -46.277 0.0000000000
68242  23.828  1.758  -46.476 0.0000000000
76210  25.430  10.515  -46.733 0.0000000000
75254  25.787  9.528  -46.929 0.0000000000
64899  22.052  -0.712  -44.819 0.0000000000
64900  21.632  -0.804  -44.535 0.0000000000
64901  21.192  -0.819  -44.195 0.0000000000
67085  24.248  0.800  -45.999 0.0000000000
71512  16.657  5.645  -43.080 0.0000000000
72497  21.795  6.259  -43.468 0.0000000000
72506  23.736  6.846  -43.870 0.0000000000
72509  18.436  6.222  -44.606 0.0000000000
72519  24.266  6.410  -45.611 0.0000000000
73401  19.593  7.218  -44.890 0.0000000000
73415  18.002  7.627  -44.768 0.0000000000
73426  24.554  6.994  -46.141 0.0000000000
73438  24.925  7.497  -46.610 0.0000000000
74297  24.454  8.575  -44.288 0.0000000000
74299  19.586  8.047  -44.995 0.0000000000
75218  25.185  10.019  -45.162 0.0000000000
75220  20.870  9.490  -44.398 0.0000000000
75236  17.769  9.432  -45.264 0.0000000000
75246  25.497  9.717  -46.658 0.0000000000
75255  25.357  9.098  -46.667 0.0000000000
76171  23.805  10.770  -43.478 0.0000000000
76180  25.299  10.692  -44.959 0.0000000000
76183  21.465  10.130  -43.993 0.0000000000
76185  16.400  10.298  -44.636 0.0000000000
76198  18.557  10.413  -45.664 0.0000000000
76211  18.905  11.080  -45.898 0.0000000000
77155  24.642  11.701  -44.163 0.0000000000
77156  24.090  11.593  -43.653 0.0000000000
77167  25.424  11.391  -45.226 0.0000000000
77171  21.090  11.697  -44.772 0.0000000000
77182  19.834  11.873  -45.806 0.0000000000
77193  19.172  11.765  -46.005 0.0000000000
77195  17.958  11.762  -45.893 0.0000000000
78170  23.646  12.416  -43.624 0.0000000000
78180  25.399  12.244  -45.037 0.0000000000
78185  15.047  12.384  -43.778 0.0000000000
78194  25.385  12.655  -45.634 0.0000000000
78196  19.445  12.567  -46.025 0.0000000000
79229  12.609  13.446  -42.266 0.0000000000
79234  23.476  13.287  -43.783 0.0000000000
79243  25.184  13.767  -44.905 0.0000000000
79247  15.523  12.902  -44.405 0.0000000000
79258  18.855  14.098  -46.057 0.0000000000
79276  18.340  13.286  -46.120 0.0000000000
79278  17.059  13.608  -45.685 0.0000000000
79291  24.169  13.233  -47.242 0.0000000000
80271  11.720  14.582  -41.546 0.0000000000
80281  13.524  14.539  -42.623 0.0000000000
80289  23.773  14.619  -44.059 0.0000000000
80301  22.581  14.951  -44.341 0.0000000000
80320  18.917  14.948  -45.860 0.0000000000
80321  16.553  13.949  -45.362 0.0000000000
80322  16.060  14.376  -44.949 0.0000000000
80335  17.045  14.582  -45.754 0.0000000000
80345  24.760  14.231  -46.820 0.0000000000
81282  12.168  15.207  -41.721 0.0000000000
81325  25.026  15.124  -44.776 0.0000000000
81327  22.322  15.627  -44.397 0.0000000000
81344  20.034  15.331  -45.465 0.0000000000
81346  18.645  15.583  -45.824 0.0000000000
81348  16.191  15.243  -45.115 0.0000000000
81358  25.181  15.679  -46.416 0.0000000000
81360  17.334  15.496  -45.951 0.0000000000
81371  24.224  15.164  -47.995 0.0000000000
82218  12.018  16.051  -41.521 0.0000000000
82262  22.009  16.451  -44.365 0.0000000000
82266  14.959  16.713  -43.803 0.0000000000
82279  17.977  17.084  -45.822 0.0000000000
82281  16.095  16.696  -45.079 0.0000000000
83169  14.128  17.750  -42.658 0.0000000000
83196  25.167  16.803  -44.995 0.0000000000
83202  15.844  17.450  -44.771 0.0000000000
83214  19.013  17.547  -45.154 0.0000000000
83217  16.914  18.069  -45.539 0.0000000000
84071  9.141  19.564  -39.763 0.0000000000
84117  14.377  19.323  -42.282 0.0000000000
84126  23.520  18.402  -43.774 0.0000000000
84142  21.014  18.245  -44.042 0.0000000000
84156  18.012  18.639  -45.303 0.0000000000
85069  13.286  19.818  -40.925 0.0000000000
85087  22.651  19.364  -43.437 0.0000000000
85097  19.786  19.624  -44.052 0.0000000000
85110  17.137  19.523  -45.059 0.0000000000
86006  12.048  21.489  -40.185 0.0000000000
86015  14.371  21.029  -40.660 0.0000000000
86031  19.408  21.111  -44.145 0.0000000000
86038  24.139  20.353  -43.821 0.0000000000
86043  16.170  21.144  -43.642 0.0000000000
86050  17.505  20.046  -44.862 0.0000000000
86051  16.999  20.301  -44.784 0.0000000000
86059  24.328  20.971  -46.096 0.0000000000
86080  23.409  20.247  -49.834 0.0000000000
86952  16.536  22.761  -42.174 0.0000000000
86971  16.473  22.078  -43.094 0.0000000000
86980  18.051  21.998  -44.610 0.0000000000
86982  16.839  21.884  -44.150 0.0000000000
87863  22.818  22.604  -43.341 0.0000000000
87865  20.924  22.662  -43.693 0.0000000000
87868  17.085  22.566  -43.809 0.0000000000
87875  24.090  22.574  -44.862 0.0000000000
87877  19.131  22.695  -44.394 0.0000000000
87939  22.814  21.692  -49.738 0.0000000000
88782  15.598  23.734  -39.727 0.0000000000
88805  22.659  23.424  -43.454 0.0000000000
88827  23.858  23.362  -45.348 0.0000000000
89754  17.102  24.163  -41.404 0.0000000000
89778  22.775  25.009  -43.776 0.0000000000
89830  22.758  23.883  -48.615 0.0000000000
90758  23.310  25.557  -44.746 0.0000000000
91677  23.259  26.244  -46.044 0.0000000000
92542  21.706  27.152  -43.995 0.0000000000
93433  22.144  27.891  -44.753 0.0000000000
130717  24.637  19.670  -44.946 0.0000000000
130749  20.371  17.084  -44.837 0.0000000000
131361  23.331  18.962  -43.657 0.0000000000
132511  16.586  5.370  -42.715 0.0000000000
134825  12.815  14.950  -42.185 0.0000000000
135355  16.243  23.354  -41.938 0.0000000000
135510  14.350  18.507  -42.687 0.0000000000
135626  13.949  15.121  -42.893 0.0000000000
135751  24.415  4.518  -46.841 0.0000000000
136107  24.341  17.123  -44.215 0.0000000000
136396  13.140  12.997  -42.594 0.0000000000
136571  24.375  14.041  -44.199 0.0000000000
137657  25.173  14.927  -46.361 0.0000000000
138254  23.245  14.016  -43.969 0.0000000000
138561  15.236  19.439  -43.435 0.0000000000
138614  22.371  6.766  -43.434 0.0000000000
140141  24.451  20.204  -46.385 0.0000000000
140247  21.192  4.930  -43.324 0.0000000000
140425  21.817  7.869  -43.663 0.0000000000
141216  22.810  12.236  -43.642 0.0000000000
141280  19.548  23.318  -44.226 0.0000000000
141667  23.591  21.751  -43.429 0.0000000000
142150  9.861  14.300  -40.121 0.0000000000
142268  21.519  12.172  -44.485 0.0000000000
142460  16.087  7.604  -43.956 0.0000000000
142896  12.232  11.769  -42.205 0.0000000000
143738  23.557  16.094  -44.104 0.0000000000
144790  16.462  23.278  -41.769 0.0000000000
147255  17.482  23.518  -43.500 0.0000000000
147824  18.292  9.794  -45.495 0.0000000000
148374  16.391  16.029  -45.370 0.0000000000
149459  24.404  21.154  -45.296 0.0000000000
150298  18.142  3.328  -42.610 0.0000000000
150702  17.277  10.547  -45.341 0.0000000000
152273  21.630  25.242  -43.574 0.0000000000
152280  14.745  22.433  -39.728 0.0000000000
153490  17.230  4.424  -42.692 0.0000000000
153526  13.918  13.908  -42.889 0.0000000000
