#!ascii label  , from subject sub-v1s14x0051579_ses-1 vox2ras=TkReg
1105
76176  12.953  10.104  -42.756 0.2500000000
76175  13.827  10.277  -43.101 0.2500000000
75210  14.514  9.586  -43.515 0.7500000000
78153  11.236  12.241  -41.580 0.2500000000
134362  10.793  11.600  -42.194 0.1250000000
78152  11.329  12.409  -41.614 0.3750000000
145618  11.084  11.349  -42.823 0.2500000000
76166  12.154  10.726  -42.473 0.2500000000
76174  14.761  10.520  -43.532 0.7500000000
76165  13.026  10.810  -42.574 0.3750000000
75222  16.056  9.552  -44.293 0.8750000000
76187  15.368  10.007  -43.924 0.8750000000
77131  11.654  11.977  -41.966 0.3750000000
77146  13.211  11.632  -42.569 0.3750000000
77160  14.069  11.086  -43.096 0.7500000000
76201  16.377  10.979  -44.749 1.0000000000
77172  15.800  11.223  -44.365 1.0000000000
75221  16.693  9.707  -44.720 1.0000000000
137665  15.416  10.734  -43.985 0.8750000000
129448  17.219  9.959  -45.148 1.0000000000
79197  10.332  13.290  -40.483 0.2500000000
78164  12.463  12.646  -42.219 0.7500000000
78174  13.688  12.504  -42.814 0.8750000000
78173  14.290  11.967  -43.211 0.8750000000
78163  12.980  12.343  -42.473 0.7500000000
77183  16.790  11.422  -45.254 1.0000000000
77184  16.263  11.719  -44.844 1.0000000000
78184  15.651  12.011  -44.369 1.0000000000
76197  19.260  10.422  -45.645 1.0000000000
76199  17.405  11.109  -45.538 1.0000000000
127440  17.771  10.350  -45.516 1.0000000000
76200  16.858  10.603  -45.094 1.0000000000
79198  8.987  13.121  -40.470 0.1250000000
79215  11.924  13.066  -41.824 0.6250000000
79238  13.854  13.243  -42.882 1.0000000000
136339  14.396  12.820  -43.317 1.0000000000
77194  18.605  11.608  -45.963 1.0000000000
77196  17.258  11.946  -45.644 1.0000000000
78198  16.131  12.524  -44.901 1.0000000000
150133  19.525  11.157  -45.782 1.0000000000
76212  18.190  11.049  -45.811 1.0000000000
141387  21.249  10.933  -44.416 1.0000000000
76196  20.007  10.515  -45.407 1.0000000000
84074  7.154  16.979  -38.863 0.2500000000
142150  9.861  14.300  -40.121 0.2500000000
135023  11.069  15.009  -40.930 0.3750000000
79217  11.389  13.621  -41.243 0.5000000000
134753  12.120  13.938  -41.873 1.0000000000
80272  11.218  14.793  -41.122 0.6250000000
79228  13.322  13.723  -42.573 1.0000000000
79260  16.038  13.430  -44.918 1.0000000000
79237  14.386  13.613  -43.321 1.0000000000
78207  18.644  12.382  -46.101 1.0000000000
78208  17.807  12.567  -45.942 1.0000000000
78195  20.214  12.657  -45.675 1.0000000000
141384  20.617  11.095  -45.101 1.0000000000
78183  21.025  12.596  -45.030 1.0000000000
77170  21.703  11.554  -44.156 1.0000000000
83140  9.873  17.690  -39.962 0.5000000000
144180  6.615  16.523  -39.037 0.3750000000
82200  8.062  16.367  -39.604 0.3750000000
81262  10.266  16.640  -40.331 0.5000000000
81261  10.492  16.265  -40.533 0.5000000000
81283  11.442  15.410  -41.288 0.8750000000
80270  12.307  14.575  -41.909 1.0000000000
81297  12.769  15.732  -42.024 1.0000000000
80304  15.426  13.956  -44.322 1.0000000000
80292  14.299  14.476  -43.241 1.0000000000
136425  18.071  14.094  -46.078 1.0000000000
141690  17.506  14.093  -45.910 1.0000000000
79245  21.426  13.462  -44.853 1.0000000000
79246  20.654  13.511  -45.412 1.0000000000
142166  22.082  12.197  -44.020 0.8750000000
83125  8.261  17.437  -39.253 0.5000000000
82199  9.803  17.286  -39.922 0.5000000000
83139  9.792  17.743  -40.154 0.6250000000
83156  11.790  17.038  -41.257 0.6250000000
82219  11.172  16.322  -41.009 1.0000000000
81284  10.847  15.772  -40.833 0.7500000000
81313  13.958  15.830  -42.803 1.0000000000
81345  19.283  15.468  -45.626 1.0000000000
81359  18.007  15.590  -46.077 1.0000000000
81361  16.732  15.388  -45.611 1.0000000000
81330  15.598  15.011  -44.507 1.0000000000
80319  19.513  14.653  -45.765 1.0000000000
80334  17.720  14.801  -46.023 1.0000000000
80303  21.176  14.271  -45.106 0.8750000000
80318  20.333  14.431  -45.512 1.0000000000
79236  22.105  13.488  -44.354 0.8750000000
146014  9.246  18.112  -39.684 0.5000000000
82197  11.109  17.334  -40.806 0.8750000000
82250  14.553  17.188  -43.277 1.0000000000
82236  13.848  16.766  -42.599 1.0000000000
82278  18.333  16.311  -45.843 1.0000000000
82280  16.610  16.693  -45.549 1.0000000000
81331  15.142  15.819  -43.974 1.0000000000
133796  18.694  16.943  -45.515 1.0000000000
80302  21.832  14.887  -44.699 1.0000000000
81329  20.895  15.173  -45.173 1.0000000000
133172  19.015  16.196  -45.540 1.0000000000
81328  21.455  15.851  -44.764 1.0000000000
83124  8.740  18.392  -39.619 0.5000000000
127341  10.377  18.430  -40.262 0.8750000000
83155  12.514  17.720  -41.483 1.0000000000
84130  15.267  18.677  -43.864 1.0000000000
83185  15.180  17.570  -44.017 1.0000000000
83170  13.386  17.598  -42.069 1.0000000000
84144  19.344  18.286  -44.728 1.0000000000
83216  17.633  17.908  -45.619 1.0000000000
83200  20.254  17.873  -44.497 1.0000000000
84155  18.620  18.208  -45.096 1.0000000000
83215  18.317  17.719  -45.467 1.0000000000
82263  21.203  16.714  -44.678 1.0000000000
83201  19.679  17.481  -44.866 1.0000000000
86943  14.371  22.062  -39.708 1.0000000000
86925  11.930  22.148  -39.676 0.3750000000
86004  13.935  21.563  -39.951 0.8750000000
85091  15.061  19.793  -42.841 1.0000000000
84145  18.590  18.971  -44.832 1.0000000000
85109  17.614  19.290  -45.112 1.0000000000
87843  15.271  22.697  -40.229 0.8750000000
86953  15.552  22.199  -41.220 1.0000000000
86003  14.921  21.633  -40.556 1.0000000000
86021  15.685  21.150  -42.535 1.0000000000
86960  16.397  22.254  -42.553 1.0000000000
85090  15.600  20.293  -43.390 1.0000000000
85108  18.014  19.576  -44.939 1.0000000000
86040  17.942  20.533  -44.785 1.0000000000
85098  19.276  19.302  -44.487 1.0000000000
88786  15.373  23.094  -40.109 0.7500000000
86959  16.750  22.861  -42.576 1.0000000000
86970  16.781  22.434  -43.375 1.0000000000
130214  18.547  21.033  -44.556 1.0000000000
145160  17.812  21.364  -44.679 1.0000000000
86041  17.250  21.062  -44.646 1.0000000000
87849  16.756  23.686  -41.935 1.0000000000
86981  17.392  21.980  -44.393 1.0000000000
93409  18.677  28.997  -40.971 0.1250000000
93397  18.873  29.020  -40.460 0.1250000000
92529  18.622  28.068  -41.378 0.2500000000
93413  19.257  28.850  -41.722 0.3750000000
94209  18.844  29.860  -41.155 0.2500000000
93412  19.957  28.665  -42.719 0.5000000000
94220  20.338  29.269  -43.203 0.2500000000
94205  19.086  30.593  -41.369 0.2500000000
137306  20.099  30.076  -43.078 0.2500000000
94997  19.673  30.815  -42.159 0.2500000000
95815  19.716  31.395  -42.710 0.2500000000
140241  20.213  30.427  -43.646 0.2500000000
95020  19.676  31.173  -44.718 0.2500000000
95019  20.239  30.519  -44.317 0.3750000000
95008  20.002  30.728  -43.106 0.2500000000
95029  20.077  30.596  -45.144 0.3750000000
95030  19.385  31.155  -45.489 0.2500000000
75201  11.803  10.520  -42.410 0.1250000000
77147  11.818  11.235  -42.397 0.2500000000
139970  10.671  11.287  -43.021 0.1250000000
75233  20.222  9.747  -44.986 1.0000000000
74278  12.630  8.965  -42.433 0.1250000000
75223  15.394  9.050  -43.908 0.6250000000
73416  16.913  8.091  -44.383 0.7500000000
77134  9.622  12.059  -41.417 0.1250000000
146965  17.393  7.900  -44.546 1.0000000000
76157  10.973  10.936  -43.238 0.1250000000
75235  18.439  9.044  -45.327 1.0000000000
74311  20.195  8.763  -44.860 1.0000000000
75209  21.806  9.188  -43.691 1.0000000000
80250  9.018  14.287  -39.650 0.3750000000
126880  6.091  16.167  -38.744 0.2500000000
126302  7.640  14.940  -39.655 0.2500000000
77158  22.460  11.515  -43.677 0.8750000000
79235  22.774  13.464  -43.960 0.8750000000
78172  22.414  12.846  -44.001 0.8750000000
80290  23.054  14.644  -44.127 0.8750000000
86916  11.980  22.072  -39.404 0.1250000000
85967  11.652  21.826  -39.204 0.1250000000
84072  8.870  19.205  -39.755 0.3750000000
84089  10.948  19.167  -40.259 0.6250000000
83198  21.758  17.119  -44.279 1.0000000000
81311  23.177  15.385  -44.160 0.8750000000
85981  13.136  21.997  -39.560 0.5000000000
86942  15.203  22.346  -40.290 0.8750000000
85983  11.738  21.738  -40.532 0.3750000000
85053  12.587  20.551  -40.339 0.8750000000
84143  20.132  18.799  -44.155 1.0000000000
84129  20.940  18.917  -43.739 1.0000000000
85089  20.499  19.549  -43.715 1.0000000000
86941  15.598  22.654  -40.960 1.0000000000
86039  19.267  20.232  -44.338 1.0000000000
88790  16.012  23.770  -41.899 0.8750000000
89769  17.351  23.851  -42.884 1.0000000000
87867  17.322  23.088  -43.588 1.0000000000
86979  18.831  21.935  -44.428 1.0000000000
93386  19.163  28.898  -39.601 0.1250000000
92522  18.297  27.277  -40.996 0.1250000000
91637  18.215  26.354  -41.425 0.6250000000
92533  19.334  27.790  -42.359 0.6250000000
93424  20.564  28.501  -43.540 0.5000000000
94228  20.978  29.134  -44.430 0.5000000000
94998  18.804  31.547  -40.822 0.2500000000
94229  20.525  29.758  -43.883 0.5000000000
94239  20.627  29.897  -44.754 0.5000000000
95830  19.537  31.973  -43.234 0.1250000000
95009  19.893  31.120  -43.743 0.2500000000
150925  18.734  31.533  -45.682 0.2500000000
95038  19.842  30.548  -45.952 0.3750000000
150758  18.094  31.622  -46.176 0.2500000000
95839  19.355  31.761  -44.306 0.1250000000
75200  12.402  9.903  -42.528 0.1250000000
146196  13.594  9.629  -43.131 0.3750000000
75211  13.776  8.873  -43.277 0.5000000000
77148  11.012  11.220  -43.080 0.1250000000
74300  16.541  8.724  -44.418 0.7500000000
75237  17.168  8.907  -44.765 1.0000000000
77159  15.074  11.413  -43.729 1.0000000000
76186  15.923  10.485  -44.337 1.0000000000
145602  18.929  9.669  -45.525 1.0000000000
75234  19.620  9.632  -45.347 1.0000000000
79216  11.560  13.729  -41.469 0.8750000000
79248  14.976  13.263  -43.792 1.0000000000
150341  20.103  11.293  -45.560 1.0000000000
78197  16.676  12.201  -45.333 1.0000000000
79259  16.580  13.044  -45.354 1.0000000000
76184  20.713  10.320  -44.737 1.0000000000
128817  9.288  14.983  -39.923 0.3750000000
80249  10.623  15.882  -40.618 0.5000000000
80282  12.783  14.201  -42.240 1.0000000000
134457  14.823  14.011  -43.712 1.0000000000
77181  20.488  11.861  -45.372 1.0000000000
79275  19.028  13.179  -46.162 1.0000000000
78209  17.145  12.754  -45.667 1.0000000000
79277  17.642  13.387  -45.928 1.0000000000
78182  21.750  12.801  -44.452 1.0000000000
82198  10.445  16.654  -40.526 0.6250000000
81296  13.405  15.385  -42.481 1.0000000000
129754  13.367  16.089  -42.367 1.0000000000
81347  16.527  14.714  -45.374 1.0000000000
80305  14.971  14.773  -43.851 1.0000000000
81312  14.470  15.381  -43.352 1.0000000000
79257  19.723  13.585  -45.887 1.0000000000
139295  21.815  14.075  -44.672 0.8750000000
77157  23.308  11.544  -43.475 0.8750000000
82237  12.836  16.701  -41.883 1.0000000000
130781  14.504  16.283  -43.286 1.0000000000
82277  19.661  16.005  -45.399 1.0000000000
80333  18.365  14.868  -46.025 1.0000000000
149804  16.939  16.193  -45.833 1.0000000000
80291  22.487  14.223  -44.291 0.8750000000
149925  16.478  17.375  -45.359 1.0000000000
82265  15.495  16.696  -44.410 1.0000000000
82293  17.628  16.325  -45.980 1.0000000000
133991  15.822  15.915  -44.752 1.0000000000
127691  17.165  17.119  -45.799 1.0000000000
149197  19.553  16.777  -45.226 1.0000000000
82264  20.454  16.149  -45.110 1.0000000000
84090  9.448  18.718  -39.912 0.6250000000
84109  11.492  18.213  -40.820 0.7500000000
83154  13.098  18.267  -41.625 1.0000000000
83186  14.686  18.094  -43.291 1.0000000000
84118  13.768  18.526  -42.076 1.0000000000
132269  15.666  18.187  -44.490 1.0000000000
84131  14.771  18.969  -43.109 1.0000000000
84147  15.981  19.059  -44.522 1.0000000000
84146  16.715  18.906  -45.116 1.0000000000
84157  17.353  18.739  -45.385 1.0000000000
146340  16.279  18.173  -44.999 1.0000000000
86005  12.289  21.146  -40.143 0.7500000000
86016  13.128  20.351  -40.513 1.0000000000
84107  13.200  19.018  -41.356 1.0000000000
136983  15.572  19.516  -43.932 1.0000000000
85078  13.750  19.329  -41.622 1.0000000000
85077  14.914  20.183  -42.289 1.0000000000
85100  16.600  19.804  -44.681 1.0000000000
87842  16.621  23.761  -41.983 0.8750000000
86022  14.763  20.913  -41.255 1.0000000000
86032  15.969  21.327  -42.924 1.0000000000
86042  16.601  20.918  -44.328 1.0000000000
85101  16.036  20.141  -44.154 1.0000000000
85076  15.434  20.586  -42.727 1.0000000000
85099  18.576  19.940  -44.642 1.0000000000
87856  16.940  22.998  -42.861 1.0000000000
86983  16.525  21.773  -43.783 1.0000000000
87879  17.601  22.659  -44.252 1.0000000000
88809  17.129  23.370  -42.813 1.0000000000
88796  16.313  23.735  -42.048 1.0000000000
93387  18.676  28.043  -40.412 0.1250000000
93398  18.392  28.154  -40.939 0.1250000000
92510  18.476  27.200  -40.430 0.1250000000
94206  18.695  30.007  -40.436 0.2500000000
92530  18.311  27.308  -41.138 0.3750000000
94219  20.779  29.024  -43.811 0.5000000000
95847  19.011  31.662  -45.111 0.2500000000
75212  13.005  9.308  -42.887 0.2500000000
74274  12.430  8.638  -41.979 0.1250000000
74290  13.109  8.386  -42.893 0.1250000000
133417  14.692  8.502  -43.703 0.6250000000
74301  16.029  8.431  -44.162 0.7500000000
74314  17.856  8.488  -45.010 1.0000000000
85984  11.084  21.410  -40.315 0.5000000000
131273  10.093  19.691  -40.051 0.6250000000
84108  12.446  18.681  -41.121 0.8750000000
84088  11.764  19.393  -40.515 0.7500000000
85036  11.363  21.306  -40.143 0.7500000000
85054  11.950  20.453  -40.237 0.8750000000
85070  12.595  19.646  -40.680 1.0000000000
85068  13.984  19.837  -41.430 1.0000000000
88795  17.029  23.821  -41.984 1.0000000000
88808  17.993  23.989  -43.868 1.0000000000
87878  18.299  22.703  -44.490 1.0000000000
91634  18.218  26.550  -40.919 0.3750000000
91647  18.946  26.703  -42.580 0.7500000000
92534  18.567  27.073  -41.753 0.7500000000
92544  20.218  27.834  -43.318 0.7500000000
95039  19.066  31.165  -46.318 0.2500000000
95049  19.788  30.479  -46.885 0.3750000000
70456  18.268  4.446  -43.483 0.7500000000
141193  21.464  3.470  -43.471 0.7500000000
133420  17.890  4.902  -43.732 0.7500000000
70453  21.485  4.134  -43.323 0.7500000000
70455  19.267  4.528  -43.439 0.7500000000
70473  19.136  5.246  -44.077 0.7500000000
70474  18.404  5.002  -43.915 0.7500000000
153228  21.742  4.753  -43.383 0.7500000000
71490  20.173  5.196  -43.643 0.7500000000
73403  16.966  6.990  -43.857 0.7500000000
135406  16.578  7.675  -44.130 0.6250000000
71508  19.538  5.801  -44.351 0.7500000000
72521  18.186  6.905  -44.615 0.8750000000
73402  17.285  6.770  -44.032 0.8750000000
70452  22.256  4.506  -43.672 0.7500000000
71489  21.101  5.688  -43.556 0.7500000000
71507  20.337  5.933  -43.953 0.7500000000
72520  18.875  6.960  -44.868 0.8750000000
73414  18.589  7.459  -44.858 0.8750000000
72496  22.618  6.129  -43.480 0.7500000000
72498  20.897  6.448  -43.938 0.7500000000
73400  20.521  7.167  -44.483 0.8750000000
74313  18.559  8.156  -45.072 0.8750000000
73388  22.450  7.450  -43.443 0.7500000000
73399  20.964  7.993  -44.220 0.8750000000
74285  23.419  8.379  -43.413 0.8750000000
74286  22.459  8.315  -43.436 0.8750000000
75208  22.946  9.149  -43.326 0.8750000000
76173  22.427  9.996  -43.491 0.8750000000
139325  24.720  8.646  -45.811 0.3750000000
75219  24.707  9.443  -44.500 0.6250000000
76182  24.301  9.930  -43.713 0.7500000000
130562  23.433  9.945  -43.360 0.7500000000
75247  25.027  9.169  -46.311 0.5000000000
75232  24.895  9.307  -45.530 0.5000000000
76181  24.871  10.353  -44.403 0.7500000000
77169  24.478  10.904  -43.924 0.7500000000
141048  26.117  10.073  -47.497 0.1250000000
76210  25.430  10.515  -46.733 0.3750000000
76195  25.436  10.592  -45.733 0.6250000000
77168  25.038  11.142  -44.491 0.6250000000
78169  24.323  12.267  -43.916 0.6250000000
130844  26.904  10.114  -48.071 0.1250000000
142479  26.148  10.658  -48.218 0.1250000000
135285  24.801  11.547  -47.137 0.1250000000
77203  24.377  11.846  -47.769 0.1250000000
131316  25.322  13.053  -44.925 0.6250000000
79244  24.845  13.471  -44.508 0.6250000000
145713  23.860  13.827  -43.898 0.7500000000
77209  25.603  11.290  -48.521 0.1250000000
149013  24.390  12.593  -49.061 0.1250000000
79274  24.972  13.664  -46.419 0.1250000000
79256  25.298  13.564  -45.573 0.5000000000
80300  24.889  14.296  -44.660 0.6250000000
80288  24.485  14.897  -44.346 0.7500000000
76233  26.696  11.251  -48.816 0.1250000000
80332  25.248  14.366  -45.923 0.5000000000
81343  25.306  15.276  -45.499 0.5000000000
81326  24.636  15.741  -44.444 0.6250000000
81310  24.008  15.517  -44.126 0.7500000000
129892  16.034  23.435  -41.805 0.6250000000
89751  16.372  23.958  -39.933 0.5000000000
88789  17.133  24.105  -41.779 0.7500000000
82261  24.759  16.536  -44.528 0.6250000000
83182  23.885  17.764  -43.970 0.6250000000
83199  21.097  17.484  -44.407 0.8750000000
83212  25.210  17.136  -45.736 0.5000000000
151555  24.828  17.195  -44.642 0.6250000000
83181  24.583  17.901  -44.522 0.6250000000
133723  23.003  17.743  -43.756 0.7500000000
89753  17.174  24.196  -41.695 0.7500000000
83184  21.969  17.828  -43.894 0.8750000000
86030  19.965  20.311  -43.781 0.8750000000
138891  20.308  21.150  -43.634 0.8750000000
84127  22.689  18.496  -43.616 0.7500000000
85088  21.472  19.485  -43.459 0.8750000000
86028  22.157  20.249  -43.233 0.8750000000
86029  20.959  20.315  -43.432 0.8750000000
86967  21.601  21.243  -43.289 0.8750000000
82292  24.999  17.440  -46.698 0.3750000000
83197  25.091  17.584  -45.055 0.5000000000
143065  24.959  18.283  -45.056 0.5000000000
85085  23.998  18.984  -44.002 0.6250000000
83230  24.608  17.616  -47.703 0.2500000000
83213  25.072  18.001  -45.783 0.3750000000
84141  24.589  18.853  -44.634 0.5000000000
89750  17.326  24.438  -41.607 0.6250000000
90729  17.460  24.639  -41.898 0.7500000000
89757  17.199  24.076  -42.055 0.7500000000
87866  20.011  22.665  -43.959 0.7500000000
86968  20.657  21.995  -43.622 0.8750000000
85086  23.740  19.585  -43.691 0.6250000000
86027  23.317  20.240  -43.414 0.7500000000
83224  24.756  18.430  -46.836 0.3750000000
84154  24.828  18.921  -45.597 0.5000000000
86978  24.296  21.180  -43.962 0.7500000000
84170  24.442  18.428  -47.991 0.2500000000
90727  17.571  24.888  -41.600 0.6250000000
89756  17.544  24.484  -42.493 0.8750000000
89767  18.806  24.752  -43.630 0.8750000000
138610  19.129  24.011  -44.115 0.8750000000
88807  20.547  23.265  -43.850 0.8750000000
87862  23.610  22.543  -43.605 0.7500000000
86037  24.436  20.387  -44.438 0.5000000000
85121  24.304  19.919  -47.492 0.2500000000
85107  24.626  19.718  -45.730 0.5000000000
84178  24.160  18.446  -48.791 0.2500000000
139520  18.011  25.815  -41.317 0.5000000000
90726  17.869  25.456  -41.682 0.5000000000
91639  18.359  26.020  -42.084 0.6250000000
133214  19.445  26.154  -43.239 0.7500000000
90734  19.986  25.386  -43.545 0.7500000000
91646  20.521  26.294  -43.547 0.7500000000
138719  21.172  25.661  -43.600 0.7500000000
89764  22.032  24.712  -43.545 0.7500000000
90733  21.000  24.917  -43.619 0.7500000000
91645  21.561  26.403  -43.757 0.7500000000
89765  21.102  24.022  -43.657 0.7500000000
134970  23.516  23.769  -44.066 0.7500000000
89763  22.952  24.152  -43.652 0.7500000000
86990  24.222  21.804  -45.779 0.5000000000
87885  23.958  22.666  -45.980 0.3750000000
146272  23.786  22.935  -44.040 0.6250000000
85122  23.960  19.997  -48.375 0.2500000000
86996  24.110  21.442  -46.687 0.3750000000
145759  23.787  21.523  -47.579 0.3750000000
91648  18.584  25.778  -42.704 0.7500000000
91644  22.438  26.512  -44.092 0.7500000000
90743  22.949  25.670  -44.085 0.7500000000
89793  23.557  24.816  -45.157 0.6250000000
136467  23.753  22.757  -46.776 0.3750000000
131593  23.708  24.089  -45.725 0.3750000000
86073  23.615  20.482  -48.870 0.1250000000
149358  23.206  21.673  -49.068 0.1250000000
87924  23.373  22.024  -48.370 0.2500000000
92545  19.863  27.022  -43.213 0.6250000000
141035  20.843  27.075  -43.704 0.7500000000
91657  23.039  26.310  -44.612 0.7500000000
89807  23.539  24.807  -46.153 0.3750000000
90772  23.413  25.526  -45.626 0.3750000000
89777  23.299  24.747  -44.235 0.7500000000
88862  23.182  22.987  -48.288 0.2500000000
88851  23.542  23.253  -47.239 0.3750000000
129258  23.675  24.045  -44.790 0.6250000000
87045  22.357  21.579  -51.689 0.1250000000
87032  22.386  21.764  -50.657 0.1250000000
87031  22.943  21.008  -50.261 0.1250000000
92543  21.017  27.788  -43.887 0.6250000000
92567  22.593  27.500  -45.042 0.3750000000
92555  22.283  27.322  -44.410 0.3750000000
91666  23.040  26.867  -45.387 0.3750000000
90796  22.627  25.483  -48.332 0.2500000000
91665  23.255  26.117  -45.239 0.3750000000
88873  22.170  23.218  -50.147 0.1250000000
89829  23.264  23.940  -47.692 0.3750000000
130538  23.553  24.041  -46.714 0.3750000000
143660  22.419  21.454  -52.596 0.1250000000
88863  22.616  23.114  -49.287 0.1250000000
94249  21.089  29.430  -46.149 0.3750000000
93423  21.136  28.450  -44.119 0.3750000000
92556  21.678  27.841  -44.302 0.3750000000
93450  22.140  28.244  -46.328 0.3750000000
93441  22.192  28.115  -45.408 0.3750000000
91691  22.644  26.928  -47.537 0.3750000000
139762  22.512  27.677  -46.885 0.3750000000
92577  22.633  27.594  -45.911 0.3750000000
90787  23.084  25.492  -47.487 0.3750000000
91678  22.992  26.988  -46.466 0.3750000000
89849  21.238  23.946  -51.056 0.1250000000
141232  22.294  23.927  -49.549 0.1250000000
141466  22.447  24.700  -48.932 0.2500000000
87969  21.646  22.833  -51.999 0.1250000000
153627  20.835  29.370  -47.578 0.2500000000
92588  21.672  28.201  -48.006 0.2500000000
93461  21.301  28.883  -47.686 0.3750000000
93451  21.585  28.879  -46.716 0.3750000000
91700  21.718  26.940  -49.025 0.1250000000
92587  22.148  27.680  -47.755 0.3750000000
93460  21.958  28.295  -47.244 0.3750000000
91707  21.709  26.195  -49.346 0.1250000000
91699  22.296  26.360  -48.516 0.2500000000
90809  20.642  25.285  -51.013 0.1250000000
90802  22.083  25.509  -49.187 0.1250000000
132260  20.436  29.964  -46.470 0.3750000000
94256  21.026  29.469  -47.008 0.3750000000
93462  20.435  29.260  -48.268 0.2500000000
92600  21.071  27.455  -49.392 0.1250000000
93467  19.900  28.538  -49.432 0.1250000000
93472  20.368  27.860  -49.699 0.1250000000
90815  20.589  25.436  -52.165 0.1250000000
91709  20.358  26.574  -50.718 0.1250000000
94272  17.881  29.093  -50.544 0.1250000000
92609  19.887  27.032  -51.154 0.1250000000
93473  19.479  27.799  -50.572 0.1250000000
91724  20.470  26.500  -52.116 0.1250000000
90823  20.815  26.298  -52.728 0.1250000000
150519  20.146  7.825  -44.797 0.8750000000
74284  24.078  8.392  -43.707 0.6250000000
82260  25.146  15.976  -44.888 0.6250000000
84128  21.768  18.703  -43.647 0.8750000000
85096  24.339  19.665  -44.251 0.5000000000
137846  24.469  19.084  -47.471 0.3750000000
90736  18.187  25.028  -42.922 0.8750000000
89768  17.843  24.446  -43.207 0.8750000000
90735  18.951  25.456  -43.290 0.7500000000
89766  20.020  24.501  -43.803 0.8750000000
129453  22.147  23.898  -43.492 0.7500000000
88806  21.741  23.160  -43.496 0.7500000000
142615  24.461  20.953  -44.669 0.5000000000
86977  24.319  21.629  -44.697 0.5000000000
86065  24.185  20.794  -47.071 0.5000000000
89839  21.221  24.648  -50.577 0.1250000000
141638  20.982  28.306  -48.734 0.2500000000
91717  20.267  26.424  -51.344 0.1250000000
141391  25.488  11.949  -45.689 0.5000000000
78181  24.880  12.528  -44.425 0.6250000000
78171  23.009  12.860  -43.690 0.7500000000
81370  24.729  15.014  -47.139 0.3750000000
82276  25.285  16.262  -45.603 0.3750000000
128836  24.339  16.885  -48.422 0.2500000000
86966  22.905  21.023  -43.247 0.7500000000
90803  21.303  25.550  -50.057 0.1250000000
83236  24.043  16.988  -49.350 0.1250000000
69315  19.617  2.904  -42.558 0.7500000000
70457  17.907  4.455  -43.369 0.7500000000
70458  17.649  4.523  -43.197 0.7500000000
68205  21.192  1.577  -44.191 0.7500000000
69332  20.012  3.655  -42.789 0.7500000000
68218  21.741  2.038  -44.681 0.7500000000
73404  16.531  6.859  -43.668 0.6250000000
71510  18.073  5.519  -44.247 0.7500000000
70472  22.581  3.804  -44.497 0.6250000000
71487  22.804  5.360  -43.676 0.7500000000
71506  23.436  5.316  -44.313 0.6250000000
73387  23.105  6.939  -43.472 0.6250000000
73398  24.230  7.624  -44.220 0.5000000000
74323  24.643  7.845  -45.963 0.3750000000
74310  24.575  8.116  -45.047 0.5000000000
74335  24.991  8.444  -46.563 0.1250000000
75264  26.174  9.098  -47.273 0.1250000000
75263  26.750  9.379  -47.700 0.1250000000
75261  28.485  9.428  -48.322 0.1250000000
76231  28.723  11.094  -48.994 0.1250000000
77218  27.426  11.867  -49.457 0.1250000000
128438  26.956  12.497  -49.799 0.1250000000
153075  16.142  23.684  -40.270 0.3750000000
78232  25.244  12.795  -49.470 0.1250000000
79303  23.737  12.973  -48.752 0.1250000000
142349  23.832  14.603  -48.527 0.1250000000
82300  24.765  15.882  -47.331 0.2500000000
82291  25.128  16.553  -46.558 0.2500000000
90724  17.763  25.212  -41.464 0.5000000000
83245  23.964  17.908  -49.623 0.1250000000
133659  24.244  17.715  -48.642 0.2500000000
85141  23.580  19.016  -50.853 0.1250000000
86085  23.119  20.266  -50.782 0.1250000000
86098  23.087  20.132  -51.850 0.1250000000
86099  22.718  20.826  -52.277 0.1250000000
87056  22.819  21.890  -54.198 0.1250000000
87055  23.607  21.270  -54.402 0.1250000000
88895  21.343  23.538  -52.652 0.1250000000
89866  22.397  25.452  -54.741 0.1250000000
140968  18.652  30.865  -40.476 0.1250000000
95060  18.802  30.342  -48.391 0.2500000000
95062  16.787  30.762  -49.503 0.1250000000
93477  18.676  28.148  -50.926 0.1250000000
91729  21.724  26.674  -53.688 0.1250000000
92620  20.350  26.957  -51.911 0.1250000000
141186  22.011  10.814  -43.771 0.7500000000
83183  22.518  17.071  -44.062 0.7500000000
140073  22.847  16.267  -44.138 0.7500000000
87831  14.644  22.750  -39.526 0.3750000000
86969  19.655  21.944  -43.997 0.8750000000
74298  21.065  8.776  -44.169 0.8750000000
152990  17.099  7.385  -44.154 0.7500000000
72522  17.579  7.096  -44.352 0.8750000000
74312  19.221  8.702  -45.272 0.8750000000
76172  22.911  10.763  -43.404 0.7500000000
132082  24.248  13.126  -43.971 0.6250000000
88817  17.802  23.280  -44.124 0.8750000000
88816  18.592  23.378  -44.357 0.8750000000
94238  21.107  29.301  -45.240 0.3750000000
94250  20.522  29.962  -45.601 0.3750000000
95040  18.448  31.323  -46.910 0.1250000000
95050  19.061  30.840  -47.364 0.2500000000
149982  18.121  4.745  -43.708 0.7500000000
69333  18.860  3.856  -42.908 0.7500000000
133209  20.965  3.499  -43.148 0.7500000000
69331  21.351  2.783  -43.685 0.7500000000
69330  21.939  3.340  -43.948 0.7500000000
71511  17.457  5.027  -43.451 0.7500000000
128091  17.574  5.533  -43.843 0.7500000000
70454  20.529  4.332  -43.157 0.7500000000
71509  18.752  5.648  -44.467 0.7500000000
72511  17.167  6.274  -43.735 0.7500000000
72510  17.708  6.257  -44.265 0.7500000000
72508  19.184  6.348  -44.787 0.8750000000
71488  21.984  5.374  -43.388 0.7500000000
72507  19.992  6.469  -44.543 0.8750000000
142675  19.094  7.754  -44.992 0.8750000000
73389  21.554  7.138  -43.741 0.7500000000
72495  23.292  6.120  -43.717 0.7500000000
130288  23.089  7.733  -43.383 0.7500000000
74287  21.612  8.434  -43.783 0.8750000000
73386  23.661  7.646  -43.621 0.6250000000
75207  23.841  9.128  -43.473 0.7500000000
149720  24.683  8.821  -45.016 0.5000000000
75206  24.313  9.085  -43.835 0.6250000000
75231  25.345  9.818  -46.059 0.5000000000
75254  25.787  9.528  -46.929 0.2500000000
74334  25.608  8.719  -46.961 0.1250000000
151024  25.122  11.090  -47.027 0.2500000000
77192  25.372  11.285  -46.332 0.3750000000
140560  25.136  11.805  -44.641 0.6250000000
76224  27.951  10.328  -48.528 0.1250000000
132763  25.438  10.801  -47.884 0.1250000000
78206  25.171  12.102  -46.427 0.5000000000
78215  24.351  12.270  -47.201 0.1250000000
78223  24.233  12.237  -48.416 0.1250000000
136829  24.946  12.913  -46.435 0.5000000000
77219  26.308  11.908  -49.164 0.1250000000
78216  23.794  12.539  -47.915 0.1250000000
79292  23.620  13.292  -48.075 0.1250000000
80317  25.237  14.420  -45.141 0.6250000000
80346  24.060  14.175  -47.801 0.1250000000
82248  24.168  16.332  -44.166 0.6250000000
82249  23.495  16.921  -43.982 0.6250000000
84125  24.163  18.402  -44.144 0.6250000000
86965  23.787  20.919  -43.511 0.7500000000
140057  22.586  21.773  -43.248 0.7500000000
90728  17.897  25.228  -42.241 0.6250000000
87864  21.735  22.239  -43.387 0.7500000000
85115  24.601  19.387  -46.581 0.3750000000
153122  20.070  23.816  -43.948 0.7500000000
87876  24.168  22.123  -43.940 0.6250000000
88804  23.308  23.256  -43.610 0.7500000000
86049  24.526  20.427  -45.318 0.5000000000
85129  23.784  19.704  -49.110 0.1250000000
85135  23.653  19.368  -49.953 0.1250000000
85128  24.202  19.222  -48.385 0.2500000000
84179  23.959  18.886  -49.346 0.1250000000
90732  22.180  25.632  -43.706 0.7500000000
153003  23.819  23.355  -44.564 0.6250000000
87897  23.897  22.100  -46.739 0.3750000000
88840  23.738  23.365  -46.301 0.3750000000
86066  23.905  20.661  -48.003 0.1250000000
87013  23.523  21.240  -48.556 0.3750000000
137242  22.759  26.934  -44.637 0.3750000000
87911  23.584  22.429  -47.519 0.3750000000
87022  23.272  21.069  -49.408 0.1250000000
87925  22.934  22.311  -49.129 0.1250000000
89818  23.357  24.765  -47.132 0.3750000000
90786  23.346  25.532  -46.579 0.3750000000
150634  21.979  22.289  -51.381 0.1250000000
87968  22.060  22.181  -52.507 0.1250000000
86086  22.691  20.917  -51.184 0.1250000000
87940  22.465  22.436  -49.952 0.1250000000
93434  21.602  28.511  -44.830 0.3750000000
89819  22.931  24.704  -48.035 0.2500000000
149604  21.663  22.833  -51.208 0.1250000000
88883  21.637  23.279  -50.788 0.1250000000
93442  21.647  28.757  -45.772 0.3750000000
92594  21.668  27.652  -48.538 0.3750000000
142949  22.790  26.122  -47.775 0.3750000000
88884  21.408  23.381  -51.531 0.1250000000
89848  21.720  23.935  -50.316 0.1250000000
137364  20.859  24.660  -51.517 0.1250000000
130153  20.920  24.953  -52.777 0.1250000000
89838  21.842  24.700  -49.772 0.1250000000
87977  22.192  22.461  -53.836 0.1250000000
87978  21.640  22.962  -53.248 0.1250000000
94258  19.702  30.111  -47.885 0.2500000000
94257  20.410  29.806  -47.352 0.2500000000
91708  21.042  26.566  -49.958 0.1250000000
91716  20.563  25.999  -50.717 0.1250000000
90816  20.413  25.930  -51.649 0.1250000000
94265  19.343  29.433  -48.962 0.1250000000
93468  18.699  28.620  -50.231 0.1250000000
92601  20.331  27.183  -50.315 0.1250000000
90822  21.212  25.984  -53.481 0.1250000000
94273  17.431  29.940  -50.040 0.1250000000
94266  18.298  29.620  -49.518 0.1250000000
68206  20.627  2.493  -43.152 0.7500000000
148503  18.056  3.930  -42.957 0.7500000000
69316  18.572  3.227  -42.583 0.7500000000
72512  16.785  6.102  -43.367 0.5000000000
147113  23.739  6.146  -44.213 0.6250000000
130418  24.111  6.665  -44.615 0.5000000000
134899  23.942  13.704  -49.212 0.1250000000
79322  26.578  13.787  -50.329 0.1250000000
80356  23.691  13.844  -48.650 0.1250000000
152836  23.414  19.704  -50.520 0.1250000000
88910  22.360  24.695  -54.767 0.1250000000
142546  21.451  25.470  -53.896 0.1250000000
68207  17.636  3.543  -42.621 0.7500000000
148780  17.302  4.615  -42.968 0.5000000000
67046  20.370  0.609  -43.351 0.6250000000
67065  20.650  1.121  -43.781 0.6250000000
65997  22.768  0.353  -45.764 0.3750000000
137365  21.627  0.870  -45.165 0.6250000000
68230  23.224  0.965  -46.164 0.2500000000
69349  22.343  2.576  -45.133 0.3750000000
73413  24.443  7.262  -45.246 0.3750000000
138656  18.200  26.618  -41.149 0.2500000000
68187  20.108  1.787  -42.822 0.6250000000
69348  22.862  3.231  -45.663 0.5000000000
70471  23.149  4.307  -44.958 0.5000000000
71525  23.635  4.887  -45.499 0.3750000000
65984  22.447  -0.230  -45.284 0.5000000000
67075  21.977  0.161  -45.469 0.6250000000
65961  20.696  -0.360  -43.925 0.6250000000
70459  16.927  4.769  -42.678 0.3750000000
69317  17.362  3.655  -42.507 0.3750000000
68189  18.047  2.780  -42.417 0.6250000000
65973  22.471  -0.549  -44.709 0.3750000000
65985  21.736  -0.456  -45.040 0.5000000000
70460  16.573  5.127  -42.455 0.2500000000
65983  22.977  0.005  -45.147 0.3750000000
68242  23.828  1.758  -46.476 0.2500000000
67086  23.507  0.553  -45.915 0.2500000000
74302  15.465  8.043  -44.003 0.3750000000
69361  23.288  2.744  -46.277 0.2500000000
70487  23.425  3.791  -46.109 0.3750000000
71540  23.873  4.501  -46.326 0.2500000000
71539  24.104  5.470  -46.161 0.2500000000
72532  24.489  6.231  -46.342 0.2500000000
127101  6.296  15.326  -38.339 0.1250000000
129911  8.633  18.062  -39.243 0.2500000000
72544  25.411  7.008  -47.081 0.2500000000
85037  10.539  20.875  -40.176 0.3750000000
85039  9.270  20.076  -39.900 0.2500000000
87832  13.916  22.271  -39.404 0.2500000000
91622  18.099  25.963  -41.130 0.2500000000
144216  6.074  16.220  -38.340 0.1250000000
126910  7.084  14.553  -38.912 0.2500000000
74288  14.946  7.641  -43.796 0.2500000000
85055  11.099  20.208  -40.111 0.3750000000
70451  22.909  4.671  -44.096 0.5000000000
69334  17.656  4.085  -42.885 0.5000000000
72545  24.850  6.614  -46.713 0.2500000000
71491  16.986  5.107  -43.079 0.3750000000
137628  17.114  5.562  -43.426 0.3750000000
73405  15.729  7.204  -43.729 0.2500000000
68188  19.145  2.273  -42.433 0.6250000000
71513  16.273  5.885  -42.722 0.3750000000
71505  23.948  5.800  -44.990 0.2500000000
141089  20.735  0.106  -44.259 0.6250000000
65986  21.241  0.261  -44.785 0.5000000000
68217  22.313  1.117  -45.733 0.2500000000
147406  23.056  0.217  -45.578 0.2500000000
67095  24.142  0.939  -46.242 0.2500000000
68231  22.850  2.015  -46.174 0.3750000000
69335  17.314  4.200  -42.655 0.3750000000
67047  19.693  1.199  -42.529 0.6250000000
64885  21.932  -0.905  -44.268 0.3750000000
65974  21.203  -0.453  -44.587 0.5000000000
69376  23.836  2.822  -46.571 0.2500000000
127035  6.972  14.600  -38.029 0.1250000000
67033  18.414  0.865  -41.805 0.5000000000
64886  21.419  -0.931  -43.857 0.2500000000
64887  20.789  -0.842  -43.312 0.3750000000
65962  20.118  -0.009  -42.802 0.5000000000
137439  19.280  0.734  -42.226 0.5000000000
153596  17.950  0.504  -41.482 0.3750000000
67050  17.032  2.411  -41.876 0.5000000000
67048  18.681  1.672  -42.220 0.5000000000
67049  17.692  2.053  -42.085 0.5000000000
68190  17.358  3.004  -42.324 0.3750000000
153413  15.998  0.478  -40.259 0.1250000000
65950  16.731  0.662  -40.902 0.3750000000
68191  16.949  3.169  -42.105 0.2500000000
64862  16.742  -0.960  -40.336 0.1250000000
64877  17.082  -0.468  -40.747 0.2500000000
147822  18.508  -0.326  -41.561 0.3750000000
64873  20.980  -0.990  -42.843 0.2500000000
64889  19.272  -1.002  -41.921 0.3750000000
65963  19.326  -0.159  -42.068 0.5000000000
65938  15.981  0.033  -39.959 0.1250000000
65949  17.570  0.106  -41.194 0.3750000000
67021  16.143  1.060  -40.605 0.1250000000
68177  16.706  2.703  -41.678 0.1250000000
127353  24.352  16.037  -48.201 0.1250000000
69318  16.993  3.828  -42.295 0.2500000000
64872  21.701  -0.671  -43.061 0.2500000000
67034  17.377  1.261  -41.469 0.5000000000
64888  19.934  -0.969  -42.468 0.3750000000
67035  16.631  1.780  -41.259 0.1250000000
65937  16.339  0.033  -40.350 0.1250000000
129116  15.923  0.713  -40.066 0.1250000000
64863  16.296  -0.848  -39.916 0.1250000000
64876  17.953  -1.142  -41.174 0.3750000000
64874  20.204  -1.110  -42.283 0.2500000000
68167  16.348  2.122  -41.008 0.1250000000
63853  19.058  -1.997  -41.401 0.2500000000
71514  15.831  6.312  -42.923 0.2500000000
64861  17.288  -1.578  -40.710 0.1250000000
128711  18.842  -1.440  -41.577 0.2500000000
63854  18.451  -2.045  -41.202 0.1250000000
72499  15.049  6.329  -43.047 0.1250000000
88783  14.968  23.364  -39.478 0.1250000000
88782  15.598  23.734  -39.727 0.1250000000
89731  14.716  24.525  -38.371 0.1250000000
89730  15.311  24.411  -38.511 0.1250000000
90715  16.907  24.457  -39.492 0.1250000000
89746  15.907  24.081  -39.182 0.1250000000
89713  15.561  24.669  -37.932 0.1250000000
89729  16.068  24.384  -38.614 0.1250000000
91613  17.458  25.293  -39.173 0.1250000000
87818  14.192  23.342  -38.932 0.1250000000
90701  16.794  24.685  -38.695 0.1250000000
91602  17.177  25.635  -37.356 0.1250000000
129383  13.618  22.590  -39.078 0.1250000000
87819  13.155  23.155  -38.556 0.1250000000
84058  8.917  18.842  -38.864 0.1250000000
69336  17.041  4.235  -42.432 0.1250000000
71477  15.511  5.904  -42.160 0.1250000000
85969  9.787  21.022  -40.094 0.1250000000
129571  12.367  22.984  -38.126 0.1250000000
88763  13.479  23.932  -38.325 0.1250000000
89732  13.853  24.658  -38.029 0.1250000000
90699  14.748  26.019  -37.030 0.1250000000
90692  16.267  25.893  -36.569 0.1250000000
150049  17.836  25.876  -37.843 0.1250000000
91612  17.934  26.097  -38.656 0.1250000000
86924  12.196  22.139  -39.491 0.1250000000
74289  14.141  7.812  -43.326 0.1250000000
141552  16.238  6.320  -43.179 0.1250000000
71492  16.246  5.663  -42.397 0.1250000000
70441  16.289  5.307  -42.119 0.1250000000
85038  9.860  20.490  -39.930 0.1250000000
132186  14.394  6.962  -43.108 0.1250000000
150696  15.571  6.542  -43.246 0.1250000000
71493  15.628  6.131  -42.565 0.1250000000
72489  14.306  6.598  -42.329 0.1250000000
71478  14.906  6.228  -42.655 0.1250000000
142092  14.244  24.110  -38.597 0.1250000000
89715  14.243  25.407  -37.580 0.1250000000
90697  16.335  24.948  -37.790 0.1250000000
90698  15.464  25.460  -37.214 0.1250000000
91609  17.293  25.248  -38.261 0.1250000000
90683  14.906  25.831  -35.394 0.1250000000
134481  18.505  26.768  -37.818 0.1250000000
65972  22.926  0.053  -44.273 0.1250000000
67064  23.515  0.560  -44.794 0.1250000000
67074  23.544  0.492  -45.590 0.1250000000
67073  24.175  0.986  -45.399 0.1250000000
68229  24.899  1.025  -46.370 0.1250000000
69375  24.711  2.211  -46.797 0.1250000000
70501  24.156  3.541  -46.712 0.1250000000
127596  26.426  2.333  -47.376 0.1250000000
69389  25.879  2.450  -47.425 0.1250000000
69390  25.051  3.202  -47.165 0.1250000000
146314  26.534  3.935  -48.200 0.1250000000
131884  24.733  5.599  -46.935 0.1250000000
141376  25.513  5.355  -47.523 0.1250000000
145816  25.268  6.214  -47.157 0.1250000000
64860  20.555  -1.243  -41.668 0.1250000000
64875  19.523  -1.468  -41.821 0.1250000000
137660  21.332  -0.765  -41.804 0.1250000000
65948  22.365  0.033  -42.382 0.1250000000
67045  23.461  0.951  -43.493 0.1250000000
68203  25.233  1.662  -45.583 0.1250000000
69360  25.807  1.971  -46.575 0.1250000000
68240  25.381  1.553  -46.709 0.1250000000
69359  26.383  2.306  -46.880 0.1250000000
69408  27.112  3.211  -48.306 0.1250000000
72543  26.040  6.313  -47.584 0.1250000000
136407  26.866  5.983  -48.258 0.1250000000
71568  27.150  4.617  -48.540 0.1250000000
73436  26.098  7.387  -47.455 0.1250000000
65960  22.388  -0.425  -43.719 0.1250000000
68216  24.909  1.066  -45.894 0.1250000000
71552  25.141  4.409  -47.363 0.1250000000
63852  19.670  -1.711  -41.404 0.1250000000
65959  22.889  0.457  -42.967 0.1250000000
135405  24.769  1.657  -44.970 0.1250000000
68228  25.319  1.434  -46.255 0.1250000000
140545  25.495  2.104  -47.090 0.1250000000
70515  25.646  3.360  -47.589 0.1250000000
69374  25.948  1.965  -47.059 0.1250000000
69388  27.148  2.603  -47.742 0.1250000000
71551  25.881  4.175  -47.818 0.1250000000
71550  26.288  5.106  -48.054 0.1250000000
70530  27.652  3.731  -48.675 0.1250000000
64859  21.221  -0.988  -40.757 0.1250000000
68204  24.706  2.514  -43.857 0.1250000000
141173  28.020  4.553  -49.026 0.1250000000
64899  22.052  -0.712  -44.819 0.3750000000
64900  21.632  -0.804  -44.535 0.3750000000
64901  21.192  -0.819  -44.195 0.3750000000
67085  24.248  0.800  -45.999 0.2500000000
68241  24.714  1.310  -46.558 0.1250000000
69407  27.770  2.872  -48.298 0.1250000000
70486  26.856  3.179  -46.410 0.1250000000
70514  26.368  2.889  -47.901 0.1250000000
71512  16.657  5.645  -43.080 0.3750000000
72497  21.795  6.259  -43.468 0.7500000000
72506  23.736  6.846  -43.870 0.6250000000
72509  18.436  6.222  -44.606 0.7500000000
72519  24.266  6.410  -45.611 0.5000000000
73390  14.899  6.943  -43.529 0.1250000000
73401  19.593  7.218  -44.890 0.8750000000
73415  18.002  7.627  -44.768 0.8750000000
73426  24.554  6.994  -46.141 0.3750000000
73437  25.461  7.906  -47.045 0.1250000000
73438  24.925  7.497  -46.610 0.2500000000
74297  24.454  8.575  -44.288 0.6250000000
74299  19.586  8.047  -44.995 0.8750000000
75218  25.185  10.019  -45.162 0.5000000000
75220  20.870  9.490  -44.398 1.0000000000
75236  17.769  9.432  -45.264 1.0000000000
75246  25.497  9.717  -46.658 0.2500000000
75255  25.357  9.098  -46.667 0.5000000000
76171  23.805  10.770  -43.478 0.7500000000
76180  25.299  10.692  -44.959 0.6250000000
76183  21.465  10.130  -43.993 1.0000000000
76185  16.400  10.298  -44.636 1.0000000000
76198  18.557  10.413  -45.664 1.0000000000
76211  18.905  11.080  -45.898 1.0000000000
76218  25.602  10.350  -47.180 0.1250000000
76225  27.084  10.703  -48.500 0.1250000000
76232  27.748  11.194  -48.947 0.1250000000
77132  10.881  11.537  -42.346 0.1250000000
77133  10.109  11.523  -42.083 0.1250000000
77155  24.642  11.701  -44.163 0.6250000000
77156  24.090  11.593  -43.653 0.8750000000
77167  25.424  11.391  -45.226 0.6250000000
77171  21.090  11.697  -44.772 1.0000000000
77182  19.834  11.873  -45.806 1.0000000000
77193  19.172  11.765  -46.005 1.0000000000
77195  17.958  11.762  -45.893 1.0000000000
77202  25.097  11.127  -47.474 0.1250000000
77210  24.825  11.504  -48.178 0.1250000000
77220  25.146  12.074  -48.912 0.1250000000
78170  23.646  12.416  -43.624 0.6250000000
78180  25.399  12.244  -45.037 0.5000000000
78185  15.047  12.384  -43.778 1.0000000000
78194  25.385  12.655  -45.634 0.6250000000
78196  19.445  12.567  -46.025 1.0000000000
78231  26.290  13.033  -49.910 0.1250000000
79229  12.609  13.446  -42.266 0.8750000000
79234  23.476  13.287  -43.783 0.8750000000
79243  25.184  13.767  -44.905 0.6250000000
79247  15.523  12.902  -44.405 1.0000000000
79258  18.855  14.098  -46.057 1.0000000000
79276  18.340  13.286  -46.120 1.0000000000
79278  17.059  13.608  -45.685 1.0000000000
79291  24.169  13.233  -47.242 0.1250000000
79315  25.519  13.509  -49.894 0.1250000000
79316  24.441  13.234  -49.405 0.1250000000
80231  7.986  14.189  -39.405 0.2500000000
80248  10.850  15.565  -40.799 0.5000000000
80271  11.720  14.582  -41.546 0.8750000000
80281  13.524  14.539  -42.623 1.0000000000
80289  23.773  14.619  -44.059 0.8750000000
80301  22.581  14.951  -44.341 1.0000000000
80320  18.917  14.948  -45.860 1.0000000000
80321  16.553  13.949  -45.362 1.0000000000
80322  16.060  14.376  -44.949 1.0000000000
80335  17.045  14.582  -45.754 1.0000000000
80345  24.760  14.231  -46.820 0.5000000000
81263  8.520  15.556  -39.843 0.5000000000
81282  12.168  15.207  -41.721 0.8750000000
81325  25.026  15.124  -44.776 0.6250000000
81327  22.322  15.627  -44.397 0.8750000000
81344  20.034  15.331  -45.465 1.0000000000
81346  18.645  15.583  -45.824 1.0000000000
81348  16.191  15.243  -45.115 1.0000000000
81358  25.181  15.679  -46.416 0.3750000000
81360  17.334  15.496  -45.951 1.0000000000
81371  24.224  15.164  -47.995 0.1250000000
82185  7.622  16.834  -39.235 0.3750000000
82201  7.093  16.056  -39.322 0.2500000000
82218  12.018  16.051  -41.521 1.0000000000
82262  22.009  16.451  -44.365 1.0000000000
82266  14.959  16.713  -43.803 1.0000000000
82279  17.977  17.084  -45.822 1.0000000000
82281  16.095  16.696  -45.079 1.0000000000
82301  24.739  16.746  -47.509 0.2500000000
83126  6.508  16.513  -38.901 0.1250000000
83138  9.915  17.675  -40.067 0.5000000000
83169  14.128  17.750  -42.658 1.0000000000
83196  25.167  16.803  -44.995 0.6250000000
83202  15.844  17.450  -44.771 1.0000000000
83214  19.013  17.547  -45.154 1.0000000000
83217  16.914  18.069  -45.539 1.0000000000
84059  8.290  18.198  -38.666 0.2500000000
84071  9.141  19.564  -39.763 0.6250000000
84073  7.917  17.368  -39.023 0.5000000000
84091  9.114  18.265  -39.686 0.5000000000
84117  14.377  19.323  -42.282 1.0000000000
84126  23.520  18.402  -43.774 0.6250000000
84142  21.014  18.245  -44.042 0.8750000000
84156  18.012  18.639  -45.303 1.0000000000
84186  23.781  18.533  -50.265 0.1250000000
85069  13.286  19.818  -40.925 1.0000000000
85087  22.651  19.364  -43.437 0.6250000000
85097  19.786  19.624  -44.052 1.0000000000
85110  17.137  19.523  -45.059 1.0000000000
85982  11.508  22.020  -40.688 0.3750000000
85985  10.291  21.087  -40.197 0.1250000000
86006  12.048  21.489  -40.185 0.7500000000
86015  14.371  21.029  -40.660 1.0000000000
86031  19.408  21.111  -44.145 0.8750000000
86038  24.139  20.353  -43.821 0.5000000000
86043  16.170  21.144  -43.642 1.0000000000
86050  17.505  20.046  -44.862 1.0000000000
86051  16.999  20.301  -44.784 1.0000000000
86059  24.328  20.971  -46.096 0.5000000000
86080  23.409  20.247  -49.834 0.1250000000
86111  22.839  21.011  -53.474 0.1250000000
86952  16.536  22.761  -42.174 1.0000000000
86971  16.473  22.078  -43.094 1.0000000000
86980  18.051  21.998  -44.610 1.0000000000
86982  16.839  21.884  -44.150 1.0000000000
87053  22.384  21.758  -53.309 0.1250000000
87833  12.720  22.423  -38.847 0.1250000000
87863  22.818  22.604  -43.341 0.7500000000
87865  20.924  22.662  -43.693 0.7500000000
87868  17.085  22.566  -43.809 1.0000000000
87875  24.090  22.574  -44.862 0.3750000000
87877  19.131  22.695  -44.394 1.0000000000
87939  22.814  21.692  -49.738 0.1250000000
87953  22.005  22.608  -50.682 0.1250000000
88761  15.257  24.200  -38.983 0.1250000000
88762  14.854  23.949  -39.057 0.1250000000
88805  22.659  23.424  -43.454 0.7500000000
88827  23.858  23.362  -45.348 0.3750000000
88903  21.603  23.805  -53.874 0.1250000000
89754  17.102  24.163  -41.404 0.7500000000
89778  22.775  25.009  -43.776 0.7500000000
89830  22.758  23.883  -48.615 0.3750000000
89854  21.105  24.095  -52.086 0.1250000000
89860  21.362  24.538  -53.620 0.1250000000
89867  21.972  25.443  -54.605 0.1250000000
90693  15.365  26.104  -36.296 0.1250000000
90694  14.847  26.024  -36.189 0.1250000000
90758  23.310  25.557  -44.746 0.7500000000
91677  23.259  26.244  -46.044 0.3750000000
91690  23.120  26.258  -46.996 0.3750000000
92542  21.706  27.152  -43.995 0.3750000000
93433  22.144  27.891  -44.753 0.3750000000
94208  19.715  29.718  -42.203 0.2500000000
126299  6.116  15.318  -37.857 0.1250000000
126301  6.842  15.480  -39.151 0.2500000000
126961  7.617  15.705  -39.610 0.3750000000
127430  10.154  17.060  -40.231 0.5000000000
129444  7.236  16.834  -39.097 0.2500000000
130717  24.637  19.670  -44.946 0.5000000000
130749  20.371  17.084  -44.837 1.0000000000
131361  23.331  18.962  -43.657 0.6250000000
132511  16.586  5.370  -42.715 0.3750000000
132841  25.998  12.459  -49.463 0.1250000000
134825  12.815  14.950  -42.185 1.0000000000
135355  16.243  23.354  -41.938 0.8750000000
135510  14.350  18.507  -42.687 1.0000000000
135626  13.949  15.121  -42.893 1.0000000000
135751  24.415  4.518  -46.841 0.2500000000
136107  24.341  17.123  -44.215 0.6250000000
136396  13.140  12.997  -42.594 1.0000000000
136571  24.375  14.041  -44.199 0.7500000000
137657  25.173  14.927  -46.361 0.5000000000
138254  23.245  14.016  -43.969 0.7500000000
138561  15.236  19.439  -43.435 1.0000000000
138614  22.371  6.766  -43.434 0.7500000000
140141  24.451  20.204  -46.385 0.5000000000
140247  21.192  4.930  -43.324 0.7500000000
140425  21.817  7.869  -43.663 0.8750000000
141216  22.810  12.236  -43.642 0.8750000000
141280  19.548  23.318  -44.226 0.8750000000
141667  23.591  21.751  -43.429 0.7500000000
142268  21.519  12.172  -44.485 0.8750000000
142460  16.087  7.604  -43.956 0.6250000000
142896  12.232  11.769  -42.205 0.3750000000
143738  23.557  16.094  -44.104 0.7500000000
144790  16.462  23.278  -41.769 1.0000000000
146203  8.521  14.800  -39.791 0.3750000000
147255  17.482  23.518  -43.500 1.0000000000
147824  18.292  9.794  -45.495 1.0000000000
148374  16.391  16.029  -45.370 1.0000000000
149459  24.404  21.154  -45.296 0.5000000000
150298  18.142  3.328  -42.610 0.7500000000
150372  22.144  27.146  -48.285 0.3750000000
150702  17.277  10.547  -45.341 1.0000000000
152273  21.630  25.242  -43.574 0.7500000000
152280  14.745  22.433  -39.728 0.8750000000
152314  13.010  22.165  -39.278 0.1250000000
153082  8.793  18.809  -39.698 0.5000000000
153490  17.230  4.424  -42.692 0.3750000000
153526  13.918  13.908  -42.889 1.0000000000
