#!ascii label  , from subject sub-v1s14x0051567_ses-1 vox2ras=TkReg
1029
131918  20.116  -25.205  29.101 0.0000000000
53749  33.723  -27.153  33.778 0.0000000000
70955  38.425  -7.657  9.537 0.0000000000
62178  28.459  -18.022  20.148 0.0000000000
57595  34.827  -22.035  26.133 0.0000000000
77523  51.241  -1.252  -0.019 0.0000000000
69945  38.520  -9.011  14.033 0.0000000000
67172  33.419  -13.344  13.198 0.0000000000
147474  14.943  -26.033  28.768 0.0000000000
53802  26.638  -25.308  32.265 0.0000000000
135057  30.326  -24.398  28.706 0.0000000000
55749  23.173  -23.693  27.327 0.0000000000
74906  44.955  -4.627  3.869 0.0000000000
52784  23.588  -25.554  33.926 0.0000000000
124996  17.792  -24.616  33.796 0.0000000000
72850  44.076  -5.804  8.284 0.0000000000
51904  13.463  -26.979  33.517 0.0000000000
50088  9.963  -30.863  32.057 0.0000000000
64244  33.498  -14.309  18.094 0.0000000000
61153  32.339  -20.125  24.119 0.0000000000
55822  31.454  -24.884  21.604 0.0000000000
53949  31.846  -26.549  24.620 0.0000000000
68121  38.035  -9.798  15.953 0.0000000000
69036  35.873  -10.738  14.117 0.0000000000
131825  35.544  -12.375  15.778 0.0000000000
69934  40.991  -8.900  15.662 0.0000000000
53914  19.451  -27.059  26.733 0.0000000000
53899  16.154  -26.562  26.964 0.0000000000
131876  18.426  -25.292  28.765 0.0000000000
135606  22.954  -24.806  30.450 0.0000000000
54806  25.250  -24.152  29.803 0.0000000000
53911  21.398  -24.957  27.774 0.0000000000
54856  19.893  -25.714  25.317 0.0000000000
71932  38.851  -7.446  7.099 0.0000000000
71890  40.702  -6.816  10.630 0.0000000000
72845  40.943  -6.394  8.568 0.0000000000
73854  41.886  -6.481  6.198 0.0000000000
52758  17.730  -26.921  35.166 0.0000000000
52801  15.192  -25.655  34.509 0.0000000000
52773  15.665  -26.997  36.213 0.0000000000
131623  10.415  -28.400  36.611 0.0000000000
50065  10.698  -28.773  34.672 0.0000000000
50077  9.088  -30.222  34.136 0.0000000000
49154  7.191  -31.880  34.153 0.0000000000
49123  6.986  -31.032  35.489 0.0000000000
62121  33.631  -18.611  26.569 0.0000000000
60224  32.891  -20.548  25.234 0.0000000000
58530  32.443  -21.878  22.371 0.0000000000
56676  32.902  -23.156  23.618 0.0000000000
55746  28.330  -23.488  26.478 0.0000000000
53909  31.248  -25.267  26.447 0.0000000000
135842  29.303  -24.689  24.099 0.0000000000
53992  29.748  -26.193  22.235 0.0000000000
64229  30.505  -15.526  18.720 0.0000000000
65138  30.362  -15.326  15.781 0.0000000000
63311  27.949  -17.561  16.882 0.0000000000
80373  54.177  1.560  -1.108 0.0000000000
78489  52.643  -0.633  -1.546 0.0000000000
69988  38.165  -8.016  10.925 0.0000000000
69056  35.672  -9.843  11.785 0.0000000000
70912  40.476  -7.687  12.985 0.0000000000
52809  29.967  -27.133  33.057 0.0000000000
53797  30.941  -27.315  31.503 0.0000000000
54780  28.494  -25.080  30.827 0.0000000000
56641  26.359  -23.172  27.972 0.0000000000
136198  24.445  -22.990  25.536 0.0000000000
73860  46.879  -5.261  5.915 0.0000000000
74904  47.064  -3.608  4.198 0.0000000000
76645  48.101  -2.784  1.679 0.0000000000
76663  49.656  -2.148  -0.341 0.0000000000
52830  21.862  -24.939  31.613 0.0000000000
53807  19.296  -24.584  31.471 0.0000000000
53765  21.706  -24.967  33.512 0.0000000000
52826  24.956  -25.572  32.766 0.0000000000
73863  44.427  -5.872  5.686 0.0000000000
135820  16.590  -24.666  31.849 0.0000000000
52833  13.460  -26.916  31.174 0.0000000000
51049  11.974  -28.804  30.851 0.0000000000
51897  13.893  -28.556  35.840 0.0000000000
51026  11.256  -28.850  33.077 0.0000000000
50060  3.862  -31.022  35.978 0.0000000000
65115  35.742  -13.378  17.201 0.0000000000
140186  30.580  -16.248  21.808 0.0000000000
64161  32.338  -16.592  24.616 0.0000000000
145695  30.275  -19.176  22.507 0.0000000000
60254  32.193  -20.953  21.037 0.0000000000
57631  32.098  -22.929  19.875 0.0000000000
55836  31.292  -25.487  18.870 0.0000000000
53848  32.704  -27.484  29.328 0.0000000000
53906  34.396  -26.952  27.039 0.0000000000
54867  33.317  -25.486  25.522 0.0000000000
54884  31.519  -25.914  23.524 0.0000000000
54913  30.624  -26.034  20.852 0.0000000000
65152  33.693  -13.791  15.237 0.0000000000
65190  30.857  -15.170  12.193 0.0000000000
68093  37.893  -11.202  17.223 0.0000000000
68110  36.630  -11.269  16.351 0.0000000000
67135  36.859  -12.032  16.990 0.0000000000
69006  39.030  -9.814  17.111 0.0000000000
145577  19.630  -27.009  28.175 0.0000000000
53878  18.855  -26.567  28.082 0.0000000000
53877  19.463  -25.588  28.498 0.0000000000
53855  21.713  -24.867  29.678 0.0000000000
146422  22.726  -24.583  29.485 0.0000000000
129328  20.604  -25.560  28.346 0.0000000000
53895  20.155  -26.279  27.708 0.0000000000
71924  39.027  -7.353  8.127 0.0000000000
71902  39.753  -6.810  10.044 0.0000000000
71901  40.496  -6.573  10.035 0.0000000000
71914  39.745  -6.874  9.179 0.0000000000
72854  40.283  -7.004  7.889 0.0000000000
50045  8.833  -29.495  36.088 0.0000000000
50052  9.610  -29.215  35.660 0.0000000000
50068  8.330  -30.256  35.122 0.0000000000
50078  8.306  -31.181  34.444 0.0000000000
50069  8.159  -30.783  34.943 0.0000000000
49136  7.073  -31.452  34.871 0.0000000000
60208  33.998  -19.949  26.904 0.0000000000
59376  34.083  -21.089  25.938 0.0000000000
57602  33.295  -22.029  24.361 0.0000000000
132553  33.983  -22.417  25.013 0.0000000000
54757  33.596  -25.904  33.388 0.0000000000
55760  27.693  -23.405  25.021 0.0000000000
55775  28.865  -24.246  24.714 0.0000000000
55792  28.161  -24.332  23.478 0.0000000000
54885  28.876  -24.876  22.874 0.0000000000
64214  29.171  -16.379  19.894 0.0000000000
64230  28.975  -16.155  18.295 0.0000000000
134976  50.570  -1.248  1.406 0.0000000000
78482  51.628  -0.666  0.840 0.0000000000
78481  52.288  -0.316  0.189 0.0000000000
78484  52.452  -0.447  -0.732 0.0000000000
77529  51.557  -1.436  -0.892 0.0000000000
69957  38.266  -8.640  12.789 0.0000000000
129578  36.970  -8.780  11.162 0.0000000000
69959  36.881  -9.447  12.812 0.0000000000
142351  34.830  -11.987  14.152 0.0000000000
68148  34.606  -11.606  13.100 0.0000000000
67181  33.547  -12.368  12.408 0.0000000000
69944  39.273  -8.839  14.380 0.0000000000
69956  39.051  -8.385  13.275 0.0000000000
70913  39.730  -7.933  12.524 0.0000000000
138148  15.500  -26.501  27.537 0.0000000000
52857  13.731  -27.269  29.202 0.0000000000
53781  27.994  -26.320  32.615 0.0000000000
53799  29.481  -25.809  32.359 0.0000000000
54770  27.838  -25.243  31.734 0.0000000000
55733  23.470  -23.807  28.100 0.0000000000
55712  25.690  -23.875  29.280 0.0000000000
55747  24.609  -23.156  27.874 0.0000000000
126799  25.777  -22.784  26.545 0.0000000000
56658  23.734  -23.142  26.270 0.0000000000
55763  22.037  -24.189  26.012 0.0000000000
125443  31.671  -21.402  19.530 0.0000000000
74891  45.636  -4.918  4.633 0.0000000000
74889  47.153  -3.877  4.981 0.0000000000
74905  45.847  -4.199  3.962 0.0000000000
75800  46.866  -3.030  1.552 0.0000000000
76656  47.497  -2.945  0.884 0.0000000000
76655  48.355  -2.660  0.518 0.0000000000
52817  22.861  -25.193  32.578 0.0000000000
136194  21.718  -24.827  32.772 0.0000000000
53753  22.618  -25.315  33.922 0.0000000000
52815  24.457  -25.611  33.112 0.0000000000
52828  23.333  -25.233  32.031 0.0000000000
73851  45.489  -5.851  6.737 0.0000000000
73839  43.705  -6.109  7.070 0.0000000000
73865  42.161  -6.261  5.173 0.0000000000
124390  18.497  -24.399  32.508 0.0000000000
53808  17.884  -24.547  31.548 0.0000000000
53788  16.941  -24.721  32.875 0.0000000000
52802  14.208  -26.333  33.943 0.0000000000
52831  14.691  -25.822  32.267 0.0000000000
51908  13.197  -27.169  32.523 0.0000000000
51917  13.004  -27.557  31.017 0.0000000000
51909  12.451  -27.863  32.493 0.0000000000
51892  13.634  -29.222  36.887 0.0000000000
50081  9.809  -29.842  33.212 0.0000000000
51021  11.078  -28.677  34.203 0.0000000000
147609  10.171  -29.691  32.858 0.0000000000
50086  10.854  -29.793  31.552 0.0000000000
64195  32.206  -15.746  20.826 0.0000000000
61136  32.584  -19.711  25.224 0.0000000000
63225  33.057  -17.280  26.008 0.0000000000
62136  31.869  -18.438  25.098 0.0000000000
63238  31.070  -17.412  24.136 0.0000000000
61155  31.399  -19.655  23.394 0.0000000000
125334  31.771  -20.311  21.942 0.0000000000
60235  31.876  -20.358  22.878 0.0000000000
56702  32.222  -22.990  21.851 0.0000000000
58537  31.961  -22.150  21.398 0.0000000000
56703  31.615  -24.176  20.991 0.0000000000
55834  31.612  -24.307  20.056 0.0000000000
55823  31.236  -25.046  20.794 0.0000000000
134190  30.324  -26.433  29.521 0.0000000000
131952  32.197  -27.460  29.872 0.0000000000
53850  30.811  -26.684  28.624 0.0000000000
53925  31.187  -25.405  25.542 0.0000000000
147993  32.270  -26.439  27.021 0.0000000000
128740  33.017  -26.969  25.905 0.0000000000
54851  34.007  -26.208  26.190 0.0000000000
53947  32.785  -25.724  25.276 0.0000000000
54868  32.940  -25.066  24.680 0.0000000000
53970  31.944  -27.013  24.044 0.0000000000
54929  28.701  -26.285  20.453 0.0000000000
54007  29.939  -26.392  21.491 0.0000000000
64257  34.550  -13.797  17.100 0.0000000000
148387  34.457  -13.333  16.308 0.0000000000
64274  33.894  -13.950  16.474 0.0000000000
64292  28.966  -16.212  14.313 0.0000000000
65154  31.299  -15.142  14.168 0.0000000000
81287  54.510  2.119  -2.093 0.0000000000
69020  38.052  -9.672  14.832 0.0000000000
69034  37.276  -9.698  13.706 0.0000000000
68123  36.809  -10.644  15.346 0.0000000000
67152  35.789  -11.774  15.432 0.0000000000
67154  34.699  -12.566  14.947 0.0000000000
69926  40.495  -9.387  16.307 0.0000000000
69936  39.468  -9.212  15.357 0.0000000000
53915  17.826  -26.711  26.637 0.0000000000
53898  17.225  -26.468  27.295 0.0000000000
134398  16.734  -25.819  28.522 0.0000000000
53827  25.023  -24.975  31.353 0.0000000000
149164  25.436  -24.712  30.873 0.0000000000
53872  23.917  -24.531  30.054 0.0000000000
54820  23.051  -24.262  28.492 0.0000000000
54837  21.915  -24.596  27.360 0.0000000000
54854  21.500  -24.595  26.534 0.0000000000
54838  20.974  -25.050  26.978 0.0000000000
53929  19.448  -26.721  25.881 0.0000000000
74920  43.439  -5.063  2.806 0.0000000000
53752  23.242  -25.477  34.608 0.0000000000
72823  41.846  -5.992  10.326 0.0000000000
72832  41.697  -5.814  9.563 0.0000000000
136516  42.567  -5.862  8.106 0.0000000000
72860  42.785  -6.236  7.280 0.0000000000
72853  40.881  -6.708  7.827 0.0000000000
72863  40.456  -6.936  6.960 0.0000000000
53756  17.917  -25.632  35.229 0.0000000000
53767  16.535  -25.267  34.156 0.0000000000
53757  16.874  -26.001  35.354 0.0000000000
52786  15.184  -26.027  35.667 0.0000000000
51895  14.586  -27.031  35.895 0.0000000000
51011  12.774  -28.377  36.307 0.0000000000
51013  10.558  -28.595  35.619 0.0000000000
50067  9.392  -29.678  34.570 0.0000000000
130560  9.361  -30.276  33.518 0.0000000000
49152  8.612  -31.274  33.813 0.0000000000
61134  32.981  -19.452  26.012 0.0000000000
60218  32.266  -19.803  25.165 0.0000000000
60234  31.926  -20.428  23.215 0.0000000000
58518  32.588  -21.575  23.540 0.0000000000
57619  32.490  -22.287  22.472 0.0000000000
55805  32.168  -24.093  22.418 0.0000000000
55745  29.023  -23.674  26.871 0.0000000000
53871  31.111  -24.510  28.018 0.0000000000
54835  29.606  -24.301  26.234 0.0000000000
54834  30.101  -24.706  25.570 0.0000000000
53951  30.362  -25.610  24.119 0.0000000000
133910  30.543  -27.026  23.781 0.0000000000
53973  29.664  -25.652  22.953 0.0000000000
54899  29.229  -25.551  22.287 0.0000000000
64246  31.346  -15.340  18.060 0.0000000000
64259  32.119  -15.037  16.853 0.0000000000
64261  30.122  -15.400  16.778 0.0000000000
64276  28.829  -16.083  15.615 0.0000000000
80372  53.581  0.750  -0.874 0.0000000000
142259  53.506  0.372  -1.463 0.0000000000
70942  38.576  -7.576  10.302 0.0000000000
124340  37.808  -8.147  9.409 0.0000000000
70944  37.148  -8.469  9.954 0.0000000000
69045  35.977  -10.118  12.973 0.0000000000
69057  34.861  -10.379  11.459 0.0000000000
131708  42.139  -7.960  15.200 0.0000000000
70898  41.812  -7.516  14.360 0.0000000000
71873  41.748  -6.924  12.631 0.0000000000
128660  40.365  -7.480  11.849 0.0000000000
134601  39.528  -7.333  10.762 0.0000000000
52776  32.455  -27.515  33.525 0.0000000000
52806  32.602  -27.435  32.841 0.0000000000
53778  30.435  -27.202  32.344 0.0000000000
126319  29.737  -25.999  31.320 0.0000000000
54792  29.626  -24.834  29.758 0.0000000000
54795  26.748  -24.685  30.372 0.0000000000
55695  27.162  -24.316  29.694 0.0000000000
140322  28.077  -23.756  28.551 0.0000000000
56640  27.442  -23.256  27.292 0.0000000000
56656  26.699  -23.014  25.695 0.0000000000
56668  25.333  -23.140  24.503 0.0000000000
75779  48.680  -3.084  4.217 0.0000000000
74917  46.215  -3.523  3.186 0.0000000000
75790  47.593  -3.172  2.910 0.0000000000
75788  48.525  -2.874  3.326 0.0000000000
137341  49.392  -2.103  1.573 0.0000000000
76653  49.806  -1.818  0.588 0.0000000000
76662  50.307  -1.854  -0.382 0.0000000000
77530  50.950  -1.698  -0.627 0.0000000000
53831  21.623  -24.869  30.341 0.0000000000
53856  19.807  -24.783  29.574 0.0000000000
53805  21.000  -24.764  31.265 0.0000000000
53786  20.546  -24.650  32.359 0.0000000000
124922  19.685  -24.618  34.009 0.0000000000
147505  22.422  -25.348  34.812 0.0000000000
124923  19.640  -25.049  34.853 0.0000000000
53731  19.215  -26.656  36.123 0.0000000000
53751  32.877  -27.412  34.681 0.0000000000
52778  30.832  -27.970  34.134 0.0000000000
52792  29.556  -27.029  33.824 0.0000000000
52812  27.783  -25.928  33.427 0.0000000000
52813  26.916  -25.769  33.386 0.0000000000
133111  25.705  -25.233  32.043 0.0000000000
53828  24.096  -24.987  31.119 0.0000000000
53829  22.916  -24.971  30.998 0.0000000000
73849  46.848  -5.649  6.379 0.0000000000
73862  45.413  -5.789  5.945 0.0000000000
73878  44.643  -5.630  4.972 0.0000000000
125023  42.760  -6.358  5.892 0.0000000000
124260  42.988  -6.113  5.059 0.0000000000
74908  43.289  -5.393  3.609 0.0000000000
131919  18.879  -24.729  29.762 0.0000000000
53835  17.797  -24.655  29.866 0.0000000000
53859  15.384  -25.571  29.259 0.0000000000
53789  15.723  -25.241  32.582 0.0000000000
53811  14.508  -25.817  31.349 0.0000000000
52856  14.329  -26.292  29.639 0.0000000000
51926  13.064  -27.800  29.814 0.0000000000
51927  12.563  -28.347  30.408 0.0000000000
51896  14.475  -28.650  35.725 0.0000000000
51902  13.112  -27.590  35.390 0.0000000000
51020  11.860  -28.249  34.415 0.0000000000
51029  12.419  -27.928  33.480 0.0000000000
51039  11.809  -28.492  31.870 0.0000000000
49125  5.538  -31.356  35.607 0.0000000000
66157  37.238  -12.598  17.804 0.0000000000
126883  33.191  -14.540  18.809 0.0000000000
126616  31.706  -15.329  19.578 0.0000000000
64196  30.982  -15.892  20.854 0.0000000000
64188  29.905  -16.359  21.211 0.0000000000
130421  31.863  -16.214  23.234 0.0000000000
63246  30.158  -17.370  22.617 0.0000000000
62168  29.270  -18.238  21.573 0.0000000000
124427  30.378  -19.900  20.847 0.0000000000
60256  31.168  -20.492  20.557 0.0000000000
59407  31.730  -21.470  20.365 0.0000000000
59399  32.108  -21.282  21.967 0.0000000000
58538  31.780  -22.222  20.671 0.0000000000
58543  32.069  -22.651  19.763 0.0000000000
127165  32.082  -23.953  18.569 0.0000000000
56748  31.720  -24.813  18.161 0.0000000000
133225  35.351  -22.771  27.290 0.0000000000
142096  32.849  -27.390  31.736 0.0000000000
53821  33.037  -26.380  30.839 0.0000000000
53846  33.288  -25.506  29.707 0.0000000000
53889  31.939  -25.994  27.501 0.0000000000
126223  33.409  -27.287  28.269 0.0000000000
53886  33.811  -25.311  28.305 0.0000000000
134167  34.332  -24.785  27.537 0.0000000000
54849  34.144  -24.622  26.574 0.0000000000
55772  34.117  -23.786  25.450 0.0000000000
55790  32.824  -24.204  23.906 0.0000000000
142766  31.997  -24.919  23.039 0.0000000000
54910  31.448  -25.381  22.175 0.0000000000
53971  31.249  -27.076  23.479 0.0000000000
54898  31.155  -26.139  22.204 0.0000000000
54911  31.217  -25.557  21.599 0.0000000000
54926  31.143  -25.840  20.100 0.0000000000
65149  35.793  -12.713  16.539 0.0000000000
133090  34.335  -12.819  15.550 0.0000000000
66186  33.709  -13.367  14.575 0.0000000000
126781  31.897  -15.074  15.158 0.0000000000
65170  32.266  -14.810  13.725 0.0000000000
66205  32.521  -14.231  12.881 0.0000000000
77535  51.906  -1.733  -1.757 0.0000000000
67134  37.228  -11.468  16.992 0.0000000000
67119  37.529  -11.997  17.444 0.0000000000
68092  38.622  -10.785  17.491 0.0000000000
53876  20.012  -26.217  28.086 0.0000000000
133200  20.858  -25.282  28.941 0.0000000000
53875  21.393  -25.066  28.817 0.0000000000
71916  38.489  -7.750  8.732 0.0000000000
71925  38.258  -7.783  7.752 0.0000000000
71903  39.117  -7.216  9.781 0.0000000000
71915  39.073  -7.234  8.992 0.0000000000
71923  39.749  -7.070  8.381 0.0000000000
50054  8.149  -29.922  35.723 0.0000000000
50055  7.893  -30.376  35.523 0.0000000000
50070  7.598  -30.891  35.251 0.0000000000
58506  35.090  -21.650  26.686 0.0000000000
59368  34.736  -20.899  26.753 0.0000000000
58512  34.485  -21.511  25.986 0.0000000000
57596  34.229  -21.963  25.397 0.0000000000
54752  34.122  -26.426  34.442 0.0000000000
56667  26.496  -23.510  23.934 0.0000000000
55777  27.555  -23.780  24.100 0.0000000000
55793  27.257  -24.069  23.123 0.0000000000
63287  28.517  -17.338  19.703 0.0000000000
63297  28.721  -16.595  19.066 0.0000000000
141244  51.061  -1.061  0.804 0.0000000000
148403  51.437  -0.980  0.340 0.0000000000
78485  51.807  -0.881  -0.221 0.0000000000
69958  37.565  -9.049  12.793 0.0000000000
67171  33.730  -12.837  13.375 0.0000000000
68138  34.170  -12.316  13.344 0.0000000000
146964  33.293  -12.963  12.670 0.0000000000
142514  32.790  -12.744  11.828 0.0000000000
67182  32.803  -13.327  12.401 0.0000000000
53880  15.242  -26.279  28.133 0.0000000000
52875  14.673  -27.076  27.664 0.0000000000
52866  13.946  -27.626  28.211 0.0000000000
52865  14.434  -26.762  28.620 0.0000000000
53801  27.411  -25.467  32.496 0.0000000000
53800  28.123  -25.498  32.441 0.0000000000
54771  26.935  -25.123  31.674 0.0000000000
55748  23.887  -23.329  27.651 0.0000000000
55761  23.599  -23.267  26.970 0.0000000000
55762  22.937  -23.598  26.407 0.0000000000
55778  22.526  -23.829  25.457 0.0000000000
76665  47.752  -3.246  -0.187 0.0000000000
52799  23.201  -25.372  33.265 0.0000000000
53764  22.395  -25.075  33.054 0.0000000000
52798  24.010  -25.605  33.466 0.0000000000
52816  23.587  -25.404  32.720 0.0000000000
149233  43.296  -5.650  8.410 0.0000000000
124338  44.761  -6.085  8.073 0.0000000000
73838  44.296  -5.992  7.580 0.0000000000
72851  43.460  -5.920  7.770 0.0000000000
124660  19.111  -24.390  33.394 0.0000000000
52820  14.010  -26.480  32.913 0.0000000000
133048  12.874  -27.488  33.237 0.0000000000
51886  13.059  -28.257  36.823 0.0000000000
145843  9.995  -30.229  32.476 0.0000000000
50087  10.377  -30.364  31.809 0.0000000000
62135  32.470  -18.951  25.574 0.0000000000
61137  32.177  -19.601  24.703 0.0000000000
61154  31.620  -19.243  24.289 0.0000000000
126288  31.959  -19.858  23.672 0.0000000000
61171  31.927  -20.173  22.616 0.0000000000
148962  32.088  -19.964  23.529 0.0000000000
55821  31.959  -23.989  21.743 0.0000000000
56716  31.863  -23.290  21.243 0.0000000000
53851  30.012  -25.425  29.596 0.0000000000
141980  30.624  -25.345  28.651 0.0000000000
125849  31.713  -25.722  25.187 0.0000000000
53924  31.770  -25.582  25.990 0.0000000000
142887  32.150  -25.818  25.580 0.0000000000
142670  32.759  -26.191  25.326 0.0000000000
53948  31.984  -25.934  24.885 0.0000000000
53969  32.038  -25.715  24.384 0.0000000000
64258  33.766  -14.017  17.229 0.0000000000
69021  37.449  -9.991  14.630 0.0000000000
68122  37.011  -9.838  15.773 0.0000000000
67136  36.051  -12.121  16.019 0.0000000000
132382  36.232  -11.351  15.699 0.0000000000
67153  35.227  -12.313  15.159 0.0000000000
69925  41.320  -9.183  16.394 0.0000000000
69012  39.657  -9.475  16.260 0.0000000000
69013  38.833  -9.570  16.165 0.0000000000
69019  38.739  -9.403  15.090 0.0000000000
53879  17.626  -26.052  28.114 0.0000000000
53897  18.257  -26.727  27.513 0.0000000000
128172  16.383  -26.154  27.926 0.0000000000
53853  23.622  -24.757  30.509 0.0000000000
53852  24.450  -24.718  30.700 0.0000000000
53873  23.146  -24.630  29.954 0.0000000000
53893  21.820  -24.810  28.517 0.0000000000
53892  22.558  -24.520  28.892 0.0000000000
54821  22.280  -24.568  28.131 0.0000000000
53913  20.195  -26.885  26.836 0.0000000000
71883  40.912  -7.054  11.290 0.0000000000
71889  41.319  -6.547  10.807 0.0000000000
72833  40.983  -6.285  9.386 0.0000000000
72844  41.643  -5.905  8.686 0.0000000000
72852  41.733  -6.283  7.791 0.0000000000
72855  39.692  -7.181  7.529 0.0000000000
72864  39.453  -7.086  6.397 0.0000000000
52785  16.057  -26.250  35.715 0.0000000000
52787  14.229  -26.267  35.077 0.0000000000
51005  11.491  -27.795  36.288 0.0000000000
133795  8.739  -30.025  34.753 0.0000000000
141143  9.200  -29.550  35.073 0.0000000000
50076  9.622  -29.760  33.961 0.0000000000
50083  9.114  -30.764  33.657 0.0000000000
49153  7.950  -31.695  33.957 0.0000000000
49137  6.526  -31.492  35.090 0.0000000000
49124  6.367  -31.208  35.608 0.0000000000
60216  33.411  -20.272  25.983 0.0000000000
60209  33.572  -19.765  26.471 0.0000000000
60217  32.903  -20.062  25.652 0.0000000000
60225  32.486  -20.590  24.614 0.0000000000
147970  32.460  -21.142  23.900 0.0000000000
59384  32.775  -21.068  24.427 0.0000000000
57603  32.848  -22.481  23.490 0.0000000000
57611  32.758  -22.274  23.354 0.0000000000
57612  32.536  -23.104  22.993 0.0000000000
56686  32.363  -23.253  22.386 0.0000000000
55804  32.468  -23.633  22.972 0.0000000000
54818  29.840  -23.724  27.362 0.0000000000
55758  28.963  -23.999  25.749 0.0000000000
54853  29.467  -24.453  25.080 0.0000000000
54852  29.971  -24.841  24.497 0.0000000000
53926  30.582  -25.163  25.015 0.0000000000
54870  29.740  -25.295  23.690 0.0000000000
133708  29.307  -24.932  23.410 0.0000000000
54900  28.447  -25.217  21.869 0.0000000000
64228  31.569  -15.310  18.863 0.0000000000
64247  30.357  -15.424  17.787 0.0000000000
64231  28.504  -16.581  17.399 0.0000000000
64262  29.005  -15.851  16.613 0.0000000000
64263  28.315  -16.750  16.245 0.0000000000
79446  53.037  0.006  -1.137 0.0000000000
79448  53.206  -0.238  -1.813 0.0000000000
77534  52.394  -1.317  -2.023 0.0000000000
70943  37.861  -7.875  10.185 0.0000000000
70934  37.443  -8.364  10.693 0.0000000000
69990  36.847  -8.785  10.593 0.0000000000
69991  36.258  -9.323  10.914 0.0000000000
136692  35.409  -9.786  10.931 0.0000000000
69035  36.624  -10.202  13.829 0.0000000000
68159  33.675  -11.595  11.665 0.0000000000
69047  34.367  -11.174  12.081 0.0000000000
69058  34.029  -10.832  10.994 0.0000000000
70878  41.750  -8.569  15.787 0.0000000000
70877  42.499  -8.259  15.914 0.0000000000
70887  41.361  -8.261  14.945 0.0000000000
70899  40.709  -8.131  14.200 0.0000000000
148704  41.281  -7.823  14.287 0.0000000000
70911  41.266  -7.431  13.457 0.0000000000
71863  41.915  -7.095  13.499 0.0000000000
71874  41.093  -7.238  12.237 0.0000000000
70926  38.927  -7.896  11.190 0.0000000000
70925  39.617  -7.637  11.516 0.0000000000
129341  38.879  -7.670  10.705 0.0000000000
52808  30.934  -27.442  32.978 0.0000000000
144267  28.872  -25.466  31.767 0.0000000000
54779  29.436  -25.455  30.580 0.0000000000
148693  29.160  -24.998  30.325 0.0000000000
54796  24.869  -24.428  30.273 0.0000000000
54783  25.795  -24.516  30.403 0.0000000000
55730  26.206  -23.576  28.750 0.0000000000
55711  26.623  -23.920  29.223 0.0000000000
55710  27.481  -23.893  29.084 0.0000000000
55694  28.272  -24.153  29.296 0.0000000000
56632  27.243  -23.475  28.449 0.0000000000
55729  28.230  -23.559  27.654 0.0000000000
56657  25.535  -22.882  25.674 0.0000000000
124724  26.250  -23.092  24.906 0.0000000000
54855  20.632  -25.106  26.067 0.0000000000
129949  20.505  -25.149  25.150 0.0000000000
73848  47.433  -5.149  6.396 0.0000000000
74888  47.734  -3.791  5.391 0.0000000000
74903  47.578  -3.475  4.483 0.0000000000
74902  48.135  -3.376  4.811 0.0000000000
75780  48.055  -3.259  3.922 0.0000000000
75792  45.465  -3.549  2.432 0.0000000000
75799  47.601  -2.952  2.068 0.0000000000
75798  47.935  -2.979  2.451 0.0000000000
75789  47.993  -3.116  3.108 0.0000000000
75797  48.340  -2.775  2.448 0.0000000000
76637  49.096  -2.446  2.603 0.0000000000
76644  48.716  -2.491  1.586 0.0000000000
76654  49.123  -2.255  0.605 0.0000000000
52844  21.752  -24.930  30.935 0.0000000000
144352  21.182  -24.799  30.621 0.0000000000
53785  21.242  -24.809  32.109 0.0000000000
126152  21.052  -24.692  32.933 0.0000000000
124810  20.183  -24.616  33.124 0.0000000000
53754  20.685  -24.797  33.999 0.0000000000
53743  20.584  -25.163  35.160 0.0000000000
53744  19.515  -25.582  35.694 0.0000000000
52777  32.255  -27.649  34.256 0.0000000000
52811  28.386  -26.500  33.295 0.0000000000
127465  25.320  -25.790  33.485 0.0000000000
52814  25.884  -25.710  33.142 0.0000000000
53783  26.371  -25.464  32.722 0.0000000000
53784  25.509  -25.455  32.527 0.0000000000
53803  24.684  -25.285  31.936 0.0000000000
52829  22.666  -25.095  31.911 0.0000000000
52842  22.968  -25.089  31.510 0.0000000000
52843  22.405  -25.009  31.221 0.0000000000
128645  37.079  -8.531  8.979 0.0000000000
73852  44.632  -5.919  6.689 0.0000000000
149283  45.018  -5.704  5.391 0.0000000000
72861  42.096  -6.415  7.023 0.0000000000
132387  42.571  -6.421  6.631 0.0000000000
73880  42.426  -6.066  4.372 0.0000000000
74894  43.177  -5.791  4.319 0.0000000000
74909  42.585  -5.837  3.603 0.0000000000
53833  19.527  -24.668  30.578 0.0000000000
53809  16.971  -24.473  30.826 0.0000000000
54772  17.932  -24.626  30.725 0.0000000000
53836  16.245  -24.891  29.849 0.0000000000
53768  15.834  -25.362  33.525 0.0000000000
52832  13.759  -26.479  31.849 0.0000000000
53837  14.899  -25.540  30.358 0.0000000000
52845  14.005  -26.316  30.797 0.0000000000
52846  13.523  -26.985  30.292 0.0000000000
51918  12.413  -28.072  31.466 0.0000000000
51050  11.713  -29.733  30.215 0.0000000000
51891  14.272  -29.199  36.405 0.0000000000
51017  11.169  -28.308  35.362 0.0000000000
129207  11.790  -28.170  35.082 0.0000000000
150262  11.344  -28.649  33.753 0.0000000000
51025  11.895  -28.354  33.671 0.0000000000
51030  11.867  -28.435  32.833 0.0000000000
51031  11.232  -29.001  32.197 0.0000000000
50058  6.168  -30.964  36.328 0.0000000000
141450  4.531  -30.966  36.324 0.0000000000
50059  5.274  -31.031  36.347 0.0000000000
64242  35.529  -14.073  17.963 0.0000000000
64210  33.301  -14.628  19.451 0.0000000000
64227  32.441  -14.858  19.210 0.0000000000
143314  32.558  -14.927  19.870 0.0000000000
64187  31.598  -16.013  21.621 0.0000000000
63231  32.130  -17.290  25.193 0.0000000000
64162  31.709  -16.590  24.055 0.0000000000
62155  30.556  -18.972  23.200 0.0000000000
62146  30.498  -17.680  23.380 0.0000000000
62156  30.051  -18.279  22.698 0.0000000000
62157  29.642  -17.781  22.091 0.0000000000
62167  29.737  -18.729  22.055 0.0000000000
62176  29.417  -19.121  21.265 0.0000000000
61173  30.323  -19.624  21.796 0.0000000000
60244  31.748  -20.792  21.708 0.0000000000
142119  31.492  -20.592  21.374 0.0000000000
60255  31.581  -21.172  20.986 0.0000000000
60267  31.512  -21.134  20.206 0.0000000000
59398  32.310  -21.535  22.305 0.0000000000
59391  32.194  -21.207  22.859 0.0000000000
57627  31.801  -22.673  20.816 0.0000000000
57632  32.264  -23.235  19.111 0.0000000000
56729  32.004  -23.590  19.448 0.0000000000
55835  31.384  -25.216  19.942 0.0000000000
56730  31.795  -24.546  19.154 0.0000000000
54941  30.845  -26.209  18.334 0.0000000000
53776  32.435  -27.410  32.115 0.0000000000
131863  32.954  -27.402  32.399 0.0000000000
53796  31.944  -27.440  31.434 0.0000000000
131968  32.950  -27.417  30.075 0.0000000000
53822  33.049  -27.375  30.740 0.0000000000
53847  33.249  -27.311  30.097 0.0000000000
138603  33.189  -26.333  30.246 0.0000000000
53891  30.805  -24.759  27.055 0.0000000000
53890  31.320  -25.265  27.300 0.0000000000
124921  33.299  -27.257  27.166 0.0000000000
143137  33.843  -27.152  27.630 0.0000000000
140610  33.484  -25.991  28.598 0.0000000000
53887  33.956  -26.415  27.946 0.0000000000
54816  34.278  -24.693  28.117 0.0000000000
53905  33.983  -25.655  27.443 0.0000000000
132489  34.064  -25.228  26.880 0.0000000000
54850  33.731  -25.076  26.134 0.0000000000
150325  34.462  -23.839  26.226 0.0000000000
55757  34.009  -24.388  25.894 0.0000000000
55773  33.530  -24.371  24.913 0.0000000000
55774  33.049  -24.958  24.680 0.0000000000
149027  31.992  -25.549  23.823 0.0000000000
54883  32.226  -25.271  23.817 0.0000000000
54896  31.681  -25.391  22.958 0.0000000000
53972  29.917  -26.919  23.018 0.0000000000
136936  30.471  -27.052  22.889 0.0000000000
149710  30.214  -26.264  21.468 0.0000000000
54006  30.646  -26.186  21.905 0.0000000000
54912  31.043  -25.728  21.218 0.0000000000
54925  31.180  -25.614  20.697 0.0000000000
65131  36.737  -13.020  17.667 0.0000000000
66159  36.401  -12.827  17.127 0.0000000000
65132  35.673  -12.795  16.627 0.0000000000
65134  34.181  -13.309  15.853 0.0000000000
129223  34.309  -13.050  15.874 0.0000000000
65151  33.892  -13.315  15.394 0.0000000000
65169  33.984  -12.933  15.060 0.0000000000
124756  33.586  -13.820  14.712 0.0000000000
65117  31.174  -15.228  16.397 0.0000000000
65116  32.135  -14.959  16.044 0.0000000000
137642  30.722  -15.272  15.000 0.0000000000
65171  31.079  -15.143  13.096 0.0000000000
125553  31.838  -14.673  12.924 0.0000000000
65189  32.783  -14.434  13.494 0.0000000000
82173  54.304  2.778  -2.400 0.0000000000
83066  53.876  2.903  -2.664 0.0000000000
77536  51.365  -2.115  -1.513 0.0000000000
68108  38.085  -9.941  17.068 0.0000000000
68109  37.276  -10.401  16.773 0.0000000000
135329  36.334  -12.354  16.589 0.0000000000
127056  20.011  -27.081  27.590 0.0000000000
53896  19.153  -27.098  27.581 0.0000000000
53854  22.501  -24.739  29.904 0.0000000000
53874  22.142  -24.724  29.245 0.0000000000
53894  21.051  -25.291  27.937 0.0000000000
53912  20.491  -25.610  27.362 0.0000000000
71891  40.154  -6.898  10.525 0.0000000000
71913  40.372  -6.557  9.285 0.0000000000
71922  40.353  -6.773  8.514 0.0000000000
53732  18.412  -27.359  36.008 0.0000000000
52759  17.472  -27.969  36.044 0.0000000000
50053  8.666  -29.764  35.369 0.0000000000
146130  8.700  -30.673  34.469 0.0000000000
49135  7.759  -31.323  34.655 0.0000000000
50056  7.402  -30.509  35.874 0.0000000000
60207  34.585  -20.094  27.307 0.0000000000
59369  33.941  -20.532  26.388 0.0000000000
59377  33.391  -20.897  25.324 0.0000000000
124441  32.896  -21.587  24.155 0.0000000000
58513  33.690  -21.455  25.172 0.0000000000
56675  33.392  -22.677  24.331 0.0000000000
55776  28.321  -23.951  24.355 0.0000000000
54871  28.781  -24.545  23.820 0.0000000000
55806  27.859  -24.664  22.514 0.0000000000
124639  29.477  -15.893  19.002 0.0000000000
125806  29.704  -15.639  18.292 0.0000000000
63298  28.388  -16.990  18.342 0.0000000000
77518  51.108  -0.981  1.839 0.0000000000
79443  52.886  0.182  -0.375 0.0000000000
78490  52.109  -1.061  -1.199 0.0000000000
69972  38.330  -8.309  11.646 0.0000000000
69989  37.548  -8.450  11.176 0.0000000000
136550  37.843  -8.640  12.013 0.0000000000
69973  37.295  -8.796  11.847 0.0000000000
69974  36.505  -9.288  11.870 0.0000000000
68147  35.272  -11.155  13.651 0.0000000000
68149  34.080  -11.852  12.559 0.0000000000
69943  40.035  -8.720  14.731 0.0000000000
70888  40.673  -8.645  15.040 0.0000000000
69955  39.869  -8.284  13.693 0.0000000000
69971  38.965  -8.115  12.102 0.0000000000
51943  13.633  -28.555  27.727 0.0000000000
51935  13.330  -28.183  28.731 0.0000000000
53780  28.999  -26.017  33.304 0.0000000000
53779  29.716  -26.473  32.660 0.0000000000
138837  28.689  -25.623  32.700 0.0000000000
54781  27.343  -24.988  30.986 0.0000000000
54819  23.839  -24.018  28.845 0.0000000000
55713  24.762  -23.849  29.136 0.0000000000
55732  24.274  -23.561  28.412 0.0000000000
55731  25.282  -23.417  28.506 0.0000000000
56642  25.467  -22.955  27.505 0.0000000000
56650  24.557  -22.884  26.824 0.0000000000
56659  23.388  -23.368  25.285 0.0000000000
60268  31.162  -20.830  19.626 0.0000000000
73876  46.227  -5.099  5.359 0.0000000000
73875  46.925  -4.520  5.448 0.0000000000
74890  46.489  -4.270  4.659 0.0000000000
145654  46.557  -3.765  3.935 0.0000000000
75791  46.132  -3.160  2.096 0.0000000000
133497  48.942  -2.615  -0.457 0.0000000000
52818  22.127  -24.948  32.327 0.0000000000
52827  24.088  -25.382  32.351 0.0000000000
148778  23.120  -25.234  32.287 0.0000000000
73837  45.112  -5.986  7.456 0.0000000000
125268  43.895  -6.062  6.344 0.0000000000
52819  14.896  -25.795  33.323 0.0000000000
51916  13.192  -27.125  31.720 0.0000000000
130455  12.773  -27.505  31.871 0.0000000000
51898  13.646  -29.175  36.302 0.0000000000
50075  10.323  -29.304  33.982 0.0000000000
145288  10.646  -29.232  33.382 0.0000000000
50080  10.599  -29.556  32.485 0.0000000000
147843  32.715  -15.196  20.344 0.0000000000
125214  33.311  -15.407  20.675 0.0000000000
64186  32.655  -16.010  21.400 0.0000000000
130058  32.142  -16.047  22.291 0.0000000000
61116  33.087  -19.214  26.002 0.0000000000
62122  32.964  -18.290  26.210 0.0000000000
62123  32.415  -17.817  25.742 0.0000000000
62137  31.662  -17.320  24.705 0.0000000000
141595  31.360  -18.257  24.538 0.0000000000
62145  30.908  -18.600  23.984 0.0000000000
61172  31.138  -19.844  22.413 0.0000000000
143114  31.837  -20.362  22.055 0.0000000000
60243  31.865  -20.790  22.028 0.0000000000
57620  32.397  -22.273  22.143 0.0000000000
58531  32.321  -21.997  21.918 0.0000000000
57626  32.117  -22.548  21.646 0.0000000000
56717  31.789  -23.431  20.294 0.0000000000
53825  30.443  -27.014  30.657 0.0000000000
53824  31.597  -27.378  30.659 0.0000000000
53849  31.198  -27.217  29.648 0.0000000000
53869  31.761  -27.299  28.689 0.0000000000
53908  31.837  -25.619  26.787 0.0000000000
125079  32.461  -26.077  26.426 0.0000000000
53907  34.072  -27.132  26.631 0.0000000000
53923  33.793  -26.905  25.592 0.0000000000
53946  33.720  -26.360  25.718 0.0000000000
149415  33.178  -25.394  25.250 0.0000000000
54008  29.623  -26.260  21.417 0.0000000000
53991  29.980  -26.854  22.248 0.0000000000
54018  29.474  -26.324  20.572 0.0000000000
54017  29.991  -26.255  20.665 0.0000000000
54928  29.712  -26.384  19.687 0.0000000000
129643  35.372  -13.586  17.304 0.0000000000
64271  35.305  -13.154  16.872 0.0000000000
64273  34.490  -13.567  16.600 0.0000000000
65135  33.859  -13.861  16.025 0.0000000000
65156  29.535  -15.604  14.957 0.0000000000
65155  30.194  -15.387  14.292 0.0000000000
79445  53.957  0.990  -1.490 0.0000000000
131795  54.328  1.666  -1.570 0.0000000000
69033  37.836  -9.281  13.796 0.0000000000
69022  36.977  -10.322  14.472 0.0000000000
68136  36.240  -10.925  14.887 0.0000000000
68137  35.484  -11.554  14.674 0.0000000000
67170  34.151  -12.630  14.165 0.0000000000
69935  40.225  -9.083  15.559 0.0000000000
128145  16.865  -26.842  26.206 0.0000000000
131999  15.842  -25.792  28.495 0.0000000000
54782  26.034  -24.982  31.495 0.0000000000
54807  24.291  -24.238  29.577 0.0000000000
54808  23.336  -24.382  29.337 0.0000000000
54836  22.758  -24.202  27.716 0.0000000000
55750  22.418  -24.166  26.925 0.0000000000
53927  20.129  -25.689  26.515 0.0000000000
74907  44.071  -4.925  3.718 0.0000000000
74919  44.163  -4.429  2.731 0.0000000000
52783  24.048  -25.698  34.515 0.0000000000
72819  42.003  -6.231  10.948 0.0000000000
72822  42.674  -5.789  10.600 0.0000000000
71900  41.125  -6.407  10.134 0.0000000000
72831  42.659  -5.574  9.792 0.0000000000
72843  42.563  -5.539  8.925 0.0000000000
72862  41.389  -6.669  7.040 0.0000000000
72872  41.006  -6.654  6.197 0.0000000000
72873  40.113  -6.682  5.546 0.0000000000
53766  18.578  -24.833  34.600 0.0000000000
124310  17.271  -25.217  34.868 0.0000000000
52800  16.147  -25.655  35.179 0.0000000000
144948  13.615  -26.753  34.427 0.0000000000
51012  11.565  -27.881  35.938 0.0000000000
50066  10.057  -29.110  35.061 0.0000000000
124626  10.013  -29.365  34.447 0.0000000000
50082  9.570  -30.699  32.883 0.0000000000
49170  8.967  -31.387  32.865 0.0000000000
130539  33.894  -19.334  26.742 0.0000000000
61115  33.527  -19.287  26.363 0.0000000000
131007  32.966  -19.566  25.790 0.0000000000
61135  32.616  -19.890  25.036 0.0000000000
60226  32.194  -20.168  24.124 0.0000000000
61170  32.300  -20.306  23.475 0.0000000000
60233  32.423  -21.196  23.855 0.0000000000
59390  32.370  -21.325  23.160 0.0000000000
59397  32.514  -21.828  22.790 0.0000000000
137910  32.687  -22.036  23.159 0.0000000000
58524  32.536  -22.285  22.682 0.0000000000
56701  32.406  -22.701  22.315 0.0000000000
56687  32.256  -23.353  22.055 0.0000000000
144542  29.969  -23.539  28.280 0.0000000000
54804  30.599  -23.781  27.735 0.0000000000
54817  30.265  -24.422  26.701 0.0000000000
53910  30.686  -25.004  26.067 0.0000000000
53950  31.043  -25.868  24.521 0.0000000000
128720  31.421  -27.085  24.119 0.0000000000
138156  30.146  -26.058  23.397 0.0000000000
54914  28.957  -25.952  21.547 0.0000000000
64245  32.441  -14.845  18.307 0.0000000000
144606  32.805  -14.463  17.447 0.0000000000
149136  32.008  -15.100  17.542 0.0000000000
64260  31.175  -15.295  17.236 0.0000000000
64248  29.384  -15.717  17.549 0.0000000000
144198  29.559  -15.582  15.936 0.0000000000
136829  28.750  -16.271  14.870 0.0000000000
78494  53.396  -0.541  -2.557 0.0000000000
144875  38.179  -8.006  9.097 0.0000000000
69046  35.102  -10.720  12.521 0.0000000000
69992  34.624  -10.028  10.302 0.0000000000
70924  40.225  -7.200  11.051 0.0000000000
70941  39.170  -7.345  10.354 0.0000000000
53750  33.117  -27.366  33.880 0.0000000000
53763  33.122  -27.341  33.173 0.0000000000
52807  31.904  -27.501  32.915 0.0000000000
53777  31.446  -27.428  32.220 0.0000000000
53798  30.052  -26.583  31.841 0.0000000000
53826  29.917  -26.086  30.344 0.0000000000
54805  29.388  -24.329  29.022 0.0000000000
144958  26.371  -24.835  30.995 0.0000000000
54794  27.805  -24.665  30.218 0.0000000000
55696  26.181  -24.270  29.843 0.0000000000
54793  28.853  -24.678  29.949 0.0000000000
55728  28.937  -23.856  28.151 0.0000000000
56649  26.584  -22.998  26.878 0.0000000000
56648  27.593  -23.248  26.119 0.0000000000
132149  27.010  -23.314  24.716 0.0000000000
56678  25.474  -23.455  23.327 0.0000000000
55764  21.188  -24.698  25.559 0.0000000000
62185  28.591  -18.894  20.082 0.0000000000
75778  49.403  -2.874  4.479 0.0000000000
74916  47.069  -3.413  3.448 0.0000000000
130665  47.007  -3.150  2.610 0.0000000000
75781  47.570  -3.329  3.669 0.0000000000
75787  49.199  -2.657  3.615 0.0000000000
129384  49.705  -2.425  3.112 0.0000000000
126658  49.819  -2.083  2.390 0.0000000000
76643  50.003  -1.607  1.492 0.0000000000
77524  50.538  -1.441  0.472 0.0000000000
140237  20.895  -24.913  29.826 0.0000000000
53832  20.432  -24.700  30.541 0.0000000000
127768  20.112  -24.675  31.163 0.0000000000
53806  20.342  -24.645  31.731 0.0000000000
53787  19.736  -24.513  32.324 0.0000000000
146653  21.632  -25.172  34.496 0.0000000000
53742  21.656  -25.313  35.717 0.0000000000
53755  18.800  -25.435  35.264 0.0000000000
53745  18.443  -26.062  35.538 0.0000000000
146426  33.557  -27.170  34.235 0.0000000000
52790  31.474  -27.703  33.690 0.0000000000
52791  30.416  -27.469  33.626 0.0000000000
52810  29.206  -26.668  33.218 0.0000000000
53782  27.350  -25.570  32.944 0.0000000000
134374  23.401  -24.929  30.893 0.0000000000
53804  23.612  -25.136  31.526 0.0000000000
53830  22.283  -24.875  30.512 0.0000000000
71917  37.787  -8.221  8.494 0.0000000000
141500  47.350  -5.531  6.835 0.0000000000
73850  46.207  -5.799  6.480 0.0000000000
73861  46.220  -5.592  5.870 0.0000000000
73877  45.447  -5.493  5.202 0.0000000000
74892  44.845  -5.242  4.523 0.0000000000
73853  43.217  -6.299  6.524 0.0000000000
73864  43.514  -6.121  5.744 0.0000000000
73879  43.796  -5.864  4.990 0.0000000000
74893  43.986  -5.434  4.404 0.0000000000
146798  19.154  -25.006  29.082 0.0000000000
53834  18.621  -24.664  30.678 0.0000000000
53857  17.200  -25.275  28.929 0.0000000000
53858  16.317  -25.440  28.972 0.0000000000
53810  15.597  -25.106  31.325 0.0000000000
51936  12.716  -28.680  29.274 0.0000000000
52774  15.434  -28.466  36.054 0.0000000000
51901  13.606  -27.044  35.321 0.0000000000
51905  12.964  -27.326  34.232 0.0000000000
132145  13.505  -29.171  36.276 0.0000000000
51016  13.072  -28.311  35.836 0.0000000000
51019  12.584  -27.795  35.387 0.0000000000
51024  12.433  -27.856  34.431 0.0000000000
51040  11.441  -29.312  31.237 0.0000000000
50057  6.853  -30.736  36.153 0.0000000000
67109  37.855  -12.420  18.036 0.0000000000
64256  35.145  -13.874  17.514 0.0000000000
128609  34.448  -14.120  17.839 0.0000000000
140467  30.991  -15.600  19.335 0.0000000000
64211  31.845  -15.535  20.232 0.0000000000
64212  30.987  -15.826  19.938 0.0000000000
64213  30.190  -15.805  19.560 0.0000000000
64197  30.068  -16.090  20.356 0.0000000000
64189  29.376  -16.639  20.679 0.0000000000
63274  28.842  -17.334  20.478 0.0000000000
64179  31.128  -16.300  22.602 0.0000000000
64170  31.075  -16.721  23.457 0.0000000000
64171  30.585  -16.898  22.962 0.0000000000
64180  30.407  -16.706  22.455 0.0000000000
63259  29.869  -16.884  21.980 0.0000000000
63260  29.291  -17.330  21.305 0.0000000000
62177  28.852  -18.270  20.850 0.0000000000
148513  28.948  -18.996  20.714 0.0000000000
61201  29.429  -19.565  20.394 0.0000000000
61188  31.266  -20.093  21.406 0.0000000000
59416  31.877  -22.005  19.585 0.0000000000
124990  31.977  -20.780  22.540 0.0000000000
59405  32.118  -21.803  21.674 0.0000000000
59406  31.816  -21.666  21.247 0.0000000000
150160  31.642  -21.495  20.907 0.0000000000
59415  31.708  -22.017  20.481 0.0000000000
57590  35.196  -22.362  26.791 0.0000000000
53762  33.543  -26.964  32.643 0.0000000000
53775  32.879  -26.455  31.983 0.0000000000
53794  32.883  -26.394  31.397 0.0000000000
53823  32.549  -27.427  30.750 0.0000000000
149784  33.043  -27.288  31.273 0.0000000000
53774  32.823  -25.413  31.535 0.0000000000
54791  33.735  -24.752  29.668 0.0000000000
53870  31.298  -25.842  27.953 0.0000000000
142923  31.784  -27.012  27.701 0.0000000000
53888  32.706  -27.304  27.743 0.0000000000
131967  33.225  -27.366  29.226 0.0000000000
53866  33.513  -26.418  29.425 0.0000000000
53865  33.576  -25.309  29.073 0.0000000000
54803  34.074  -24.609  28.855 0.0000000000
54833  34.359  -26.418  26.683 0.0000000000
54832  34.504  -24.439  27.216 0.0000000000
55744  35.012  -23.883  27.547 0.0000000000
56647  34.900  -23.588  26.856 0.0000000000
56655  34.590  -23.324  26.098 0.0000000000
56654  34.649  -22.606  25.918 0.0000000000
56665  34.122  -23.060  25.201 0.0000000000
56666  33.503  -23.556  24.550 0.0000000000
55791  32.468  -24.951  23.856 0.0000000000
149886  32.281  -24.443  23.170 0.0000000000
54895  31.754  -24.847  22.283 0.0000000000
53989  31.609  -26.836  23.033 0.0000000000
53990  30.389  -26.871  22.099 0.0000000000
126968  31.044  -26.984  22.543 0.0000000000
54897  31.334  -25.791  22.602 0.0000000000
54927  30.417  -26.166  19.858 0.0000000000
54940  30.771  -26.043  19.127 0.0000000000
66170  36.690  -12.592  17.249 0.0000000000
142083  36.179  -12.655  16.712 0.0000000000
66171  35.707  -12.466  16.142 0.0000000000
65133  34.735  -13.082  16.430 0.0000000000
65150  34.891  -12.760  16.096 0.0000000000
66185  34.581  -12.673  15.409 0.0000000000
66202  34.079  -12.814  14.746 0.0000000000
146607  33.499  -13.557  13.778 0.0000000000
64275  32.964  -14.279  16.594 0.0000000000
65136  33.125  -14.503  15.629 0.0000000000
65153  32.698  -14.818  14.587 0.0000000000
126093  33.251  -14.369  14.293 0.0000000000
66204  33.357  -14.031  13.786 0.0000000000
66222  33.099  -13.822  12.971 0.0000000000
53795  32.577  -27.401  31.363 0.0000000000
53867  33.789  -27.188  28.547 0.0000000000
53868  32.821  -27.431  28.633 0.0000000000
53922  34.366  -26.951  26.231 0.0000000000
54869  32.482  -25.392  24.587 0.0000000000
55756  34.570  -24.126  26.732 0.0000000000
55759  28.371  -23.664  25.354 0.0000000000
64272  34.813  -13.328  16.761 0.0000000000
65114  36.229  -13.071  17.172 0.0000000000
65137  31.228  -15.200  15.661 0.0000000000
65173  29.482  -15.839  13.900 0.0000000000
66158  36.732  -12.800  17.495 0.0000000000
66172  35.199  -12.628  16.069 0.0000000000
66184  35.168  -12.484  15.626 0.0000000000
66203  33.679  -13.091  14.067 0.0000000000
128332  33.453  -14.289  15.042 0.0000000000
132073  35.055  -23.027  26.783 0.0000000000
139787  37.831  -8.425  11.437 0.0000000000
144925  32.557  -22.619  22.843 0.0000000000
145463  33.515  -24.849  25.386 0.0000000000
146809  9.132  -29.214  36.498 0.0000000000
147698  28.290  -17.396  19.002 0.0000000000
149908  34.822  -13.650  17.127 0.0000000000
