#!ascii label  , from subject sub-v1s14x0051571_ses-1 vox2ras=TkReg
1051
65225  -17.340  -14.081  41.973 0.0000000000
65420  -35.073  -15.062  25.041 0.0000000000
71712  -33.431  -9.524  22.234 0.0000000000
66460  -27.028  -14.774  28.218 0.0000000000
80371  -39.424  -0.582  8.603 0.0000000000
77230  -34.204  -3.674  13.920 0.0000000000
66464  -35.149  -12.247  27.973 0.0000000000
67582  -31.740  -12.461  27.296 0.0000000000
80377  -45.839  -0.732  8.837 0.0000000000
84438  -48.151  2.919  7.543 0.0000000000
88149  -51.257  6.740  5.166 0.0000000000
76147  -35.879  -4.518  21.317 0.0000000000
75099  -32.785  -6.422  18.218 0.0000000000
78178  -38.263  -1.832  18.107 0.0000000000
139777  -40.902  -2.102  14.777 0.0000000000
64286  -20.166  -15.509  28.852 0.0000000000
70420  -17.663  -9.055  46.620 0.0000000000
68656  -34.961  -11.882  23.349 0.0000000000
73958  -36.601  -6.402  24.633 0.0000000000
65396  -20.701  -15.035  24.891 0.0000000000
68642  -26.589  -12.495  22.924 0.0000000000
86209  -51.122  4.386  -0.430 0.0000000000
89202  -53.798  8.197  1.793 0.0000000000
158398  -36.944  -2.672  11.314 0.0000000000
78270  -42.876  -1.459  11.973 0.0000000000
64174  -16.274  -15.709  38.690 0.0000000000
67392  -13.365  -13.306  48.252 0.0000000000
82483  -47.585  0.381  7.299 0.0000000000
162384  -36.663  -3.139  19.510 0.0000000000
63182  -18.009  -17.347  30.306 0.0000000000
67413  -18.598  -12.182  43.671 0.0000000000
66564  -34.769  -13.803  21.562 0.0000000000
66538  -35.779  -13.698  23.973 0.0000000000
65382  -24.478  -14.869  25.874 0.0000000000
66513  -23.336  -14.345  23.941 0.0000000000
67589  -26.708  -13.481  25.525 0.0000000000
65384  -33.414  -15.064  26.357 0.0000000000
160303  -31.349  -13.141  24.387 0.0000000000
65417  -32.854  -14.329  24.418 0.0000000000
162187  -25.419  -15.310  29.723 0.0000000000
140496  -23.235  -15.263  27.674 0.0000000000
85341  -44.103  3.026  3.837 0.0000000000
87173  -48.953  4.766  0.842 0.0000000000
88170  -53.247  6.876  2.939 0.0000000000
76173  -33.477  -4.825  16.137 0.0000000000
77252  -35.362  -3.190  12.759 0.0000000000
77236  -41.697  -1.739  13.473 0.0000000000
63156  -18.711  -15.894  32.791 0.0000000000
64223  -18.849  -14.930  35.194 0.0000000000
166030  -19.643  -14.628  37.208 0.0000000000
61832  -15.731  -17.161  36.508 0.0000000000
64111  -14.263  -15.074  47.093 0.0000000000
65388  -35.819  -13.977  27.180 0.0000000000
67604  -36.296  -12.306  25.830 0.0000000000
68600  -36.457  -11.020  27.344 0.0000000000
66448  -28.918  -13.169  30.191 0.0000000000
67580  -29.588  -12.135  28.147 0.0000000000
67561  -32.595  -12.430  29.561 0.0000000000
65353  -33.928  -13.723  27.867 0.0000000000
80373  -42.464  -0.232  8.812 0.0000000000
82479  -44.364  0.484  7.231 0.0000000000
83508  -45.884  1.822  6.124 0.0000000000
143995  -46.914  4.156  5.278 0.0000000000
141276  -48.632  5.714  4.123 0.0000000000
87111  -49.152  5.456  6.544 0.0000000000
73979  -34.408  -6.633  21.507 0.0000000000
72857  -32.631  -7.778  20.370 0.0000000000
76157  -34.785  -4.688  19.722 0.0000000000
76168  -34.789  -4.202  17.920 0.0000000000
139583  -35.649  -2.565  16.107 0.0000000000
77205  -37.415  -2.153  14.556 0.0000000000
78200  -39.519  -1.748  16.604 0.0000000000
66430  -20.038  -14.163  29.527 0.0000000000
63154  -18.262  -16.904  32.294 0.0000000000
147420  -49.279  9.076  -0.817 0.0000000000
71427  -17.673  -8.273  47.785 0.0000000000
67662  -34.279  -13.268  20.910 0.0000000000
71714  -34.363  -10.302  23.028 0.0000000000
69596  -36.286  -10.811  25.150 0.0000000000
71701  -35.430  -9.995  24.164 0.0000000000
72842  -34.787  -7.582  23.030 0.0000000000
75058  -35.913  -5.535  22.692 0.0000000000
68607  -29.462  -11.781  26.042 0.0000000000
138887  -22.299  -15.124  28.808 0.0000000000
149400  -20.362  -15.421  26.451 0.0000000000
87155  -51.109  5.435  2.188 0.0000000000
87169  -53.015  6.114  0.724 0.0000000000
89206  -52.018  7.719  -0.094 0.0000000000
91104  -51.207  9.710  2.337 0.0000000000
63012  -14.871  -15.972  42.032 0.0000000000
62999  -15.396  -15.156  43.889 0.0000000000
79324  -38.540  -1.636  9.645 0.0000000000
77255  -38.709  -2.033  12.232 0.0000000000
78267  -39.686  -1.747  11.414 0.0000000000
79327  -41.279  -0.918  10.183 0.0000000000
80347  -44.481  -0.619  10.423 0.0000000000
64148  -16.555  -14.931  40.720 0.0000000000
65200  -16.139  -13.615  45.493 0.0000000000
69437  -15.950  -11.012  47.233 0.0000000000
70409  -15.452  -10.700  48.491 0.0000000000
65219  -17.558  -13.423  42.794 0.0000000000
65437  -34.013  -14.782  23.639 0.0000000000
66537  -34.967  -14.300  23.681 0.0000000000
66519  -35.487  -14.430  24.528 0.0000000000
66472  -25.983  -14.758  26.675 0.0000000000
65383  -25.407  -14.603  25.887 0.0000000000
66488  -27.127  -13.820  26.400 0.0000000000
65400  -34.318  -15.264  26.251 0.0000000000
65399  -33.169  -14.094  25.309 0.0000000000
153871  -33.366  -14.699  24.149 0.0000000000
65436  -33.090  -14.810  23.138 0.0000000000
65336  -27.228  -14.703  29.828 0.0000000000
65325  -26.930  -15.000  30.551 0.0000000000
65350  -26.263  -15.126  28.253 0.0000000000
140599  -24.815  -15.239  27.549 0.0000000000
87163  -47.748  5.272  1.771 0.0000000000
71721  -33.333  -10.570  21.732 0.0000000000
71720  -32.745  -9.722  21.560 0.0000000000
76183  -33.499  -4.341  15.243 0.0000000000
158075  -32.582  -4.415  13.845 0.0000000000
151041  -35.089  -3.242  13.612 0.0000000000
61872  -17.195  -16.614  34.281 0.0000000000
64253  -18.727  -14.689  33.730 0.0000000000
63106  -18.031  -16.569  35.660 0.0000000000
154668  -18.480  -17.090  36.067 0.0000000000
61843  -16.756  -16.987  35.528 0.0000000000
65370  -35.399  -13.357  27.703 0.0000000000
65371  -35.704  -12.945  26.877 0.0000000000
67572  -36.072  -11.617  28.166 0.0000000000
67524  -30.923  -12.825  31.346 0.0000000000
67542  -30.776  -12.575  30.570 0.0000000000
67544  -32.902  -12.265  30.349 0.0000000000
66452  -34.494  -12.290  28.907 0.0000000000
66451  -34.034  -12.644  29.040 0.0000000000
65340  -34.647  -12.734  28.264 0.0000000000
65369  -35.336  -15.158  28.345 0.0000000000
80375  -43.979  -0.407  9.109 0.0000000000
147161  -43.060  -0.003  8.142 0.0000000000
81397  -44.853  -0.099  7.688 0.0000000000
83496  -47.585  1.673  7.023 0.0000000000
143060  -46.167  1.184  6.478 0.0000000000
84436  -47.139  2.073  6.793 0.0000000000
85330  -46.374  3.423  5.529 0.0000000000
151700  -47.379  4.004  6.380 0.0000000000
86167  -47.753  4.823  5.808 0.0000000000
161723  -48.974  4.811  7.146 0.0000000000
75071  -35.026  -5.432  21.530 0.0000000000
75070  -34.582  -5.797  21.152 0.0000000000
76146  -35.371  -4.704  21.021 0.0000000000
78167  -37.364  -2.609  18.736 0.0000000000
77158  -35.956  -3.410  18.621 0.0000000000
77162  -36.061  -3.206  17.860 0.0000000000
147506  -35.194  -3.353  16.721 0.0000000000
77168  -36.916  -2.027  16.967 0.0000000000
78198  -37.633  -1.745  16.400 0.0000000000
78187  -38.918  -1.622  17.223 0.0000000000
66444  -20.748  -14.668  29.056 0.0000000000
67556  -20.771  -13.686  29.245 0.0000000000
156318  -19.864  -16.063  29.596 0.0000000000
63169  -18.110  -17.187  31.339 0.0000000000
92124  -49.367  10.496  0.629 0.0000000000
148538  -50.657  11.542  0.029 0.0000000000
71431  -17.855  -8.200  47.492 0.0000000000
67653  -34.887  -12.669  22.592 0.0000000000
67652  -34.751  -13.262  21.707 0.0000000000
68665  -34.595  -12.106  22.532 0.0000000000
69615  -34.328  -11.638  22.422 0.0000000000
151904  -34.633  -11.583  22.976 0.0000000000
68620  -36.693  -10.849  25.973 0.0000000000
67618  -36.332  -11.261  25.483 0.0000000000
145555  -36.730  -10.394  25.610 0.0000000000
73946  -36.672  -7.343  25.002 0.0000000000
71688  -36.534  -9.628  25.067 0.0000000000
73945  -36.249  -7.941  24.687 0.0000000000
72830  -35.100  -8.295  23.621 0.0000000000
73956  -35.344  -7.276  23.428 0.0000000000
75046  -35.643  -6.394  23.053 0.0000000000
75047  -36.237  -6.076  23.676 0.0000000000
67614  -25.280  -13.044  23.403 0.0000000000
68598  -30.756  -11.896  27.844 0.0000000000
68597  -29.833  -11.740  27.065 0.0000000000
67581  -30.933  -12.028  26.798 0.0000000000
67616  -30.489  -13.034  24.115 0.0000000000
65311  -22.969  -15.211  30.645 0.0000000000
65380  -22.105  -15.054  26.304 0.0000000000
65361  -21.491  -15.247  27.045 0.0000000000
65379  -21.000  -15.049  25.810 0.0000000000
162982  -19.262  -16.396  25.713 0.0000000000
87132  -49.947  6.152  4.805 0.0000000000
87154  -50.128  5.644  2.810 0.0000000000
88167  -51.117  6.253  3.980 0.0000000000
148673  -53.761  7.552  2.622 0.0000000000
88179  -52.804  6.239  2.401 0.0000000000
89201  -53.615  7.477  1.266 0.0000000000
88199  -52.899  6.571  0.023 0.0000000000
90163  -52.852  8.008  0.569 0.0000000000
90154  -51.463  8.920  1.053 0.0000000000
91116  -53.063  9.124  1.543 0.0000000000
74000  -32.846  -6.906  19.111 0.0000000000
72855  -31.444  -8.575  19.433 0.0000000000
79322  -36.556  -2.250  9.049 0.0000000000
166581  -37.734  -2.323  10.652 0.0000000000
154293  -38.892  -1.906  14.246 0.0000000000
138933  -38.351  -1.997  13.726 0.0000000000
77234  -39.677  -1.859  13.366 0.0000000000
78252  -41.882  -1.526  12.404 0.0000000000
78268  -40.547  -1.726  11.990 0.0000000000
148608  -40.997  -1.599  11.537 0.0000000000
78286  -40.170  -1.691  11.102 0.0000000000
78288  -41.636  -1.444  11.306 0.0000000000
79329  -42.815  -0.759  10.234 0.0000000000
151042  -43.019  -1.304  11.391 0.0000000000
163755  -19.251  -16.157  37.734 0.0000000000
64160  -17.831  -14.938  38.725 0.0000000000
65243  -18.180  -14.317  39.366 0.0000000000
64158  -16.157  -15.373  39.885 0.0000000000
63035  -15.343  -16.164  40.407 0.0000000000
63048  -15.495  -16.271  39.338 0.0000000000
61753  -14.464  -16.215  44.928 0.0000000000
64121  -15.504  -14.821  44.917 0.0000000000
62987  -14.785  -15.551  45.394 0.0000000000
66300  -13.757  -13.800  47.876 0.0000000000
149339  -14.816  -12.988  47.380 0.0000000000
67393  -14.180  -12.756  47.842 0.0000000000
69434  -15.209  -11.062  47.775 0.0000000000
158189  -14.365  -11.820  48.132 0.0000000000
67545  -33.596  -12.147  30.611 0.0000000000
81372  -47.235  -0.682  8.681 0.0000000000
81399  -46.575  -0.298  7.549 0.0000000000
81387  -48.129  -0.035  8.466 0.0000000000
77154  -35.997  -3.898  20.376 0.0000000000
64293  -19.147  -16.425  28.366 0.0000000000
64285  -19.267  -16.494  29.281 0.0000000000
70429  -19.282  -9.824  44.539 0.0000000000
69445  -17.923  -10.011  45.803 0.0000000000
141925  -34.229  -14.359  21.569 0.0000000000
139565  -35.173  -13.310  22.672 0.0000000000
148976  -35.264  -12.478  23.486 0.0000000000
76105  -37.027  -5.222  24.466 0.0000000000
157923  -22.640  -14.895  25.710 0.0000000000
65398  -22.712  -14.713  24.636 0.0000000000
66498  -23.784  -14.522  24.949 0.0000000000
166335  -24.890  -13.769  24.433 0.0000000000
68616  -26.819  -12.388  24.223 0.0000000000
66477  -33.280  -13.609  27.011 0.0000000000
67592  -31.848  -12.572  26.365 0.0000000000
66502  -32.801  -13.531  25.315 0.0000000000
66518  -32.600  -13.797  24.454 0.0000000000
65435  -32.340  -14.967  22.782 0.0000000000
65334  -24.691  -15.399  29.817 0.0000000000
65333  -23.805  -15.424  29.857 0.0000000000
65348  -24.490  -15.327  28.361 0.0000000000
140495  -23.948  -15.274  27.598 0.0000000000
84461  -43.469  2.538  4.213 0.0000000000
87174  -49.803  4.667  0.564 0.0000000000
89165  -52.711  7.370  5.260 0.0000000000
142537  -52.280  6.603  3.979 0.0000000000
75128  -32.944  -5.559  16.747 0.0000000000
78264  -35.076  -3.197  11.330 0.0000000000
77268  -36.675  -2.784  11.709 0.0000000000
77186  -42.354  -2.017  15.257 0.0000000000
77209  -41.068  -2.112  14.045 0.0000000000
77211  -43.357  -1.754  14.821 0.0000000000
158309  -20.039  -14.883  32.345 0.0000000000
165685  -20.025  -14.046  33.182 0.0000000000
68539  -19.506  -12.851  34.856 0.0000000000
165794  -19.223  -14.580  36.075 0.0000000000
63070  -18.213  -16.831  36.689 0.0000000000
63069  -15.777  -16.743  37.347 0.0000000000
63058  -15.089  -17.197  38.888 0.0000000000
61831  -15.133  -17.663  37.382 0.0000000000
65402  -35.425  -15.182  26.215 0.0000000000
140810  -36.411  -13.969  25.672 0.0000000000
154325  -36.116  -13.477  26.460 0.0000000000
67594  -36.343  -11.831  26.453 0.0000000000
66462  -28.116  -13.828  28.962 0.0000000000
66475  -28.108  -13.518  27.882 0.0000000000
67558  -29.695  -12.562  29.580 0.0000000000
167336  -30.586  -12.130  29.177 0.0000000000
67570  -32.285  -12.590  28.387 0.0000000000
66435  -33.672  -12.349  29.810 0.0000000000
139047  -33.341  -12.864  28.409 0.0000000000
142446  -33.229  -13.236  27.569 0.0000000000
65368  -34.145  -15.005  28.469 0.0000000000
65386  -35.161  -15.287  27.176 0.0000000000
66432  -28.158  -13.343  30.598 0.0000000000
80385  -40.867  -0.258  8.794 0.0000000000
81393  -39.923  0.025  7.379 0.0000000000
81395  -42.094  0.198  7.882 0.0000000000
81412  -42.169  0.689  7.055 0.0000000000
82511  -42.917  1.310  5.987 0.0000000000
82481  -46.145  0.104  6.955 0.0000000000
83493  -45.413  1.345  6.337 0.0000000000
84448  -43.567  2.230  5.174 0.0000000000
84463  -45.072  3.030  4.950 0.0000000000
85343  -45.661  3.754  4.621 0.0000000000
86181  -46.592  4.952  3.487 0.0000000000
87151  -47.440  5.481  2.543 0.0000000000
87129  -47.808  5.284  4.184 0.0000000000
87131  -49.077  5.811  4.922 0.0000000000
88148  -50.568  6.417  5.596 0.0000000000
145277  -50.383  4.899  8.085 0.0000000000
88144  -51.784  6.921  6.799 0.0000000000
73967  -34.078  -7.468  21.930 0.0000000000
72848  -32.688  -8.392  21.186 0.0000000000
73978  -33.945  -7.064  21.105 0.0000000000
75085  -33.927  -5.975  19.717 0.0000000000
75101  -33.913  -5.552  18.766 0.0000000000
76163  -35.258  -3.950  19.162 0.0000000000
76162  -34.734  -4.387  18.783 0.0000000000
75117  -33.864  -5.301  17.950 0.0000000000
76174  -34.222  -4.393  16.709 0.0000000000
77179  -34.324  -4.025  15.780 0.0000000000
139651  -34.837  -3.379  15.095 0.0000000000
77203  -35.432  -3.036  14.379 0.0000000000
77182  -36.489  -2.229  15.303 0.0000000000
78216  -38.388  -1.758  15.738 0.0000000000
78218  -40.087  -1.837  16.012 0.0000000000
78201  -40.589  -1.817  16.958 0.0000000000
77169  -42.055  -1.937  15.826 0.0000000000
148574  -19.955  -14.866  30.595 0.0000000000
64277  -19.372  -16.478  30.227 0.0000000000
64270  -19.428  -16.379  31.224 0.0000000000
65310  -20.012  -15.406  31.714 0.0000000000
63155  -18.937  -16.467  32.705 0.0000000000
70616  -33.662  -11.247  21.628 0.0000000000
70602  -33.839  -10.221  22.428 0.0000000000
159572  -36.200  -13.514  24.526 0.0000000000
67631  -35.663  -12.225  24.388 0.0000000000
69606  -35.397  -11.313  24.094 0.0000000000
145286  -36.002  -10.268  24.643 0.0000000000
147485  -35.437  -10.727  24.147 0.0000000000
70593  -34.872  -10.484  23.618 0.0000000000
71713  -34.243  -9.329  23.008 0.0000000000
72841  -34.208  -8.153  22.733 0.0000000000
73968  -34.593  -7.064  22.301 0.0000000000
75057  -35.294  -5.875  22.274 0.0000000000
76133  -35.895  -4.863  22.061 0.0000000000
77142  -36.759  -4.880  23.616 0.0000000000
77141  -36.823  -4.254  23.186 0.0000000000
67579  -28.775  -12.387  27.431 0.0000000000
68605  -27.920  -12.280  25.499 0.0000000000
69577  -27.954  -11.860  24.235 0.0000000000
68619  -30.510  -11.968  25.420 0.0000000000
69585  -29.326  -11.913  24.432 0.0000000000
66445  -21.908  -14.943  29.236 0.0000000000
65331  -21.077  -15.037  28.654 0.0000000000
65346  -22.711  -15.253  28.164 0.0000000000
65345  -21.594  -15.197  28.009 0.0000000000
64294  -19.856  -15.864  28.036 0.0000000000
64302  -19.082  -16.334  26.438 0.0000000000
87152  -48.305  5.639  2.409 0.0000000000
87165  -49.464  5.129  1.349 0.0000000000
87166  -50.487  5.020  1.269 0.0000000000
88178  -51.984  5.838  2.831 0.0000000000
87156  -52.259  5.610  1.855 0.0000000000
87175  -51.863  4.927  0.168 0.0000000000
87176  -52.466  5.475  -0.034 0.0000000000
88198  -52.479  6.129  -0.643 0.0000000000
89221  -51.071  6.940  -1.528 0.0000000000
90167  -50.180  8.033  -0.498 0.0000000000
90153  -49.702  9.139  0.901 0.0000000000
64133  -16.279  -14.787  41.967 0.0000000000
64130  -16.421  -14.242  42.900 0.0000000000
63004  -14.744  -15.991  42.886 0.0000000000
71719  -32.045  -9.332  20.738 0.0000000000
79339  -38.978  -1.158  9.092 0.0000000000
77232  -36.705  -2.613  13.388 0.0000000000
145976  -37.297  -2.463  12.766 0.0000000000
77269  -37.629  -2.522  11.785 0.0000000000
154390  -39.677  -1.778  12.760 0.0000000000
77271  -39.180  -1.872  11.820 0.0000000000
161941  -38.296  -2.227  11.558 0.0000000000
78301  -39.034  -1.747  10.547 0.0000000000
79325  -39.473  -1.422  9.999 0.0000000000
79340  -39.872  -0.919  9.455 0.0000000000
80358  -42.199  -0.568  9.750 0.0000000000
152854  -43.536  -0.513  9.764 0.0000000000
80360  -45.175  -0.586  9.674 0.0000000000
66334  -18.892  -12.914  41.452 0.0000000000
65233  -18.755  -13.359  40.754 0.0000000000
65224  -16.956  -14.451  41.702 0.0000000000
63022  -15.119  -16.065  41.307 0.0000000000
63021  -14.630  -16.896  41.688 0.0000000000
64126  -16.448  -14.007  43.564 0.0000000000
66312  -17.061  -12.545  45.305 0.0000000000
68462  -16.882  -10.652  46.471 0.0000000000
65195  -14.853  -14.484  46.630 0.0000000000
67401  -15.875  -11.910  46.814 0.0000000000
69439  -16.580  -10.022  46.928 0.0000000000
70414  -16.316  -9.715  47.689 0.0000000000
71424  -16.505  -9.987  49.032 0.0000000000
67389  -12.599  -13.613  48.900 0.0000000000
70408  -13.726  -11.744  48.484 0.0000000000
65226  -17.700  -13.567  42.209 0.0000000000
65218  -17.136  -13.872  42.515 0.0000000000
65438  -34.721  -14.731  24.325 0.0000000000
66473  -26.514  -14.803  27.449 0.0000000000
151719  -26.680  -14.423  26.738 0.0000000000
66474  -27.323  -14.185  27.370 0.0000000000
65401  -34.452  -15.178  25.424 0.0000000000
65418  -33.506  -14.964  25.223 0.0000000000
65419  -34.155  -15.041  24.628 0.0000000000
66461  -27.415  -14.521  29.020 0.0000000000
65351  -26.849  -15.075  29.024 0.0000000000
65366  -25.692  -15.107  27.487 0.0000000000
87162  -46.967  5.003  1.960 0.0000000000
162996  -32.831  -10.766  21.106 0.0000000000
77202  -34.201  -3.832  14.816 0.0000000000
77201  -33.432  -4.135  14.335 0.0000000000
77229  -33.327  -3.931  13.369 0.0000000000
77251  -34.268  -3.466  12.865 0.0000000000
61855  -16.770  -16.944  34.923 0.0000000000
61856  -17.614  -16.784  35.011 0.0000000000
61844  -17.824  -17.072  35.576 0.0000000000
66478  -35.008  -12.788  27.788 0.0000000000
66479  -35.311  -12.684  27.540 0.0000000000
66465  -35.398  -12.112  28.072 0.0000000000
67525  -31.893  -12.539  31.444 0.0000000000
66453  -34.774  -12.019  28.776 0.0000000000
65355  -34.916  -13.207  27.949 0.0000000000
66420  -31.001  -13.090  32.116 0.0000000000
80376  -44.868  -0.525  8.968 0.0000000000
81383  -44.438  -0.303  8.421 0.0000000000
81384  -45.314  -0.481  8.229 0.0000000000
84437  -47.548  2.399  7.144 0.0000000000
84453  -47.118  3.023  6.695 0.0000000000
85319  -47.750  3.481  6.987 0.0000000000
85332  -48.253  4.641  6.622 0.0000000000
85320  -48.551  3.974  7.349 0.0000000000
78177  -37.345  -2.298  18.047 0.0000000000
77159  -36.692  -2.889  18.275 0.0000000000
77163  -36.777  -2.457  17.611 0.0000000000
78186  -37.746  -1.794  17.312 0.0000000000
166771  -20.435  -15.143  29.026 0.0000000000
93074  -49.690  11.069  1.552 0.0000000000
93094  -49.801  10.931  -0.083 0.0000000000
145223  -50.209  11.745  1.281 0.0000000000
151710  -17.946  -8.856  46.494 0.0000000000
71437  -18.120  -8.283  46.836 0.0000000000
71432  -18.074  -8.130  47.232 0.0000000000
71436  -17.733  -8.754  46.760 0.0000000000
69586  -36.784  -10.517  25.834 0.0000000000
72831  -35.682  -8.042  24.147 0.0000000000
73957  -36.091  -7.054  24.038 0.0000000000
65395  -20.211  -15.646  24.553 0.0000000000
139801  -21.062  -15.304  24.144 0.0000000000
65397  -21.633  -14.841  24.982 0.0000000000
65378  -20.135  -15.368  25.387 0.0000000000
88159  -50.788  6.415  4.647 0.0000000000
87141  -50.235  5.973  3.867 0.0000000000
148519  -53.719  7.717  1.984 0.0000000000
166946  -53.793  7.866  1.165 0.0000000000
89208  -53.518  7.614  0.856 0.0000000000
90156  -53.565  8.303  1.157 0.0000000000
90155  -52.513  8.711  0.988 0.0000000000
73999  -32.060  -7.181  18.569 0.0000000000
74012  -31.904  -6.884  17.715 0.0000000000
78282  -36.121  -2.753  10.717 0.0000000000
78283  -37.002  -2.538  10.658 0.0000000000
78298  -36.248  -2.499  9.840 0.0000000000
77184  -40.006  -1.984  15.046 0.0000000000
77207  -39.550  -1.946  14.171 0.0000000000
77208  -40.290  -2.032  14.061 0.0000000000
78253  -42.726  -1.509  12.742 0.0000000000
78269  -42.156  -1.471  11.861 0.0000000000
166182  -42.393  -1.421  11.478 0.0000000000
64175  -17.295  -15.487  38.138 0.0000000000
64176  -18.591  -15.854  38.028 0.0000000000
156421  -16.912  -15.145  39.043 0.0000000000
151010  -13.793  -13.316  47.945 0.0000000000
67397  -14.391  -13.122  47.604 0.0000000000
68454  -13.917  -12.639  48.080 0.0000000000
78159  -37.571  -2.507  20.374 0.0000000000
64284  -18.573  -16.963  28.800 0.0000000000
67414  -19.036  -11.842  43.354 0.0000000000
69451  -19.513  -10.447  43.856 0.0000000000
69449  -19.032  -10.415  44.481 0.0000000000
154028  -18.764  -9.813  45.046 0.0000000000
68467  -18.133  -10.793  45.259 0.0000000000
65454  -33.643  -15.009  21.737 0.0000000000
143827  -35.211  -13.784  23.043 0.0000000000
164440  -35.411  -13.414  23.366 0.0000000000
67642  -35.558  -13.035  23.733 0.0000000000
65381  -23.521  -14.902  25.802 0.0000000000
66487  -26.313  -14.244  26.010 0.0000000000
66500  -25.680  -13.852  25.081 0.0000000000
67600  -26.273  -13.032  24.635 0.0000000000
66490  -33.159  -13.796  26.244 0.0000000000
66517  -31.631  -13.850  23.728 0.0000000000
65416  -32.139  -14.406  23.473 0.0000000000
166445  -32.687  -14.559  23.614 0.0000000000
139444  -26.097  -15.241  30.087 0.0000000000
139445  -25.373  -15.342  30.487 0.0000000000
65335  -25.009  -15.343  29.073 0.0000000000
65364  -24.204  -15.152  26.738 0.0000000000
65363  -23.202  -15.140  26.770 0.0000000000
75127  -32.061  -5.968  16.460 0.0000000000
76172  -32.539  -5.347  15.949 0.0000000000
78251  -34.834  -3.331  12.052 0.0000000000
77267  -35.943  -3.048  12.009 0.0000000000
77187  -43.190  -1.857  15.230 0.0000000000
144648  -42.550  -1.915  14.711 0.0000000000
78241  -43.852  -1.550  14.147 0.0000000000
65296  -19.826  -15.317  32.547 0.0000000000
153509  -20.012  -14.150  32.513 0.0000000000
65283  -19.406  -14.731  32.972 0.0000000000
64237  -18.556  -14.983  34.425 0.0000000000
66396  -19.551  -13.974  33.943 0.0000000000
64238  -18.919  -14.437  34.683 0.0000000000
66373  -19.720  -13.857  35.743 0.0000000000
64224  -19.130  -14.491  35.385 0.0000000000
145491  -17.673  -17.144  36.068 0.0000000000
140959  -16.897  -16.547  36.634 0.0000000000
65387  -36.027  -15.167  27.471 0.0000000000
65403  -36.253  -14.607  26.503 0.0000000000
66491  -36.109  -12.107  26.989 0.0000000000
155585  -36.262  -11.627  27.111 0.0000000000
67557  -28.801  -13.140  29.396 0.0000000000
67560  -31.693  -12.287  29.761 0.0000000000
67559  -30.643  -12.323  29.807 0.0000000000
68589  -31.566  -12.101  28.972 0.0000000000
67571  -32.436  -12.502  28.958 0.0000000000
66421  -34.150  -12.120  30.201 0.0000000000
65338  -34.100  -13.114  28.272 0.0000000000
66450  -33.680  -12.973  28.294 0.0000000000
65352  -33.589  -13.293  27.927 0.0000000000
65367  -33.678  -13.940  27.630 0.0000000000
154053  -36.015  -14.516  28.084 0.0000000000
66433  -29.058  -13.089  30.969 0.0000000000
66447  -28.172  -13.647  29.854 0.0000000000
80386  -41.603  -0.113  8.584 0.0000000000
81396  -43.915  -0.002  7.886 0.0000000000
82478  -43.163  0.528  7.375 0.0000000000
82492  -42.645  0.985  6.480 0.0000000000
82493  -43.719  1.074  6.559 0.0000000000
81400  -47.339  -0.136  7.555 0.0000000000
82482  -46.916  0.235  6.965 0.0000000000
83507  -45.200  1.897  5.907 0.0000000000
83492  -44.414  1.635  6.012 0.0000000000
84449  -44.638  2.403  5.436 0.0000000000
84450  -45.486  2.455  5.658 0.0000000000
85344  -46.425  4.151  4.778 0.0000000000
86174  -46.103  4.523  3.998 0.0000000000
86175  -46.951  4.770  4.337 0.0000000000
86176  -47.528  4.728  5.049 0.0000000000
87119  -48.605  5.456  5.808 0.0000000000
87120  -49.581  5.914  5.688 0.0000000000
87112  -50.101  5.930  6.468 0.0000000000
87113  -50.940  6.485  6.579 0.0000000000
75086  -34.399  -5.450  20.247 0.0000000000
75069  -34.171  -6.273  20.686 0.0000000000
75102  -34.295  -5.117  19.284 0.0000000000
77155  -35.909  -3.586  19.437 0.0000000000
77157  -35.340  -3.772  18.276 0.0000000000
76161  -34.321  -4.852  18.379 0.0000000000
76167  -34.310  -4.644  17.545 0.0000000000
76175  -34.785  -4.035  17.138 0.0000000000
161773  -34.728  -3.860  16.471 0.0000000000
77180  -34.946  -3.318  15.920 0.0000000000
77181  -35.568  -2.766  15.181 0.0000000000
78199  -38.604  -1.656  16.548 0.0000000000
78215  -37.465  -1.880  15.519 0.0000000000
78217  -39.301  -1.774  15.871 0.0000000000
146718  -41.333  -1.675  17.109 0.0000000000
78202  -41.369  -1.829  16.336 0.0000000000
165398  -19.771  -13.569  29.682 0.0000000000
63196  -18.671  -16.958  29.774 0.0000000000
63170  -18.991  -16.803  31.831 0.0000000000
64271  -19.882  -15.982  31.491 0.0000000000
64262  -19.430  -16.161  32.099 0.0000000000
151643  -19.762  -15.786  32.192 0.0000000000
72588  -17.517  -8.331  48.208 0.0000000000
67661  -34.372  -13.833  20.782 0.0000000000
68676  -33.987  -12.626  20.971 0.0000000000
70603  -34.083  -11.061  22.376 0.0000000000
69626  -33.987  -11.790  21.635 0.0000000000
66503  -36.349  -13.140  25.823 0.0000000000
66520  -36.264  -14.010  24.810 0.0000000000
66521  -36.306  -13.135  25.128 0.0000000000
160812  -36.211  -11.152  25.174 0.0000000000
68633  -35.997  -11.686  25.033 0.0000000000
68645  -35.825  -11.387  24.687 0.0000000000
71687  -35.980  -9.632  24.556 0.0000000000
71700  -34.833  -9.453  23.594 0.0000000000
71699  -34.592  -8.529  23.251 0.0000000000
76132  -35.489  -5.147  21.834 0.0000000000
76117  -36.374  -4.781  22.711 0.0000000000
77137  -37.170  -4.577  24.116 0.0000000000
77148  -36.673  -3.895  22.235 0.0000000000
65412  -22.582  -14.940  23.494 0.0000000000
67568  -28.766  -12.883  28.514 0.0000000000
67578  -27.908  -13.264  26.888 0.0000000000
68596  -29.041  -11.968  26.583 0.0000000000
68606  -28.670  -11.990  25.782 0.0000000000
68618  -28.281  -11.888  24.938 0.0000000000
69578  -29.022  -11.723  25.161 0.0000000000
67603  -31.770  -12.639  25.304 0.0000000000
67602  -31.083  -12.249  25.860 0.0000000000
142610  -30.921  -12.580  24.962 0.0000000000
65347  -23.640  -15.334  28.354 0.0000000000
139443  -23.257  -15.338  29.077 0.0000000000
165798  -22.129  -15.201  27.672 0.0000000000
139080  -20.583  -15.456  27.477 0.0000000000
65360  -19.699  -15.868  26.953 0.0000000000
87139  -48.055  5.686  3.288 0.0000000000
87140  -49.123  5.746  3.265 0.0000000000
87153  -49.230  5.549  2.208 0.0000000000
147459  -50.074  5.304  1.974 0.0000000000
88162  -53.024  6.926  3.913 0.0000000000
88168  -51.800  6.217  3.658 0.0000000000
88169  -52.502  6.420  3.302 0.0000000000
88186  -53.004  6.153  1.489 0.0000000000
87168  -52.519  5.499  0.890 0.0000000000
87167  -51.609  5.071  1.159 0.0000000000
89207  -52.868  7.241  0.332 0.0000000000
89214  -52.423  6.869  -0.383 0.0000000000
88197  -51.835  6.438  -1.087 0.0000000000
89213  -51.561  7.219  -0.801 0.0000000000
89212  -50.587  7.537  -1.058 0.0000000000
90168  -51.070  7.781  -0.524 0.0000000000
91114  -50.596  9.302  1.574 0.0000000000
156338  -50.631  8.737  0.730 0.0000000000
91102  -49.725  9.697  1.663 0.0000000000
92105  -50.174  10.398  2.872 0.0000000000
64132  -15.531  -15.243  42.329 0.0000000000
73977  -33.288  -7.425  20.783 0.0000000000
72856  -32.043  -8.452  20.272 0.0000000000
79323  -37.513  -1.910  9.151 0.0000000000
79338  -38.060  -1.402  8.645 0.0000000000
77204  -36.435  -2.582  14.288 0.0000000000
77231  -35.965  -2.948  13.629 0.0000000000
146118  -38.158  -2.126  12.792 0.0000000000
77254  -37.939  -2.371  12.240 0.0000000000
159598  -41.162  -1.931  13.544 0.0000000000
77235  -40.386  -1.871  13.253 0.0000000000
77272  -39.859  -1.770  11.830 0.0000000000
78266  -38.954  -1.893  11.507 0.0000000000
78284  -38.498  -2.075  11.030 0.0000000000
78285  -39.434  -1.793  11.099 0.0000000000
79310  -40.669  -1.451  10.751 0.0000000000
78302  -39.900  -1.654  10.692 0.0000000000
79326  -40.339  -1.219  10.168 0.0000000000
80372  -40.707  -0.668  9.550 0.0000000000
79313  -43.116  -1.057  10.814 0.0000000000
80346  -43.645  -0.726  10.369 0.0000000000
80359  -44.273  -0.507  9.706 0.0000000000
64159  -17.194  -14.644  39.919 0.0000000000
65238  -18.519  -13.825  40.077 0.0000000000
65237  -17.855  -14.214  40.570 0.0000000000
65231  -17.547  -14.162  41.403 0.0000000000
65230  -17.113  -14.496  41.045 0.0000000000
64139  -16.428  -14.860  41.435 0.0000000000
64147  -15.856  -15.416  40.990 0.0000000000
63034  -14.843  -16.986  40.834 0.0000000000
64129  -15.568  -15.000  43.092 0.0000000000
147818  -15.937  -14.540  43.533 0.0000000000
64119  -15.734  -14.326  45.294 0.0000000000
65204  -16.427  -13.744  44.620 0.0000000000
66311  -16.426  -12.915  45.724 0.0000000000
68464  -17.113  -11.206  46.073 0.0000000000
68463  -16.656  -11.179  46.494 0.0000000000
62976  -14.031  -15.848  47.020 0.0000000000
64114  -14.521  -15.209  46.556 0.0000000000
67398  -15.058  -12.321  47.414 0.0000000000
67399  -15.321  -12.394  47.171 0.0000000000
68459  -15.776  -11.694  47.000 0.0000000000
68460  -16.384  -10.748  46.877 0.0000000000
69438  -16.367  -10.134  47.237 0.0000000000
70415  -16.713  -9.506  47.204 0.0000000000
69435  -15.913  -10.477  47.637 0.0000000000
70410  -15.877  -10.378  47.879 0.0000000000
68451  -12.338  -13.248  49.001 0.0000000000
69431  -12.858  -12.597  48.587 0.0000000000
154660  -17.700  -13.203  43.156 0.0000000000
66555  -34.353  -14.391  22.634 0.0000000000
65365  -25.111  -15.075  26.702 0.0000000000
141266  -27.163  -14.259  30.547 0.0000000000
160591  -26.668  -15.122  29.727 0.0000000000
139441  -25.976  -15.306  29.159 0.0000000000
65349  -25.379  -15.258  28.305 0.0000000000
85348  -44.714  3.441  3.357 0.0000000000
86202  -48.218  4.750  1.185 0.0000000000
70615  -33.227  -11.429  20.861 0.0000000000
165996  -32.924  -4.892  15.441 0.0000000000
76196  -32.739  -4.642  14.738 0.0000000000
76195  -31.851  -5.048  14.235 0.0000000000
61873  -17.423  -16.178  34.004 0.0000000000
63140  -18.242  -15.418  33.718 0.0000000000
63124  -17.786  -15.822  34.335 0.0000000000
63125  -18.405  -15.480  34.766 0.0000000000
63107  -18.373  -16.143  35.233 0.0000000000
155160  -19.061  -16.554  35.747 0.0000000000
63088  -16.611  -17.028  36.028 0.0000000000
61842  -15.737  -17.546  35.826 0.0000000000
66480  -35.827  -12.204  27.572 0.0000000000
67583  -36.225  -11.590  27.540 0.0000000000
66434  -30.008  -13.063  31.194 0.0000000000
67541  -29.823  -12.835  30.431 0.0000000000
67543  -31.821  -12.398  30.540 0.0000000000
66436  -34.343  -12.179  29.431 0.0000000000
65339  -34.377  -13.017  28.234 0.0000000000
163855  -34.760  -14.655  28.707 0.0000000000
148246  -34.813  -13.864  28.231 0.0000000000
156032  -35.477  -14.168  28.314 0.0000000000
66419  -30.164  -13.126  31.959 0.0000000000
81382  -43.511  -0.220  8.617 0.0000000000
83485  -47.827  1.027  7.157 0.0000000000
83494  -46.811  0.949  6.628 0.0000000000
83495  -47.272  1.359  6.773 0.0000000000
84435  -46.617  1.785  6.481 0.0000000000
84451  -46.166  2.541  5.973 0.0000000000
84452  -46.678  2.720  6.331 0.0000000000
85331  -46.841  3.609  6.047 0.0000000000
86166  -47.181  4.289  5.757 0.0000000000
76145  -34.863  -5.030  20.679 0.0000000000
163715  -36.522  -3.123  18.885 0.0000000000
139196  -35.358  -3.565  17.488 0.0000000000
77167  -36.035  -2.693  17.036 0.0000000000
78197  -36.627  -2.007  16.241 0.0000000000
145545  -21.359  -13.238  29.621 0.0000000000
65322  -20.139  -15.303  29.690 0.0000000000
61910  -17.572  -17.212  32.669 0.0000000000
91126  -49.106  9.853  0.185 0.0000000000
92133  -49.257  9.694  -0.594 0.0000000000
92130  -49.311  10.283  -0.123 0.0000000000
93105  -50.690  11.018  -0.768 0.0000000000
68664  -34.527  -12.684  21.797 0.0000000000
161071  -34.312  -12.162  21.903 0.0000000000
70604  -34.517  -11.058  22.991 0.0000000000
67605  -36.476  -11.418  25.961 0.0000000000
67617  -36.164  -11.982  25.403 0.0000000000
68634  -36.497  -10.790  25.527 0.0000000000
72822  -36.774  -8.497  25.241 0.0000000000
72821  -36.163  -8.836  24.658 0.0000000000
150652  -35.533  -9.069  24.140 0.0000000000
73969  -35.083  -6.680  22.648 0.0000000000
76118  -36.495  -5.387  23.564 0.0000000000
78133  -37.550  -4.201  24.525 0.0000000000
66514  -24.035  -14.012  23.462 0.0000000000
68608  -30.277  -11.757  26.147 0.0000000000
65332  -22.876  -15.216  29.814 0.0000000000
65362  -22.519  -15.199  27.322 0.0000000000
65377  -19.587  -15.827  25.954 0.0000000000
65394  -19.599  -16.058  25.099 0.0000000000
144034  -49.423  5.918  4.162 0.0000000000
87142  -51.075  5.876  3.256 0.0000000000
88180  -53.466  6.935  1.926 0.0000000000
88187  -53.276  6.735  1.218 0.0000000000
88193  -53.192  6.828  0.674 0.0000000000
147516  -51.780  8.407  0.502 0.0000000000
91115  -51.861  9.293  1.565 0.0000000000
91105  -52.369  9.716  2.132 0.0000000000
63011  -14.430  -16.910  42.448 0.0000000000
73987  -33.031  -7.141  19.970 0.0000000000
73986  -32.163  -7.673  19.535 0.0000000000
73998  -31.412  -7.938  18.672 0.0000000000
78299  -37.199  -2.280  9.955 0.0000000000
78300  -38.104  -2.012  10.215 0.0000000000
77206  -38.264  -1.909  14.826 0.0000000000
77233  -37.415  -2.283  13.548 0.0000000000
153188  -39.130  -1.894  13.587 0.0000000000
150791  -39.011  -1.837  12.844 0.0000000000
159934  -41.557  -1.625  12.820 0.0000000000
159980  -40.916  -1.759  12.806 0.0000000000
77258  -41.213  -1.642  12.169 0.0000000000
138873  -40.347  -1.660  11.411 0.0000000000
78287  -40.857  -1.548  11.147 0.0000000000
79311  -41.456  -1.297  10.808 0.0000000000
79328  -42.012  -0.942  10.424 0.0000000000
79312  -42.339  -1.217  10.923 0.0000000000
79314  -43.817  -0.948  11.172 0.0000000000
64194  -19.714  -16.196  37.317 0.0000000000
64177  -19.490  -15.836  38.071 0.0000000000
65250  -19.302  -14.796  38.151 0.0000000000
63047  -15.004  -17.105  39.884 0.0000000000
62998  -14.711  -15.902  44.202 0.0000000000
64125  -15.789  -14.632  44.156 0.0000000000
62993  -15.147  -15.355  44.599 0.0000000000
64118  -15.230  -14.973  45.573 0.0000000000
65192  -13.890  -14.270  47.676 0.0000000000
163245  -14.507  -14.171  47.225 0.0000000000
66303  -14.381  -13.535  47.512 0.0000000000
67394  -14.759  -12.340  47.601 0.0000000000
68458  -15.327  -11.709  47.397 0.0000000000
149194  -15.486  -11.164  47.514 0.0000000000
68455  -14.809  -11.854  47.725 0.0000000000
165318  -14.633  -11.203  48.172 0.0000000000
67526  -32.901  -12.258  31.600 0.0000000000
66438  -34.921  -11.645  29.640 0.0000000000
80361  -46.661  -0.892  9.132 0.0000000000
143367  -46.011  -0.610  8.033 0.0000000000
81386  -47.657  -0.346  8.209 0.0000000000
82470  -47.909  0.055  7.836 0.0000000000
84425  -48.002  1.824  7.585 0.0000000000
84426  -48.522  2.496  8.025 0.0000000000
85312  -48.936  3.378  7.912 0.0000000000
140926  -36.801  -3.300  21.225 0.0000000000
165595  -36.303  -3.861  20.972 0.0000000000
150604  -36.760  -3.169  20.292 0.0000000000
149059  -37.549  -2.568  19.517 0.0000000000
165856  -19.728  -16.103  28.855 0.0000000000
70424  -18.250  -9.049  46.002 0.0000000000
70423  -17.913  -9.375  46.146 0.0000000000
66556  -34.911  -13.904  22.211 0.0000000000
151737  -21.866  -14.893  24.056 0.0000000000
146597  -24.181  -14.033  24.234 0.0000000000
66499  -24.738  -14.346  25.071 0.0000000000
67599  -25.375  -13.215  24.148 0.0000000000
67615  -25.986  -12.692  23.768 0.0000000000
68628  -26.671  -12.371  23.434 0.0000000000
66489  -32.510  -13.088  26.834 0.0000000000
66501  -32.506  -13.062  25.838 0.0000000000
144875  -32.243  -13.180  24.753 0.0000000000
139442  -24.142  -15.403  29.136 0.0000000000
83514  -42.825  1.934  4.447 0.0000000000
86208  -50.194  4.246  -0.173 0.0000000000
149823  -51.944  7.035  5.245 0.0000000000
88160  -51.671  6.617  4.448 0.0000000000
88161  -52.456  6.954  4.577 0.0000000000
91107  -54.281  9.476  2.537 0.0000000000
75115  -32.423  -6.209  17.273 0.0000000000
164904  -36.429  -2.798  11.333 0.0000000000
144825  -41.726  -2.068  14.710 0.0000000000
77210  -41.811  -1.925  14.115 0.0000000000
159495  -42.611  -1.671  14.131 0.0000000000
78240  -43.081  -1.537  13.740 0.0000000000
79290  -43.372  -1.449  12.548 0.0000000000
67499  -19.905  -13.559  33.215 0.0000000000
64213  -19.609  -14.864  36.556 0.0000000000
64211  -19.888  -16.089  36.232 0.0000000000
64193  -18.825  -16.399  37.334 0.0000000000
64192  -17.711  -16.112  37.328 0.0000000000
64191  -16.561  -16.070  37.659 0.0000000000
63059  -15.674  -16.482  38.306 0.0000000000
166162  -15.233  -17.221  38.047 0.0000000000
66299  -13.277  -13.862  48.297 0.0000000000
65421  -35.923  -14.637  25.477 0.0000000000
67593  -36.190  -12.601  26.412 0.0000000000
68590  -36.451  -11.069  28.033 0.0000000000
147397  -27.614  -14.237  28.314 0.0000000000
67569  -29.379  -12.559  28.919 0.0000000000
68587  -30.136  -12.102  28.756 0.0000000000
68588  -30.988  -11.974  28.583 0.0000000000
68599  -31.687  -12.257  28.122 0.0000000000
66476  -32.460  -12.864  27.664 0.0000000000
66449  -33.323  -12.600  29.115 0.0000000000
140527  -33.958  -12.592  29.090 0.0000000000
141397  -32.856  -12.661  28.792 0.0000000000
66463  -33.027  -12.836  28.260 0.0000000000
163959  -32.842  -13.124  27.185 0.0000000000
140282  -33.398  -14.945  27.447 0.0000000000
65385  -34.314  -15.228  27.376 0.0000000000
65327  -27.450  -13.561  31.040 0.0000000000
65337  -27.554  -13.937  30.224 0.0000000000
66446  -27.665  -14.156  29.606 0.0000000000
148610  -40.191  -0.456  8.984 0.0000000000
80384  -40.048  -0.171  8.229 0.0000000000
81394  -40.890  0.101  7.835 0.0000000000
81398  -45.709  -0.238  7.537 0.0000000000
82480  -45.311  0.244  7.058 0.0000000000
82496  -46.370  0.614  6.701 0.0000000000
82495  -45.735  0.723  6.707 0.0000000000
82494  -44.859  0.924  6.696 0.0000000000
83491  -43.420  1.635  5.852 0.0000000000
84462  -44.192  2.885  4.629 0.0000000000
85342  -44.776  3.471  4.162 0.0000000000
85329  -45.798  3.033  5.361 0.0000000000
86179  -45.378  4.061  3.520 0.0000000000
86180  -46.080  4.653  3.074 0.0000000000
87137  -46.720  5.097  2.741 0.0000000000
87138  -47.202  5.363  3.402 0.0000000000
87130  -48.278  5.292  4.964 0.0000000000
86155  -49.417  4.375  7.685 0.0000000000
86159  -49.746  5.280  7.246 0.0000000000
144243  -51.447  6.842  5.914 0.0000000000
88150  -52.255  7.286  6.094 0.0000000000
72840  -33.665  -8.427  22.306 0.0000000000
71711  -33.137  -8.740  21.957 0.0000000000
72849  -33.520  -7.847  21.591 0.0000000000
73988  -33.679  -6.739  20.302 0.0000000000
75084  -33.422  -6.587  19.616 0.0000000000
75100  -33.457  -6.228  18.952 0.0000000000
140228  -33.506  -5.878  18.279 0.0000000000
76158  -35.319  -4.293  20.084 0.0000000000
75116  -33.246  -5.781  17.579 0.0000000000
76166  -33.718  -5.112  17.103 0.0000000000
161044  -34.732  -3.400  14.394 0.0000000000
77183  -39.080  -1.774  14.996 0.0000000000
78179  -39.369  -1.653  17.758 0.0000000000
78188  -39.816  -1.783  17.105 0.0000000000
78190  -40.626  -1.549  17.730 0.0000000000
162026  -40.169  -1.849  16.618 0.0000000000
78219  -40.730  -1.846  16.188 0.0000000000
77185  -41.433  -1.999  15.501 0.0000000000
77170  -42.826  -1.824  15.765 0.0000000000
64278  -19.913  -16.055  30.542 0.0000000000
63183  -18.843  -16.937  30.834 0.0000000000
156146  -20.022  -15.657  30.817 0.0000000000
64263  -19.550  -15.827  32.740 0.0000000000
148803  -18.112  -16.606  32.812 0.0000000000
61891  -17.480  -16.814  33.388 0.0000000000
63139  -18.024  -16.133  33.310 0.0000000000
93084  -50.737  11.946  0.692 0.0000000000
93095  -51.673  11.645  -0.385 0.0000000000
67630  -35.996  -13.062  24.439 0.0000000000
153810  -36.006  -12.367  24.910 0.0000000000
67643  -35.385  -11.834  24.032 0.0000000000
70584  -36.335  -10.247  24.981 0.0000000000
70583  -35.940  -10.841  24.654 0.0000000000
69605  -34.919  -11.185  23.551 0.0000000000
145929  -33.846  -9.160  22.652 0.0000000000
75056  -34.818  -6.196  21.931 0.0000000000
149929  -36.281  -4.269  21.733 0.0000000000
75048  -36.653  -5.742  24.306 0.0000000000
67590  -27.542  -12.974  25.982 0.0000000000
67591  -28.323  -12.440  26.382 0.0000000000
67601  -27.132  -12.648  25.110 0.0000000000
68617  -27.595  -12.109  24.632 0.0000000000
68629  -27.406  -12.053  23.824 0.0000000000
155657  -29.783  -11.818  25.352 0.0000000000
68632  -30.158  -12.268  24.640 0.0000000000
69584  -28.521  -11.850  24.306 0.0000000000
69595  -27.979  -11.950  23.610 0.0000000000
67539  -21.644  -14.262  29.468 0.0000000000
65344  -20.631  -15.333  28.206 0.0000000000
155614  -19.060  -16.321  27.396 0.0000000000
87164  -48.586  5.281  1.584 0.0000000000
147993  -50.871  4.678  0.399 0.0000000000
87179  -51.985  5.433  -0.999 0.0000000000
88192  -52.908  6.070  -0.071 0.0000000000
89211  -49.881  7.873  -1.055 0.0000000000
152416  -49.528  8.545  -0.614 0.0000000000
90162  -50.910  8.239  0.010 0.0000000000
90161  -49.894  8.528  0.173 0.0000000000
90160  -49.385  8.942  0.194 0.0000000000
91113  -49.326  9.665  1.080 0.0000000000
93058  -49.848  11.193  2.425 0.0000000000
64134  -16.755  -14.347  42.222 0.0000000000
152126  -16.127  -14.672  42.471 0.0000000000
145068  -14.941  -15.654  43.565 0.0000000000
61758  -14.411  -16.481  43.721 0.0000000000
74011  -31.141  -7.365  17.279 0.0000000000
164089  -35.678  -3.071  13.216 0.0000000000
140445  -36.308  -2.852  12.829 0.0000000000
77253  -37.018  -2.695  12.196 0.0000000000
77257  -40.092  -1.772  12.436 0.0000000000
77256  -39.397  -1.843  12.248 0.0000000000
77270  -38.488  -2.176  11.885 0.0000000000
77283  -37.716  -2.448  11.220 0.0000000000
80357  -41.549  -0.430  9.309 0.0000000000
80374  -43.082  -0.419  9.376 0.0000000000
79301  -43.589  -1.291  11.986 0.0000000000
156409  -17.798  -13.789  41.718 0.0000000000
64138  -15.682  -15.345  41.703 0.0000000000
162105  -16.939  -13.766  42.981 0.0000000000
65212  -17.135  -13.533  43.293 0.0000000000
65213  -17.289  -13.343  43.565 0.0000000000
65209  -17.069  -13.299  44.131 0.0000000000
66315  -17.417  -12.794  44.512 0.0000000000
67405  -17.683  -11.349  45.410 0.0000000000
69444  -17.564  -9.962  46.149 0.0000000000
70419  -17.226  -9.542  46.644 0.0000000000
163094  -14.344  -15.974  45.990 0.0000000000
64115  -15.144  -14.761  46.064 0.0000000000
65199  -15.512  -14.063  46.103 0.0000000000
66304  -14.989  -13.214  47.195 0.0000000000
66307  -15.611  -12.660  46.783 0.0000000000
67402  -16.167  -11.791  46.629 0.0000000000
68461  -16.484  -11.122  46.662 0.0000000000
69441  -16.871  -10.085  46.626 0.0000000000
70418  -16.919  -9.540  46.888 0.0000000000
149090  -17.247  -8.937  47.145 0.0000000000
71430  -17.068  -8.798  47.567 0.0000000000
71426  -16.870  -8.778  48.201 0.0000000000
70411  -16.162  -10.131  47.818 0.0000000000
152144  -16.415  -9.666  47.997 0.0000000000
71425  -16.968  -9.140  48.319 0.0000000000
72587  -16.863  -8.718  49.298 0.0000000000
66297  -12.753  -14.002  48.863 0.0000000000
66296  -12.258  -14.223  49.652 0.0000000000
68453  -13.070  -13.034  48.417 0.0000000000
69433  -13.578  -12.487  48.306 0.0000000000
61857  -17.758  -16.378  34.882 0.0000000000
63071  -19.105  -16.642  36.620 0.0000000000
63089  -18.999  -15.510  35.610 0.0000000000
64117  -14.701  -15.362  46.026 0.0000000000
64122  -16.135  -14.193  44.375 0.0000000000
64161  -18.774  -14.960  38.425 0.0000000000
64178  -19.962  -15.366  37.692 0.0000000000
64195  -20.195  -15.336  36.930 0.0000000000
64212  -19.569  -15.187  36.175 0.0000000000
64252  -18.847  -15.285  33.010 0.0000000000
65196  -15.226  -13.664  46.734 0.0000000000
65205  -16.783  -13.214  44.969 0.0000000000
65208  -16.751  -13.661  43.862 0.0000000000
65214  -18.278  -12.801  43.018 0.0000000000
65227  -18.253  -13.095  42.100 0.0000000000
65232  -18.165  -13.801  41.102 0.0000000000
65262  -19.548  -14.132  36.513 0.0000000000
65267  -19.557  -13.947  35.863 0.0000000000
65284  -19.152  -13.996  34.165 0.0000000000
65354  -34.353  -13.783  27.936 0.0000000000
66308  -16.115  -12.544  46.331 0.0000000000
66310  -15.847  -13.285  46.238 0.0000000000
66316  -18.053  -12.470  44.106 0.0000000000
66320  -17.724  -12.962  43.714 0.0000000000
66321  -18.724  -12.379  43.114 0.0000000000
66395  -19.850  -14.459  33.035 0.0000000000
66515  -24.686  -13.524  23.738 0.0000000000
67403  -16.626  -12.100  46.010 0.0000000000
67404  -17.237  -11.849  45.572 0.0000000000
67408  -17.660  -12.138  44.899 0.0000000000
67409  -18.286  -11.677  44.519 0.0000000000
67410  -18.824  -11.593  43.931 0.0000000000
67613  -24.703  -13.497  23.124 0.0000000000
68465  -17.595  -10.583  45.866 0.0000000000
68468  -18.688  -10.972  44.493 0.0000000000
68471  -19.204  -11.119  43.756 0.0000000000
68472  -19.598  -10.937  43.323 0.0000000000
69442  -17.132  -10.005  46.470 0.0000000000
69448  -18.468  -10.199  45.174 0.0000000000
69452  -19.879  -10.490  43.258 0.0000000000
70422  -17.457  -9.551  46.459 0.0000000000
70426  -18.307  -9.595  45.619 0.0000000000
70430  -19.820  -9.809  43.801 0.0000000000
71440  -18.272  -8.401  46.465 0.0000000000
78239  -42.243  -1.568  13.245 0.0000000000
81385  -46.581  -0.688  8.343 0.0000000000
83484  -47.332  0.722  6.881 0.0000000000
91103  -50.300  9.888  2.370 0.0000000000
91112  -49.114  9.945  0.762 0.0000000000
91117  -53.899  8.881  1.930 0.0000000000
91121  -49.219  9.462  0.508 0.0000000000
91127  -49.187  9.249  -0.170 0.0000000000
92118  -49.340  10.213  1.359 0.0000000000
92131  -49.682  10.405  -0.741 0.0000000000
93083  -49.946  11.353  0.674 0.0000000000
143606  -19.001  -15.185  35.858 0.0000000000
147489  -18.263  -13.389  41.642 0.0000000000
147761  -47.120  -0.492  7.988 0.0000000000
151260  -16.746  -10.524  46.610 0.0000000000
154145  -17.292  -10.673  46.117 0.0000000000
155004  -19.490  -9.213  44.563 0.0000000000
157876  -15.811  -10.684  47.630 0.0000000000
159441  -41.546  -1.526  11.738 0.0000000000
159624  -49.564  9.885  -1.222 0.0000000000
161397  -13.537  -14.356  47.946 0.0000000000
166615  -18.293  -12.642  43.421 0.0000000000
167491  -17.039  -11.013  46.242 0.0000000000
167634  -40.661  -1.964  15.503 0.0000000000
