#!ascii label  , from subject sub-v1s14x0051571_ses-1 vox2ras=TkReg
1763
101358  -41.818  21.465  -6.385 0.0000000000
144757  -55.452  17.721  -21.722 0.0000000000
105422  -50.685  25.510  -1.529 0.0000000000
140692  -51.731  15.715  -12.708 0.0000000000
98779  -49.974  17.472  -2.732 0.0000000000
102965  -51.040  22.772  -16.778 0.0000000000
108045  -54.453  28.437  -15.787 0.0000000000
110181  -42.933  31.170  -13.920 0.0000000000
93056  -43.957  11.835  2.337 0.0000000000
98853  -45.946  18.002  -10.303 0.0000000000
98913  -49.850  17.584  -16.107 0.0000000000
102910  -46.690  22.435  -10.581 0.0000000000
106272  -56.159  26.464  -1.068 0.0000000000
105498  -57.102  25.429  -9.011 0.0000000000
107113  -54.118  27.466  -8.970 0.0000000000
107181  -48.370  27.233  -14.165 0.0000000000
109503  -48.884  30.482  -9.830 0.0000000000
100745  -51.480  20.149  -24.343 0.0000000000
99677  -41.424  17.928  0.815 0.0000000000
103714  -45.772  24.239  -3.027 0.0000000000
99800  -57.257  18.397  -9.441 0.0000000000
98823  -50.539  17.521  -7.278 0.0000000000
97815  -45.387  16.245  -5.862 0.0000000000
94944  -44.373  13.308  -2.542 0.0000000000
146189  -54.127  20.738  -21.578 0.0000000000
105634  -54.646  25.646  -24.278 0.0000000000
104648  -51.547  24.337  -9.884 0.0000000000
164549  -54.820  26.262  -17.209 0.0000000000
108142  -53.008  28.727  -22.980 0.0000000000
141111  -48.060  28.426  -20.330 0.0000000000
153360  -43.043  28.101  -17.924 0.0000000000
100615  -43.762  19.593  -8.190 0.0000000000
101387  -45.772  20.155  -10.547 0.0000000000
102889  -44.459  22.574  -8.485 0.0000000000
107963  -57.079  28.458  -3.155 0.0000000000
107085  -57.467  27.527  -6.566 0.0000000000
146746  -53.961  28.723  -6.377 0.0000000000
107988  -50.710  28.774  -8.422 0.0000000000
99928  -54.280  18.962  -23.201 0.0000000000
147060  -40.279  19.322  2.568 0.0000000000
100536  -43.062  19.439  1.783 0.0000000000
99745  -49.735  18.047  -5.176 0.0000000000
97831  -48.041  17.014  -6.505 0.0000000000
97802  -47.531  16.700  -4.685 0.0000000000
94021  -44.582  11.950  -0.517 0.0000000000
96778  -38.096  15.187  -3.002 0.0000000000
98771  -36.994  17.971  -1.964 0.0000000000
96766  -35.410  15.353  -1.389 0.0000000000
97941  -54.596  16.519  -15.478 0.0000000000
101425  -49.925  20.428  -16.721 0.0000000000
99884  -51.434  18.969  -19.063 0.0000000000
102186  -51.151  21.677  -20.730 0.0000000000
103029  -53.610  22.547  -23.407 0.0000000000
156181  -51.669  24.468  -20.254 0.0000000000
104589  -48.086  24.828  -2.164 0.0000000000
104611  -48.248  25.061  -6.447 0.0000000000
105455  -51.155  25.517  -5.897 0.0000000000
107173  -57.044  27.335  -13.097 0.0000000000
105533  -56.183  25.338  -13.475 0.0000000000
108048  -56.788  28.762  -16.369 0.0000000000
161495  -55.770  29.303  -20.350 0.0000000000
108089  -53.413  28.681  -18.951 0.0000000000
148006  -49.964  29.041  -22.401 0.0000000000
159492  -51.014  27.347  -18.084 0.0000000000
165219  -45.188  28.701  -13.452 0.0000000000
155453  -45.353  28.443  -16.231 0.0000000000
162250  -42.461  29.084  -15.487 0.0000000000
108845  -40.241  28.986  -18.298 0.0000000000
109543  -41.058  30.638  -16.514 0.0000000000
96864  -48.709  15.891  -11.608 0.0000000000
97925  -50.671  16.150  -14.667 0.0000000000
98876  -48.062  17.630  -12.767 0.0000000000
100649  -48.371  19.784  -13.380 0.0000000000
102144  -49.944  21.853  -13.987 0.0000000000
105425  -53.540  25.816  -0.847 0.0000000000
105450  -53.536  26.025  -4.924 0.0000000000
106298  -56.983  26.161  -5.270 0.0000000000
107116  -57.401  27.162  -9.529 0.0000000000
140757  -53.602  27.561  -12.941 0.0000000000
107184  -51.394  27.147  -15.015 0.0000000000
139666  -51.136  27.410  -11.818 0.0000000000
108014  -48.142  28.139  -10.946 0.0000000000
109519  -46.114  30.961  -11.857 0.0000000000
153119  -50.742  21.553  -25.872 0.0000000000
101338  -40.589  22.186  -2.193 0.0000000000
164917  -42.741  24.084  -4.531 0.0000000000
102085  -43.778  21.977  -0.876 0.0000000000
102850  -45.586  22.129  0.537 0.0000000000
103693  -47.785  23.339  1.967 0.0000000000
166481  -47.422  22.514  5.498 0.0000000000
104549  -50.918  24.044  2.927 0.0000000000
162817  -54.614  17.327  -10.666 0.0000000000
98834  -53.396  17.852  -8.550 0.0000000000
141942  -51.522  16.725  -9.518 0.0000000000
97851  -47.555  16.301  -8.715 0.0000000000
98820  -45.116  16.921  -7.783 0.0000000000
97739  -49.965  15.844  0.188 0.0000000000
94891  -46.427  13.397  2.668 0.0000000000
148003  -47.306  13.714  0.075 0.0000000000
95852  -47.117  14.737  -2.247 0.0000000000
96802  -44.755  15.145  -4.328 0.0000000000
99752  -40.478  19.026  -5.203 0.0000000000
99896  -58.111  18.749  -20.925 0.0000000000
98928  -52.639  17.465  -17.681 0.0000000000
167708  -55.191  19.579  -19.791 0.0000000000
100726  -57.210  19.681  -22.747 0.0000000000
144632  -55.590  20.685  -24.781 0.0000000000
103065  -54.641  22.540  -25.932 0.0000000000
104795  -53.116  24.504  -26.433 0.0000000000
104616  -45.650  24.200  -7.257 0.0000000000
150772  -49.187  23.802  -10.072 0.0000000000
103786  -51.835  23.256  -13.670 0.0000000000
142942  -53.937  24.849  -9.151 0.0000000000
104690  -53.785  24.239  -13.261 0.0000000000
104726  -52.605  24.526  -16.879 0.0000000000
106390  -54.014  26.612  -20.551 0.0000000000
107297  -54.493  27.532  -23.776 0.0000000000
162258  -51.921  27.202  -24.767 0.0000000000
107221  -48.421  27.596  -17.624 0.0000000000
108097  -45.435  28.318  -19.205 0.0000000000
106388  -41.657  26.455  -20.623 0.0000000000
106380  -40.449  27.073  -19.510 0.0000000000
108067  -38.443  28.547  -18.010 0.0000000000
101363  -43.023  20.872  -7.706 0.0000000000
156346  -44.013  20.942  -8.708 0.0000000000
102100  -42.839  21.837  -7.350 0.0000000000
107972  -55.652  29.088  -5.235 0.0000000000
109476  -52.720  30.105  -6.722 0.0000000000
160940  -54.954  18.080  -22.074 0.0000000000
98786  -49.791  17.890  -3.828 0.0000000000
98795  -48.542  17.465  -4.804 0.0000000000
97785  -48.665  16.928  -3.689 0.0000000000
94937  -38.122  13.837  -2.279 0.0000000000
95846  -36.788  15.025  -2.259 0.0000000000
138722  -54.361  16.345  -13.095 0.0000000000
96902  -53.185  16.023  -14.378 0.0000000000
101426  -50.306  21.349  -17.139 0.0000000000
139663  -50.505  20.773  -19.019 0.0000000000
102983  -50.640  22.250  -18.811 0.0000000000
103003  -51.051  23.136  -20.423 0.0000000000
103831  -51.244  23.683  -18.988 0.0000000000
104584  -49.277  24.956  -1.165 0.0000000000
105438  -49.430  25.607  -3.910 0.0000000000
105439  -50.698  25.705  -3.281 0.0000000000
108036  -55.657  28.450  -14.849 0.0000000000
107189  -57.046  28.081  -14.845 0.0000000000
142436  -55.242  28.896  -16.268 0.0000000000
108846  -55.982  30.037  -18.209 0.0000000000
108076  -54.080  28.893  -18.145 0.0000000000
107259  -52.383  28.154  -19.247 0.0000000000
107224  -52.503  27.738  -17.501 0.0000000000
108814  -44.350  29.618  -13.199 0.0000000000
108033  -44.154  29.022  -14.319 0.0000000000
108822  -42.719  29.943  -14.426 0.0000000000
109537  -41.465  30.361  -15.606 0.0000000000
110189  -41.896  30.998  -14.985 0.0000000000
97875  -47.448  16.457  -10.755 0.0000000000
96876  -48.453  16.397  -12.300 0.0000000000
98865  -46.897  17.957  -11.409 0.0000000000
102124  -46.171  21.062  -10.784 0.0000000000
101393  -47.068  20.308  -11.763 0.0000000000
102137  -47.950  21.126  -12.364 0.0000000000
101407  -48.819  20.665  -13.591 0.0000000000
102131  -48.268  21.888  -12.146 0.0000000000
105426  -54.848  25.923  -0.455 0.0000000000
158988  -54.857  26.450  -2.758 0.0000000000
165200  -56.613  26.628  -2.775 0.0000000000
107089  -55.270  27.815  -7.238 0.0000000000
107100  -57.312  27.304  -8.097 0.0000000000
107114  -55.178  27.456  -9.356 0.0000000000
139399  -55.302  27.524  -11.331 0.0000000000
107127  -53.908  27.460  -10.331 0.0000000000
139398  -52.143  27.461  -12.193 0.0000000000
139667  -52.211  27.443  -10.679 0.0000000000
109484  -49.935  29.708  -8.769 0.0000000000
108007  -49.246  28.341  -9.995 0.0000000000
108797  -48.306  29.193  -10.160 0.0000000000
108803  -46.980  29.084  -10.969 0.0000000000
109511  -47.815  30.719  -10.766 0.0000000000
153708  -50.780  20.698  -25.222 0.0000000000
100563  -40.665  21.239  -1.091 0.0000000000
140906  -42.354  22.193  -1.439 0.0000000000
101328  -42.781  20.571  -0.294 0.0000000000
101315  -44.264  20.481  2.126 0.0000000000
101320  -44.780  20.737  1.108 0.0000000000
102068  -45.814  21.719  2.069 0.0000000000
102852  -47.111  23.031  1.287 0.0000000000
102842  -46.347  22.206  2.593 0.0000000000
102758  -47.200  22.897  7.501 0.0000000000
138823  -48.893  23.386  4.351 0.0000000000
103672  -50.512  23.839  4.632 0.0000000000
146004  -52.418  24.396  3.364 0.0000000000
104532  -52.400  24.270  5.074 0.0000000000
98868  -56.508  17.796  -11.190 0.0000000000
98857  -56.086  17.879  -10.448 0.0000000000
99775  -52.800  18.318  -6.999 0.0000000000
98825  -52.230  17.931  -7.578 0.0000000000
98840  -52.016  17.285  -8.898 0.0000000000
97854  -51.207  17.022  -8.746 0.0000000000
97862  -49.240  16.014  -9.252 0.0000000000
97843  -48.897  16.688  -7.786 0.0000000000
143174  -46.132  16.438  -5.920 0.0000000000
97840  -46.467  16.565  -7.316 0.0000000000
97838  -44.936  16.706  -7.036 0.0000000000
93986  -45.317  12.613  2.365 0.0000000000
94023  -45.933  12.649  0.083 0.0000000000
145981  -46.287  13.368  -1.015 0.0000000000
95841  -47.292  14.335  -1.395 0.0000000000
162397  -46.019  14.026  -2.285 0.0000000000
95865  -46.087  14.872  -3.334 0.0000000000
94956  -44.797  13.998  -3.032 0.0000000000
100578  -38.946  20.132  -3.967 0.0000000000
99731  -38.223  18.809  -3.514 0.0000000000
99892  -58.345  18.270  -20.276 0.0000000000
97936  -49.840  17.088  -15.475 0.0000000000
97938  -51.862  16.506  -15.937 0.0000000000
97962  -51.354  17.249  -17.008 0.0000000000
100709  -52.959  19.879  -20.292 0.0000000000
100699  -53.498  19.413  -19.773 0.0000000000
101457  -54.589  20.378  -21.029 0.0000000000
101459  -56.844  20.346  -21.572 0.0000000000
101471  -56.259  20.641  -22.190 0.0000000000
100749  -56.496  20.313  -23.913 0.0000000000
102204  -56.081  21.165  -23.690 0.0000000000
103860  -53.966  23.853  -24.195 0.0000000000
103053  -54.994  23.221  -25.132 0.0000000000
104781  -55.151  24.559  -25.564 0.0000000000
103880  -53.986  23.588  -26.468 0.0000000000
105647  -55.124  25.115  -25.818 0.0000000000
103716  -44.042  24.430  -4.048 0.0000000000
104607  -44.534  24.380  -6.032 0.0000000000
142813  -45.923  24.771  -5.124 0.0000000000
104619  -49.546  24.728  -7.891 0.0000000000
104618  -48.628  24.658  -7.783 0.0000000000
158784  -49.982  24.370  -9.186 0.0000000000
103770  -50.018  23.421  -11.392 0.0000000000
140232  -51.402  23.863  -11.351 0.0000000000
105470  -55.312  25.529  -6.743 0.0000000000
104623  -53.865  25.186  -7.850 0.0000000000
166829  -55.572  25.149  -9.513 0.0000000000
105543  -56.078  26.040  -14.933 0.0000000000
104692  -55.417  24.796  -12.984 0.0000000000
104710  -54.394  24.967  -15.136 0.0000000000
166607  -53.258  24.290  -15.000 0.0000000000
105562  -53.971  25.331  -16.471 0.0000000000
105584  -52.984  25.392  -18.367 0.0000000000
106374  -54.276  26.422  -18.740 0.0000000000
108134  -54.376  29.203  -21.855 0.0000000000
148644  -54.966  28.308  -21.927 0.0000000000
108153  -53.933  28.274  -23.417 0.0000000000
160492  -52.962  27.386  -24.916 0.0000000000
152701  -52.371  27.915  -24.443 0.0000000000
106428  -50.852  27.403  -24.327 0.0000000000
108151  -50.841  29.118  -24.073 0.0000000000
154168  -49.106  28.646  -21.363 0.0000000000
108140  -48.438  29.184  -22.947 0.0000000000
107182  -49.971  27.052  -14.366 0.0000000000
147349  -49.772  27.010  -16.217 0.0000000000
151644  -47.919  27.430  -15.757 0.0000000000
108070  -43.984  28.406  -17.321 0.0000000000
108072  -45.330  28.448  -17.617 0.0000000000
141664  -43.941  28.133  -18.349 0.0000000000
107254  -43.832  27.611  -20.484 0.0000000000
166557  -42.228  27.601  -19.489 0.0000000000
106381  -41.044  26.678  -20.180 0.0000000000
107235  -41.394  27.552  -19.436 0.0000000000
151139  -39.800  29.545  -18.834 0.0000000000
147823  -39.075  28.814  -18.965 0.0000000000
108844  -38.555  29.248  -18.293 0.0000000000
108837  -38.381  29.200  -17.313 0.0000000000
99796  -44.614  18.966  -9.048 0.0000000000
100634  -45.794  19.246  -10.573 0.0000000000
101379  -44.425  20.329  -9.115 0.0000000000
102116  -45.180  21.580  -9.758 0.0000000000
102900  -45.474  22.487  -9.561 0.0000000000
106287  -57.361  26.695  -3.986 0.0000000000
107968  -57.607  27.512  -4.466 0.0000000000
163385  -55.545  28.149  -6.459 0.0000000000
107088  -54.084  27.915  -7.419 0.0000000000
107096  -51.868  27.973  -8.491 0.0000000000
107983  -52.616  28.667  -7.200 0.0000000000
109479  -51.045  29.754  -7.820 0.0000000000
100735  -52.852  19.412  -23.419 0.0000000000
98721  -41.218  17.502  2.365 0.0000000000
99679  -42.600  18.673  1.198 0.0000000000
100534  -41.856  18.680  2.332 0.0000000000
160387  -50.264  17.811  -6.414 0.0000000000
98821  -48.776  17.180  -6.836 0.0000000000
98804  -48.433  17.441  -5.380 0.0000000000
97817  -47.245  16.769  -5.380 0.0000000000
97800  -45.996  16.128  -5.305 0.0000000000
93082  -44.087  11.491  0.677 0.0000000000
93104  -42.905  11.570  -1.041 0.0000000000
96787  -38.562  15.840  -3.473 0.0000000000
98783  -37.633  17.487  -3.184 0.0000000000
153328  -37.186  16.234  -2.711 0.0000000000
97756  -36.192  16.513  -1.853 0.0000000000
99858  -49.621  18.871  -16.491 0.0000000000
98940  -50.767  18.272  -17.955 0.0000000000
100690  -50.492  19.416  -18.518 0.0000000000
101454  -51.494  20.400  -20.194 0.0000000000
101468  -52.479  21.021  -21.315 0.0000000000
102202  -53.977  21.798  -23.007 0.0000000000
103015  -52.260  22.316  -22.211 0.0000000000
103850  -51.810  23.539  -21.931 0.0000000000
165296  -52.627  24.910  -22.353 0.0000000000
104587  -46.618  24.416  -2.685 0.0000000000
104600  -47.104  25.015  -4.123 0.0000000000
105444  -47.962  25.292  -4.269 0.0000000000
105454  -49.708  25.495  -5.367 0.0000000000
105476  -51.441  25.030  -7.497 0.0000000000
106329  -57.768  26.294  -11.441 0.0000000000
104673  -56.334  25.125  -11.310 0.0000000000
105526  -57.382  26.063  -12.694 0.0000000000
106347  -56.767  26.667  -14.712 0.0000000000
106369  -56.176  27.440  -17.060 0.0000000000
107243  -55.572  27.671  -18.942 0.0000000000
158644  -56.349  29.759  -18.371 0.0000000000
108857  -54.986  30.014  -19.805 0.0000000000
108117  -53.135  29.123  -21.426 0.0000000000
140067  -51.398  28.868  -22.602 0.0000000000
108103  -52.186  28.359  -20.146 0.0000000000
108102  -50.276  28.109  -20.483 0.0000000000
107256  -49.546  27.888  -19.695 0.0000000000
107164  -46.822  27.732  -13.539 0.0000000000
107193  -46.586  27.851  -15.428 0.0000000000
108035  -45.875  28.137  -14.881 0.0000000000
108042  -44.045  28.691  -15.703 0.0000000000
142585  -42.869  28.405  -16.961 0.0000000000
143499  -41.309  28.402  -17.607 0.0000000000
108054  -41.221  28.773  -16.818 0.0000000000
109549  -40.318  29.774  -18.155 0.0000000000
110207  -40.701  30.673  -18.661 0.0000000000
139739  -50.070  15.590  -11.970 0.0000000000
96890  -51.524  15.698  -13.602 0.0000000000
160235  -50.236  15.839  -13.468 0.0000000000
97924  -49.331  16.639  -14.142 0.0000000000
98895  -48.816  17.739  -14.316 0.0000000000
99822  -46.763  18.955  -11.517 0.0000000000
100656  -48.146  18.920  -13.158 0.0000000000
100670  -49.092  18.889  -14.924 0.0000000000
158953  -49.445  19.854  -15.492 0.0000000000
102157  -49.943  21.175  -15.223 0.0000000000
102158  -50.443  21.812  -15.235 0.0000000000
139617  -51.851  25.553  -0.770 0.0000000000
106275  -52.105  25.953  -2.969 0.0000000000
106282  -53.025  26.170  -3.187 0.0000000000
106296  -54.629  26.079  -5.051 0.0000000000
105471  -56.701  25.684  -6.733 0.0000000000
106299  -57.752  26.679  -5.530 0.0000000000
105473  -57.926  26.282  -7.205 0.0000000000
106318  -58.249  26.023  -9.543 0.0000000000
107143  -57.044  27.257  -11.452 0.0000000000
107157  -55.626  27.671  -12.774 0.0000000000
107186  -53.751  27.793  -14.341 0.0000000000
107199  -52.695  27.551  -15.777 0.0000000000
107169  -52.726  27.510  -13.974 0.0000000000
139395  -51.037  27.336  -13.315 0.0000000000
141786  -49.273  27.228  -12.824 0.0000000000
107124  -50.542  27.622  -10.205 0.0000000000
107137  -49.498  27.555  -11.193 0.0000000000
107150  -47.824  27.570  -12.494 0.0000000000
108020  -46.756  28.174  -12.052 0.0000000000
108809  -45.331  29.813  -12.078 0.0000000000
110172  -44.573  31.296  -12.876 0.0000000000
101348  -40.817  22.342  -4.854 0.0000000000
102094  -41.990  23.403  -5.340 0.0000000000
101345  -41.336  23.325  -3.756 0.0000000000
161194  -43.141  23.390  -2.496 0.0000000000
102869  -43.991  23.416  -2.295 0.0000000000
100547  -43.692  19.966  0.437 0.0000000000
102856  -44.576  22.193  -0.573 0.0000000000
103710  -45.467  23.424  -1.545 0.0000000000
103701  -46.642  23.436  -0.510 0.0000000000
103697  -48.065  23.946  0.076 0.0000000000
104565  -48.986  24.366  0.300 0.0000000000
102038  -45.867  22.278  4.793 0.0000000000
102830  -47.414  22.817  3.830 0.0000000000
166876  -49.460  23.772  2.703 0.0000000000
104567  -50.738  24.772  0.783 0.0000000000
104568  -51.635  24.810  1.002 0.0000000000
105396  -53.270  25.109  1.164 0.0000000000
105406  -55.431  25.747  0.968 0.0000000000
139228  -54.592  16.671  -12.162 0.0000000000
97903  -52.996  16.274  -11.890 0.0000000000
99777  -54.538  18.511  -7.440 0.0000000000
99798  -55.235  18.230  -8.996 0.0000000000
98842  -53.693  17.627  -9.313 0.0000000000
97878  -52.682  16.653  -10.626 0.0000000000
96853  -51.225  15.993  -11.001 0.0000000000
96851  -49.648  15.646  -10.719 0.0000000000
96837  -48.027  15.950  -10.122 0.0000000000
97859  -46.491  16.768  -9.520 0.0000000000
140842  -47.833  16.495  -7.856 0.0000000000
97850  -46.861  16.492  -8.058 0.0000000000
159892  -45.923  17.173  -9.340 0.0000000000
99784  -44.245  18.699  -8.407 0.0000000000
95801  -47.915  14.006  2.105 0.0000000000
94012  -45.577  12.374  0.644 0.0000000000
94915  -46.967  13.357  0.757 0.0000000000
156568  -48.471  14.408  0.883 0.0000000000
95835  -48.333  14.628  -0.257 0.0000000000
96769  -48.535  15.336  -1.447 0.0000000000
97770  -48.976  16.279  -2.417 0.0000000000
96793  -47.405  15.806  -3.474 0.0000000000
96804  -46.275  15.869  -4.549 0.0000000000
96808  -44.675  15.683  -5.031 0.0000000000
100598  -40.917  20.473  -5.659 0.0000000000
143661  -39.830  21.455  -4.319 0.0000000000
100569  -39.820  21.752  -2.316 0.0000000000
99697  -39.871  18.933  0.176 0.0000000000
99676  -40.559  17.706  0.714 0.0000000000
160574  -58.204  16.302  -20.439 0.0000000000
97999  -57.698  17.299  -21.142 0.0000000000
98976  -57.076  17.678  -21.686 0.0000000000
96909  -52.269  16.226  -15.365 0.0000000000
97953  -53.327  16.654  -16.411 0.0000000000
99873  -52.635  18.417  -18.745 0.0000000000
99874  -53.563  18.445  -18.729 0.0000000000
151296  -55.495  18.764  -18.662 0.0000000000
100702  -56.983  19.638  -20.108 0.0000000000
100727  -57.541  19.414  -22.111 0.0000000000
99916  -56.777  18.937  -23.032 0.0000000000
99930  -56.204  19.309  -23.553 0.0000000000
100736  -54.734  19.401  -23.925 0.0000000000
101503  -54.714  20.502  -24.919 0.0000000000
102211  -55.582  21.722  -24.306 0.0000000000
102225  -54.979  21.836  -25.517 0.0000000000
101514  -53.085  21.189  -25.391 0.0000000000
102232  -52.841  22.343  -26.176 0.0000000000
103064  -51.247  22.872  -26.294 0.0000000000
103870  -50.988  23.701  -25.711 0.0000000000
102876  -43.104  23.680  -6.261 0.0000000000
103726  -45.129  23.766  -7.684 0.0000000000
103748  -46.671  23.529  -9.424 0.0000000000
104610  -47.386  24.804  -6.628 0.0000000000
103738  -47.254  23.999  -8.844 0.0000000000
103759  -47.898  23.319  -10.383 0.0000000000
102922  -49.424  22.883  -11.979 0.0000000000
102941  -50.582  22.602  -13.557 0.0000000000
102951  -51.358  22.825  -15.147 0.0000000000
105456  -51.857  25.698  -5.261 0.0000000000
105477  -52.314  25.139  -7.357 0.0000000000
104634  -52.589  24.734  -8.763 0.0000000000
104672  -55.478  24.861  -11.170 0.0000000000
104670  -53.663  24.373  -11.396 0.0000000000
103772  -52.891  24.259  -11.106 0.0000000000
103788  -52.950  23.904  -13.011 0.0000000000
103802  -52.534  23.753  -14.848 0.0000000000
103817  -52.040  23.923  -16.503 0.0000000000
104736  -52.276  24.912  -18.836 0.0000000000
155345  -53.312  26.079  -21.967 0.0000000000
106391  -54.787  27.339  -20.392 0.0000000000
106414  -54.613  27.576  -22.102 0.0000000000
106423  -54.676  26.462  -23.796 0.0000000000
106436  -54.347  26.321  -25.536 0.0000000000
105644  -52.534  25.819  -25.690 0.0000000000
108876  -49.275  29.398  -24.118 0.0000000000
107211  -51.352  27.151  -16.483 0.0000000000
107222  -49.306  27.328  -17.577 0.0000000000
107238  -48.201  27.875  -18.598 0.0000000000
108059  -46.763  28.063  -17.045 0.0000000000
108074  -46.962  28.234  -17.908 0.0000000000
108098  -46.751  28.432  -19.661 0.0000000000
108109  -44.646  27.809  -20.851 0.0000000000
105616  -43.039  26.299  -21.460 0.0000000000
162292  -42.915  25.596  -20.186 0.0000000000
158546  -39.877  28.081  -18.888 0.0000000000
107232  -39.371  27.746  -18.689 0.0000000000
110811  -44.024  32.423  -13.754 0.0000000000
110837  -42.364  32.543  -15.661 0.0000000000
110843  -41.666  32.121  -17.945 0.0000000000
110208  -41.234  31.415  -18.964 0.0000000000
110847  -39.949  31.447  -19.299 0.0000000000
101362  -42.428  21.116  -7.069 0.0000000000
102096  -42.237  22.070  -6.643 0.0000000000
98780  -50.527  17.824  -2.463 0.0000000000
98787  -50.181  17.929  -3.198 0.0000000000
97786  -49.459  17.379  -3.328 0.0000000000
148845  -48.981  16.754  -3.016 0.0000000000
94929  -37.598  13.456  -1.806 0.0000000000
96879  -52.689  15.961  -12.679 0.0000000000
96880  -53.261  16.014  -13.443 0.0000000000
96891  -52.306  15.772  -13.415 0.0000000000
102973  -50.641  22.182  -17.225 0.0000000000
149645  -50.495  21.825  -17.970 0.0000000000
102974  -50.847  22.764  -17.799 0.0000000000
103823  -50.916  23.059  -18.653 0.0000000000
105421  -49.871  25.347  -1.761 0.0000000000
105432  -49.686  25.450  -2.479 0.0000000000
105433  -50.477  25.589  -2.418 0.0000000000
107201  -54.654  28.255  -14.999 0.0000000000
108046  -55.656  28.753  -15.636 0.0000000000
138847  -54.697  29.074  -17.447 0.0000000000
108060  -54.436  28.644  -16.613 0.0000000000
107225  -53.509  28.264  -17.194 0.0000000000
107213  -53.474  27.982  -16.189 0.0000000000
109516  -43.653  30.961  -13.360 0.0000000000
159490  -43.334  29.892  -13.914 0.0000000000
108813  -43.120  30.445  -13.872 0.0000000000
109531  -42.506  30.718  -14.381 0.0000000000
110190  -42.447  31.421  -14.520 0.0000000000
97874  -46.719  16.881  -10.299 0.0000000000
97888  -46.920  17.175  -10.964 0.0000000000
98854  -46.448  17.638  -10.649 0.0000000000
142567  -46.540  21.743  -10.877 0.0000000000
102129  -46.865  21.143  -11.425 0.0000000000
102919  -47.135  22.016  -11.220 0.0000000000
102920  -47.893  22.291  -11.487 0.0000000000
106271  -55.396  26.224  -1.029 0.0000000000
142271  -55.347  26.383  -1.879 0.0000000000
106278  -56.385  26.584  -1.977 0.0000000000
107099  -54.974  27.542  -8.246 0.0000000000
139668  -54.337  27.451  -9.729 0.0000000000
107128  -55.058  27.489  -10.409 0.0000000000
139401  -53.315  27.456  -10.997 0.0000000000
107126  -52.915  27.467  -10.075 0.0000000000
109494  -49.382  30.095  -9.269 0.0000000000
109493  -48.824  29.623  -9.678 0.0000000000
109502  -48.274  30.045  -10.166 0.0000000000
110154  -48.485  30.846  -10.385 0.0000000000
100734  -51.957  19.615  -23.569 0.0000000000
100744  -50.287  19.968  -24.736 0.0000000000
100554  -41.489  19.780  -0.087 0.0000000000
101327  -41.782  20.878  -0.557 0.0000000000
100545  -41.960  18.710  0.487 0.0000000000
102063  -44.509  21.138  2.851 0.0000000000
161467  -44.771  21.028  2.380 0.0000000000
102064  -45.122  21.460  2.953 0.0000000000
102048  -45.623  22.011  3.783 0.0000000000
103650  -50.331  23.737  6.367 0.0000000000
103651  -51.247  24.046  5.519 0.0000000000
99814  -57.717  18.243  -10.175 0.0000000000
98858  -57.182  18.104  -10.694 0.0000000000
98845  -56.700  18.192  -9.963 0.0000000000
98832  -51.703  17.524  -8.186 0.0000000000
98831  -50.879  17.279  -8.021 0.0000000000
97853  -50.407  16.736  -8.573 0.0000000000
97844  -50.006  16.993  -7.868 0.0000000000
97828  -45.578  16.482  -6.475 0.0000000000
97827  -44.745  16.494  -6.364 0.0000000000
98811  -44.196  17.000  -6.820 0.0000000000
162012  -44.699  12.123  2.061 0.0000000000
94932  -45.570  13.109  -1.414 0.0000000000
94945  -46.091  13.664  -1.728 0.0000000000
145104  -45.336  13.576  -2.255 0.0000000000
95850  -45.640  14.273  -2.840 0.0000000000
155358  -39.651  17.964  -4.479 0.0000000000
99743  -39.257  18.769  -4.352 0.0000000000
98791  -38.844  18.321  -4.068 0.0000000000
99877  -57.226  18.798  -18.675 0.0000000000
97950  -50.323  17.107  -16.040 0.0000000000
162252  -50.470  17.492  -16.781 0.0000000000
101456  -53.388  20.446  -21.001 0.0000000000
100710  -54.004  19.886  -20.373 0.0000000000
101470  -55.120  20.738  -21.854 0.0000000000
101482  -55.657  21.017  -22.789 0.0000000000
101481  -54.364  21.189  -22.367 0.0000000000
104773  -53.805  24.637  -23.867 0.0000000000
103865  -54.832  23.879  -25.016 0.0000000000
104774  -54.755  24.714  -24.768 0.0000000000
105640  -55.079  25.440  -25.213 0.0000000000
103717  -44.867  24.293  -3.464 0.0000000000
104592  -44.824  24.539  -4.206 0.0000000000
104593  -45.561  24.552  -3.881 0.0000000000
104632  -50.375  24.594  -8.544 0.0000000000
140100  -50.761  24.397  -9.369 0.0000000000
103752  -50.806  24.122  -10.277 0.0000000000
104661  -51.473  24.109  -10.701 0.0000000000
105488  -56.547  25.378  -8.417 0.0000000000
105487  -55.512  25.243  -8.223 0.0000000000
104652  -56.315  25.281  -9.224 0.0000000000
105553  -55.566  26.159  -15.819 0.0000000000
105542  -55.124  25.416  -15.050 0.0000000000
105552  -54.579  25.415  -15.774 0.0000000000
105551  -53.879  24.890  -15.659 0.0000000000
105574  -54.179  25.784  -17.260 0.0000000000
106367  -54.541  26.345  -17.881 0.0000000000
108133  -53.555  29.108  -22.106 0.0000000000
108143  -54.106  28.755  -22.612 0.0000000000
108163  -52.911  28.273  -23.886 0.0000000000
108152  -51.890  28.741  -23.608 0.0000000000
108162  -51.595  28.582  -24.147 0.0000000000
108113  -48.566  28.530  -20.866 0.0000000000
108128  -47.645  28.884  -22.574 0.0000000000
108112  -47.664  28.652  -21.302 0.0000000000
146795  -46.655  28.536  -21.252 0.0000000000
153854  -49.195  27.069  -14.569 0.0000000000
107195  -48.667  27.163  -15.134 0.0000000000
107236  -43.043  27.827  -18.942 0.0000000000
108084  -42.196  27.844  -18.624 0.0000000000
109554  -39.533  30.208  -18.903 0.0000000000
108852  -39.266  29.391  -18.874 0.0000000000
100625  -44.749  19.596  -9.419 0.0000000000
102108  -44.180  21.801  -8.680 0.0000000000
102115  -44.554  21.238  -9.249 0.0000000000
102899  -44.764  22.150  -9.168 0.0000000000
102890  -45.116  22.901  -8.846 0.0000000000
107964  -57.508  27.449  -3.720 0.0000000000
146041  -57.333  28.158  -3.965 0.0000000000
158540  -54.818  28.746  -5.951 0.0000000000
107979  -56.043  28.437  -5.783 0.0000000000
107978  -54.450  28.276  -6.660 0.0000000000
107984  -53.454  28.497  -6.865 0.0000000000
107087  -53.064  28.119  -7.582 0.0000000000
107976  -52.970  28.917  -6.712 0.0000000000
161873  -52.234  30.382  -7.184 0.0000000000
108774  -52.076  29.853  -7.100 0.0000000000
109485  -50.514  30.135  -8.336 0.0000000000
99913  -53.802  18.558  -22.536 0.0000000000
99912  -52.898  18.637  -22.409 0.0000000000
99927  -53.334  19.032  -22.981 0.0000000000
163202  -40.763  18.154  2.647 0.0000000000
100533  -41.374  18.046  2.523 0.0000000000
153782  -41.201  19.015  2.554 0.0000000000
99746  -50.423  18.333  -4.776 0.0000000000
98805  -49.158  17.719  -5.584 0.0000000000
97803  -48.274  17.084  -4.429 0.0000000000
98794  -47.933  17.168  -5.027 0.0000000000
97816  -46.596  16.453  -5.501 0.0000000000
97801  -46.779  16.381  -4.949 0.0000000000
94951  -39.890  13.925  -3.226 0.0000000000
95858  -39.282  14.480  -3.340 0.0000000000
96788  -39.396  15.293  -3.683 0.0000000000
95857  -38.762  14.998  -3.317 0.0000000000
96786  -37.750  16.040  -3.074 0.0000000000
96776  -36.661  15.932  -2.371 0.0000000000
97755  -35.571  16.018  -1.360 0.0000000000
100682  -49.810  19.500  -16.991 0.0000000000
100683  -50.075  19.362  -17.737 0.0000000000
163180  -49.973  19.959  -17.409 0.0000000000
102179  -50.600  21.488  -19.355 0.0000000000
101453  -50.841  20.744  -19.784 0.0000000000
150753  -51.124  21.061  -20.371 0.0000000000
101467  -51.671  21.038  -20.835 0.0000000000
102193  -51.779  21.777  -21.482 0.0000000000
104752  -51.394  23.814  -20.578 0.0000000000
103843  -51.422  23.331  -21.169 0.0000000000
104758  -51.795  24.315  -21.229 0.0000000000
104767  -52.243  24.385  -22.146 0.0000000000
104588  -47.359  24.605  -2.377 0.0000000000
104595  -47.177  24.806  -3.162 0.0000000000
167675  -47.760  24.940  -2.794 0.0000000000
105446  -50.140  25.640  -4.587 0.0000000000
159801  -49.375  25.563  -4.721 0.0000000000
158632  -50.441  25.556  -5.372 0.0000000000
105465  -50.203  25.397  -6.112 0.0000000000
105466  -50.829  25.243  -6.827 0.0000000000
107174  -57.455  27.006  -12.594 0.0000000000
106335  -57.539  26.495  -12.282 0.0000000000
106341  -57.298  26.825  -13.182 0.0000000000
108038  -56.781  28.442  -15.628 0.0000000000
106355  -57.000  27.413  -14.835 0.0000000000
106362  -56.954  27.933  -15.640 0.0000000000
106361  -56.359  27.192  -16.192 0.0000000000
107214  -56.756  28.134  -16.524 0.0000000000
107227  -56.674  28.879  -17.551 0.0000000000
108078  -56.493  29.505  -17.791 0.0000000000
108090  -54.592  29.547  -19.038 0.0000000000
108854  -55.540  29.971  -19.016 0.0000000000
108105  -54.092  29.467  -19.862 0.0000000000
155619  -53.784  29.436  -20.762 0.0000000000
108104  -53.127  28.811  -19.966 0.0000000000
166181  -52.866  28.898  -20.712 0.0000000000
107241  -51.634  27.651  -18.613 0.0000000000
107258  -51.473  27.827  -19.462 0.0000000000
107257  -50.533  27.752  -19.625 0.0000000000
161140  -49.890  27.548  -18.915 0.0000000000
108026  -45.925  28.221  -13.742 0.0000000000
108034  -45.041  28.566  -14.345 0.0000000000
108032  -43.657  28.959  -14.935 0.0000000000
139300  -43.186  28.854  -15.536 0.0000000000
139363  -43.563  28.587  -16.335 0.0000000000
161300  -42.603  28.694  -16.105 0.0000000000
108055  -41.941  28.532  -16.761 0.0000000000
108041  -41.732  28.995  -15.957 0.0000000000
108830  -40.799  29.879  -16.616 0.0000000000
110202  -40.715  30.381  -17.418 0.0000000000
96865  -49.447  15.627  -11.495 0.0000000000
96888  -50.109  15.696  -12.785 0.0000000000
96877  -49.265  15.857  -12.368 0.0000000000
97901  -48.376  16.951  -12.911 0.0000000000
147165  -48.816  16.385  -12.923 0.0000000000
97913  -48.804  16.751  -13.544 0.0000000000
97923  -48.887  17.151  -14.091 0.0000000000
98885  -48.486  17.525  -13.546 0.0000000000
100635  -46.269  19.479  -11.058 0.0000000000
100648  -47.898  19.659  -12.731 0.0000000000
142869  -47.683  18.993  -12.540 0.0000000000
151038  -48.490  19.184  -13.774 0.0000000000
99840  -48.510  18.410  -13.867 0.0000000000
100663  -48.769  19.044  -14.372 0.0000000000
100664  -49.172  19.633  -14.831 0.0000000000
101415  -48.784  19.784  -14.055 0.0000000000
102143  -49.303  21.563  -13.488 0.0000000000
101408  -49.378  21.127  -14.000 0.0000000000
102150  -49.680  21.143  -14.552 0.0000000000
102151  -50.274  21.806  -14.653 0.0000000000
105424  -52.413  25.742  -1.196 0.0000000000
106276  -52.796  26.056  -2.478 0.0000000000
106269  -53.148  26.002  -1.727 0.0000000000
106291  -55.456  26.328  -4.300 0.0000000000
106297  -55.834  26.061  -5.130 0.0000000000
105460  -56.196  25.833  -5.964 0.0000000000
107081  -57.847  27.025  -5.022 0.0000000000
106294  -57.583  26.708  -4.781 0.0000000000
107086  -57.889  27.100  -5.906 0.0000000000
107117  -57.727  27.086  -8.647 0.0000000000
107101  -57.979  26.910  -7.861 0.0000000000
106309  -58.195  26.447  -8.415 0.0000000000
105483  -58.059  26.009  -7.983 0.0000000000
162135  -58.128  26.621  -9.186 0.0000000000
107131  -58.006  26.656  -10.069 0.0000000000
107130  -57.188  27.186  -10.493 0.0000000000
107141  -54.940  27.551  -12.043 0.0000000000
107156  -54.589  27.625  -12.846 0.0000000000
107171  -54.274  27.750  -13.612 0.0000000000
107170  -53.390  27.595  -13.610 0.0000000000
107154  -51.565  27.416  -12.783 0.0000000000
107153  -50.659  27.360  -12.607 0.0000000000
139665  -50.156  27.209  -13.368 0.0000000000
107111  -51.587  27.719  -9.236 0.0000000000
107110  -50.775  27.880  -9.445 0.0000000000
108006  -48.532  28.555  -10.333 0.0000000000
107123  -49.718  27.784  -10.420 0.0000000000
107136  -48.697  27.686  -11.404 0.0000000000
107151  -48.573  27.461  -12.234 0.0000000000
107135  -47.936  27.792  -11.684 0.0000000000
161452  -47.340  27.860  -12.008 0.0000000000
108013  -47.308  28.337  -11.364 0.0000000000
109509  -46.236  30.321  -11.530 0.0000000000
108802  -46.344  29.484  -11.419 0.0000000000
109518  -45.651  30.475  -11.929 0.0000000000
149182  -44.986  30.512  -12.388 0.0000000000
110173  -45.579  31.310  -12.368 0.0000000000
100753  -49.636  20.237  -25.316 0.0000000000
102221  -49.895  21.533  -25.771 0.0000000000
148834  -40.676  22.771  -3.112 0.0000000000
101344  -40.801  22.953  -3.993 0.0000000000
141670  -41.392  23.112  -2.883 0.0000000000
102087  -42.888  22.387  -1.504 0.0000000000
102088  -42.756  23.074  -2.231 0.0000000000
102865  -43.476  22.843  -1.773 0.0000000000
100539  -43.161  19.255  1.328 0.0000000000
100546  -43.202  19.320  0.753 0.0000000000
100540  -43.799  19.746  0.999 0.0000000000
102071  -45.189  21.371  0.856 0.0000000000
102070  -44.586  20.926  0.442 0.0000000000
102857  -45.318  22.487  -0.251 0.0000000000
102867  -45.002  22.899  -1.022 0.0000000000
103700  -45.771  23.125  -0.735 0.0000000000
140321  -46.170  23.566  -1.235 0.0000000000
102858  -46.089  22.806  0.064 0.0000000000
103696  -47.457  23.456  0.551 0.0000000000
138701  -47.923  23.597  1.048 0.0000000000
146878  -48.562  23.971  0.819 0.0000000000
102776  -47.337  22.590  7.143 0.0000000000
102029  -45.624  22.314  5.638 0.0000000000
102030  -46.588  22.327  5.640 0.0000000000
102815  -47.077  22.542  4.645 0.0000000000
102831  -47.982  22.872  4.755 0.0000000000
103681  -49.808  23.673  4.003 0.0000000000
140381  -49.164  23.567  3.393 0.0000000000
104548  -50.155  24.077  2.411 0.0000000000
104558  -50.206  24.400  1.500 0.0000000000
104559  -51.027  24.322  2.141 0.0000000000
161802  -51.104  24.574  1.450 0.0000000000
104551  -52.932  24.575  2.744 0.0000000000
104561  -53.092  24.818  1.882 0.0000000000
104562  -53.808  24.828  2.465 0.0000000000
105405  -54.338  25.428  0.961 0.0000000000
105397  -54.096  25.118  1.849 0.0000000000
98878  -57.911  18.161  -12.338 0.0000000000
98867  -55.422  17.496  -10.925 0.0000000000
97894  -55.705  17.303  -11.814 0.0000000000
97880  -54.670  17.065  -11.311 0.0000000000
97893  -53.828  16.608  -11.616 0.0000000000
97879  -53.955  16.993  -10.856 0.0000000000
98826  -53.085  18.103  -7.802 0.0000000000
99776  -53.654  18.409  -7.252 0.0000000000
99786  -53.950  18.260  -8.025 0.0000000000
99787  -54.879  18.362  -8.224 0.0000000000
98835  -54.286  18.029  -8.770 0.0000000000
98843  -54.648  17.820  -9.512 0.0000000000
145122  -52.313  17.094  -9.486 0.0000000000
139655  -52.145  16.700  -10.090 0.0000000000
97891  -51.908  16.293  -10.844 0.0000000000
97877  -51.362  16.298  -10.336 0.0000000000
97876  -50.822  16.244  -9.927 0.0000000000
96838  -48.893  15.700  -10.134 0.0000000000
97861  -48.283  16.017  -9.285 0.0000000000
97860  -47.295  16.291  -9.671 0.0000000000
97842  -48.163  16.804  -7.194 0.0000000000
97841  -47.315  16.658  -7.050 0.0000000000
97849  -45.926  16.656  -7.948 0.0000000000
97858  -46.197  16.717  -8.759 0.0000000000
98830  -45.406  17.270  -8.686 0.0000000000
99785  -44.861  18.203  -8.962 0.0000000000
98829  -44.596  17.695  -8.228 0.0000000000
97748  -49.956  16.278  -0.757 0.0000000000
94881  -46.861  13.805  3.232 0.0000000000
95789  -47.564  14.130  3.027 0.0000000000
94892  -47.143  13.650  2.361 0.0000000000
93093  -44.032  11.480  -0.059 0.0000000000
94001  -45.146  12.172  1.380 0.0000000000
94011  -44.803  11.828  0.442 0.0000000000
94923  -46.528  13.179  -0.116 0.0000000000
94013  -46.297  12.817  0.743 0.0000000000
94916  -47.566  13.747  0.766 0.0000000000
95813  -48.038  14.024  1.206 0.0000000000
95826  -47.998  14.184  0.357 0.0000000000
95827  -48.545  14.605  0.365 0.0000000000
96768  -47.840  15.023  -1.822 0.0000000000
95842  -48.083  14.755  -1.029 0.0000000000
97757  -48.958  15.864  -1.804 0.0000000000
96781  -48.375  15.655  -2.198 0.0000000000
97769  -48.285  16.183  -3.069 0.0000000000
96780  -47.640  15.416  -2.627 0.0000000000
95864  -45.223  14.660  -3.563 0.0000000000
96792  -46.573  15.546  -3.785 0.0000000000
96791  -45.728  15.315  -4.060 0.0000000000
96803  -45.456  15.674  -4.792 0.0000000000
98799  -41.245  18.185  -5.387 0.0000000000
99760  -41.272  19.221  -5.770 0.0000000000
100607  -41.525  19.996  -6.203 0.0000000000
100597  -40.494  19.976  -5.339 0.0000000000
100589  -40.288  21.064  -5.019 0.0000000000
100588  -39.711  20.172  -4.693 0.0000000000
99733  -38.763  20.697  -3.137 0.0000000000
99734  -39.173  21.273  -2.522 0.0000000000
98778  -37.191  17.638  -2.585 0.0000000000
99730  -37.637  18.300  -3.064 0.0000000000
99719  -37.387  18.516  -2.264 0.0000000000
99674  -38.777  17.482  0.730 0.0000000000
99696  -39.057  18.409  0.281 0.0000000000
98751  -39.345  17.126  1.265 0.0000000000
98734  -39.726  17.162  1.634 0.0000000000
96945  -58.402  15.776  -20.058 0.0000000000
97990  -58.542  16.651  -20.014 0.0000000000
98963  -58.250  17.827  -20.832 0.0000000000
98977  -57.836  18.116  -21.495 0.0000000000
96900  -51.449  15.871  -14.359 0.0000000000
96901  -52.281  15.970  -14.651 0.0000000000
96908  -51.466  16.213  -15.191 0.0000000000
97963  -52.187  17.140  -17.084 0.0000000000
97952  -52.496  16.726  -16.497 0.0000000000
99871  -50.956  18.689  -18.565 0.0000000000
98941  -51.388  18.096  -18.136 0.0000000000
99885  -52.130  18.920  -19.232 0.0000000000
100700  -54.493  19.493  -19.785 0.0000000000
99887  -54.035  18.979  -19.259 0.0000000000
99875  -54.561  18.568  -18.690 0.0000000000
99888  -55.147  19.205  -19.275 0.0000000000
99889  -56.391  19.182  -19.157 0.0000000000
100701  -55.916  19.664  -19.845 0.0000000000
101472  -57.012  20.349  -22.502 0.0000000000
100718  -57.414  19.982  -21.914 0.0000000000
99917  -57.416  18.919  -22.453 0.0000000000
99915  -55.818  18.746  -23.085 0.0000000000
99931  -56.774  19.751  -23.487 0.0000000000
101504  -56.103  20.887  -24.433 0.0000000000
159599  -56.056  20.201  -24.363 0.0000000000
100748  -55.222  19.961  -24.511 0.0000000000
100747  -54.141  19.911  -24.356 0.0000000000
102210  -54.673  22.232  -23.861 0.0000000000
166706  -55.094  23.408  -25.777 0.0000000000
103054  -55.109  22.820  -25.386 0.0000000000
101515  -54.300  21.111  -25.406 0.0000000000
102224  -53.857  21.889  -25.901 0.0000000000
102223  -52.672  21.732  -25.809 0.0000000000
102233  -53.937  22.781  -26.286 0.0000000000
103879  -53.021  23.850  -26.509 0.0000000000
104794  -52.239  24.139  -26.405 0.0000000000
103871  -51.446  23.585  -26.225 0.0000000000
149207  -51.642  24.394  -25.925 0.0000000000
102098  -42.489  23.379  -5.986 0.0000000000
102873  -42.700  23.957  -5.290 0.0000000000
104608  -45.450  24.439  -6.402 0.0000000000
104615  -44.822  24.072  -6.901 0.0000000000
103736  -45.477  23.519  -8.410 0.0000000000
103737  -46.328  23.845  -8.538 0.0000000000
104605  -47.613  25.098  -5.715 0.0000000000
104604  -46.753  24.951  -5.158 0.0000000000
104647  -49.188  24.154  -9.332 0.0000000000
140569  -47.863  24.404  -8.160 0.0000000000
104630  -48.202  24.096  -9.063 0.0000000000
103749  -47.562  23.672  -9.644 0.0000000000
103750  -48.460  23.751  -9.846 0.0000000000
102912  -48.282  22.952  -11.073 0.0000000000
103769  -49.083  23.210  -11.285 0.0000000000
103780  -50.922  23.482  -11.896 0.0000000000
102932  -50.666  23.003  -12.786 0.0000000000
102933  -51.356  23.132  -13.326 0.0000000000
102942  -51.289  22.849  -14.012 0.0000000000
163558  -51.499  22.959  -14.537 0.0000000000
105441  -52.293  26.009  -3.802 0.0000000000
105448  -51.638  25.839  -4.372 0.0000000000
105449  -52.541  25.926  -4.691 0.0000000000
105478  -53.225  25.244  -7.207 0.0000000000
104622  -52.915  25.034  -7.996 0.0000000000
104650  -53.182  24.660  -9.340 0.0000000000
104682  -56.473  25.136  -11.944 0.0000000000
104681  -55.642  24.811  -12.061 0.0000000000
104691  -54.578  24.578  -13.483 0.0000000000
104680  -54.575  24.510  -12.596 0.0000000000
145453  -54.082  24.379  -11.944 0.0000000000
103773  -53.160  24.146  -12.059 0.0000000000
157970  -52.446  24.033  -11.761 0.0000000000
104709  -53.298  24.465  -15.479 0.0000000000
104708  -52.847  24.102  -15.197 0.0000000000
104717  -52.715  24.252  -15.957 0.0000000000
103810  -52.206  23.683  -15.544 0.0000000000
104725  -51.871  24.145  -17.446 0.0000000000
105572  -52.457  24.768  -17.851 0.0000000000
105585  -53.478  25.931  -19.035 0.0000000000
105598  -52.768  25.464  -19.234 0.0000000000
159615  -53.121  25.926  -20.163 0.0000000000
105610  -53.629  26.414  -21.209 0.0000000000
107244  -56.119  28.570  -19.036 0.0000000000
107260  -55.572  27.961  -19.760 0.0000000000
107269  -55.501  28.442  -20.636 0.0000000000
107287  -54.669  27.878  -22.610 0.0000000000
162616  -54.582  27.488  -23.256 0.0000000000
106413  -54.609  27.113  -23.018 0.0000000000
106424  -54.770  26.977  -23.844 0.0000000000
106430  -54.684  26.636  -24.951 0.0000000000
107308  -54.734  26.919  -24.363 0.0000000000
106435  -53.029  26.630  -25.412 0.0000000000
105639  -51.838  26.180  -25.150 0.0000000000
104787  -51.754  25.278  -25.503 0.0000000000
153377  -51.119  26.424  -24.426 0.0000000000
108131  -50.727  28.765  -22.085 0.0000000000
108871  -50.489  29.193  -22.999 0.0000000000
108141  -49.428  29.365  -23.279 0.0000000000
139579  -47.160  28.554  -23.888 0.0000000000
108149  -47.867  29.034  -24.125 0.0000000000
107198  -51.825  27.226  -15.774 0.0000000000
107197  -50.716  26.970  -15.725 0.0000000000
144042  -49.054  27.243  -16.848 0.0000000000
140784  -49.920  27.080  -17.069 0.0000000000
107239  -49.130  27.559  -18.413 0.0000000000
108044  -45.958  28.211  -15.833 0.0000000000
107207  -46.636  27.957  -16.251 0.0000000000
108058  -46.036  28.293  -16.678 0.0000000000
108086  -45.461  28.406  -18.290 0.0000000000
108073  -46.060  28.386  -17.600 0.0000000000
142146  -46.313  28.398  -18.704 0.0000000000
159597  -45.999  28.400  -19.631 0.0000000000
147398  -45.356  28.173  -20.200 0.0000000000
107265  -42.161  26.919  -20.818 0.0000000000
106389  -42.277  26.328  -21.095 0.0000000000
105603  -42.665  25.847  -20.946 0.0000000000
105602  -41.904  25.996  -20.752 0.0000000000
105591  -41.394  26.144  -20.281 0.0000000000
105590  -40.853  26.357  -19.617 0.0000000000
106373  -40.245  26.833  -19.023 0.0000000000
108053  -40.773  28.686  -17.644 0.0000000000
108068  -40.444  28.294  -18.600 0.0000000000
108082  -38.781  28.659  -18.714 0.0000000000
159217  -39.307  28.161  -18.875 0.0000000000
107231  -38.789  28.061  -18.517 0.0000000000
107218  -38.546  27.952  -17.695 0.0000000000
110844  -42.308  32.930  -16.944 0.0000000000
110849  -41.592  31.993  -19.068 0.0000000000
110212  -40.563  31.201  -19.248 0.0000000000
159529  -43.268  20.085  -7.827 0.0000000000
101369  -43.558  20.523  -8.244 0.0000000000
102107  -43.514  21.547  -8.107 0.0000000000
102878  -43.405  22.467  -7.553 0.0000000000
143978  -56.776  29.021  -3.846 0.0000000000
108771  -54.754  29.563  -5.537 0.0000000000
108776  -53.243  29.454  -6.456 0.0000000000
160598  -53.424  30.131  -6.329 0.0000000000
109477  -53.415  30.758  -6.610 0.0000000000
109481  -52.837  30.906  -7.108 0.0000000000
99914  -54.858  18.502  -22.700 0.0000000000
102060  -40.041  21.457  2.526 0.0000000000
153102  -40.782  20.431  2.524 0.0000000000
99736  -50.486  18.336  -3.862 0.0000000000
99735  -49.758  18.023  -4.472 0.0000000000
98796  -49.077  17.794  -4.930 0.0000000000
138973  -49.082  17.545  -4.231 0.0000000000
97784  -47.879  16.486  -3.952 0.0000000000
95848  -38.559  14.337  -2.867 0.0000000000
95847  -37.637  14.560  -2.459 0.0000000000
97914  -54.124  16.193  -14.031 0.0000000000
97926  -53.888  16.237  -14.907 0.0000000000
101432  -50.122  20.529  -17.486 0.0000000000
101440  -50.296  20.870  -18.153 0.0000000000
102174  -50.492  21.455  -18.664 0.0000000000
102993  -50.667  22.117  -19.634 0.0000000000
159233  -50.826  22.320  -20.279 0.0000000000
103830  -50.832  22.936  -19.537 0.0000000000
103838  -51.216  23.778  -19.863 0.0000000000
104583  -48.454  24.672  -1.381 0.0000000000
105431  -48.368  25.209  -2.848 0.0000000000
140691  -49.142  25.459  -3.011 0.0000000000
160415  -49.947  25.586  -3.148 0.0000000000
105447  -50.842  25.768  -4.075 0.0000000000
107188  -56.262  28.172  -14.281 0.0000000000
144747  -57.080  27.622  -13.952 0.0000000000
108037  -56.426  28.520  -15.216 0.0000000000
143489  -56.030  29.289  -16.489 0.0000000000
108840  -56.148  29.653  -17.413 0.0000000000
108061  -55.420  29.272  -16.953 0.0000000000
108075  -53.174  28.251  -18.018 0.0000000000
107242  -52.473  27.917  -18.354 0.0000000000
140111  -51.702  27.494  -17.810 0.0000000000
108025  -44.931  29.137  -12.976 0.0000000000
108024  -44.559  29.052  -13.638 0.0000000000
108824  -43.903  29.513  -13.769 0.0000000000
108823  -43.393  29.468  -14.312 0.0000000000
108832  -42.858  29.318  -14.917 0.0000000000
108821  -42.054  29.690  -15.232 0.0000000000
109530  -42.121  30.367  -14.882 0.0000000000
110196  -41.429  31.233  -15.917 0.0000000000
97890  -47.965  16.417  -11.590 0.0000000000
97889  -47.372  17.111  -11.555 0.0000000000
98866  -47.527  17.767  -12.123 0.0000000000
101392  -46.454  20.303  -11.213 0.0000000000
101399  -47.636  20.332  -12.317 0.0000000000
101400  -48.226  20.501  -12.888 0.0000000000
102138  -48.665  21.445  -12.873 0.0000000000
102139  -49.260  22.049  -13.015 0.0000000000
106270  -54.396  26.115  -1.378 0.0000000000
106277  -53.912  26.257  -2.401 0.0000000000
106284  -55.840  26.530  -2.686 0.0000000000
106292  -56.564  26.359  -4.364 0.0000000000
107084  -56.455  27.755  -6.972 0.0000000000
107091  -57.463  27.373  -7.385 0.0000000000
107090  -56.342  27.564  -7.801 0.0000000000
162095  -56.466  27.407  -8.805 0.0000000000
107115  -56.248  27.421  -9.922 0.0000000000
107129  -56.162  27.479  -10.927 0.0000000000
139400  -54.369  27.500  -11.197 0.0000000000
139396  -53.778  27.494  -12.011 0.0000000000
139397  -52.965  27.489  -12.377 0.0000000000
107140  -52.716  27.459  -11.623 0.0000000000
107139  -51.881  27.447  -11.427 0.0000000000
107987  -50.038  29.019  -8.804 0.0000000000
108000  -50.332  28.450  -9.050 0.0000000000
107999  -49.625  28.689  -9.390 0.0000000000
108788  -48.932  28.914  -9.729 0.0000000000
108796  -47.774  28.758  -10.669 0.0000000000
109501  -47.637  29.588  -10.568 0.0000000000
109510  -46.946  30.154  -11.059 0.0000000000
110163  -46.720  31.019  -11.560 0.0000000000
101339  -41.519  22.474  -1.995 0.0000000000
101334  -41.281  21.798  -1.387 0.0000000000
101335  -42.111  21.660  -1.010 0.0000000000
101336  -43.077  21.471  -0.711 0.0000000000
140551  -43.629  20.033  2.059 0.0000000000
101318  -44.322  20.266  1.373 0.0000000000
101316  -44.781  20.813  1.798 0.0000000000
102067  -45.257  21.267  1.581 0.0000000000
102072  -45.759  21.856  1.318 0.0000000000
102851  -46.319  22.525  0.908 0.0000000000
102847  -46.405  22.308  1.767 0.0000000000
102848  -47.025  22.749  2.295 0.0000000000
102816  -48.058  22.669  5.952 0.0000000000
103670  -48.770  23.131  5.432 0.0000000000
103671  -49.595  23.523  4.944 0.0000000000
103682  -50.734  23.932  3.728 0.0000000000
104542  -51.634  24.205  3.525 0.0000000000
103673  -51.484  24.130  4.391 0.0000000000
104543  -52.452  24.339  4.133 0.0000000000
98877  -56.903  17.799  -11.861 0.0000000000
98856  -55.061  17.651  -10.219 0.0000000000
98833  -52.543  17.701  -8.349 0.0000000000
97863  -50.664  16.474  -9.281 0.0000000000
146575  -49.978  16.295  -9.093 0.0000000000
97852  -49.569  16.471  -8.536 0.0000000000
156643  -48.848  16.229  -8.651 0.0000000000
97830  -47.371  16.847  -6.097 0.0000000000
97829  -46.490  16.564  -6.537 0.0000000000
97839  -45.745  16.595  -7.162 0.0000000000
98819  -44.399  17.316  -7.489 0.0000000000
94022  -45.333  12.294  -0.182 0.0000000000
94035  -45.075  12.512  -0.994 0.0000000000
94922  -45.806  12.817  -0.617 0.0000000000
94924  -46.974  13.752  -0.741 0.0000000000
95834  -47.669  14.225  -0.504 0.0000000000
94933  -46.664  13.838  -1.381 0.0000000000
95840  -46.596  14.185  -1.942 0.0000000000
96779  -46.877  15.122  -3.023 0.0000000000
95851  -46.393  14.519  -2.615 0.0000000000
95863  -44.319  14.430  -3.748 0.0000000000
98793  -41.084  17.377  -5.030 0.0000000000
98792  -40.449  18.084  -4.928 0.0000000000
99744  -39.801  18.881  -4.709 0.0000000000
100587  -39.278  19.439  -4.374 0.0000000000
99742  -38.764  19.239  -3.987 0.0000000000
99732  -38.408  19.811  -3.295 0.0000000000
99879  -58.422  18.216  -19.509 0.0000000000
99891  -58.195  18.868  -19.952 0.0000000000
97937  -50.594  16.602  -15.486 0.0000000000
164858  -51.233  16.526  -15.726 0.0000000000
142944  -51.057  16.861  -16.252 0.0000000000
97951  -51.791  16.877  -16.562 0.0000000000
98927  -51.784  17.578  -17.646 0.0000000000
100708  -52.123  19.891  -20.152 0.0000000000
100698  -52.531  19.413  -19.730 0.0000000000
100711  -55.207  19.936  -20.365 0.0000000000
148155  -56.434  20.088  -20.655 0.0000000000
101458  -55.788  20.419  -21.244 0.0000000000
101484  -56.774  20.248  -23.283 0.0000000000
101483  -56.506  20.683  -23.109 0.0000000000
101493  -56.389  20.731  -23.820 0.0000000000
164843  -56.050  21.162  -24.247 0.0000000000
103041  -53.457  23.214  -23.624 0.0000000000
103042  -54.352  23.090  -24.307 0.0000000000
103866  -55.095  23.698  -25.630 0.0000000000
103881  -54.836  23.354  -26.135 0.0000000000
104797  -54.710  24.089  -26.318 0.0000000000
104789  -54.829  24.793  -26.253 0.0000000000
105650  -53.874  25.074  -26.358 0.0000000000
141838  -43.065  24.110  -3.826 0.0000000000
103721  -43.609  24.244  -5.669 0.0000000000
104597  -44.382  24.569  -4.993 0.0000000000
104602  -45.267  24.609  -5.520 0.0000000000
138758  -48.914  24.956  -7.095 0.0000000000
104631  -49.593  24.479  -8.695 0.0000000000
103751  -49.963  24.057  -9.943 0.0000000000
103760  -49.536  23.627  -10.664 0.0000000000
151462  -50.230  23.809  -10.665 0.0000000000
103761  -50.814  23.805  -11.046 0.0000000000
103781  -51.549  23.441  -12.612 0.0000000000
153211  -54.333  25.570  -6.356 0.0000000000
105469  -53.488  25.487  -6.421 0.0000000000
105479  -54.163  25.342  -7.049 0.0000000000
104636  -54.554  25.098  -8.548 0.0000000000
104651  -54.707  24.955  -9.487 0.0000000000
104701  -55.634  25.379  -14.293 0.0000000000
158110  -55.268  24.945  -13.705 0.0000000000
104700  -54.651  24.825  -14.363 0.0000000000
104699  -53.841  24.318  -14.049 0.0000000000
138819  -53.782  24.513  -14.876 0.0000000000
104718  -53.303  24.767  -16.294 0.0000000000
104727  -53.305  25.227  -17.300 0.0000000000
105573  -53.768  25.855  -18.086 0.0000000000
106382  -54.078  26.503  -19.702 0.0000000000
108119  -55.146  29.703  -20.899 0.0000000000
152418  -55.274  28.614  -21.358 0.0000000000
108135  -55.041  29.181  -21.586 0.0000000000
108144  -54.680  28.608  -22.258 0.0000000000
108154  -54.496  28.098  -22.980 0.0000000000
107307  -54.359  27.312  -24.504 0.0000000000
107296  -53.947  27.893  -24.082 0.0000000000
107305  -51.268  28.125  -24.384 0.0000000000
108161  -50.542  28.873  -24.415 0.0000000000
108114  -49.952  28.569  -21.458 0.0000000000
108130  -49.212  28.979  -22.209 0.0000000000
108129  -48.429  28.828  -21.868 0.0000000000
107183  -50.544  26.998  -14.909 0.0000000000
107196  -49.673  26.986  -15.276 0.0000000000
107209  -48.868  27.191  -15.981 0.0000000000
107208  -48.177  27.493  -16.672 0.0000000000
108056  -44.594  28.539  -16.539 0.0000000000
108057  -45.393  28.446  -17.003 0.0000000000
167152  -44.844  28.476  -17.285 0.0000000000
108071  -44.749  28.370  -17.928 0.0000000000
108085  -44.712  28.214  -18.797 0.0000000000
108096  -44.663  27.984  -19.798 0.0000000000
108095  -43.861  27.868  -19.379 0.0000000000
107253  -42.819  27.474  -20.114 0.0000000000
107264  -41.432  26.870  -20.422 0.0000000000
107251  -40.939  27.135  -19.985 0.0000000000
108853  -39.551  28.715  -18.835 0.0000000000
108851  -38.874  29.196  -18.809 0.0000000000
99797  -45.061  18.791  -9.583 0.0000000000
99812  -45.587  18.639  -10.214 0.0000000000
100626  -45.276  19.475  -10.060 0.0000000000
101380  -45.032  20.488  -9.798 0.0000000000
102123  -45.571  21.062  -10.280 0.0000000000
102909  -45.906  21.943  -10.325 0.0000000000
102901  -46.234  22.848  -9.910 0.0000000000
106279  -56.849  26.719  -2.468 0.0000000000
107072  -57.138  26.823  -2.663 0.0000000000
107078  -57.680  26.930  -4.270 0.0000000000
107974  -57.522  27.654  -5.127 0.0000000000
107973  -56.704  28.503  -5.143 0.0000000000
165945  -56.561  28.006  -6.340 0.0000000000
107098  -53.661  27.676  -8.200 0.0000000000
164473  -53.270  27.554  -8.809 0.0000000000
107097  -52.718  27.819  -8.297 0.0000000000
107990  -52.209  28.325  -7.814 0.0000000000
107989  -51.430  28.540  -8.093 0.0000000000
108775  -52.411  29.297  -6.984 0.0000000000
108778  -51.670  29.461  -7.443 0.0000000000
107982  -51.146  29.083  -7.865 0.0000000000
108780  -50.536  29.374  -8.306 0.0000000000
109495  -50.056  30.527  -8.963 0.0000000000
110144  -49.590  30.961  -9.610 0.0000000000
100746  -52.855  19.957  -24.127 0.0000000000
98736  -41.572  17.667  1.446 0.0000000000
99678  -42.087  18.204  1.017 0.0000000000
99661  -41.972  18.064  1.802 0.0000000000
99651  -41.982  18.327  2.092 0.0000000000
100535  -42.423  19.027  2.021 0.0000000000
101312  -41.740  19.927  2.547 0.0000000000
101313  -42.443  19.744  2.379 0.0000000000
101314  -43.039  19.901  2.170 0.0000000000
99763  -51.078  18.202  -6.082 0.0000000000
98822  -49.641  17.324  -7.090 0.0000000000
98814  -49.371  17.576  -6.303 0.0000000000
98813  -48.626  17.385  -6.078 0.0000000000
98812  -48.034  17.199  -5.902 0.0000000000
98803  -47.793  17.095  -5.535 0.0000000000
145044  -46.772  16.602  -5.886 0.0000000000
93072  -43.589  11.398  1.336 0.0000000000
139335  -42.928  11.003  0.978 0.0000000000
93081  -43.448  11.211  0.438 0.0000000000
155483  -43.241  11.249  -0.329 0.0000000000
94020  -43.763  11.708  -0.830 0.0000000000
94033  -43.398  12.118  -1.549 0.0000000000
97781  -38.769  16.701  -3.798 0.0000000000
98784  -38.263  17.703  -3.658 0.0000000000
97780  -38.024  16.761  -3.408 0.0000000000
97768  -37.393  16.837  -2.948 0.0000000000
97767  -36.822  16.782  -2.453 0.0000000000
96777  -37.349  15.494  -2.656 0.0000000000
98777  -36.635  17.337  -2.010 0.0000000000
98925  -49.860  18.123  -16.735 0.0000000000
98926  -50.350  18.157  -17.415 0.0000000000
99864  -49.948  18.744  -17.277 0.0000000000
99865  -50.377  18.729  -17.964 0.0000000000
100696  -50.982  19.279  -19.060 0.0000000000
145467  -50.417  20.178  -18.632 0.0000000000
101447  -50.768  19.969  -19.266 0.0000000000
100697  -51.524  19.606  -19.590 0.0000000000
101455  -52.316  20.410  -20.669 0.0000000000
101469  -53.378  21.069  -21.736 0.0000000000
102194  -52.662  21.606  -21.968 0.0000000000
102201  -53.024  22.087  -22.659 0.0000000000
103028  -52.713  22.897  -22.952 0.0000000000
103014  -51.675  22.676  -21.756 0.0000000000
103027  -52.072  22.948  -22.361 0.0000000000
103859  -53.095  23.768  -23.399 0.0000000000
104768  -52.876  24.604  -22.972 0.0000000000
105633  -53.782  25.433  -23.405 0.0000000000
104594  -46.405  24.638  -3.549 0.0000000000
165095  -47.512  25.169  -4.865 0.0000000000
105452  -48.181  25.314  -5.060 0.0000000000
105437  -48.550  25.415  -3.654 0.0000000000
105445  -48.719  25.482  -4.480 0.0000000000
105464  -49.180  25.285  -6.150 0.0000000000
104612  -49.875  25.114  -6.972 0.0000000000
104620  -50.548  24.894  -7.662 0.0000000000
138824  -51.171  24.731  -8.252 0.0000000000
105500  -57.730  25.700  -10.131 0.0000000000
104653  -56.936  25.392  -9.786 0.0000000000
105509  -57.639  25.782  -11.047 0.0000000000
105525  -56.994  25.485  -12.264 0.0000000000
148211  -56.847  25.583  -12.917 0.0000000000
163018  -57.059  27.577  -14.455 0.0000000000
106348  -57.101  26.944  -14.137 0.0000000000
105544  -56.564  26.046  -14.203 0.0000000000
106360  -55.494  26.578  -16.749 0.0000000000
106368  -55.377  26.856  -17.581 0.0000000000
165796  -56.132  27.933  -18.051 0.0000000000
108091  -56.265  29.574  -19.039 0.0000000000
108847  -56.257  29.815  -18.047 0.0000000000
108859  -56.061  30.014  -18.843 0.0000000000
108120  -55.491  29.807  -20.331 0.0000000000
108118  -54.618  29.631  -21.091 0.0000000000
149636  -53.946  29.408  -21.480 0.0000000000
141834  -52.389  28.926  -22.158 0.0000000000
162704  -51.984  28.859  -22.969 0.0000000000
108132  -51.511  28.702  -21.818 0.0000000000
108115  -50.981  28.367  -21.220 0.0000000000
107268  -51.259  28.095  -20.343 0.0000000000
108101  -49.358  28.322  -20.609 0.0000000000
108100  -48.714  28.198  -20.006 0.0000000000
107180  -47.434  27.467  -14.264 0.0000000000
159581  -47.943  27.335  -14.918 0.0000000000
107179  -46.620  27.771  -14.485 0.0000000000
156028  -45.250  28.426  -15.384 0.0000000000
141745  -44.472  28.667  -15.076 0.0000000000
108043  -44.764  28.563  -15.810 0.0000000000
108069  -42.099  28.179  -17.654 0.0000000000
108831  -41.381  29.621  -15.885 0.0000000000
108040  -41.108  29.266  -16.398 0.0000000000
108838  -40.678  29.200  -17.231 0.0000000000
109555  -40.124  30.384  -19.062 0.0000000000
96878  -50.843  15.648  -12.309 0.0000000000
96889  -50.862  15.668  -13.143 0.0000000000
96899  -50.024  16.144  -14.086 0.0000000000
97902  -49.468  16.128  -13.357 0.0000000000
139154  -49.889  16.584  -14.815 0.0000000000
98896  -49.301  17.233  -14.750 0.0000000000
98906  -49.457  17.699  -15.413 0.0000000000
99813  -46.226  18.552  -10.835 0.0000000000
99823  -47.328  18.583  -12.044 0.0000000000
100643  -47.306  19.496  -12.063 0.0000000000
99839  -48.203  18.157  -13.194 0.0000000000
99847  -48.907  18.373  -14.605 0.0000000000
99852  -49.242  18.348  -15.225 0.0000000000
100671  -49.354  19.068  -15.597 0.0000000000
100676  -49.604  19.700  -16.189 0.0000000000
101416  -49.213  20.452  -14.347 0.0000000000
101420  -49.511  20.441  -15.042 0.0000000000
151820  -49.727  20.489  -15.788 0.0000000000
102162  -50.213  21.382  -16.022 0.0000000000
102957  -50.789  22.242  -15.576 0.0000000000
105410  -51.059  25.410  -0.664 0.0000000000
139370  -51.169  25.682  -2.029 0.0000000000
105434  -52.016  25.846  -2.078 0.0000000000
106289  -53.243  26.179  -4.052 0.0000000000
106283  -54.026  26.365  -3.364 0.0000000000
106290  -54.287  26.288  -4.221 0.0000000000
105459  -54.999  25.789  -5.835 0.0000000000
105481  -56.076  25.411  -7.551 0.0000000000
106286  -56.987  26.570  -3.526 0.0000000000
106293  -57.251  26.507  -4.515 0.0000000000
106301  -57.574  26.296  -5.825 0.0000000000
107092  -57.998  26.820  -6.995 0.0000000000
106302  -57.868  26.533  -6.356 0.0000000000
105472  -57.615  26.023  -6.595 0.0000000000
105482  -57.389  25.710  -7.548 0.0000000000
105489  -57.614  25.657  -8.477 0.0000000000
105499  -57.730  25.646  -9.245 0.0000000000
106323  -58.020  26.149  -10.538 0.0000000000
107159  -57.593  26.901  -11.883 0.0000000000
107158  -57.043  27.320  -12.326 0.0000000000
107142  -56.083  27.514  -11.962 0.0000000000
107172  -56.376  27.760  -13.421 0.0000000000
155627  -55.367  27.854  -13.543 0.0000000000
107187  -55.006  28.064  -14.265 0.0000000000
107200  -53.447  27.822  -15.259 0.0000000000
107185  -52.850  27.554  -14.635 0.0000000000
140345  -52.019  27.339  -14.437 0.0000000000
107155  -52.595  27.485  -13.079 0.0000000000
139394  -51.818  27.372  -13.648 0.0000000000
107168  -50.986  27.194  -14.170 0.0000000000
107167  -49.238  27.134  -13.746 0.0000000000
157978  -52.104  27.495  -9.808 0.0000000000
107125  -51.381  27.516  -10.005 0.0000000000
141788  -51.235  27.431  -10.844 0.0000000000
107109  -49.985  28.081  -9.692 0.0000000000
107138  -50.354  27.438  -11.029 0.0000000000
141787  -50.141  27.371  -11.849 0.0000000000
107152  -49.336  27.399  -11.988 0.0000000000
107166  -48.475  27.278  -13.129 0.0000000000
107165  -47.653  27.458  -13.366 0.0000000000
108019  -46.386  28.155  -12.809 0.0000000000
139020  -45.618  28.678  -12.735 0.0000000000
145221  -46.518  28.751  -11.597 0.0000000000
108012  -45.802  29.134  -11.934 0.0000000000
166460  -45.279  29.279  -12.437 0.0000000000
108808  -44.805  29.739  -12.610 0.0000000000
109517  -44.306  30.356  -12.920 0.0000000000
101353  -41.295  22.029  -5.560 0.0000000000
101359  -41.769  22.229  -6.025 0.0000000000
101349  -41.130  22.794  -4.784 0.0000000000
101350  -41.553  23.355  -4.575 0.0000000000
158218  -41.837  23.561  -3.674 0.0000000000
101340  -42.273  22.745  -2.058 0.0000000000
101341  -42.052  23.347  -2.832 0.0000000000
102090  -42.563  23.639  -3.164 0.0000000000
102870  -43.272  23.743  -2.995 0.0000000000
150717  -44.018  24.028  -3.167 0.0000000000
164043  -45.015  23.766  -2.486 0.0000000000
148854  -42.622  18.947  0.603 0.0000000000
100556  -43.130  19.715  0.253 0.0000000000
102078  -43.795  21.083  -0.310 0.0000000000
101319  -44.234  20.299  0.717 0.0000000000
102079  -44.300  21.324  -0.191 0.0000000000
102866  -44.266  22.733  -1.392 0.0000000000
103709  -44.747  23.257  -1.746 0.0000000000
103711  -46.114  23.934  -2.042 0.0000000000
104581  -46.896  24.270  -1.977 0.0000000000
104582  -47.588  24.366  -1.520 0.0000000000
103695  -46.831  23.143  0.382 0.0000000000
103702  -47.431  23.907  -0.689 0.0000000000
104571  -48.058  24.278  -0.805 0.0000000000
104572  -48.726  24.502  -0.541 0.0000000000
104573  -49.548  24.789  -0.293 0.0000000000
102829  -46.271  22.245  3.417 0.0000000000
102843  -46.891  22.607  3.157 0.0000000000
103685  -47.622  23.089  2.926 0.0000000000
103680  -48.250  23.233  3.640 0.0000000000
103686  -48.593  23.526  2.594 0.0000000000
104557  -49.260  24.203  1.125 0.0000000000
104566  -49.848  24.618  0.568 0.0000000000
104574  -50.414  25.019  -0.043 0.0000000000
105403  -51.297  25.136  0.222 0.0000000000
140208  -51.802  25.373  -0.220 0.0000000000
105404  -52.317  25.163  0.509 0.0000000000
104560  -51.990  24.546  1.860 0.0000000000
104569  -52.467  24.855  1.283 0.0000000000
151587  -53.308  25.341  0.468 0.0000000000
105412  -53.934  25.605  0.025 0.0000000000
159245  -54.891  25.708  0.353 0.0000000000
105413  -55.632  25.975  0.200 0.0000000000
105398  -55.193  25.499  1.896 0.0000000000
97905  -55.435  16.826  -12.788 0.0000000000
97904  -53.608  16.281  -12.471 0.0000000000
98855  -54.041  17.386  -10.122 0.0000000000
98841  -52.824  17.469  -9.078 0.0000000000
97864  -53.003  17.182  -9.891 0.0000000000
164392  -53.384  16.972  -10.494 0.0000000000
140508  -53.210  16.600  -11.125 0.0000000000
97892  -52.436  16.281  -11.375 0.0000000000
96867  -51.593  15.910  -11.685 0.0000000000
96866  -50.722  15.722  -11.494 0.0000000000
141340  -50.087  15.607  -11.276 0.0000000000
139946  -48.976  15.622  -10.958 0.0000000000
96839  -49.973  15.942  -9.852 0.0000000000
96850  -48.309  15.898  -10.856 0.0000000000
98839  -46.151  17.372  -9.980 0.0000000000
153585  -48.271  16.293  -8.458 0.0000000000
141182  -46.853  16.449  -8.952 0.0000000000
98838  -45.515  17.899  -9.630 0.0000000000
100612  -42.779  20.153  -7.338 0.0000000000
100608  -42.109  20.299  -6.680 0.0000000000
98772  -50.117  17.200  -2.089 0.0000000000
146560  -47.862  14.562  3.781 0.0000000000
153174  -48.442  14.523  2.874 0.0000000000
95803  -49.244  14.962  2.399 0.0000000000
93073  -44.427  11.725  1.370 0.0000000000
94002  -45.854  12.650  1.500 0.0000000000
94003  -46.594  13.199  1.668 0.0000000000
94905  -47.393  13.630  1.473 0.0000000000
95802  -48.672  14.487  1.693 0.0000000000
95828  -49.028  14.858  0.843 0.0000000000
149556  -49.387  15.322  0.354 0.0000000000
96761  -49.361  15.513  -0.347 0.0000000000
145917  -48.748  15.121  -0.707 0.0000000000
96770  -49.212  15.709  -1.145 0.0000000000
97758  -49.585  16.441  -1.749 0.0000000000
97771  -49.528  16.920  -2.563 0.0000000000
97783  -47.082  16.145  -4.251 0.0000000000
96809  -45.235  15.923  -5.379 0.0000000000
94955  -43.899  13.790  -3.213 0.0000000000
95872  -43.811  14.888  -4.350 0.0000000000
95871  -42.951  14.869  -4.332 0.0000000000
150672  -44.091  15.425  -4.725 0.0000000000
96807  -43.849  15.890  -5.177 0.0000000000
97814  -44.492  16.174  -5.680 0.0000000000
101357  -41.381  20.981  -6.028 0.0000000000
101352  -40.799  21.595  -5.286 0.0000000000
101347  -40.334  22.166  -4.368 0.0000000000
101343  -39.972  22.122  -3.376 0.0000000000
100579  -39.297  21.247  -3.645 0.0000000000
99712  -40.321  20.087  -0.385 0.0000000000
99698  -41.066  18.680  0.313 0.0000000000
99720  -37.839  19.173  -2.770 0.0000000000
144547  -38.962  19.421  -0.321 0.0000000000
98735  -41.067  17.377  1.784 0.0000000000
99649  -40.258  17.645  2.491 0.0000000000
152794  -39.799  18.398  2.629 0.0000000000
99648  -39.281  17.731  2.481 0.0000000000
147269  -39.280  19.524  2.501 0.0000000000
154347  -39.726  20.494  2.441 0.0000000000
97989  -57.712  16.525  -20.775 0.0000000000
98964  -58.489  17.558  -20.114 0.0000000000
152480  -58.238  16.986  -20.633 0.0000000000
97988  -57.041  16.875  -21.100 0.0000000000
98975  -56.288  17.847  -21.900 0.0000000000
148060  -52.612  15.847  -13.992 0.0000000000
97940  -53.619  16.398  -15.694 0.0000000000
97939  -52.759  16.391  -15.860 0.0000000000
97954  -54.247  16.717  -16.266 0.0000000000
148561  -50.971  17.758  -17.543 0.0000000000
98942  -52.219  17.943  -18.232 0.0000000000
99886  -53.053  18.909  -19.257 0.0000000000
98944  -54.051  17.957  -18.179 0.0000000000
98945  -55.166  18.150  -18.051 0.0000000000
99890  -57.528  19.180  -19.551 0.0000000000
100713  -57.797  19.423  -20.491 0.0000000000
100712  -57.348  19.974  -21.007 0.0000000000
100719  -57.705  19.461  -21.394 0.0000000000
98989  -57.431  18.380  -22.005 0.0000000000
98988  -56.877  18.327  -22.313 0.0000000000
98987  -55.869  18.279  -22.434 0.0000000000
99929  -55.278  19.017  -23.454 0.0000000000
100738  -56.378  19.832  -23.949 0.0000000000
100737  -55.718  19.564  -24.046 0.0000000000
158613  -53.700  19.426  -23.641 0.0000000000
101502  -53.567  20.520  -24.854 0.0000000000
102203  -55.100  21.520  -23.368 0.0000000000
102216  -55.691  21.492  -24.727 0.0000000000
103043  -55.132  22.542  -24.752 0.0000000000
103055  -55.483  22.113  -24.961 0.0000000000
101517  -55.603  21.368  -25.002 0.0000000000
101516  -55.166  21.074  -25.227 0.0000000000
101501  -52.256  20.655  -24.877 0.0000000000
101513  -51.849  21.318  -25.518 0.0000000000
102222  -51.804  21.966  -26.046 0.0000000000
103073  -52.934  23.095  -26.457 0.0000000000
103072  -51.927  22.661  -26.354 0.0000000000
102231  -51.161  22.274  -26.176 0.0000000000
103063  -50.547  22.325  -26.000 0.0000000000
102097  -42.086  22.802  -6.084 0.0000000000
102875  -42.761  22.836  -6.746 0.0000000000
102879  -44.069  22.919  -7.795 0.0000000000
103724  -43.953  23.910  -6.566 0.0000000000
103725  -44.362  23.545  -7.365 0.0000000000
103735  -44.747  23.244  -8.130 0.0000000000
103747  -45.831  23.277  -9.181 0.0000000000
103758  -47.031  23.174  -10.199 0.0000000000
104599  -46.185  24.773  -4.419 0.0000000000
104603  -46.110  24.707  -5.836 0.0000000000
104609  -46.425  24.550  -6.774 0.0000000000
139346  -48.027  24.739  -7.270 0.0000000000
104617  -47.170  24.514  -7.462 0.0000000000
104629  -46.987  24.234  -8.155 0.0000000000
102911  -47.481  22.712  -10.834 0.0000000000
102921  -48.634  22.591  -11.765 0.0000000000
102931  -49.771  22.585  -12.702 0.0000000000
102923  -50.166  23.080  -12.158 0.0000000000
102940  -49.848  22.236  -13.342 0.0000000000
151292  -50.614  22.349  -14.196 0.0000000000
102950  -50.901  22.438  -14.750 0.0000000000
102958  -51.197  22.747  -15.919 0.0000000000
105440  -51.451  25.843  -3.533 0.0000000000
144532  -51.002  25.693  -4.920 0.0000000000
105457  -52.836  25.682  -5.660 0.0000000000
149433  -52.030  25.523  -6.017 0.0000000000
105467  -51.725  25.312  -6.704 0.0000000000
104621  -52.011  24.848  -8.129 0.0000000000
104633  -51.632  24.578  -8.957 0.0000000000
149372  -56.057  25.230  -9.839 0.0000000000
104664  -55.268  24.955  -10.256 0.0000000000
104663  -54.388  24.734  -10.255 0.0000000000
142934  -54.856  24.612  -11.797 0.0000000000
104671  -54.490  24.596  -11.092 0.0000000000
153853  -53.793  24.689  -9.838 0.0000000000
157745  -53.016  24.452  -10.148 0.0000000000
139853  -52.222  24.285  -10.437 0.0000000000
103762  -52.029  24.091  -11.216 0.0000000000
103782  -52.344  23.796  -12.435 0.0000000000
139321  -52.097  23.487  -13.146 0.0000000000
103795  -53.107  23.927  -13.804 0.0000000000
103794  -52.513  23.634  -14.282 0.0000000000
103793  -51.938  23.243  -14.140 0.0000000000
103801  -51.963  23.324  -14.813 0.0000000000
103809  -51.590  23.307  -16.205 0.0000000000
103816  -51.429  23.433  -17.125 0.0000000000
103824  -51.310  23.580  -18.075 0.0000000000
104735  -51.759  24.294  -18.398 0.0000000000
104743  -51.665  24.398  -19.356 0.0000000000
105627  -53.107  25.451  -22.579 0.0000000000
106375  -55.126  26.987  -18.437 0.0000000000
106383  -54.868  27.112  -19.332 0.0000000000
106403  -54.999  27.889  -21.342 0.0000000000
106402  -54.379  27.116  -21.306 0.0000000000
105620  -54.152  26.775  -22.108 0.0000000000
105628  -54.049  26.230  -22.936 0.0000000000
164963  -54.434  25.988  -23.614 0.0000000000
105635  -54.848  26.328  -24.637 0.0000000000
106437  -54.932  25.884  -25.391 0.0000000000
105645  -53.616  25.808  -25.956 0.0000000000
106429  -53.959  27.098  -25.080 0.0000000000
104788  -52.619  25.055  -26.171 0.0000000000
108878  -51.142  29.088  -23.430 0.0000000000
108886  -49.923  29.237  -24.295 0.0000000000
108870  -48.491  29.298  -23.851 0.0000000000
108150  -48.546  29.100  -24.264 0.0000000000
107212  -52.436  27.541  -16.565 0.0000000000
141031  -51.765  27.370  -17.115 0.0000000000
140453  -50.899  27.169  -17.285 0.0000000000
107210  -50.514  27.013  -16.527 0.0000000000
107223  -50.115  27.283  -18.006 0.0000000000
164258  -49.324  27.700  -19.056 0.0000000000
107255  -48.797  27.882  -19.204 0.0000000000
108088  -47.974  28.196  -19.504 0.0000000000
156649  -47.354  27.732  -16.496 0.0000000000
107220  -47.543  27.836  -17.297 0.0000000000
107237  -47.683  27.961  -18.031 0.0000000000
108087  -47.329  28.229  -18.828 0.0000000000
164131  -47.363  28.347  -19.525 0.0000000000
166882  -46.717  28.482  -20.390 0.0000000000
108111  -46.076  28.387  -20.560 0.0000000000
108110  -45.307  28.105  -21.239 0.0000000000
108125  -44.777  27.656  -21.763 0.0000000000
107267  -43.992  27.339  -21.395 0.0000000000
106398  -43.984  26.535  -21.815 0.0000000000
105617  -43.559  25.926  -21.370 0.0000000000
141526  -41.425  25.883  -19.743 0.0000000000
105578  -41.329  25.838  -18.973 0.0000000000
108083  -41.304  27.945  -18.530 0.0000000000
107234  -40.485  27.550  -19.211 0.0000000000
107233  -39.951  27.605  -18.919 0.0000000000
107250  -39.628  27.735  -18.824 0.0000000000
106372  -39.962  27.432  -18.889 0.0000000000
108052  -38.343  28.413  -16.990 0.0000000000
110155  -49.130  31.300  -10.340 0.0000000000
110174  -46.511  31.573  -12.171 0.0000000000
110184  -45.246  32.044  -12.971 0.0000000000
110183  -44.535  32.033  -13.261 0.0000000000
155427  -43.406  31.732  -13.739 0.0000000000
111509  -43.596  33.464  -15.290 0.0000000000
110825  -43.019  32.838  -14.977 0.0000000000
154136  -42.588  32.149  -14.717 0.0000000000
110824  -42.009  31.760  -15.293 0.0000000000
110836  -41.717  32.053  -16.464 0.0000000000
110203  -41.210  31.213  -17.431 0.0000000000
96760  -48.904  14.981  0.033 0.0000000000
96852  -50.550  15.871  -10.657 0.0000000000
96868  -52.280  15.999  -12.083 0.0000000000
96910  -52.992  16.161  -15.157 0.0000000000
97900  -47.873  17.023  -12.257 0.0000000000
98720  -40.512  17.305  2.131 0.0000000000
98752  -40.292  17.219  1.277 0.0000000000
98753  -41.014  17.440  1.113 0.0000000000
98806  -49.769  17.909  -5.802 0.0000000000
98905  -49.132  17.869  -14.869 0.0000000000
99650  -41.552  17.853  2.331 0.0000000000
99652  -42.454  18.735  1.728 0.0000000000
99660  -41.528  17.618  2.128 0.0000000000
99675  -39.737  17.402  0.809 0.0000000000
99831  -47.812  18.335  -12.644 0.0000000000
99872  -51.773  18.477  -18.698 0.0000000000
99906  -57.771  18.874  -21.790 0.0000000000
100537  -43.762  19.849  1.605 0.0000000000
100544  -39.905  17.874  0.511 0.0000000000
100555  -42.434  19.624  0.090 0.0000000000
100642  -46.753  19.698  -11.539 0.0000000000
101329  -43.519  20.469  -0.063 0.0000000000
101330  -44.048  20.588  0.146 0.0000000000
101354  -41.559  22.743  -5.443 0.0000000000
101370  -44.016  20.175  -8.617 0.0000000000
102065  -45.734  21.789  2.835 0.0000000000
102080  -44.924  21.710  0.147 0.0000000000
102092  -42.248  23.819  -4.320 0.0000000000
102130  -47.592  21.566  -11.776 0.0000000000
102185  -50.786  21.556  -20.073 0.0000000000
102195  -53.433  21.519  -22.331 0.0000000000
102226  -55.403  22.075  -25.221 0.0000000000
102798  -47.377  22.455  6.387 0.0000000000
102814  -46.345  22.358  4.348 0.0000000000
102888  -43.899  22.282  -8.158 0.0000000000
102930  -48.947  22.280  -12.467 0.0000000000
102964  -50.671  22.131  -16.437 0.0000000000
103004  -51.214  22.470  -21.024 0.0000000000
103066  -55.012  22.732  -25.598 0.0000000000
103687  -49.364  23.968  1.989 0.0000000000
103688  -50.045  23.835  3.175 0.0000000000
103694  -48.580  23.758  1.583 0.0000000000
103712  -46.822  23.909  -1.330 0.0000000000
103719  -43.364  24.333  -4.730 0.0000000000
103723  -43.561  23.277  -7.071 0.0000000000
103727  -45.780  23.943  -7.941 0.0000000000
103771  -51.782  23.788  -11.891 0.0000000000
103787  -52.412  23.560  -13.676 0.0000000000
103803  -53.115  24.080  -14.553 0.0000000000
103851  -52.383  23.649  -22.648 0.0000000000
103872  -55.145  24.200  -25.993 0.0000000000
103878  -52.057  23.372  -26.453 0.0000000000
104550  -51.824  24.325  2.754 0.0000000000
104598  -45.344  24.657  -4.686 0.0000000000
104635  -53.500  24.923  -8.606 0.0000000000
104637  -55.532  25.183  -8.897 0.0000000000
104649  -52.361  24.490  -9.579 0.0000000000
104662  -53.696  24.502  -10.651 0.0000000000
104665  -56.197  25.189  -10.504 0.0000000000
104679  -53.706  24.239  -12.592 0.0000000000
104796  -53.998  24.343  -26.490 0.0000000000
105409  -50.129  25.224  -0.904 0.0000000000
105411  -52.700  25.511  -0.301 0.0000000000
105423  -51.494  25.637  -1.392 0.0000000000
105436  -47.810  25.150  -3.466 0.0000000000
105453  -48.918  25.451  -5.261 0.0000000000
105458  -53.927  25.768  -5.717 0.0000000000
105461  -57.135  25.928  -6.054 0.0000000000
105468  -52.597  25.387  -6.555 0.0000000000
105480  -54.893  25.276  -7.665 0.0000000000
105490  -58.138  25.925  -8.743 0.0000000000
105508  -57.061  25.380  -10.705 0.0000000000
105516  -57.075  25.412  -11.528 0.0000000000
105517  -57.575  25.872  -11.902 0.0000000000
105524  -56.262  25.118  -12.600 0.0000000000
105534  -57.035  26.141  -13.457 0.0000000000
105563  -54.736  25.890  -16.555 0.0000000000
105646  -54.704  25.568  -25.992 0.0000000000
106263  -55.837  26.235  -0.455 0.0000000000
106280  -57.148  26.714  -3.242 0.0000000000
106285  -56.209  26.505  -3.498 0.0000000000
106305  -58.086  26.448  -7.696 0.0000000000
106354  -56.605  26.897  -15.367 0.0000000000
107075  -57.410  26.852  -3.469 0.0000000000
107095  -51.074  28.208  -8.746 0.0000000000
107112  -52.529  27.563  -9.141 0.0000000000
107122  -48.921  27.969  -10.652 0.0000000000
107144  -57.767  26.750  -11.007 0.0000000000
107149  -47.096  27.763  -12.684 0.0000000000
107194  -47.278  27.557  -15.135 0.0000000000
107226  -56.598  28.243  -17.206 0.0000000000
107240  -50.770  27.511  -18.772 0.0000000000
107245  -56.488  29.160  -18.317 0.0000000000
107252  -41.730  27.256  -20.197 0.0000000000
107261  -56.032  28.977  -19.836 0.0000000000
107270  -55.450  29.247  -20.943 0.0000000000
107276  -42.760  26.698  -21.248 0.0000000000
107277  -43.482  26.834  -21.562 0.0000000000
107278  -44.353  27.113  -21.968 0.0000000000
107301  -47.918  28.602  -24.226 0.0000000000
107306  -53.467  27.693  -24.520 0.0000000000
107960  -57.321  27.377  -2.868 0.0000000000
107967  -57.115  28.359  -4.511 0.0000000000
107971  -53.961  29.183  -6.093 0.0000000000
107977  -53.461  28.925  -6.460 0.0000000000
107980  -57.198  27.921  -5.801 0.0000000000
108047  -56.467  28.889  -16.049 0.0000000000
108062  -56.477  29.250  -16.873 0.0000000000
108063  -56.681  29.216  -17.142 0.0000000000
108077  -55.160  29.614  -18.262 0.0000000000
108099  -47.332  28.472  -20.235 0.0000000000
108106  -55.953  29.813  -19.716 0.0000000000
108116  -52.030  28.638  -21.108 0.0000000000
108139  -47.694  29.029  -23.571 0.0000000000
108159  -48.788  28.812  -24.432 0.0000000000
108789  -49.433  29.309  -9.257 0.0000000000
108839  -55.614  29.635  -17.658 0.0000000000
108841  -56.404  29.486  -17.499 0.0000000000
108858  -55.552  29.940  -19.681 0.0000000000
108862  -55.091  29.946  -20.395 0.0000000000
108877  -50.197  29.421  -23.861 0.0000000000
109471  -53.971  29.894  -5.948 0.0000000000
109486  -51.235  30.557  -8.010 0.0000000000
109508  -45.822  29.821  -11.701 0.0000000000
110131  -53.142  31.633  -7.645 0.0000000000
110182  -44.017  31.691  -13.364 0.0000000000
110810  -43.227  32.352  -14.233 0.0000000000
110826  -43.765  33.031  -14.492 0.0000000000
139277  -51.295  25.767  -2.717 0.0000000000
139636  -46.858  24.833  -6.029 0.0000000000
140758  -53.491  27.470  -9.509 0.0000000000
140826  -50.774  15.807  -13.913 0.0000000000
144413  -43.736  30.101  -13.446 0.0000000000
144493  -51.863  28.873  -7.518 0.0000000000
145894  -47.304  23.565  -0.042 0.0000000000
146340  -45.242  21.310  2.265 0.0000000000
146638  -55.120  26.465  -3.472 0.0000000000
147054  -52.360  27.418  -15.142 0.0000000000
147586  -41.038  17.625  2.497 0.0000000000
148335  -48.737  23.453  -10.572 0.0000000000
150775  -38.504  20.374  -2.756 0.0000000000
151240  -50.180  20.026  -18.020 0.0000000000
151647  -56.466  27.556  -12.743 0.0000000000
151934  -46.380  24.241  -7.706 0.0000000000
152644  -50.868  23.065  -26.106 0.0000000000
155552  -48.417  25.277  -5.738 0.0000000000
155727  -47.419  20.908  -11.952 0.0000000000
157927  -49.511  18.245  -15.960 0.0000000000
158156  -48.838  24.436  -8.491 0.0000000000
158280  -54.576  29.799  -20.429 0.0000000000
158377  -48.964  25.176  -2.099 0.0000000000
159866  -47.154  27.684  -15.836 0.0000000000
160330  -46.777  22.530  3.872 0.0000000000
160796  -52.034  15.765  -14.015 0.0000000000
161261  -46.190  28.559  -12.180 0.0000000000
162043  -49.914  27.299  -12.520 0.0000000000
162317  -56.783  28.762  -16.905 0.0000000000
162859  -51.662  23.195  -15.485 0.0000000000
164020  -50.211  25.677  -3.796 0.0000000000
164130  -51.109  20.167  -19.745 0.0000000000
164585  -50.988  24.572  -8.775 0.0000000000
164722  -58.299  26.204  -8.953 0.0000000000
166444  -57.482  26.478  -5.185 0.0000000000
166638  -50.239  22.604  -13.108 0.0000000000
167113  -42.870  31.773  -14.157 0.0000000000
