#!ascii label  , from subject sub-v1s14x0051571_ses-1 vox2ras=TkReg
599
83038  -21.911  0.387  -50.604 0.0000000000
81962  -15.944  -0.131  -46.359 0.0000000000
77864  -24.821  -3.914  -48.947 0.0000000000
75755  -20.255  -6.752  -46.925 0.0000000000
165544  -27.267  14.909  -52.497 0.0000000000
91558  -29.080  9.436  -50.456 0.0000000000
87664  -20.937  4.974  -50.800 0.0000000000
71306  -18.937  -11.149  -44.373 0.0000000000
154962  -19.276  -4.203  -46.780 0.0000000000
76736  -17.533  -5.697  -45.252 0.0000000000
94458  -28.867  12.451  -51.442 0.0000000000
91573  -25.480  9.214  -51.736 0.0000000000
85752  -16.292  3.547  -47.712 0.0000000000
140971  -16.301  5.953  -47.854 0.0000000000
159260  -20.626  3.037  -50.011 0.0000000000
86693  -25.917  4.165  -51.330 0.0000000000
84002  -26.362  1.597  -50.291 0.0000000000
82002  -26.967  -0.513  -49.688 0.0000000000
152194  -13.441  2.714  -47.176 0.0000000000
83009  -18.783  0.898  -46.996 0.0000000000
79918  -23.894  -2.183  -52.165 0.0000000000
79872  -20.632  -2.518  -48.296 0.0000000000
76783  -21.554  -5.536  -48.989 0.0000000000
73594  -24.683  -9.257  -47.788 0.0000000000
89700  -21.207  7.051  -51.720 0.0000000000
88713  -24.645  6.492  -51.729 0.0000000000
88685  -29.536  6.519  -49.583 0.0000000000
73545  -17.810  -8.415  -44.381 0.0000000000
147116  -19.714  -9.208  -45.803 0.0000000000
77789  -17.427  -4.888  -44.629 0.0000000000
75688  -16.543  -6.402  -44.479 0.0000000000
92553  -24.615  9.852  -51.864 0.0000000000
91591  -23.021  9.192  -52.455 0.0000000000
84911  -19.046  2.347  -47.797 0.0000000000
85755  -18.023  3.951  -47.585 0.0000000000
83999  -21.135  2.030  -50.425 0.0000000000
84965  -22.912  2.014  -51.703 0.0000000000
163888  -23.381  0.855  -51.279 0.0000000000
83040  -26.789  0.149  -49.801 0.0000000000
83057  -24.545  -0.311  -50.992 0.0000000000
150348  -15.576  1.033  -47.169 0.0000000000
83023  -15.555  0.683  -49.195 0.0000000000
81981  -17.678  0.406  -46.581 0.0000000000
81982  -19.778  -0.884  -47.202 0.0000000000
80902  -19.627  -1.760  -46.734 0.0000000000
76752  -19.340  -5.296  -47.188 0.0000000000
77838  -20.016  -4.701  -48.385 0.0000000000
75777  -20.866  -5.957  -48.228 0.0000000000
74710  -23.418  -7.285  -47.836 0.0000000000
150045  -21.487  -7.644  -47.565 0.0000000000
95367  -25.319  14.622  -51.982 0.0000000000
97201  -24.589  15.843  -52.108 0.0000000000
97214  -26.982  15.639  -52.510 0.0000000000
99193  -27.970  17.899  -52.856 0.0000000000
97217  -29.520  15.615  -52.577 0.0000000000
161429  -29.506  11.122  -50.980 0.0000000000
87637  -18.908  5.280  -48.409 0.0000000000
152577  -19.339  5.906  -48.740 0.0000000000
88695  -20.781  5.785  -50.855 0.0000000000
88725  -22.787  7.059  -52.557 0.0000000000
87696  -22.507  5.418  -52.531 0.0000000000
85771  -27.756  3.749  -50.405 0.0000000000
87667  -28.194  5.239  -50.229 0.0000000000
87653  -30.740  4.957  -49.408 0.0000000000
78878  -23.839  -3.138  -50.392 0.0000000000
79884  -26.701  -2.736  -48.704 0.0000000000
71288  -18.253  -10.803  -43.852 0.0000000000
72428  -18.911  -9.832  -44.593 0.0000000000
73546  -18.622  -8.350  -44.796 0.0000000000
71323  -19.738  -10.375  -45.629 0.0000000000
81920  -16.187  -0.569  -45.229 0.0000000000
79858  -18.639  -2.178  -45.681 0.0000000000
79831  -17.382  -2.645  -45.294 0.0000000000
77813  -18.179  -4.631  -45.915 0.0000000000
75753  -18.458  -5.978  -45.929 0.0000000000
95359  -25.735  13.669  -51.895 0.0000000000
96259  -28.543  14.006  -51.927 0.0000000000
93515  -25.962  11.525  -51.651 0.0000000000
92540  -27.188  10.374  -51.486 0.0000000000
91575  -27.084  9.161  -51.294 0.0000000000
138442  -12.932  5.069  -47.114 0.0000000000
86637  -16.395  5.007  -47.796 0.0000000000
86639  -18.093  4.664  -47.710 0.0000000000
86657  -20.633  4.331  -50.253 0.0000000000
145371  -21.847  4.074  -52.404 0.0000000000
84978  -22.548  2.927  -52.152 0.0000000000
84950  -26.004  2.932  -51.047 0.0000000000
163004  -27.935  2.328  -49.807 0.0000000000
83982  -28.758  1.209  -49.513 0.0000000000
68370  -19.984  -13.012  -44.038 0.0000000000
70303  -20.511  -11.767  -45.127 0.0000000000
85762  -14.267  3.161  -48.167 0.0000000000
141327  -17.219  2.213  -47.160 0.0000000000
83026  -20.459  0.801  -48.695 0.0000000000
82019  -22.797  -1.107  -51.182 0.0000000000
81991  -20.883  -0.416  -48.750 0.0000000000
154373  -21.710  -2.173  -50.080 0.0000000000
77875  -22.034  -3.579  -50.596 0.0000000000
78848  -19.614  -3.510  -46.947 0.0000000000
77859  -20.959  -4.240  -49.887 0.0000000000
76802  -22.752  -4.784  -49.685 0.0000000000
159617  -24.117  -5.977  -48.374 0.0000000000
150851  -25.582  -8.488  -48.527 0.0000000000
96261  -30.211  14.126  -52.005 0.0000000000
153833  -23.411  8.360  -52.544 0.0000000000
89702  -25.432  8.082  -51.622 0.0000000000
89685  -27.507  7.799  -50.651 0.0000000000
87683  -25.088  5.528  -51.531 0.0000000000
88697  -27.359  6.424  -50.617 0.0000000000
89687  -29.259  8.092  -49.948 0.0000000000
80933  -25.217  -0.897  -50.453 0.0000000000
140655  -28.316  -2.264  -49.171 0.0000000000
144997  -16.569  -6.988  -44.409 0.0000000000
75722  -17.502  -7.023  -44.808 0.0000000000
74669  -18.789  -7.546  -45.250 0.0000000000
73580  -20.542  -8.459  -46.888 0.0000000000
70315  -20.685  -11.189  -45.676 0.0000000000
71337  -21.324  -10.420  -46.409 0.0000000000
73581  -21.084  -8.559  -47.314 0.0000000000
91590  -22.345  9.014  -52.470 0.0000000000
83972  -20.782  1.170  -49.480 0.0000000000
84926  -20.417  1.992  -49.392 0.0000000000
83979  -21.292  1.263  -50.220 0.0000000000
84000  -21.643  1.484  -50.710 0.0000000000
83075  -22.895  0.197  -51.089 0.0000000000
82039  -24.009  0.044  -51.087 0.0000000000
82038  -23.515  -0.514  -51.206 0.0000000000
81961  -15.537  0.480  -45.985 0.0000000000
82967  -15.256  0.817  -45.720 0.0000000000
82984  -15.761  0.613  -46.633 0.0000000000
146354  -15.641  1.080  -47.155 0.0000000000
81964  -17.969  -0.373  -46.280 0.0000000000
81965  -18.507  -0.728  -46.316 0.0000000000
75767  -20.032  -5.880  -47.434 0.0000000000
143206  -20.428  -5.700  -48.029 0.0000000000
75768  -20.754  -6.579  -47.648 0.0000000000
74698  -21.555  -6.908  -47.869 0.0000000000
73591  -21.062  -7.414  -47.480 0.0000000000
95368  -26.065  14.356  -52.222 0.0000000000
96268  -25.512  14.984  -52.315 0.0000000000
97215  -27.846  16.189  -52.479 0.0000000000
98234  -29.260  16.418  -52.825 0.0000000000
96271  -28.836  14.931  -52.180 0.0000000000
92525  -29.580  10.379  -50.616 0.0000000000
93503  -30.299  11.105  -50.821 0.0000000000
92526  -30.621  10.362  -50.492 0.0000000000
91559  -30.090  9.637  -50.107 0.0000000000
87638  -19.571  5.158  -49.000 0.0000000000
153655  -18.461  5.934  -48.031 0.0000000000
87647  -20.098  5.494  -49.498 0.0000000000
154366  -20.483  5.853  -50.166 0.0000000000
87694  -21.605  5.643  -52.035 0.0000000000
86704  -21.768  4.788  -52.250 0.0000000000
85773  -29.180  3.452  -49.533 0.0000000000
141840  -29.103  4.858  -49.672 0.0000000000
153485  -24.457  -3.316  -49.597 0.0000000000
78861  -25.227  -3.118  -49.127 0.0000000000
77850  -26.660  -4.245  -48.485 0.0000000000
70285  -19.368  -11.955  -44.200 0.0000000000
70284  -18.545  -11.588  -43.767 0.0000000000
72411  -18.120  -9.935  -43.950 0.0000000000
160272  -18.719  -10.456  -44.321 0.0000000000
151597  -19.345  -10.575  -44.923 0.0000000000
80853  -15.718  -1.956  -44.127 0.0000000000
80872  -16.826  -1.775  -45.358 0.0000000000
79811  -17.164  -2.523  -43.852 0.0000000000
146600  -17.416  -5.101  -44.845 0.0000000000
77804  -17.580  -4.669  -44.962 0.0000000000
76737  -18.083  -5.292  -45.886 0.0000000000
150433  -17.887  -6.031  -45.558 0.0000000000
94455  -25.337  12.711  -51.691 0.0000000000
94456  -26.331  12.696  -51.768 0.0000000000
93514  -24.835  11.714  -51.644 0.0000000000
164078  -25.093  9.445  -51.869 0.0000000000
92539  -26.204  10.304  -51.623 0.0000000000
153658  -26.031  9.591  -51.597 0.0000000000
140862  -26.728  9.694  -51.508 0.0000000000
91574  -26.279  9.177  -51.494 0.0000000000
86645  -14.617  4.130  -47.742 0.0000000000
149908  -16.151  4.334  -47.817 0.0000000000
84931  -20.228  2.853  -49.273 0.0000000000
85764  -18.809  3.932  -48.162 0.0000000000
85765  -19.736  3.665  -48.923 0.0000000000
166400  -19.957  4.097  -49.226 0.0000000000
85770  -20.799  3.540  -50.380 0.0000000000
85798  -21.505  3.357  -51.465 0.0000000000
161291  -21.384  2.880  -51.021 0.0000000000
84967  -24.945  1.619  -51.091 0.0000000000
166792  -24.463  1.973  -51.417 0.0000000000
150016  -25.751  2.074  -50.824 0.0000000000
167754  -27.406  2.582  -50.199 0.0000000000
84952  -27.219  1.924  -50.027 0.0000000000
84934  -28.685  2.062  -49.575 0.0000000000
83981  -27.909  1.518  -49.668 0.0000000000
147090  -27.679  -0.338  -49.645 0.0000000000
148131  -28.430  -0.173  -49.582 0.0000000000
82003  -28.436  -0.906  -49.558 0.0000000000
68364  -20.148  -14.092  -43.808 0.0000000000
68371  -20.772  -13.988  -44.409 0.0000000000
85744  -12.941  3.140  -47.008 0.0000000000
85751  -12.912  4.178  -47.162 0.0000000000
84906  -13.606  2.787  -47.776 0.0000000000
83008  -17.862  0.951  -46.809 0.0000000000
83954  -16.039  1.514  -48.650 0.0000000000
83956  -17.440  1.533  -47.033 0.0000000000
83957  -18.205  1.922  -47.160 0.0000000000
83010  -19.787  0.789  -47.835 0.0000000000
83027  -20.940  0.289  -49.117 0.0000000000
152920  -19.943  -0.137  -47.604 0.0000000000
80916  -20.297  -1.644  -47.675 0.0000000000
80922  -21.001  -1.395  -48.754 0.0000000000
79882  -21.197  -2.345  -49.311 0.0000000000
78892  -22.160  -2.916  -50.767 0.0000000000
79897  -21.350  -2.894  -49.859 0.0000000000
78839  -19.142  -3.553  -46.116 0.0000000000
79859  -18.959  -2.738  -45.729 0.0000000000
76782  -20.958  -5.439  -48.841 0.0000000000
77848  -20.465  -4.525  -49.107 0.0000000000
76800  -21.186  -4.876  -49.533 0.0000000000
150729  -23.401  -5.449  -48.934 0.0000000000
74700  -24.166  -8.200  -47.589 0.0000000000
74711  -24.825  -7.791  -47.896 0.0000000000
146603  -24.991  -8.606  -48.012 0.0000000000
73603  -26.093  -9.541  -49.330 0.0000000000
95361  -28.260  13.150  -51.749 0.0000000000
96260  -29.402  14.202  -51.864 0.0000000000
95362  -29.140  13.430  -51.627 0.0000000000
140571  -14.836  6.222  -47.201 0.0000000000
89670  -20.678  7.241  -50.907 0.0000000000
90633  -21.260  7.613  -51.781 0.0000000000
90663  -22.043  8.288  -52.535 0.0000000000
89713  -21.869  7.596  -52.412 0.0000000000
164942  -24.081  6.545  -52.054 0.0000000000
88726  -24.154  7.188  -52.132 0.0000000000
88714  -25.083  7.287  -51.684 0.0000000000
161964  -26.110  8.207  -51.300 0.0000000000
88715  -26.066  7.367  -51.211 0.0000000000
85799  -24.565  3.937  -51.804 0.0000000000
86691  -24.359  4.874  -51.970 0.0000000000
86692  -25.237  4.473  -51.592 0.0000000000
87651  -28.894  5.849  -49.812 0.0000000000
87666  -27.383  5.649  -50.641 0.0000000000
88684  -28.659  6.757  -49.972 0.0000000000
89686  -28.449  7.711  -50.225 0.0000000000
89674  -29.348  7.365  -49.751 0.0000000000
89676  -30.884  7.157  -49.632 0.0000000000
80951  -22.842  -1.673  -52.061 0.0000000000
80953  -24.418  -1.538  -52.051 0.0000000000
79899  -26.589  -1.767  -49.122 0.0000000000
72410  -17.559  -9.210  -44.018 0.0000000000
73528  -17.213  -8.490  -44.072 0.0000000000
74638  -16.834  -7.566  -44.096 0.0000000000
146498  -17.047  -7.122  -44.469 0.0000000000
74652  -17.375  -7.706  -44.420 0.0000000000
73565  -19.377  -8.391  -45.415 0.0000000000
74670  -19.565  -7.631  -45.852 0.0000000000
73567  -20.185  -9.245  -46.568 0.0000000000
72461  -21.118  -9.508  -46.963 0.0000000000
78797  -17.046  -3.297  -44.035 0.0000000000
141893  -16.023  -3.988  -43.757 0.0000000000
77788  -16.322  -4.692  -43.731 0.0000000000
76721  -17.124  -5.801  -44.665 0.0000000000
93526  -24.294  10.846  -51.762 0.0000000000
92552  -23.736  10.199  -51.878 0.0000000000
91592  -23.840  9.385  -52.203 0.0000000000
162395  -24.219  8.941  -52.271 0.0000000000
84909  -17.597  2.755  -47.241 0.0000000000
85754  -17.430  3.554  -47.383 0.0000000000
84910  -18.385  3.076  -47.569 0.0000000000
84924  -19.369  2.994  -48.372 0.0000000000
84932  -20.711  2.425  -49.991 0.0000000000
84949  -21.466  2.286  -50.868 0.0000000000
84013  -21.907  1.839  -51.154 0.0000000000
84015  -24.198  1.176  -51.217 0.0000000000
84001  -25.495  1.186  -50.607 0.0000000000
83980  -27.036  1.072  -49.846 0.0000000000
83076  -24.697  0.658  -50.885 0.0000000000
83039  -25.824  0.075  -50.080 0.0000000000
82001  -26.039  -0.466  -49.861 0.0000000000
162113  -14.489  1.864  -45.795 0.0000000000
149136  -13.804  2.483  -47.868 0.0000000000
83952  -13.677  2.171  -48.878 0.0000000000
83953  -14.676  1.462  -48.158 0.0000000000
83006  -15.720  1.234  -47.545 0.0000000000
82986  -18.247  0.144  -46.556 0.0000000000
165077  -19.172  -0.120  -46.889 0.0000000000
81966  -19.167  -1.027  -46.541 0.0000000000
77825  -19.015  -4.805  -46.681 0.0000000000
77837  -19.501  -4.695  -47.588 0.0000000000
76767  -19.868  -5.174  -47.979 0.0000000000
76781  -20.392  -5.184  -48.620 0.0000000000
75779  -21.956  -6.256  -48.497 0.0000000000
75780  -23.094  -6.314  -48.428 0.0000000000
74709  -22.355  -6.856  -48.111 0.0000000000
74699  -22.266  -7.477  -47.778 0.0000000000
159114  -23.124  -7.921  -47.537 0.0000000000
162351  -24.537  15.077  -51.488 0.0000000000
97202  -24.998  15.472  -52.247 0.0000000000
151511  -27.137  16.482  -52.385 0.0000000000
159619  -30.031  16.165  -53.290 0.0000000000
93517  -28.729  11.404  -51.253 0.0000000000
94459  -29.843  12.897  -51.440 0.0000000000
153788  -29.846  11.925  -51.122 0.0000000000
89655  -17.767  8.001  -47.466 0.0000000000
88670  -19.566  6.376  -48.818 0.0000000000
88679  -20.181  6.273  -49.539 0.0000000000
88711  -20.990  6.488  -51.446 0.0000000000
88723  -21.809  6.931  -52.283 0.0000000000
88712  -21.450  6.536  -51.914 0.0000000000
142343  -22.948  6.130  -52.508 0.0000000000
87682  -24.060  5.887  -52.038 0.0000000000
140839  -27.056  3.776  -50.863 0.0000000000
145716  -26.578  4.373  -51.057 0.0000000000
86660  -28.329  4.351  -50.152 0.0000000000
87652  -29.919  5.597  -49.407 0.0000000000
78894  -23.805  -2.426  -51.134 0.0000000000
80932  -24.379  -1.898  -51.167 0.0000000000
163757  -25.149  -2.375  -49.532 0.0000000000
72427  -18.358  -9.142  -44.431 0.0000000000
72429  -19.502  -9.846  -45.329 0.0000000000
72447  -19.901  -9.901  -46.109 0.0000000000
81944  -15.821  -0.052  -45.746 0.0000000000
81945  -16.149  -0.738  -46.097 0.0000000000
81946  -16.556  -1.193  -46.086 0.0000000000
150301  -16.955  -1.793  -45.797 0.0000000000
164852  -17.264  -2.307  -45.536 0.0000000000
79846  -17.699  -2.976  -45.470 0.0000000000
78798  -17.126  -3.313  -43.859 0.0000000000
78830  -17.800  -4.404  -45.432 0.0000000000
78838  -18.681  -4.283  -46.083 0.0000000000
77824  -18.486  -4.865  -46.184 0.0000000000
75754  -19.319  -6.060  -46.584 0.0000000000
164859  -24.263  14.379  -51.188 0.0000000000
155147  -24.516  14.124  -51.405 0.0000000000
95369  -26.993  14.308  -52.351 0.0000000000
96270  -27.886  14.507  -52.305 0.0000000000
95360  -26.657  13.606  -52.031 0.0000000000
148300  -27.323  12.906  -51.779 0.0000000000
147121  -27.157  11.930  -51.588 0.0000000000
93527  -25.219  10.599  -51.692 0.0000000000
143612  -26.820  11.021  -51.564 0.0000000000
93516  -27.681  11.165  -51.453 0.0000000000
146265  -28.082  10.563  -51.256 0.0000000000
92524  -28.504  10.020  -50.897 0.0000000000
91557  -28.020  9.122  -50.886 0.0000000000
87624  -16.179  5.528  -47.874 0.0000000000
86638  -17.266  4.464  -47.540 0.0000000000
145431  -17.271  5.419  -47.677 0.0000000000
87627  -18.240  5.357  -47.831 0.0000000000
86656  -20.141  4.615  -49.507 0.0000000000
86689  -21.248  4.750  -51.198 0.0000000000
85797  -21.363  4.081  -51.330 0.0000000000
85810  -23.054  3.544  -52.356 0.0000000000
85811  -23.911  3.364  -51.928 0.0000000000
84964  -22.168  2.341  -51.668 0.0000000000
84966  -24.230  2.600  -51.683 0.0000000000
85800  -25.435  3.541  -51.466 0.0000000000
167426  -26.696  3.199  -50.879 0.0000000000
84933  -27.904  3.039  -50.069 0.0000000000
84935  -29.477  2.660  -49.422 0.0000000000
164352  -30.075  2.240  -49.341 0.0000000000
83984  -30.297  1.640  -49.389 0.0000000000
156090  -27.935  0.524  -49.641 0.0000000000
76787  -26.159  -5.000  -48.412 0.0000000000
69348  -20.208  -12.316  -44.598 0.0000000000
149937  -19.685  -11.443  -44.795 0.0000000000
86644  -13.740  4.198  -47.466 0.0000000000
85763  -15.058  3.094  -48.241 0.0000000000
83969  -14.594  1.818  -49.252 0.0000000000
84923  -15.477  2.090  -49.217 0.0000000000
84908  -16.820  3.022  -47.346 0.0000000000
163653  -19.760  1.496  -48.177 0.0000000000
83037  -21.415  0.384  -49.909 0.0000000000
148567  -22.452  -0.591  -50.776 0.0000000000
82000  -21.927  -0.458  -50.377 0.0000000000
82018  -22.471  -1.160  -50.766 0.0000000000
80950  -22.646  -1.662  -51.166 0.0000000000
81983  -20.409  -0.711  -48.033 0.0000000000
80930  -21.595  -1.561  -49.793 0.0000000000
153528  -22.534  -2.154  -51.287 0.0000000000
79917  -22.679  -2.464  -51.195 0.0000000000
77863  -24.046  -3.925  -49.583 0.0000000000
80901  -18.898  -1.726  -46.031 0.0000000000
79871  -20.025  -2.646  -47.246 0.0000000000
154722  -19.879  -4.351  -48.082 0.0000000000
78860  -20.270  -4.137  -48.741 0.0000000000
78876  -20.738  -3.853  -49.598 0.0000000000
77860  -21.553  -4.226  -50.188 0.0000000000
76803  -23.697  -4.669  -49.365 0.0000000000
165013  -24.435  -4.505  -48.946 0.0000000000
166018  -25.471  -5.390  -48.377 0.0000000000
146822  -25.300  -6.185  -48.211 0.0000000000
75781  -24.434  -6.786  -48.000 0.0000000000
74712  -25.716  -7.386  -48.339 0.0000000000
96272  -29.825  14.824  -52.273 0.0000000000
95370  -30.576  13.337  -51.869 0.0000000000
90664  -22.776  8.510  -52.627 0.0000000000
90666  -24.067  8.491  -52.337 0.0000000000
89715  -23.063  7.853  -52.635 0.0000000000
89716  -23.776  7.905  -52.432 0.0000000000
90667  -24.910  8.691  -51.978 0.0000000000
90651  -26.552  8.663  -51.276 0.0000000000
90652  -27.294  8.539  -50.950 0.0000000000
90636  -28.726  8.587  -50.354 0.0000000000
86705  -22.096  4.660  -52.579 0.0000000000
87697  -23.389  5.273  -52.361 0.0000000000
86674  -26.647  5.235  -50.909 0.0000000000
87684  -25.935  5.675  -51.084 0.0000000000
87665  -26.559  6.280  -50.908 0.0000000000
88696  -26.965  7.151  -50.741 0.0000000000
90637  -29.630  8.798  -49.937 0.0000000000
90638  -30.567  8.857  -49.868 0.0000000000
82021  -24.088  -0.989  -51.714 0.0000000000
151963  -24.665  -0.919  -51.345 0.0000000000
149388  -26.758  -0.891  -49.616 0.0000000000
79898  -25.115  -1.585  -49.905 0.0000000000
166051  -26.671  -1.218  -49.451 0.0000000000
159299  -28.013  -1.506  -49.386 0.0000000000
75721  -17.133  -6.501  -44.665 0.0000000000
75737  -17.589  -6.409  -45.141 0.0000000000
74653  -17.994  -7.607  -44.794 0.0000000000
75738  -18.105  -6.745  -45.335 0.0000000000
75739  -19.028  -6.738  -45.762 0.0000000000
148176  -19.730  -6.931  -46.268 0.0000000000
74687  -20.788  -7.590  -47.211 0.0000000000
71307  -19.938  -10.985  -45.440 0.0000000000
71324  -20.146  -10.498  -46.025 0.0000000000
72448  -20.448  -9.908  -46.611 0.0000000000
72460  -20.667  -8.980  -47.069 0.0000000000
145581  -20.943  -8.173  -47.321 0.0000000000
73592  -21.118  -7.849  -47.405 0.0000000000
150849  -21.414  -8.212  -47.405 0.0000000000
67296  -20.796  -14.669  -44.208 0.0000000000
69349  -21.038  -12.771  -45.012 0.0000000000
71325  -20.739  -10.629  -46.157 0.0000000000
73547  -19.185  -9.106  -44.957 0.0000000000
73566  -19.951  -8.517  -46.234 0.0000000000
73582  -21.955  -9.088  -47.022 0.0000000000
74686  -20.217  -7.695  -46.561 0.0000000000
75706  -16.727  -6.908  -44.429 0.0000000000
75769  -21.133  -6.735  -47.807 0.0000000000
75778  -21.301  -6.138  -48.319 0.0000000000
75782  -26.299  -6.603  -48.566 0.0000000000
76703  -16.038  -5.171  -43.643 0.0000000000
76720  -16.838  -5.899  -44.515 0.0000000000
76751  -18.766  -5.345  -46.370 0.0000000000
76784  -22.388  -5.559  -49.078 0.0000000000
76785  -24.493  -5.249  -48.562 0.0000000000
76786  -25.169  -4.665  -48.535 0.0000000000
76799  -20.732  -4.864  -49.251 0.0000000000
76801  -21.874  -4.882  -49.701 0.0000000000
77765  -15.766  -4.631  -43.677 0.0000000000
77812  -17.783  -4.762  -45.514 0.0000000000
77849  -25.683  -4.011  -48.493 0.0000000000
77861  -22.282  -4.139  -50.324 0.0000000000
77862  -23.163  -3.854  -50.286 0.0000000000
77874  -21.605  -3.538  -50.382 0.0000000000
78819  -15.337  -4.017  -43.719 0.0000000000
78831  -18.133  -4.222  -45.818 0.0000000000
78862  -26.218  -3.337  -48.581 0.0000000000
78863  -27.178  -3.554  -48.581 0.0000000000
78877  -21.251  -3.540  -50.131 0.0000000000
78891  -21.738  -2.969  -50.477 0.0000000000
78893  -23.271  -2.816  -50.954 0.0000000000
79847  -18.708  -3.442  -45.716 0.0000000000
79860  -19.417  -2.694  -46.339 0.0000000000
79883  -25.789  -2.426  -49.023 0.0000000000
79916  -22.357  -2.427  -50.884 0.0000000000
80854  -16.902  -2.016  -44.107 0.0000000000
80855  -17.007  -2.159  -43.972 0.0000000000
80871  -16.456  -1.018  -45.242 0.0000000000
80891  -16.486  -1.278  -45.814 0.0000000000
80900  -18.289  -1.205  -46.007 0.0000000000
80931  -22.156  -1.663  -50.529 0.0000000000
80934  -25.984  -1.034  -49.624 0.0000000000
80935  -27.229  -1.335  -49.396 0.0000000000
80937  -29.415  -1.182  -49.518 0.0000000000
80952  -23.571  -1.610  -52.303 0.0000000000
81963  -16.336  -0.482  -46.339 0.0000000000
81999  -21.434  -0.583  -49.575 0.0000000000
82020  -23.311  -1.161  -51.900 0.0000000000
82022  -25.178  -0.431  -50.559 0.0000000000
82037  -23.117  -0.757  -51.214 0.0000000000
82983  -14.896  1.764  -46.499 0.0000000000
82985  -16.116  0.408  -46.700 0.0000000000
83005  -15.581  0.911  -48.300 0.0000000000
83007  -17.304  1.114  -46.856 0.0000000000
83011  -20.432  0.137  -48.330 0.0000000000
83024  -15.920  0.706  -49.036 0.0000000000
83025  -16.147  0.993  -49.437 0.0000000000
83036  -15.737  0.864  -49.572 0.0000000000
83056  -22.630  -0.253  -50.911 0.0000000000
83058  -25.276  0.312  -50.541 0.0000000000
83059  -26.089  0.754  -50.100 0.0000000000
83074  -22.214  0.851  -50.932 0.0000000000
83955  -17.045  1.785  -47.072 0.0000000000
83958  -19.251  1.601  -47.687 0.0000000000
83970  -14.814  1.043  -49.076 0.0000000000
83971  -15.819  1.329  -49.505 0.0000000000
83978  -15.247  1.103  -49.414 0.0000000000
83983  -29.482  1.801  -49.443 0.0000000000
84014  -22.533  1.342  -51.301 0.0000000000
84907  -16.559  2.946  -47.520 0.0000000000
84921  -14.012  2.479  -48.778 0.0000000000
84922  -14.726  2.311  -49.188 0.0000000000
84925  -19.783  2.114  -48.503 0.0000000000
84930  -15.230  1.523  -49.444 0.0000000000
84948  -21.033  2.787  -50.530 0.0000000000
84951  -26.681  2.501  -50.550 0.0000000000
84963  -21.677  2.643  -51.406 0.0000000000
84979  -23.373  2.715  -51.961 0.0000000000
85743  -12.565  4.053  -46.841 0.0000000000
85753  -16.574  3.979  -47.622 0.0000000000
85761  -13.632  3.345  -47.732 0.0000000000
85769  -20.353  3.709  -49.662 0.0000000000
85772  -28.459  3.586  -49.950 0.0000000000
85784  -21.224  3.441  -50.887 0.0000000000
85785  -26.314  3.656  -51.152 0.0000000000
85786  -27.263  3.138  -50.526 0.0000000000
85808  -21.846  3.266  -52.067 0.0000000000
85809  -22.285  3.788  -52.502 0.0000000000
86635  -14.147  5.006  -47.398 0.0000000000
86646  -18.657  4.743  -48.166 0.0000000000
86647  -19.404  4.489  -48.772 0.0000000000
86661  -28.927  4.075  -49.721 0.0000000000
86662  -29.598  4.119  -49.439 0.0000000000
86673  -21.069  4.169  -50.781 0.0000000000
86675  -27.437  4.622  -50.651 0.0000000000
86690  -21.483  4.833  -51.721 0.0000000000
86706  -22.787  4.463  -52.532 0.0000000000
86707  -23.667  4.234  -52.171 0.0000000000
87625  -16.432  5.855  -47.842 0.0000000000
87648  -20.535  5.158  -50.213 0.0000000000
87681  -21.217  5.620  -51.455 0.0000000000
87695  -21.936  5.550  -52.419 0.0000000000
88669  -18.724  6.316  -48.240 0.0000000000
88686  -30.434  6.426  -49.495 0.0000000000
88698  -28.038  6.140  -50.281 0.0000000000
88724  -22.216  6.395  -52.486 0.0000000000
89669  -20.510  6.880  -50.176 0.0000000000
89684  -20.921  7.152  -51.425 0.0000000000
89701  -21.540  7.313  -52.069 0.0000000000
89703  -26.716  7.989  -50.955 0.0000000000
89714  -22.405  7.770  -52.601 0.0000000000
89717  -24.588  7.973  -52.090 0.0000000000
90635  -27.997  8.354  -50.639 0.0000000000
90649  -21.607  7.955  -52.230 0.0000000000
90650  -25.797  8.710  -51.544 0.0000000000
90665  -23.527  8.836  -52.462 0.0000000000
91576  -27.580  9.807  -51.269 0.0000000000
91593  -24.711  9.225  -52.035 0.0000000000
92538  -25.458  9.759  -51.729 0.0000000000
92541  -28.894  10.709  -51.036 0.0000000000
94457  -27.960  12.441  -51.638 0.0000000000
95358  -24.851  14.887  -51.756 0.0000000000
95363  -29.841  13.645  -51.673 0.0000000000
96258  -27.618  13.727  -52.064 0.0000000000
96269  -26.431  14.917  -52.478 0.0000000000
97213  -25.888  15.527  -52.449 0.0000000000
97216  -28.669  15.864  -52.497 0.0000000000
98232  -27.699  17.124  -52.515 0.0000000000
139215  -23.757  1.898  -51.573 0.0000000000
139808  -24.670  3.182  -51.666 0.0000000000
140219  -25.560  6.450  -51.315 0.0000000000
140239  -23.431  7.346  -52.459 0.0000000000
140709  -28.604  2.852  -49.689 0.0000000000
140746  -27.813  6.987  -50.406 0.0000000000
142000  -29.946  4.742  -49.373 0.0000000000
142033  -21.611  4.034  -51.956 0.0000000000
143504  -24.470  -2.443  -50.090 0.0000000000
146110  -20.742  -3.279  -48.978 0.0000000000
146433  -25.095  2.538  -51.377 0.0000000000
146618  -22.226  7.173  -52.508 0.0000000000
146773  -27.530  -0.919  -49.580 0.0000000000
149199  -25.883  4.892  -51.181 0.0000000000
149541  -24.992  13.890  -51.669 0.0000000000
149912  -16.800  2.427  -47.288 0.0000000000
150320  -28.100  11.868  -51.498 0.0000000000
151744  -30.051  7.102  -49.501 0.0000000000
152372  -23.070  -2.214  -52.130 0.0000000000
153167  -20.146  -3.583  -47.969 0.0000000000
153169  -21.785  6.264  -52.242 0.0000000000
153366  -16.680  -6.422  -44.522 0.0000000000
153546  -22.101  -2.109  -50.626 0.0000000000
154421  -23.532  6.599  -52.332 0.0000000000
154774  -17.221  -5.308  -44.554 0.0000000000
155325  -21.946  -1.086  -50.246 0.0000000000
155875  -22.621  -3.308  -50.718 0.0000000000
158283  -23.284  -2.631  -51.723 0.0000000000
158399  -15.484  0.902  -46.342 0.0000000000
159156  -19.628  -4.135  -47.504 0.0000000000
159271  -21.216  -7.309  -47.516 0.0000000000
160793  -20.851  1.814  -49.965 0.0000000000
161070  -24.787  -1.333  -51.135 0.0000000000
161571  -20.218  1.435  -48.683 0.0000000000
162339  -13.065  3.418  -47.258 0.0000000000
165676  -23.457  5.977  -52.335 0.0000000000
166837  -17.796  5.928  -47.708 0.0000000000
167482  -27.601  -1.887  -49.151 0.0000000000
