#!ascii label  , from subject sub-v1s14x0051571_ses-1 vox2ras=TkReg
543
14028  -39.949  -68.041  -34.314 0.0000000000
16887  -38.626  -65.808  -44.976 0.0000000000
17654  -35.057  -64.479  -36.022 0.0000000000
15006  -40.009  -66.614  -39.119 0.0000000000
20081  -38.030  -60.971  -40.059 0.0000000000
17585  -38.991  -64.964  -30.037 0.0000000000
156624  -31.954  -61.932  -31.326 0.0000000000
150353  -29.198  -55.979  -24.431 0.0000000000
20030  -35.021  -61.389  -35.140 0.0000000000
19259  -36.378  -62.399  -38.813 0.0000000000
20932  -37.356  -60.226  -36.419 0.0000000000
18402  -35.760  -63.591  -30.489 0.0000000000
140603  -33.542  -62.041  -28.396 0.0000000000
28554  -30.078  -52.205  -23.916 0.0000000000
25712  -31.125  -55.455  -26.733 0.0000000000
13131  -36.423  -69.246  -34.986 0.0000000000
15950  -40.032  -66.061  -42.843 0.0000000000
13195  -36.227  -69.043  -40.436 0.0000000000
13230  -37.284  -69.582  -42.332 0.0000000000
16745  -38.452  -65.867  -35.171 0.0000000000
147662  -39.667  -67.090  -37.294 0.0000000000
17736  -38.718  -64.056  -41.567 0.0000000000
19316  -40.443  -62.317  -45.067 0.0000000000
158550  -37.066  -66.018  -32.970 0.0000000000
156110  -33.264  -63.529  -33.778 0.0000000000
20888  -33.252  -60.409  -32.736 0.0000000000
21713  -32.006  -60.042  -25.397 0.0000000000
20864  -30.625  -59.856  -27.863 0.0000000000
23687  -32.559  -57.819  -29.306 0.0000000000
24749  -35.588  -56.594  -30.370 0.0000000000
14962  -35.835  -67.817  -37.193 0.0000000000
20093  -35.596  -61.649  -41.004 0.0000000000
16863  -35.705  -65.022  -41.821 0.0000000000
13228  -34.463  -69.283  -42.512 0.0000000000
21789  -36.450  -59.650  -33.791 0.0000000000
20920  -36.547  -60.519  -35.451 0.0000000000
14027  -38.370  -68.557  -34.809 0.0000000000
15962  -39.673  -65.700  -44.332 0.0000000000
14149  -38.326  -68.215  -42.339 0.0000000000
15088  -37.969  -67.830  -44.663 0.0000000000
12326  -37.160  -70.208  -43.897 0.0000000000
15071  -37.131  -67.604  -44.400 0.0000000000
16780  -36.923  -65.198  -36.199 0.0000000000
17668  -37.288  -64.994  -36.946 0.0000000000
20072  -37.258  -61.316  -39.435 0.0000000000
18496  -37.219  -63.245  -40.207 0.0000000000
20095  -38.073  -62.203  -41.160 0.0000000000
18509  -39.511  -63.448  -42.833 0.0000000000
20109  -39.514  -61.966  -42.784 0.0000000000
16723  -38.247  -66.151  -32.162 0.0000000000
16712  -37.809  -65.567  -31.531 0.0000000000
18400  -33.808  -63.279  -31.081 0.0000000000
17597  -34.795  -64.273  -31.867 0.0000000000
18408  -32.706  -63.012  -32.451 0.0000000000
19203  -32.830  -62.316  -33.376 0.0000000000
151547  -32.477  -60.921  -32.402 0.0000000000
22693  -30.353  -58.491  -24.442 0.0000000000
21719  -30.499  -59.641  -26.263 0.0000000000
22707  -29.816  -58.307  -26.525 0.0000000000
25714  -32.899  -54.928  -26.972 0.0000000000
24722  -31.982  -57.037  -28.217 0.0000000000
158653  -33.411  -56.197  -28.510 0.0000000000
23703  -33.799  -57.700  -30.271 0.0000000000
14985  -40.009  -66.583  -38.176 0.0000000000
14983  -37.839  -67.547  -37.883 0.0000000000
15004  -38.280  -67.507  -38.805 0.0000000000
13176  -34.219  -69.168  -38.542 0.0000000000
20071  -34.677  -61.308  -39.459 0.0000000000
19288  -35.654  -62.406  -41.469 0.0000000000
15039  -34.337  -67.022  -40.898 0.0000000000
19231  -34.614  -63.055  -36.025 0.0000000000
18466  -35.625  -63.803  -37.367 0.0000000000
20052  -35.564  -61.781  -36.590 0.0000000000
20063  -36.362  -61.300  -37.686 0.0000000000
20959  -37.636  -60.414  -38.296 0.0000000000
17582  -37.009  -64.252  -30.629 0.0000000000
19177  -34.757  -62.746  -29.572 0.0000000000
19995  -33.030  -62.283  -29.250 0.0000000000
26679  -29.368  -54.326  -24.383 0.0000000000
25710  -29.679  -55.861  -25.816 0.0000000000
27622  -30.511  -53.674  -25.449 0.0000000000
27624  -32.330  -53.304  -25.777 0.0000000000
28598  -34.078  -53.190  -26.397 0.0000000000
15926  -40.393  -66.234  -40.330 0.0000000000
15040  -38.442  -67.581  -40.264 0.0000000000
14132  -38.299  -67.915  -41.183 0.0000000000
13215  -37.086  -69.096  -41.545 0.0000000000
11393  -35.388  -71.582  -40.673 0.0000000000
11408  -36.182  -71.260  -41.758 0.0000000000
10649  -36.340  -71.719  -43.119 0.0000000000
11457  -35.895  -71.481  -43.950 0.0000000000
14950  -40.349  -66.732  -35.080 0.0000000000
166034  -39.866  -67.404  -35.831 0.0000000000
16800  -40.061  -65.649  -37.578 0.0000000000
17700  -39.918  -65.311  -39.007 0.0000000000
17697  -36.824  -64.407  -38.366 0.0000000000
17714  -38.288  -64.665  -39.451 0.0000000000
17716  -40.097  -65.244  -39.964 0.0000000000
17738  -40.176  -64.831  -42.564 0.0000000000
17749  -40.114  -64.416  -44.334 0.0000000000
17760  -39.700  -64.008  -45.213 0.0000000000
15842  -39.642  -66.669  -33.753 0.0000000000
15840  -38.128  -66.163  -34.300 0.0000000000
16743  -35.411  -65.416  -34.680 0.0000000000
17620  -36.141  -64.943  -31.748 0.0000000000
17635  -34.892  -65.095  -33.194 0.0000000000
17653  -34.428  -64.352  -35.454 0.0000000000
19215  -33.673  -62.776  -34.776 0.0000000000
20904  -34.642  -60.669  -34.037 0.0000000000
21774  -35.251  -59.229  -32.764 0.0000000000
19970  -33.000  -61.322  -26.972 0.0000000000
19988  -31.419  -61.094  -28.020 0.0000000000
20872  -31.486  -60.722  -29.622 0.0000000000
24706  -30.867  -56.870  -27.394 0.0000000000
22721  -31.415  -58.992  -29.125 0.0000000000
20879  -31.808  -60.450  -30.824 0.0000000000
21761  -33.221  -59.237  -31.527 0.0000000000
22759  -34.660  -58.342  -31.559 0.0000000000
14057  -37.583  -67.997  -36.160 0.0000000000
14055  -35.842  -68.150  -36.309 0.0000000000
14094  -36.474  -67.868  -39.166 0.0000000000
14091  -33.775  -68.720  -37.733 0.0000000000
20110  -40.899  -61.285  -44.395 0.0000000000
20131  -40.362  -61.614  -45.401 0.0000000000
18521  -37.995  -62.844  -44.165 0.0000000000
18507  -36.870  -63.002  -43.000 0.0000000000
17746  -37.203  -64.441  -43.550 0.0000000000
165814  -36.483  -67.321  -43.585 0.0000000000
151807  -35.291  -69.226  -43.305 0.0000000000
21809  -37.155  -59.723  -34.329 0.0000000000
145897  -39.171  -68.345  -34.667 0.0000000000
15961  -39.016  -66.333  -44.935 0.0000000000
15089  -38.599  -67.280  -44.412 0.0000000000
15960  -38.258  -66.947  -44.810 0.0000000000
15959  -37.776  -67.522  -44.722 0.0000000000
16886  -37.765  -66.836  -44.721 0.0000000000
16779  -35.825  -64.911  -36.114 0.0000000000
148157  -36.329  -64.793  -36.706 0.0000000000
155074  -37.590  -61.651  -40.285 0.0000000000
20096  -38.525  -61.408  -41.168 0.0000000000
16703  -39.638  -65.695  -30.262 0.0000000000
16702  -38.841  -65.413  -30.702 0.0000000000
16713  -38.583  -65.820  -31.379 0.0000000000
17601  -38.195  -65.298  -30.988 0.0000000000
19182  -32.325  -62.434  -31.025 0.0000000000
19189  -32.825  -62.970  -31.501 0.0000000000
19188  -32.275  -62.387  -31.856 0.0000000000
19192  -32.474  -62.291  -32.635 0.0000000000
20012  -32.110  -61.619  -31.987 0.0000000000
24666  -29.209  -56.069  -23.568 0.0000000000
24656  -29.452  -56.310  -22.787 0.0000000000
166648  -29.339  -56.659  -23.895 0.0000000000
23628  -29.709  -57.384  -23.778 0.0000000000
23640  -29.758  -57.802  -24.435 0.0000000000
22692  -29.792  -58.190  -25.034 0.0000000000
23651  -29.507  -57.506  -25.185 0.0000000000
26700  -33.705  -54.435  -27.230 0.0000000000
24709  -32.995  -55.996  -27.964 0.0000000000
24724  -34.073  -55.878  -28.832 0.0000000000
25746  -34.483  -55.152  -28.481 0.0000000000
15005  -39.278  -67.232  -38.925 0.0000000000
17724  -34.789  -63.804  -40.553 0.0000000000
15924  -34.464  -66.119  -40.725 0.0000000000
19217  -34.682  -62.412  -35.794 0.0000000000
19232  -35.070  -62.469  -36.377 0.0000000000
20041  -35.198  -61.730  -35.800 0.0000000000
153892  -37.176  -60.187  -35.697 0.0000000000
20944  -36.769  -60.708  -37.105 0.0000000000
20958  -36.963  -60.801  -37.983 0.0000000000
20945  -37.483  -60.296  -37.377 0.0000000000
19176  -33.678  -62.634  -29.803 0.0000000000
27600  -29.319  -53.628  -23.836 0.0000000000
28569  -29.796  -52.978  -24.189 0.0000000000
27621  -29.802  -54.023  -25.094 0.0000000000
27612  -30.147  -53.254  -24.858 0.0000000000
27638  -32.864  -53.939  -26.150 0.0000000000
13130  -35.661  -69.331  -35.245 0.0000000000
15940  -40.210  -66.354  -41.350 0.0000000000
15041  -39.024  -67.426  -40.434 0.0000000000
15057  -39.074  -67.451  -41.440 0.0000000000
14165  -37.739  -69.075  -43.184 0.0000000000
14148  -37.704  -68.686  -41.858 0.0000000000
12284  -36.272  -70.709  -41.570 0.0000000000
11407  -35.792  -71.398  -41.267 0.0000000000
13267  -36.963  -69.924  -44.305 0.0000000000
11444  -36.643  -71.129  -43.186 0.0000000000
12325  -36.699  -70.589  -43.938 0.0000000000
10669  -36.111  -71.841  -43.660 0.0000000000
12324  -36.182  -70.813  -44.152 0.0000000000
16746  -39.477  -65.949  -35.511 0.0000000000
15861  -40.079  -66.311  -35.504 0.0000000000
16817  -40.118  -65.641  -38.433 0.0000000000
16816  -39.711  -65.361  -38.162 0.0000000000
19258  -36.006  -62.861  -38.192 0.0000000000
18475  -36.022  -63.756  -38.035 0.0000000000
18476  -36.457  -63.492  -38.866 0.0000000000
18487  -37.484  -64.086  -40.008 0.0000000000
17725  -38.447  -64.477  -40.478 0.0000000000
17715  -39.471  -64.948  -39.690 0.0000000000
17726  -39.682  -64.739  -40.805 0.0000000000
17727  -40.264  -64.988  -41.084 0.0000000000
19302  -40.092  -62.783  -43.831 0.0000000000
17748  -40.150  -64.136  -43.806 0.0000000000
18523  -40.132  -63.231  -44.687 0.0000000000
18524  -40.141  -63.899  -45.036 0.0000000000
18536  -40.017  -62.943  -45.239 0.0000000000
15826  -37.936  -66.280  -33.181 0.0000000000
16734  -37.178  -66.083  -33.813 0.0000000000
16744  -36.324  -65.815  -34.303 0.0000000000
16733  -36.371  -65.850  -33.298 0.0000000000
18412  -36.179  -64.184  -30.974 0.0000000000
17599  -36.791  -64.660  -31.163 0.0000000000
17617  -33.583  -64.002  -33.232 0.0000000000
17618  -34.399  -64.520  -32.742 0.0000000000
17634  -34.126  -64.638  -33.687 0.0000000000
16731  -34.697  -65.158  -34.142 0.0000000000
17644  -34.126  -64.552  -34.592 0.0000000000
17643  -33.786  -63.861  -34.947 0.0000000000
18439  -33.413  -63.260  -34.422 0.0000000000
20893  -33.227  -61.022  -33.282 0.0000000000
20022  -33.812  -61.147  -33.900 0.0000000000
20894  -34.042  -60.394  -33.378 0.0000000000
144315  -34.878  -60.129  -33.585 0.0000000000
21787  -34.681  -59.771  -33.071 0.0000000000
20856  -30.793  -60.240  -27.028 0.0000000000
20865  -31.384  -60.850  -27.297 0.0000000000
20868  -30.972  -60.554  -27.898 0.0000000000
152245  -31.280  -60.789  -28.737 0.0000000000
153113  -30.909  -60.148  -28.466 0.0000000000
25711  -30.305  -55.821  -26.451 0.0000000000
24696  -30.314  -56.717  -26.847 0.0000000000
25727  -30.923  -56.186  -27.050 0.0000000000
23674  -32.219  -57.412  -28.744 0.0000000000
23673  -31.429  -57.660  -28.286 0.0000000000
22722  -31.810  -58.161  -28.928 0.0000000000
21738  -31.708  -59.379  -29.818 0.0000000000
22746  -32.420  -58.878  -30.282 0.0000000000
21760  -32.306  -59.889  -31.282 0.0000000000
22735  -32.931  -58.134  -29.970 0.0000000000
23704  -34.756  -57.280  -30.496 0.0000000000
22748  -34.254  -57.970  -30.958 0.0000000000
23721  -35.143  -57.744  -31.145 0.0000000000
22760  -35.523  -58.189  -31.768 0.0000000000
14948  -39.297  -67.466  -36.430 0.0000000000
14058  -38.403  -67.845  -36.107 0.0000000000
14982  -36.792  -67.656  -37.617 0.0000000000
14964  -37.302  -67.733  -36.947 0.0000000000
14054  -34.877  -68.123  -36.576 0.0000000000
14115  -37.679  -67.818  -40.286 0.0000000000
15022  -37.518  -67.669  -39.486 0.0000000000
14113  -35.889  -68.533  -39.604 0.0000000000
13175  -33.419  -69.405  -38.099 0.0000000000
21001  -41.398  -60.486  -43.953 0.0000000000
20130  -39.257  -61.532  -44.868 0.0000000000
153082  -39.117  -62.717  -45.052 0.0000000000
19315  -38.471  -62.137  -44.508 0.0000000000
17735  -36.208  -64.299  -42.413 0.0000000000
18506  -35.969  -63.270  -42.051 0.0000000000
16864  -36.670  -65.366  -43.063 0.0000000000
15939  -36.719  -66.600  -43.560 0.0000000000
15938  -35.857  -66.056  -42.229 0.0000000000
15055  -34.916  -67.652  -41.855 0.0000000000
15069  -35.544  -67.976  -42.873 0.0000000000
14163  -35.042  -68.530  -42.617 0.0000000000
20905  -35.277  -60.811  -34.653 0.0000000000
20919  -35.729  -60.975  -35.296 0.0000000000
20906  -36.331  -60.267  -34.661 0.0000000000
20907  -37.380  -59.902  -34.968 0.0000000000
20921  -38.052  -59.802  -35.604 0.0000000000
29544  -30.650  -51.892  -24.424 0.0000000000
146322  -31.091  -51.177  -24.321 0.0000000000
13132  -37.065  -69.021  -34.815 0.0000000000
15073  -39.589  -66.866  -42.177 0.0000000000
15090  -39.356  -66.666  -43.726 0.0000000000
14166  -38.244  -68.202  -43.796 0.0000000000
13248  -37.332  -69.964  -43.246 0.0000000000
14188  -37.637  -68.689  -44.262 0.0000000000
15087  -37.440  -68.175  -44.495 0.0000000000
15086  -36.956  -68.391  -44.450 0.0000000000
16759  -37.677  -65.570  -35.648 0.0000000000
16781  -38.116  -65.321  -36.399 0.0000000000
16799  -38.501  -65.175  -37.133 0.0000000000
17683  -37.617  -64.837  -37.741 0.0000000000
19273  -36.741  -62.838  -39.542 0.0000000000
19274  -37.258  -62.394  -40.179 0.0000000000
19289  -37.740  -62.959  -40.986 0.0000000000
18508  -38.360  -63.356  -41.568 0.0000000000
19301  -38.723  -62.769  -42.112 0.0000000000
16722  -37.419  -65.859  -32.276 0.0000000000
18401  -34.864  -63.435  -30.729 0.0000000000
18411  -35.282  -63.930  -31.128 0.0000000000
18410  -34.376  -63.738  -31.472 0.0000000000
18421  -33.946  -63.975  -32.301 0.0000000000
18435  -33.001  -63.321  -33.198 0.0000000000
152464  -33.018  -62.940  -33.710 0.0000000000
18434  -32.724  -62.781  -33.109 0.0000000000
20020  -32.635  -61.584  -32.903 0.0000000000
163080  -32.828  -60.982  -32.859 0.0000000000
23641  -30.427  -58.081  -23.750 0.0000000000
22705  -31.097  -59.130  -24.472 0.0000000000
21712  -31.065  -59.668  -25.302 0.0000000000
22704  -30.112  -58.930  -25.483 0.0000000000
148895  -30.078  -59.070  -26.526 0.0000000000
22710  -30.201  -58.601  -27.269 0.0000000000
25713  -32.018  -55.216  -26.856 0.0000000000
25728  -31.652  -55.876  -27.253 0.0000000000
25729  -32.500  -55.604  -27.424 0.0000000000
24723  -32.744  -56.725  -28.477 0.0000000000
23675  -32.885  -57.218  -29.045 0.0000000000
23688  -33.308  -57.422  -29.600 0.0000000000
24735  -33.565  -56.699  -29.097 0.0000000000
24736  -34.426  -56.267  -29.484 0.0000000000
24737  -35.216  -55.969  -29.765 0.0000000000
14965  -38.434  -67.571  -37.025 0.0000000000
14984  -38.960  -67.342  -38.058 0.0000000000
15003  -37.185  -67.604  -38.576 0.0000000000
13194  -35.487  -69.448  -39.903 0.0000000000
151657  -34.755  -61.871  -39.905 0.0000000000
19287  -35.098  -62.253  -40.553 0.0000000000
18495  -35.277  -63.108  -41.052 0.0000000000
17734  -35.461  -64.031  -41.440 0.0000000000
14147  -34.294  -68.447  -41.799 0.0000000000
17666  -34.746  -63.805  -36.128 0.0000000000
17667  -35.450  -64.266  -36.738 0.0000000000
18455  -35.166  -63.304  -36.793 0.0000000000
19243  -35.461  -62.488  -37.077 0.0000000000
162194  -35.792  -62.445  -37.656 0.0000000000
20042  -35.939  -61.132  -36.029 0.0000000000
20062  -35.841  -61.826  -37.348 0.0000000000
19244  -36.106  -62.001  -38.079 0.0000000000
153890  -36.649  -61.478  -38.617 0.0000000000
20970  -37.780  -60.615  -39.171 0.0000000000
17583  -37.640  -64.405  -30.387 0.0000000000
18403  -36.564  -63.744  -30.285 0.0000000000
19178  -35.629  -62.927  -29.390 0.0000000000
19185  -35.298  -63.149  -30.059 0.0000000000
19184  -34.304  -63.019  -30.294 0.0000000000
19183  -33.192  -62.844  -30.625 0.0000000000
19175  -32.577  -62.385  -30.132 0.0000000000
26669  -29.019  -54.493  -23.502 0.0000000000
25695  -29.109  -55.196  -24.067 0.0000000000
152437  -29.343  -56.071  -25.152 0.0000000000
25702  -29.482  -55.088  -25.162 0.0000000000
26685  -30.154  -54.484  -25.725 0.0000000000
26686  -30.949  -54.184  -25.982 0.0000000000
28579  -30.887  -52.782  -25.113 0.0000000000
27623  -31.383  -53.407  -25.636 0.0000000000
26698  -31.491  -54.750  -26.379 0.0000000000
26699  -32.444  -54.551  -26.457 0.0000000000
150254  -33.139  -54.321  -26.673 0.0000000000
26701  -34.295  -53.924  -27.158 0.0000000000
15025  -39.897  -66.758  -39.876 0.0000000000
15024  -39.263  -67.244  -39.674 0.0000000000
149349  -38.340  -67.700  -40.653 0.0000000000
14131  -37.765  -68.141  -40.947 0.0000000000
14130  -36.979  -68.594  -40.843 0.0000000000
160779  -35.283  -70.652  -40.175 0.0000000000
12313  -36.989  -70.559  -43.231 0.0000000000
11427  -36.348  -71.476  -42.342 0.0000000000
10629  -35.704  -72.501  -41.791 0.0000000000
10648  -35.934  -72.362  -42.960 0.0000000000
10668  -35.662  -72.125  -43.553 0.0000000000
14942  -40.283  -67.272  -34.666 0.0000000000
14949  -39.862  -67.669  -35.106 0.0000000000
159854  -40.350  -67.018  -35.511 0.0000000000
14967  -40.367  -66.354  -35.924 0.0000000000
162162  -40.410  -66.174  -36.585 0.0000000000
15874  -40.360  -65.871  -37.035 0.0000000000
147708  -40.347  -66.324  -37.246 0.0000000000
15888  -40.395  -65.899  -37.855 0.0000000000
15900  -40.457  -65.986  -38.697 0.0000000000
16833  -40.248  -65.607  -39.287 0.0000000000
17682  -36.338  -64.480  -37.472 0.0000000000
18486  -36.935  -63.587  -39.571 0.0000000000
17713  -37.219  -64.290  -39.171 0.0000000000
15913  -40.459  -66.083  -39.523 0.0000000000
16851  -40.473  -65.511  -40.240 0.0000000000
145717  -40.411  -65.276  -41.235 0.0000000000
16865  -40.333  -65.536  -41.981 0.0000000000
17737  -39.845  -64.460  -42.178 0.0000000000
16875  -40.123  -65.170  -43.538 0.0000000000
16889  -39.864  -64.860  -44.802 0.0000000000
16888  -39.449  -64.720  -45.116 0.0000000000
14943  -40.361  -67.063  -34.177 0.0000000000
15854  -39.606  -66.402  -34.736 0.0000000000
15853  -38.962  -66.176  -34.776 0.0000000000
15827  -38.917  -66.507  -32.914 0.0000000000
15841  -38.871  -66.426  -33.948 0.0000000000
151645  -37.344  -65.894  -34.797 0.0000000000
16758  -36.355  -65.478  -35.351 0.0000000000
16757  -35.214  -64.988  -35.474 0.0000000000
17600  -37.528  -64.878  -30.951 0.0000000000
16711  -37.027  -65.279  -31.629 0.0000000000
16721  -36.598  -65.605  -32.397 0.0000000000
17598  -35.537  -64.429  -31.561 0.0000000000
16720  -35.739  -65.411  -32.711 0.0000000000
16732  -35.514  -65.566  -33.715 0.0000000000
162962  -34.688  -64.959  -34.916 0.0000000000
18445  -34.188  -63.506  -35.530 0.0000000000
19216  -34.140  -62.746  -35.351 0.0000000000
20040  -34.537  -61.995  -35.257 0.0000000000
19207  -33.325  -62.428  -34.163 0.0000000000
19208  -33.902  -62.189  -34.759 0.0000000000
20029  -34.370  -61.409  -34.603 0.0000000000
20895  -35.520  -60.203  -34.026 0.0000000000
21788  -35.478  -59.680  -33.387 0.0000000000
20857  -31.410  -60.577  -26.631 0.0000000000
19979  -32.033  -61.350  -27.549 0.0000000000
144989  -32.799  -61.707  -27.923 0.0000000000
140268  -32.610  -61.920  -28.733 0.0000000000
19994  -32.068  -61.848  -29.516 0.0000000000
19999  -31.697  -61.323  -30.074 0.0000000000
24695  -29.768  -56.578  -26.237 0.0000000000
23657  -30.313  -57.595  -27.239 0.0000000000
21727  -30.540  -59.007  -27.928 0.0000000000
24707  -31.452  -56.979  -27.813 0.0000000000
22720  -31.065  -58.553  -28.499 0.0000000000
21728  -30.892  -59.441  -28.535 0.0000000000
21737  -31.204  -59.967  -29.222 0.0000000000
20878  -31.637  -60.790  -30.342 0.0000000000
20006  -31.772  -61.279  -30.999 0.0000000000
20884  -32.077  -60.736  -31.624 0.0000000000
21771  -32.750  -60.111  -32.023 0.0000000000
21772  -33.626  -59.635  -32.276 0.0000000000
22747  -33.299  -58.480  -30.775 0.0000000000
22758  -33.922  -58.579  -31.356 0.0000000000
21762  -34.147  -58.971  -31.903 0.0000000000
22766  -34.975  -58.770  -32.165 0.0000000000
22767  -35.825  -58.677  -32.405 0.0000000000
14039  -38.982  -67.953  -35.506 0.0000000000
14038  -37.820  -68.391  -35.297 0.0000000000
14037  -36.925  -68.519  -35.444 0.0000000000
14056  -36.692  -68.108  -36.168 0.0000000000
14036  -36.109  -68.638  -35.601 0.0000000000
144283  -35.196  -68.595  -35.751 0.0000000000
15023  -38.488  -67.505  -39.610 0.0000000000
15002  -36.112  -67.736  -38.190 0.0000000000
13193  -35.004  -68.851  -39.089 0.0000000000
14092  -34.571  -68.433  -38.194 0.0000000000
14961  -35.114  -67.935  -37.691 0.0000000000
21832  -38.341  -59.617  -34.786 0.0000000000
20946  -38.275  -60.014  -37.740 0.0000000000
20960  -38.424  -60.159  -38.759 0.0000000000
20971  -38.605  -60.372  -39.747 0.0000000000
20986  -39.063  -60.690  -40.868 0.0000000000
21000  -39.973  -61.061  -42.455 0.0000000000
20121  -40.610  -61.968  -44.764 0.0000000000
21014  -41.246  -60.686  -45.000 0.0000000000
21022  -40.920  -61.215  -45.426 0.0000000000
19328  -40.420  -61.998  -45.261 0.0000000000
18522  -38.973  -63.489  -45.084 0.0000000000
17747  -38.623  -64.490  -44.919 0.0000000000
20107  -36.193  -61.838  -41.914 0.0000000000
19299  -36.278  -62.505  -42.255 0.0000000000
19300  -37.139  -62.132  -43.097 0.0000000000
147857  -37.679  -63.652  -43.929 0.0000000000
154372  -37.707  -65.211  -44.284 0.0000000000
16874  -37.499  -65.972  -44.231 0.0000000000
15070  -36.324  -68.007  -43.732 0.0000000000
14164  -35.781  -68.703  -43.531 0.0000000000
13247  -36.004  -69.603  -44.092 0.0000000000
12323  -35.674  -70.887  -44.057 0.0000000000
10630  -36.119  -72.009  -42.339 0.0000000000
11426  -35.845  -71.862  -41.542 0.0000000000
11458  -36.324  -71.286  -43.801 0.0000000000
12283  -35.831  -70.743  -40.987 0.0000000000
13229  -36.779  -70.067  -41.890 0.0000000000
13265  -35.973  -70.370  -44.243 0.0000000000
13266  -36.454  -70.169  -44.281 0.0000000000
14093  -35.472  -68.161  -38.688 0.0000000000
14114  -36.787  -68.166  -40.058 0.0000000000
14187  -37.086  -69.060  -44.386 0.0000000000
14963  -36.473  -67.837  -36.825 0.0000000000
14966  -40.243  -66.830  -36.427 0.0000000000
15042  -39.750  -66.877  -40.655 0.0000000000
15054  -33.978  -67.812  -41.149 0.0000000000
15058  -39.683  -66.922  -41.266 0.0000000000
15072  -38.881  -67.507  -42.969 0.0000000000
15855  -40.108  -66.726  -34.549 0.0000000000
16783  -39.988  -65.649  -36.687 0.0000000000
17584  -38.233  -64.829  -30.491 0.0000000000
17619  -35.239  -64.813  -32.268 0.0000000000
17633  -33.575  -64.044  -34.162 0.0000000000
17761  -39.958  -64.288  -45.121 0.0000000000
18395  -36.116  -63.315  -29.868 0.0000000000
18409  -33.415  -63.484  -31.907 0.0000000000
18420  -33.272  -63.579  -32.640 0.0000000000
18444  -33.778  -63.235  -35.043 0.0000000000
19272  -34.577  -62.472  -39.919 0.0000000000
19327  -39.715  -62.146  -45.267 0.0000000000
19993  -31.630  -61.265  -29.292 0.0000000000
20000  -31.927  -61.908  -30.543 0.0000000000
20021  -33.175  -61.723  -33.673 0.0000000000
20028  -33.650  -61.766  -34.261 0.0000000000
20053  -36.146  -61.216  -36.842 0.0000000000
20079  -35.686  -60.928  -40.543 0.0000000000
20080  -36.824  -62.019  -39.420 0.0000000000
20132  -40.727  -61.688  -45.334 0.0000000000
20849  -31.858  -60.419  -26.094 0.0000000000
20850  -32.750  -60.308  -25.748 0.0000000000
20858  -32.216  -60.894  -26.585 0.0000000000
20889  -33.992  -59.874  -32.824 0.0000000000
20931  -36.633  -60.666  -36.238 0.0000000000
21013  -40.850  -60.566  -45.127 0.0000000000
21720  -31.140  -60.153  -26.122 0.0000000000
21723  -30.361  -59.447  -27.171 0.0000000000
21749  -31.590  -60.187  -30.060 0.0000000000
21750  -31.963  -59.672  -30.551 0.0000000000
21751  -32.599  -59.204  -30.908 0.0000000000
21773  -34.443  -59.355  -32.511 0.0000000000
22694  -31.156  -58.695  -23.841 0.0000000000
22703  -29.583  -58.003  -25.746 0.0000000000
22734  -32.101  -58.540  -29.596 0.0000000000
23653  -29.513  -57.226  -25.881 0.0000000000
23654  -29.782  -57.383  -26.489 0.0000000000
23658  -30.932  -57.427  -27.750 0.0000000000
23672  -30.699  -58.128  -27.873 0.0000000000
23689  -34.102  -56.991  -29.863 0.0000000000
23705  -35.553  -57.250  -30.848 0.0000000000
24682  -29.335  -56.905  -24.611 0.0000000000
24692  -29.445  -56.678  -25.518 0.0000000000
24708  -32.095  -56.391  -27.806 0.0000000000
24748  -34.812  -56.633  -30.024 0.0000000000
25703  -29.975  -55.191  -25.967 0.0000000000
25730  -33.328  -55.218  -27.597 0.0000000000
26687  -31.991  -54.100  -25.927 0.0000000000
26697  -30.611  -54.960  -26.247 0.0000000000
27611  -29.662  -53.628  -24.494 0.0000000000
27625  -33.272  -53.068  -26.057 0.0000000000
27639  -33.697  -53.765  -26.661 0.0000000000
28570  -30.376  -52.553  -24.575 0.0000000000
142737  -40.545  -65.762  -40.925 0.0000000000
148482  -39.356  -65.429  -45.055 0.0000000000
153629  -35.639  -63.128  -37.544 0.0000000000
154294  -37.320  -69.561  -44.041 0.0000000000
154425  -36.713  -63.720  -42.897 0.0000000000
155650  -31.872  -61.493  -28.546 0.0000000000
156015  -31.389  -56.458  -27.465 0.0000000000
158827  -37.217  -60.896  -38.701 0.0000000000
163058  -41.001  -61.370  -45.286 0.0000000000
166156  -30.798  -52.271  -24.780 0.0000000000
166317  -37.178  -61.825  -39.809 0.0000000000
167274  -40.237  -66.070  -36.007 0.0000000000
