#!ascii label  , from subject sub-v1s14x0051571_ses-1 vox2ras=TkReg
1410
63962  -20.669  -17.291  -40.545 0.4285714328
65063  -20.811  -16.444  -41.876 0.2857142985
145208  -21.135  -16.684  -40.935 0.4285714328
65064  -21.648  -16.097  -41.300 0.4285714328
145920  -22.930  -15.310  -41.248 0.4285714328
66196  -21.279  -15.672  -42.966 0.2857142985
66197  -21.922  -15.240  -42.424 0.4285714328
167157  -23.302  -14.469  -41.737 0.4285714328
67288  -22.201  -14.741  -43.863 0.4285714328
68344  -22.831  -14.200  -43.283 0.4285714328
67308  -22.645  -14.318  -45.465 0.4285714328
68374  -23.829  -13.923  -45.673 0.4285714328
70324  -23.003  -12.274  -46.652 0.5714285970
68387  -23.572  -13.708  -46.582 0.5714285970
69360  -24.325  -13.650  -45.996 0.4285714328
69361  -24.844  -13.299  -46.470 0.2857142985
70325  -23.649  -12.402  -47.234 0.7142857313
160699  -24.778  -13.366  -47.025 0.7142857313
70333  -26.030  -12.563  -48.385 0.7142857313
70334  -26.489  -12.510  -48.062 0.4285714328
70331  -24.419  -12.571  -47.711 0.7142857313
69378  -25.767  -12.769  -47.728 0.5714285970
70343  -27.188  -12.208  -49.142 0.5714285970
71351  -25.036  -11.126  -48.419 0.5714285970
71358  -26.098  -11.368  -49.454 0.5714285970
71359  -26.681  -11.272  -49.853 0.5714285970
152542  -27.632  -11.432  -50.137 0.5714285970
71352  -25.533  -11.278  -48.929 0.5714285970
166781  -28.262  -11.287  -49.781 0.4285714328
72497  -28.031  -9.896  -51.269 0.5714285970
72498  -28.888  -11.169  -51.607 0.5714285970
73610  -26.827  -9.362  -49.980 0.7142857313
72509  -28.433  -10.346  -51.760 0.7142857313
163372  -28.097  -10.111  -52.812 0.7142857313
72510  -28.613  -10.635  -53.414 0.5714285970
74711  -24.825  -7.791  -47.896 0.5714285970
147870  -28.195  -8.887  -51.229 0.8571428657
73629  -28.542  -9.982  -54.250 0.7142857313
72511  -29.690  -11.619  -53.529 0.5714285970
74720  -26.816  -7.814  -49.550 0.7142857313
74713  -26.461  -7.400  -48.929 0.5714285970
73640  -29.564  -10.206  -54.720 0.7142857313
72523  -30.399  -11.401  -54.568 0.5714285970
74730  -28.602  -8.861  -51.760 0.7142857313
74739  -28.561  -10.173  -53.252 0.7142857313
153259  -30.573  -9.676  -54.965 0.5714285970
74738  -28.131  -9.747  -52.780 0.7142857313
73652  -32.427  -11.137  -55.379 0.5714285970
74729  -28.128  -7.800  -50.833 0.5714285970
75808  -28.844  -8.558  -51.896 0.7142857313
74747  -29.869  -9.033  -53.779 0.7142857313
149191  -31.249  -8.526  -53.311 0.7142857313
74755  -31.922  -9.837  -55.064 0.7142857313
159528  -29.470  -7.361  -51.814 0.7142857313
164301  -31.203  -7.397  -52.583 0.7142857313
75825  -32.827  -6.735  -53.213 0.7142857313
74748  -32.325  -8.276  -53.529 0.5714285970
75810  -30.216  -6.851  -51.908 0.7142857313
76806  -27.955  -5.473  -49.848 0.5714285970
76837  -32.919  -5.452  -52.885 0.5714285970
76845  -33.512  -5.853  -53.610 0.5714285970
76820  -30.020  -5.147  -50.876 0.8571428657
76819  -29.250  -5.713  -50.783 0.8571428657
77888  -32.852  -4.569  -52.529 0.7142857313
77884  -32.204  -4.562  -51.953 0.7142857313
76830  -30.749  -5.526  -51.495 0.8571428657
77883  -31.509  -4.577  -51.454 0.7142857313
79931  -32.669  -2.532  -51.535 0.8571428657
78925  -33.513  -3.670  -53.677 0.5714285970
143821  -32.113  -3.905  -51.502 0.8571428657
78898  -31.436  -3.023  -50.732 0.8571428657
77877  -30.756  -4.388  -50.891 0.8571428657
78907  -31.501  -3.789  -51.031 0.8571428657
82024  -32.387  -0.851  -50.734 0.8571428657
82041  -33.266  -0.357  -51.794 0.8571428657
84004  -32.702  1.441  -50.590 0.8571428657
79921  -31.994  -2.382  -50.856 0.8571428657
154960  -32.320  -0.043  -50.436 0.8571428657
83985  -31.193  1.599  -49.487 1.0000000000
83060  -32.227  0.754  -50.173 1.0000000000
82023  -31.658  -0.676  -50.109 0.8571428657
84003  -32.056  1.558  -49.874 1.0000000000
83044  -31.474  0.840  -49.691 1.0000000000
166428  -32.155  3.005  -49.785 1.0000000000
87653  -30.740  4.957  -49.408 0.7142857313
84953  -31.709  2.351  -49.631 1.0000000000
162358  -30.312  2.774  -49.313 1.0000000000
86664  -31.465  4.319  -49.528 1.0000000000
90639  -31.545  8.607  -50.132 1.0000000000
90638  -30.567  8.857  -49.868 0.8571428657
93504  -31.085  10.952  -50.890 0.8571428657
92527  -31.299  10.296  -50.742 1.0000000000
142375  -30.935  14.777  -54.063 0.8571428657
95371  -31.206  13.387  -52.549 0.8571428657
151681  -31.617  12.280  -52.398 1.0000000000
98246  -29.815  16.474  -55.505 0.8571428657
98247  -30.244  15.981  -55.143 0.8571428657
99206  -29.421  17.208  -55.425 0.7142857313
164046  -29.523  16.800  -53.347 0.5714285970
99204  -28.002  18.114  -55.802 0.7142857313
99212  -28.047  17.520  -56.419 0.5714285970
100132  -27.920  19.011  -53.581 0.5714285970
99196  -28.651  17.822  -53.380 0.5714285970
100930  -27.230  19.340  -53.276 0.4285714328
100937  -26.888  19.866  -54.738 0.4285714328
100141  -25.542  19.437  -56.088 0.4285714328
101690  -26.047  20.804  -52.879 0.2857142985
141566  -25.040  20.893  -51.783 0.2857142985
100929  -25.560  19.919  -52.479 0.2857142985
167578  -25.179  21.456  -51.552 0.2857142985
66177  -21.437  -15.827  -42.126 0.2857142985
71367  -27.201  -11.079  -50.254 0.5714285970
77889  -33.470  -4.707  -53.385 0.5714285970
76831  -31.672  -5.329  -51.995 0.7142857313
152219  -32.347  -5.137  -52.364 0.7142857313
78909  -33.030  -3.128  -52.194 0.8571428657
79932  -33.232  -2.285  -52.356 0.8571428657
152860  -33.318  -0.981  -51.988 0.8571428657
83077  -33.199  0.375  -51.609 0.8571428657
150891  -30.998  5.735  -49.510 0.8571428657
101673  -25.237  21.804  -50.292 0.1428571492
166318  -20.884  -16.111  -42.637 0.2857142985
66208  -21.116  -15.421  -43.645 0.2857142985
66209  -21.705  -15.171  -43.360 0.2857142985
67272  -22.381  -14.690  -42.815 0.4285714328
68365  -23.289  -13.786  -43.696 0.4285714328
67297  -21.456  -14.609  -44.557 0.2857142985
68381  -22.976  -14.044  -46.172 0.4285714328
67287  -21.569  -14.939  -44.092 0.4285714328
69350  -23.677  -13.477  -44.224 0.4285714328
69359  -22.323  -13.357  -45.969 0.5714285970
156048  -23.497  -13.059  -47.085 0.5714285970
69370  -25.433  -13.031  -47.013 0.4285714328
71339  -23.097  -11.257  -46.644 0.2857142985
71345  -23.847  -11.451  -47.301 0.7142857313
70332  -25.271  -12.658  -48.068 0.7142857313
70341  -26.074  -12.228  -49.065 0.4285714328
72477  -25.168  -10.252  -48.433 0.5714285970
72481  -29.107  -10.339  -49.366 0.4285714328
73602  -25.376  -9.385  -48.536 0.7142857313
73603  -26.093  -9.541  -49.330 0.7142857313
71361  -28.193  -11.243  -50.259 0.7142857313
71362  -28.766  -11.171  -50.804 0.5714285970
72489  -29.301  -10.977  -50.218 0.4285714328
73619  -28.151  -9.329  -52.750 0.7142857313
73628  -28.207  -9.959  -53.146 0.7142857313
74712  -25.716  -7.386  -48.339 0.5714285970
73604  -26.357  -8.346  -49.218 0.5714285970
73653  -33.063  -10.527  -55.189 0.5714285970
75790  -26.970  -6.954  -49.371 0.5714285970
138602  -32.499  -11.970  -55.178 0.5714285970
143935  -29.022  -7.109  -51.395 0.7142857313
75809  -28.932  -8.641  -52.262 0.7142857313
74756  -32.888  -9.216  -54.242 0.5714285970
75792  -27.992  -6.642  -50.393 0.8571428657
75818  -31.191  -6.477  -52.194 0.7142857313
153100  -33.392  -2.925  -53.014 0.5714285970
79920  -31.266  -2.249  -50.400 1.0000000000
84968  -33.013  2.050  -51.099 1.0000000000
83043  -30.583  0.889  -49.465 1.0000000000
86663  -30.478  4.143  -49.364 0.8571428657
88685  -29.536  6.519  -49.583 0.7142857313
88687  -31.431  6.438  -49.629 1.0000000000
154713  -32.196  6.320  -49.859 1.0000000000
163656  -30.868  8.341  -49.771 0.7142857313
89677  -31.946  7.151  -49.798 1.0000000000
89674  -29.348  7.365  -49.751 0.7142857313
91560  -31.191  9.591  -50.335 0.8571428657
96274  -31.134  14.032  -52.974 0.8571428657
93528  -31.801  11.660  -52.307 1.0000000000
92554  -32.089  10.827  -52.237 1.0000000000
98241  -29.950  16.725  -54.790 0.7142857313
100933  -27.558  19.525  -53.840 0.7142857313
99197  -29.315  17.355  -53.693 0.5714285970
162089  -28.633  18.283  -54.464 0.7142857313
100143  -27.604  18.661  -55.307 0.7142857313
100128  -27.535  18.604  -52.997 0.4285714328
101695  -26.608  20.900  -53.737 0.2857142985
101700  -26.558  20.663  -54.298 0.4285714328
100142  -26.795  18.772  -55.853 0.4285714328
101707  -25.988  20.226  -55.275 0.4285714328
157816  -25.528  21.636  -52.210 0.2857142985
72470  -24.021  -10.387  -47.295 0.4285714328
150007  -24.156  -9.554  -47.344 0.4285714328
101701  -27.173  20.128  -54.039 0.4285714328
100938  -27.582  19.365  -54.432 0.7142857313
101694  -26.109  21.734  -53.149 0.2857142985
65062  -20.354  -17.000  -41.307 0.4285714328
65043  -21.893  -16.481  -40.658 0.4285714328
65077  -20.260  -16.352  -42.625 0.2857142985
144495  -19.962  -16.823  -42.021 0.2857142985
160691  -22.614  -15.976  -40.826 0.4285714328
66178  -22.178  -15.486  -41.590 0.4285714328
66195  -20.592  -15.862  -43.243 0.2857142985
67307  -22.031  -14.431  -45.178 0.2857142985
67298  -22.231  -14.595  -44.747 0.4285714328
151194  -23.252  -14.086  -44.512 0.4285714328
68373  -23.569  -14.049  -45.099 0.4285714328
68380  -22.212  -14.063  -45.634 0.4285714328
69369  -24.207  -13.593  -46.702 0.4285714328
71346  -24.616  -11.620  -48.028 0.5714285970
72471  -24.617  -10.327  -47.867 0.5714285970
72486  -26.226  -10.583  -49.626 0.5714285970
72487  -26.687  -10.374  -50.038 0.5714285970
72488  -28.725  -11.146  -49.972 0.4285714328
73611  -27.496  -9.140  -50.582 0.7142857313
72499  -29.847  -11.457  -51.558 0.5714285970
150851  -25.582  -8.488  -48.527 0.7142857313
148856  -26.999  -8.517  -49.928 0.7142857313
146603  -24.991  -8.606  -48.012 0.7142857313
74721  -27.442  -7.991  -50.257 0.5714285970
73641  -31.259  -11.044  -55.261 0.5714285970
158856  -27.549  -7.057  -50.131 0.7142857313
76818  -28.560  -6.209  -50.621 0.8571428657
75819  -31.824  -7.178  -52.750 0.7142857313
78917  -32.686  -3.882  -52.069 0.8571428657
80954  -31.830  -1.548  -50.515 0.8571428657
80963  -32.504  -1.659  -51.097 0.8571428657
78897  -30.968  -3.571  -50.667 0.8571428657
163297  -31.292  -0.277  -49.758 1.0000000000
85774  -30.021  3.410  -49.308 1.0000000000
87652  -29.919  5.597  -49.407 0.8571428657
97229  -30.588  15.435  -53.734 0.8571428657
98242  -30.313  16.121  -54.252 0.8571428657
99200  -29.514  17.378  -54.453 0.7142857313
99205  -28.669  17.735  -55.651 0.7142857313
99199  -29.005  17.925  -54.096 0.5714285970
100137  -28.156  18.731  -54.493 0.5714285970
100129  -28.150  18.414  -53.332 0.5714285970
100127  -26.503  18.904  -52.655 0.4285714328
101682  -24.131  20.704  -51.222 0.2857142985
157794  -26.480  19.785  -53.034 0.2857142985
101683  -24.665  21.339  -51.125 0.2857142985
102377  -25.179  21.801  -50.925 0.1428571492
66216  -21.027  -15.139  -44.111 0.2857142985
72462  -23.165  -10.213  -46.733 0.2857142985
89676  -30.884  7.157  -49.632 1.0000000000
100943  -27.125  19.248  -55.174 0.5714285970
102430  -23.166  22.006  -57.576 0.2857142985
104099  -24.003  24.117  -57.529 0.1428571492
101705  -24.222  21.255  -56.105 0.2857142985
102444  -22.530  21.733  -58.323 0.2857142985
103273  -24.023  23.053  -56.523 0.1428571492
167682  -24.406  24.292  -56.955 0.1428571492
102407  -25.707  22.125  -54.426 0.1428571492
101706  -25.058  20.766  -55.564 0.2857142985
102406  -24.957  22.339  -55.137 0.1428571492
100956  -22.269  19.083  -57.518 0.2857142985
101711  -22.786  20.867  -57.451 0.2857142985
96333  -25.332  14.131  -58.755 0.2857142985
98265  -23.636  16.743  -58.140 0.2857142985
104081  -25.033  23.628  -55.435 0.1428571492
100941  -24.942  19.964  -56.079 0.2857142985
98268  -27.023  16.147  -57.561 0.2857142985
100147  -23.086  19.031  -57.236 0.2857142985
101712  -23.634  20.473  -56.712 0.2857142985
95406  -28.290  13.767  -57.828 0.1428571492
98267  -26.048  16.336  -57.756 0.2857142985
99225  -24.053  17.390  -57.645 0.2857142985
103261  -24.622  22.929  -55.608 0.1428571492
100159  -24.510  18.103  -57.205 0.2857142985
100947  -23.911  19.610  -56.710 0.2857142985
160109  -31.157  12.255  -59.530 0.1428571492
149205  -29.599  13.042  -58.024 0.1428571492
96319  -26.917  14.598  -58.096 0.4285714328
99211  -26.309  17.699  -56.939 0.2857142985
161688  -31.854  11.586  -55.769 0.2857142985
96307  -29.503  14.572  -56.593 0.4285714328
98250  -27.580  16.846  -57.075 0.2857142985
100942  -26.430  19.409  -55.563 0.2857142985
153072  -32.582  9.083  -56.143 0.1428571492
94496  -30.803  12.619  -56.889 0.2857142985
97259  -28.715  15.811  -56.892 0.4285714328
159719  -30.742  13.673  -55.459 0.5714285970
97247  -29.902  15.827  -55.885 0.7142857313
145250  -32.471  7.903  -55.259 0.1428571492
91618  -32.573  9.700  -55.387 0.1428571492
97261  -29.920  15.113  -56.146 0.7142857313
93556  -31.760  11.849  -55.052 0.4285714328
88742  -31.771  5.955  -55.094 0.2857142985
89727  -32.537  7.617  -53.834 0.7142857313
96293  -30.938  14.301  -54.675 0.7142857313
92543  -32.212  10.066  -51.807 0.8571428657
152102  -32.562  9.965  -53.555 0.8571428657
95383  -31.550  12.621  -54.577 0.5714285970
86736  -31.168  4.808  -54.817 0.2857142985
87718  -31.717  5.502  -54.685 0.2857142985
93546  -31.996  11.986  -54.104 0.7142857313
96261  -30.211  14.126  -52.005 0.5714285970
93535  -32.003  12.051  -53.105 0.8571428657
85827  -30.246  3.361  -55.058 0.1428571492
88734  -32.555  6.991  -53.250 0.7142857313
84996  -30.257  2.400  -55.083 0.1428571492
83980  -27.036  1.072  -49.846 0.5714285970
164352  -30.075  2.240  -49.341 0.8571428657
84935  -29.477  2.660  -49.422 0.8571428657
163004  -27.935  2.328  -49.807 0.4285714328
85773  -29.180  3.452  -49.533 0.5714285970
145628  -32.029  7.891  -50.062 0.8571428657
150042  -33.012  5.061  -51.585 0.8571428657
90640  -32.410  8.272  -50.787 0.8571428657
84997  -31.216  2.220  -54.603 0.2857142985
167474  -32.891  6.394  -51.909 0.8571428657
90653  -32.661  8.075  -51.833 0.8571428657
93529  -32.209  11.344  -52.891 0.8571428657
84040  -30.342  1.470  -55.191 0.4285714328
86729  -32.227  4.932  -53.539 0.7142857313
147145  -32.421  6.218  -53.683 0.7142857313
83076  -24.697  0.658  -50.885 0.2857142985
83982  -28.758  1.209  -49.513 0.5714285970
83981  -27.909  1.518  -49.668 0.5714285970
84936  -30.809  2.312  -49.351 0.8571428657
86676  -32.307  4.611  -49.881 0.8571428657
87668  -32.406  5.490  -50.011 0.8571428657
87685  -32.977  5.934  -51.348 0.8571428657
162718  -32.813  6.784  -51.094 0.8571428657
84988  -31.804  2.788  -53.816 0.4285714328
86708  -32.871  4.228  -52.043 0.8571428657
87698  -32.881  5.714  -52.249 0.8571428657
84041  -31.415  1.314  -54.818 0.4285714328
78861  -25.227  -3.118  -49.127 0.7142857313
80932  -24.379  -1.898  -51.167 0.4285714328
78863  -27.178  -3.554  -48.581 0.7142857313
148998  -28.505  -3.095  -49.144 0.8571428657
166051  -26.671  -1.218  -49.451 0.5714285970
82001  -26.039  -0.466  -49.861 0.5714285970
83057  -24.545  -0.311  -50.992 0.4285714328
80936  -28.854  -1.749  -49.374 0.8571428657
82002  -26.967  -0.513  -49.688 0.5714285970
83040  -26.789  0.149  -49.801 0.5714285970
80939  -31.087  -1.453  -49.986 0.8571428657
82004  -29.192  -0.404  -49.536 0.7142857313
148131  -28.430  -0.173  -49.582 0.5714285970
83087  -33.218  0.248  -52.924 0.7142857313
84026  -33.212  0.754  -52.339 0.7142857313
85801  -32.926  2.827  -51.247 0.7142857313
140366  -32.907  3.670  -51.327 0.8571428657
80991  -31.714  -2.075  -55.769 0.2857142985
83097  -32.303  -0.059  -54.616 0.4285714328
84042  -32.260  0.932  -54.347 0.5714285970
141930  -26.096  -5.832  -48.403 0.4285714328
77864  -24.821  -3.914  -48.947 0.4285714328
78878  -23.839  -3.138  -50.392 0.4285714328
153404  -30.061  -4.380  -50.521 0.7142857313
78881  -29.128  -3.429  -49.632 0.7142857313
78896  -30.355  -3.700  -50.395 0.7142857313
79903  -30.511  -2.164  -49.921 0.8571428657
80975  -33.358  -1.424  -52.580 0.7142857313
80992  -32.740  -2.081  -55.127 0.2857142985
80986  -32.977  -1.324  -54.417 0.5714285970
82051  -33.337  -0.528  -52.634 0.5714285970
146822  -25.300  -6.185  -48.211 0.4285714328
76802  -22.752  -4.784  -49.685 0.5714285970
76788  -26.951  -5.015  -48.733 0.5714285970
77850  -26.660  -4.245  -48.485 0.5714285970
77876  -29.442  -4.733  -50.414 0.7142857313
77894  -33.717  -4.558  -54.489 0.4285714328
79953  -33.277  -2.732  -54.771 0.4285714328
79959  -32.771  -2.969  -55.584 0.4285714328
143937  -33.267  -1.969  -54.171 0.4285714328
74700  -24.166  -8.200  -47.589 0.5714285970
72501  -32.171  -11.807  -53.014 0.4285714328
137253  -33.171  -11.741  -55.233 0.4285714328
75830  -34.242  -6.786  -54.877 0.4285714328
149703  -33.255  -7.882  -53.968 0.4285714328
76856  -34.596  -6.129  -55.727 0.4285714328
76850  -33.959  -5.522  -55.021 0.4285714328
70286  -24.628  -12.259  -44.432 0.1428571492
73654  -33.190  -9.759  -54.170 0.4285714328
137262  -34.452  -8.302  -54.383 0.4285714328
74778  -34.694  -7.235  -54.853 0.4285714328
70317  -25.291  -12.530  -46.042 0.1428571492
71340  -25.832  -12.123  -46.545 0.1428571492
72473  -28.086  -9.923  -48.172 0.2857142985
74731  -32.268  -8.184  -50.336 0.2857142985
160157  -34.271  -7.845  -51.574 0.2857142985
73630  -33.386  -10.607  -52.223 0.2857142985
74742  -34.366  -8.428  -52.048 0.2857142985
72512  -33.438  -10.851  -53.268 0.2857142985
137268  -35.014  -8.187  -52.811 0.2857142985
137261  -34.578  -9.066  -53.269 0.4285714328
70306  -25.104  -11.802  -44.969 0.1428571492
71327  -25.629  -11.389  -45.489 0.1428571492
70305  -24.721  -12.843  -45.519 0.1428571492
72449  -26.740  -10.360  -46.417 0.2857142985
71342  -27.030  -10.870  -47.348 0.2857142985
74701  -29.595  -7.938  -48.192 0.2857142985
74722  -30.894  -8.137  -49.323 0.2857142985
73612  -29.776  -9.939  -49.545 0.2857142985
73614  -31.466  -8.843  -50.123 0.2857142985
71308  -26.200  -10.546  -44.964 0.1428571492
73569  -28.470  -8.443  -45.912 0.2857142985
72430  -26.708  -10.023  -45.450 0.2857142985
73584  -28.381  -8.541  -46.807 0.2857142985
72463  -27.305  -9.769  -46.796 0.2857142985
71341  -26.495  -11.772  -47.135 0.2857142985
73595  -28.470  -8.913  -47.713 0.2857142985
67252  -22.709  -14.797  -41.852 0.2857142985
69315  -23.804  -13.119  -43.256 0.1428571492
68345  -23.470  -13.618  -42.797 0.2857142985
69335  -24.843  -12.030  -43.394 0.1428571492
63946  -21.610  -17.858  -39.555 0.2857142985
62829  -20.122  -17.882  -40.112 0.2857142985
68323  -23.773  -13.660  -42.118 0.2857142985
140560  -22.425  -17.408  -39.658 0.1428571492
62816  -20.782  -18.257  -39.535 0.2857142985
61558  -20.577  -18.984  -39.085 0.1428571492
71328  -26.159  -10.928  -46.001 0.1428571492
72450  -27.266  -9.499  -45.893 0.2857142985
74688  -29.028  -8.033  -47.279 0.2857142985
74723  -31.579  -7.544  -49.641 0.2857142985
74714  -30.121  -8.644  -49.019 0.2857142985
73622  -33.154  -8.824  -51.074 0.2857142985
157686  -30.866  -12.179  -53.792 0.4285714328
150938  -33.056  -11.919  -54.006 0.4285714328
137256  -34.143  -9.799  -52.936 0.2857142985
74749  -35.431  -7.568  -53.155 0.2857142985
79884  -26.701  -2.736  -48.704 0.7142857313
138654  -35.168  -7.832  -54.143 0.4285714328
147090  -27.679  -0.338  -49.645 0.5714285970
161376  -33.539  -6.822  -53.959 0.4285714328
79948  -33.436  -2.772  -53.900 0.4285714328
78936  -32.814  -3.674  -56.046 0.2857142985
161923  -32.068  -2.654  -55.920 0.2857142985
159824  -32.273  -1.149  -55.004 0.5714285970
93518  -30.825  11.695  -51.159 0.7142857313
84989  -32.592  2.360  -53.101 0.7142857313
91578  -32.281  9.508  -51.456 0.8571428657
159619  -30.031  16.165  -53.290 0.4285714328
97218  -30.319  15.285  -52.910 0.5714285970
96284  -31.262  14.029  -53.855 0.7142857313
83096  -31.536  0.356  -55.042 0.2857142985
90668  -32.616  8.674  -52.478 0.8571428657
94470  -31.727  12.682  -53.654 0.8571428657
88743  -32.157  6.073  -54.524 0.5714285970
162000  -25.572  18.212  -56.812 0.2857142985
92589  -32.434  10.526  -55.799 0.4285714328
94487  -31.420  12.184  -55.799 0.4285714328
104082  -25.600  23.528  -54.539 0.1428571492
96320  -27.635  14.340  -57.850 0.2857142985
95407  -29.153  13.422  -57.525 0.1428571492
100158  -22.687  18.309  -57.608 0.2857142985
65024  -22.539  -16.719  -40.203 0.1428571492
149170  -19.696  -17.185  -41.491 0.2857142985
66159  -23.713  -15.583  -40.749 0.1428571492
68346  -24.114  -13.166  -42.429 0.1428571492
67273  -23.159  -14.167  -42.265 0.2857142985
155109  -25.254  -11.520  -43.956 0.1428571492
71290  -26.506  -10.570  -44.014 0.1428571492
71309  -26.970  -10.024  -44.493 0.1428571492
149183  -27.390  -11.309  -48.047 0.2857142985
73583  -27.872  -9.300  -47.241 0.2857142985
73606  -29.386  -9.108  -48.789 0.2857142985
75793  -30.987  -6.995  -48.981 0.2857142985
72480  -28.356  -10.790  -49.190 0.2857142985
166018  -25.471  -5.390  -48.377 0.5714285970
72490  -29.838  -10.920  -50.409 0.2857142985
73613  -30.584  -9.731  -49.943 0.2857142985
75812  -35.414  -7.194  -52.238 0.2857142985
138270  -36.096  -6.162  -53.249 0.2857142985
78879  -28.015  -3.725  -49.000 0.5714285970
80953  -24.418  -1.538  -52.051 0.4285714328
79898  -25.115  -1.585  -49.905 0.5714285970
138533  -35.695  -6.932  -53.700 0.4285714328
84001  -25.495  1.186  -50.607 0.2857142985
83039  -25.824  0.075  -50.080 0.5714285970
75831  -35.444  -6.894  -54.648 0.2857142985
159299  -28.013  -1.506  -49.386 0.7142857313
84002  -26.362  1.597  -50.291 0.2857142985
137280  -35.494  -5.815  -55.682 0.1428571492
77911  -33.938  -5.094  -56.571 0.4285714328
77900  -33.744  -5.002  -55.472 0.4285714328
77918  -33.832  -4.538  -56.950 0.1428571492
86677  -32.698  4.080  -50.533 0.8571428657
78943  -33.176  -4.125  -56.802 0.1428571492
82061  -32.903  -0.537  -54.164 0.5714285970
82060  -31.506  -0.635  -55.291 0.2857142985
84998  -32.096  1.886  -54.048 0.5714285970
86717  -32.317  4.093  -53.050 0.7142857313
160855  -32.500  9.425  -52.168 0.8571428657
85004  -29.184  1.505  -55.371 0.2857142985
85834  -29.260  2.652  -55.400 0.1428571492
102408  -26.310  21.597  -53.978 0.2857142985
86728  -31.669  4.396  -53.977 0.4285714328
86735  -30.312  4.260  -55.238 0.1428571492
152101  -32.545  9.865  -54.435 0.5714285970
87729  -30.419  5.066  -55.628 0.1428571492
89734  -32.449  7.371  -54.768 0.1428571492
89747  -32.441  8.051  -56.071 0.1428571492
103251  -25.253  22.881  -54.801 0.1428571492
93547  -32.216  11.251  -54.535 0.5714285970
89741  -32.256  7.250  -55.607 0.1428571492
152100  -32.434  10.618  -56.587 0.1428571492
97277  -28.158  15.140  -57.412 0.2857142985
96322  -28.909  14.038  -57.125 0.2857142985
94497  -31.284  12.227  -56.699 0.2857142985
93571  -31.728  11.730  -57.284 0.1428571492
93575  -31.705  11.774  -58.169 0.1428571492
94509  -30.418  12.728  -58.131 0.1428571492
96334  -26.215  14.320  -58.387 0.2857142985
95416  -26.209  13.737  -58.744 0.2857142985
95417  -27.024  13.433  -58.767 0.1428571492
95418  -27.971  13.530  -58.625 0.1428571492
65045  -24.292  -16.150  -40.204 0.1428571492
69316  -25.338  -12.282  -42.525 0.1428571492
75800  -33.001  -7.358  -50.506 0.2857142985
79964  -31.347  -2.643  -57.030 0.2857142985
95430  -30.086  13.040  -59.699 0.1428571492
96345  -24.905  13.826  -59.417 0.2857142985
63977  -19.882  -17.443  -40.847 0.2857142985
63963  -21.590  -17.119  -40.180 0.2857142985
65044  -23.436  -16.379  -40.256 0.1428571492
66179  -23.494  -14.864  -41.334 0.1428571492
67253  -23.886  -14.190  -41.566 0.1428571492
69351  -24.150  -13.342  -45.006 0.1428571492
70326  -26.043  -12.629  -47.367 0.2857142985
70335  -27.013  -12.368  -48.552 0.4285714328
71347  -27.046  -11.969  -47.998 0.2857142985
72479  -27.734  -11.007  -48.566 0.2857142985
77851  -27.510  -4.556  -49.034 0.5714285970
75791  -27.448  -6.195  -49.587 0.4285714328
76855  -34.267  -6.209  -55.309 0.4285714328
77865  -28.296  -4.480  -49.595 0.7142857313
79919  -30.733  -2.938  -50.354 0.7142857313
84025  -33.025  1.516  -52.632 0.7142857313
83984  -30.297  1.640  -49.389 0.8571428657
152633  -30.830  -0.656  -49.657 0.8571428657
82006  -30.918  0.106  -49.556 0.8571428657
85788  -32.636  3.287  -50.455 0.8571428657
87654  -31.691  5.161  -49.578 0.8571428657
96283  -30.838  14.707  -53.346 0.5714285970
97238  -30.641  15.233  -54.700 0.7142857313
98252  -29.318  16.456  -56.222 0.5714285970
100150  -27.218  18.144  -56.291 0.2857142985
141768  -27.181  17.463  -56.822 0.2857142985
100948  -24.661  19.289  -56.536 0.2857142985
79941  -33.393  -2.055  -53.261 0.4285714328
69334  -24.179  -12.692  -43.830 0.1428571492
73594  -24.683  -9.257  -47.788 0.5714285970
73605  -28.722  -9.568  -48.558 0.2857142985
139534  -33.323  -9.917  -53.852 0.4285714328
83041  -28.975  0.377  -49.496 0.5714285970
89704  -32.683  7.560  -51.239 0.8571428657
92564  -32.434  10.707  -53.181 0.8571428657
100149  -25.014  18.756  -56.669 0.2857142985
167536  -24.376  20.390  -56.238 0.2857142985
101699  -25.817  21.172  -54.702 0.2857142985
78882  -29.901  -2.970  -49.868 0.8571428657
147514  -23.488  21.321  -56.841 0.2857142985
103272  -23.524  23.062  -57.533 0.1428571492
102431  -23.691  22.156  -56.620 0.2857142985
153242  -24.468  23.713  -56.392 0.1428571492
101720  -22.069  19.972  -57.660 0.2857142985
102416  -24.337  22.204  -55.783 0.1428571492
102417  -24.994  21.633  -55.236 0.1428571492
100946  -22.955  19.769  -57.192 0.2857142985
97274  -25.351  15.721  -58.245 0.2857142985
99224  -22.913  17.420  -57.936 0.2857142985
98266  -24.904  16.701  -57.877 0.2857142985
149250  -25.847  17.076  -57.468 0.2857142985
97275  -26.386  15.324  -58.053 0.2857142985
100148  -23.864  18.695  -57.067 0.2857142985
142940  -23.534  17.965  -57.501 0.2857142985
158326  -28.347  14.396  -57.448 0.2857142985
95405  -27.545  13.777  -58.269 0.1428571492
95419  -28.877  13.243  -58.430 0.1428571492
99210  -25.195  17.553  -57.356 0.2857142985
94512  -30.592  12.673  -59.148 0.1428571492
94504  -30.525  12.759  -57.345 0.1428571492
95429  -29.233  13.160  -59.420 0.1428571492
96335  -26.911  13.908  -58.327 0.1428571492
93565  -32.218  11.213  -56.941 0.1428571492
96308  -30.214  14.333  -56.040 0.5714285970
165654  -30.381  13.509  -56.244 0.4285714328
97260  -29.401  15.475  -56.475 0.5714285970
153703  -32.495  9.374  -57.007 0.1428571492
90693  -32.570  8.718  -55.339 0.1428571492
95396  -30.352  13.088  -56.774 0.2857142985
94505  -31.154  12.349  -57.606 0.2857142985
94486  -30.804  12.825  -56.123 0.4285714328
151804  -31.186  12.845  -55.299 0.5714285970
95376  -31.238  13.461  -54.657 0.7142857313
90686  -32.543  8.333  -54.467 0.4285714328
92582  -32.411  10.521  -54.939 0.5714285970
139779  -32.414  6.788  -54.220 0.5714285970
90678  -32.588  8.485  -53.434 0.7142857313
91594  -32.611  9.306  -53.044 0.7142857313
92575  -32.429  10.611  -54.055 0.7142857313
141754  -31.799  5.041  -54.224 0.5714285970
85828  -31.086  3.081  -54.518 0.4285714328
142480  -32.734  7.151  -52.129 0.8571428657
156090  -27.935  0.524  -49.641 0.5714285970
84934  -28.685  2.062  -49.575 0.5714285970
84933  -27.904  3.039  -50.069 0.4285714328
84952  -27.219  1.924  -50.027 0.4285714328
86694  -32.964  4.363  -51.254 0.8571428657
85820  -32.254  3.254  -53.200 0.4285714328
87707  -32.513  5.616  -53.166 0.8571428657
85812  -32.760  3.252  -52.286 0.7142857313
153485  -24.457  -3.316  -49.597 0.5714285970
163757  -25.149  -2.375  -49.532 0.4285714328
79900  -27.632  -2.698  -48.802 0.7142857313
79899  -26.589  -1.767  -49.122 0.7142857313
140655  -28.316  -2.264  -49.171 0.7142857313
80933  -25.217  -0.897  -50.453 0.4285714328
149388  -26.758  -0.891  -49.616 0.5714285970
151963  -24.665  -0.919  -51.345 0.4285714328
82021  -24.088  -0.989  -51.714 0.2857142985
82003  -28.436  -0.906  -49.558 0.7142857313
80938  -30.281  -1.358  -49.629 0.8571428657
83094  -32.840  0.400  -53.753 0.5714285970
84035  -32.664  1.355  -53.512 0.7142857313
76787  -26.159  -5.000  -48.412 0.5714285970
165013  -24.435  -4.505  -48.946 0.5714285970
141297  -33.431  -4.222  -55.524 0.4285714328
79958  -32.196  -3.123  -56.375 0.2857142985
75826  -33.920  -7.382  -54.583 0.4285714328
75841  -35.208  -6.542  -55.364 0.4285714328
76862  -34.023  -5.599  -55.961 0.4285714328
139719  -34.263  -9.226  -53.861 0.4285714328
72472  -27.557  -10.321  -47.676 0.2857142985
73621  -32.209  -10.107  -51.066 0.2857142985
74741  -33.886  -8.921  -51.705 0.2857142985
72500  -30.942  -11.631  -52.071 0.2857142985
73620  -31.073  -10.358  -50.710 0.2857142985
142026  -35.042  -8.314  -53.451 0.4285714328
70267  -25.690  -11.680  -43.070 0.1428571492
71289  -25.707  -11.030  -44.469 0.1428571492
150126  -30.336  -7.504  -48.618 0.2857142985
73568  -27.803  -8.971  -46.339 0.2857142985
162879  -22.391  -18.124  -39.126 0.1428571492
61559  -21.534  -18.648  -38.959 0.1428571492
63947  -23.171  -17.672  -39.239 0.1428571492
167293  -33.489  -4.615  -56.613 0.2857142985
103252  -25.969  22.790  -54.107 0.1428571492
65025  -23.251  -17.040  -39.750 0.1428571492
66160  -24.743  -15.525  -40.490 0.1428571492
102401  -26.281  22.276  -53.472 0.1428571492
94459  -29.843  12.897  -51.440 0.5714285970
92525  -29.580  10.379  -50.616 0.4285714328
161429  -29.506  11.122  -50.980 0.4285714328
153788  -29.846  11.925  -51.122 0.5714285970
91558  -29.080  9.436  -50.456 0.4285714328
93503  -30.299  11.105  -50.821 0.5714285970
94460  -30.640  12.475  -51.487 0.4285714328
88684  -28.659  6.757  -49.972 0.4285714328
89687  -29.259  8.092  -49.948 0.4285714328
89686  -28.449  7.711  -50.225 0.4285714328
90637  -29.630  8.798  -49.937 0.5714285970
91559  -30.090  9.637  -50.107 0.5714285970
92526  -30.621  10.362  -50.492 0.5714285970
141840  -29.103  4.858  -49.672 0.5714285970
76823  -36.029  -5.841  -50.345 0.1428571492
75811  -34.902  -7.266  -51.723 0.1428571492
75813  -36.137  -6.256  -51.738 0.1428571492
71326  -21.492  -11.254  -45.919 0.2857142985
76792  -36.749  -5.473  -48.363 0.1428571492
76810  -34.699  -5.373  -49.642 0.1428571492
161390  -37.005  -5.206  -48.268 0.1428571492
158229  -36.473  -5.589  -49.742 0.1428571492
78849  -36.778  -4.284  -47.590 0.1428571492
70304  -21.484  -12.244  -45.525 0.2857142985
147619  -32.355  -6.053  -49.473 0.1428571492
76790  -33.472  -4.768  -48.709 0.1428571492
74724  -32.276  -6.944  -49.872 0.1428571492
77867  -35.079  -5.158  -49.141 0.1428571492
76758  -36.774  -5.787  -46.829 0.1428571492
76791  -35.633  -5.402  -48.393 0.1428571492
77807  -38.615  -4.026  -43.781 0.1428571492
77805  -36.753  -4.606  -45.064 0.1428571492
79834  -37.429  -3.092  -44.639 0.1428571492
69358  -21.720  -13.351  -45.461 0.2857142985
70303  -20.511  -11.767  -45.127 0.2857142985
74689  -29.720  -7.237  -47.260 0.1428571492
75770  -30.383  -6.587  -47.349 0.1428571492
75783  -30.581  -6.621  -48.220 0.1428571492
74702  -30.012  -7.067  -47.967 0.1428571492
75784  -31.271  -6.095  -48.529 0.1428571492
153739  -34.469  -5.233  -47.165 0.1428571492
76769  -32.624  -4.919  -47.542 0.1428571492
76757  -36.516  -5.942  -47.080 0.1428571492
77839  -33.529  -4.664  -48.020 0.1428571492
76741  -36.953  -6.230  -46.109 0.1428571492
76731  -37.221  -5.628  -43.646 0.1428571492
76724  -38.398  -5.089  -43.125 0.1428571492
77806  -37.056  -4.909  -44.196 0.1428571492
68372  -21.440  -13.897  -45.039 0.2857142985
68370  -19.984  -13.012  -44.038 0.2857142985
68364  -20.148  -14.092  -43.808 0.2857142985
73548  -28.744  -8.527  -45.047 0.1428571492
165202  -29.976  -7.117  -45.869 0.1428571492
75756  -30.222  -6.796  -46.375 0.1428571492
75757  -31.028  -6.082  -46.516 0.1428571492
76755  -33.749  -5.419  -46.408 0.1428571492
76753  -31.813  -5.442  -47.057 0.1428571492
161743  -36.692  -7.003  -45.946 0.1428571492
159193  -36.938  -5.817  -44.504 0.1428571492
163397  -36.931  -6.813  -45.931 0.1428571492
77796  -39.989  -4.983  -43.698 0.1428571492
77795  -39.065  -4.634  -43.454 0.1428571492
72451  -27.972  -8.953  -45.451 0.1428571492
73549  -29.570  -8.048  -44.652 0.1428571492
72433  -29.086  -8.835  -44.223 0.1428571492
74673  -30.973  -6.845  -44.647 0.1428571492
74655  -30.338  -7.402  -44.644 0.1428571492
75727  -34.246  -7.119  -45.023 0.1428571492
164641  -30.749  -6.471  -45.910 0.1428571492
75743  -34.712  -6.781  -45.673 0.1428571492
145454  -32.487  -5.714  -45.299 0.1428571492
75744  -35.763  -7.020  -45.934 0.1428571492
75714  -37.338  -6.288  -43.084 0.1428571492
74677  -36.959  -7.203  -45.359 0.1428571492
76709  -38.600  -5.723  -42.713 0.1428571492
75693  -37.983  -6.262  -42.468 0.1428571492
72414  -29.467  -9.323  -43.441 0.1428571492
72431  -27.454  -9.480  -44.981 0.1428571492
73516  -31.987  -8.398  -42.571 0.1428571492
73533  -31.347  -8.092  -43.069 0.1428571492
73531  -29.827  -8.525  -43.815 0.1428571492
75725  -32.339  -7.081  -43.592 0.1428571492
73551  -31.172  -7.439  -43.788 0.1428571492
73550  -30.249  -7.896  -44.033 0.1428571492
73571  -35.410  -8.376  -45.320 0.1428571492
145968  -34.128  -8.125  -44.141 0.1428571492
74675  -36.108  -7.645  -45.642 0.1428571492
74658  -36.820  -7.981  -45.077 0.1428571492
74674  -35.120  -7.508  -45.520 0.1428571492
74646  -37.098  -7.106  -43.348 0.1428571492
72390  -32.894  -9.834  -41.781 0.1428571492
72416  -30.976  -8.760  -42.694 0.1428571492
72415  -30.178  -8.886  -43.208 0.1428571492
141035  -33.928  -9.270  -43.221 0.1428571492
72404  -33.412  -9.457  -42.347 0.1428571492
73553  -34.579  -8.647  -44.887 0.1428571492
74659  -36.990  -7.551  -44.414 0.1428571492
163260  -35.824  -9.075  -45.189 0.1428571492
73517  -32.812  -8.176  -42.691 0.1428571492
161106  -32.711  -6.532  -44.168 0.1428571492
76739  -33.373  -5.718  -45.509 0.1428571492
75715  -39.511  -5.972  -42.804 0.1428571492
77809  -40.376  -4.539  -44.409 0.1428571492
77793  -37.658  -4.955  -43.450 0.1428571492
74732  -33.776  -7.728  -51.091 0.1428571492
76824  -36.693  -5.508  -50.206 0.1428571492
68371  -20.772  -13.988  -44.409 0.2857142985
161132  -37.001  -7.832  -43.559 0.1428571492
158668  -37.525  -6.948  -42.488 0.1428571492
144903  -39.967  -5.633  -43.290 0.1428571492
158105  -41.076  -4.885  -44.776 0.1428571492
87651  -28.894  5.849  -49.812 0.4285714328
78825  -40.049  -3.818  -44.680 0.1428571492
78801  -37.677  -4.243  -43.787 0.1428571492
78824  -39.058  -3.397  -44.324 0.1428571492
79851  -36.586  -3.212  -45.922 0.1428571492
79835  -38.224  -2.855  -44.559 0.1428571492
76832  -36.592  -5.579  -51.012 0.1428571492
75820  -35.838  -6.690  -52.690 0.1428571492
95362  -29.140  13.430  -51.627 0.4285714328
96272  -29.825  14.824  -52.273 0.4285714328
95425  -25.505  13.586  -59.785 0.1428571492
95370  -30.576  13.337  -51.869 0.4285714328
154067  -20.716  -13.195  -44.580 0.2857142985
96332  -24.380  14.447  -59.103 0.1428571492
157820  -34.529  -6.919  -51.112 0.1428571492
72412  -27.828  -9.732  -44.143 0.1428571492
74671  -28.894  -8.041  -46.361 0.1428571492
75794  -31.687  -6.487  -49.261 0.1428571492
138433  -35.896  -6.268  -54.242 0.1428571492
75842  -35.614  -6.283  -55.026 0.1428571492
75801  -33.827  -6.568  -50.532 0.1428571492
76822  -34.900  -5.948  -50.383 0.1428571492
158148  -35.645  -6.564  -51.521 0.1428571492
76811  -36.375  -5.490  -49.089 0.1428571492
76793  -36.919  -5.312  -48.848 0.1428571492
76773  -36.823  -5.542  -47.672 0.1428571492
76772  -36.502  -5.630  -47.862 0.1428571492
76821  -33.902  -5.629  -49.819 0.1428571492
77826  -36.908  -5.255  -47.371 0.1428571492
76812  -36.880  -5.332  -49.436 0.1428571492
78864  -36.952  -4.427  -48.566 0.1428571492
78841  -36.679  -4.373  -46.707 0.1428571492
76768  -31.777  -5.343  -48.034 0.1428571492
76789  -32.650  -4.915  -48.434 0.1428571492
76808  -33.020  -5.285  -49.263 0.1428571492
77852  -34.313  -4.817  -48.567 0.1428571492
156587  -36.871  -5.427  -46.053 0.1428571492
76730  -36.865  -5.621  -45.251 0.1428571492
76771  -35.535  -5.565  -47.564 0.1428571492
78822  -37.130  -3.911  -44.366 0.1428571492
74690  -29.509  -7.470  -46.294 0.1428571492
75771  -31.040  -5.940  -47.635 0.1428571492
76770  -33.602  -4.913  -47.230 0.1428571492
76756  -35.179  -5.962  -46.755 0.1428571492
161783  -32.854  -5.403  -45.912 0.1428571492
75760  -36.751  -6.369  -46.323 0.1428571492
75759  -36.234  -6.548  -46.432 0.1428571492
75728  -37.003  -6.467  -45.379 0.1428571492
76738  -32.034  -5.559  -46.067 0.1428571492
75740  -31.417  -6.213  -45.319 0.1428571492
75758  -35.238  -6.535  -46.224 0.1428571492
76740  -34.317  -6.070  -45.927 0.1428571492
74676  -36.698  -7.504  -45.548 0.1428571492
75729  -36.998  -6.564  -44.230 0.1428571492
72413  -28.655  -9.509  -43.845 0.1428571492
74643  -32.134  -7.743  -43.066 0.1428571492
73532  -30.594  -8.256  -43.418 0.1428571492
75741  -33.056  -6.058  -44.776 0.1428571492
74657  -34.520  -7.894  -44.960 0.1428571492
74656  -33.871  -7.439  -44.281 0.1428571492
167112  -32.275  -6.118  -44.682 0.1428571492
72403  -32.696  -8.943  -42.199 0.1428571492
74644  -32.959  -7.586  -43.165 0.1428571492
72452  -35.092  -9.255  -45.185 0.1428571492
73572  -36.314  -8.347  -45.314 0.1428571492
73555  -36.856  -8.326  -44.262 0.1428571492
74645  -33.559  -7.755  -43.549 0.1428571492
74625  -33.320  -8.053  -42.987 0.1428571492
62813  -17.930  -18.652  -39.772 0.1428571492
62828  -19.389  -18.260  -39.990 0.1428571492
162854  -17.143  -17.542  -40.330 0.1428571492
62827  -18.634  -18.205  -40.159 0.1428571492
63961  -19.282  -17.811  -40.480 0.1428571492
63960  -18.505  -17.623  -40.670 0.1428571492
65061  -19.115  -16.946  -41.861 0.1428571492
65076  -19.515  -16.416  -42.443 0.1428571492
66193  -18.587  -15.355  -42.248 0.1428571492
67271  -19.275  -15.085  -42.879 0.1428571492
66194  -19.778  -15.936  -43.003 0.1428571492
67286  -20.438  -14.962  -43.838 0.1428571492
66192  -17.735  -14.876  -41.984 0.1428571492
67270  -18.381  -14.448  -42.460 0.1428571492
67285  -19.766  -14.619  -43.433 0.1428571492
167234  -19.597  -14.011  -43.427 0.1428571492
69333  -18.971  -12.469  -43.655 0.1428571492
149937  -19.685  -11.443  -44.795 0.1428571492
69348  -20.208  -12.316  -44.598 0.1428571492
71307  -19.938  -10.985  -45.440 0.2857142985
70315  -20.685  -11.189  -45.676 0.1428571492
71338  -22.291  -11.218  -46.227 0.1428571492
71324  -20.146  -10.498  -46.025 0.2857142985
75780  -23.094  -6.314  -48.428 0.4285714328
159617  -24.117  -5.977  -48.374 0.4285714328
150729  -23.401  -5.449  -48.934 0.4285714328
85771  -27.756  3.749  -50.405 0.2857142985
87667  -28.194  5.239  -50.229 0.2857142985
140862  -26.728  9.694  -51.508 0.2857142985
146265  -28.082  10.563  -51.256 0.2857142985
93517  -28.729  11.404  -51.253 0.2857142985
94458  -28.867  12.451  -51.442 0.4285714328
71323  -19.738  -10.375  -45.629 0.1428571492
152824  -22.160  -10.201  -46.533 0.1428571492
65060  -18.425  -16.524  -41.620 0.1428571492
68363  -18.507  -12.987  -43.160 0.1428571492
70285  -19.368  -11.955  -44.200 0.1428571492
71306  -18.937  -11.149  -44.373 0.1428571492
151597  -19.345  -10.575  -44.923 0.1428571492
147116  -19.714  -9.208  -45.803 0.2857142985
71337  -21.324  -10.420  -46.409 0.2857142985
72448  -20.448  -9.908  -46.611 0.2857142985
72460  -20.667  -8.980  -47.069 0.2857142985
72461  -21.118  -9.508  -46.963 0.2857142985
72469  -23.282  -9.297  -46.985 0.2857142985
159114  -23.124  -7.921  -47.537 0.4285714328
74699  -22.266  -7.477  -47.778 0.4285714328
75779  -21.956  -6.256  -48.497 0.2857142985
167754  -27.406  2.582  -50.199 0.2857142985
140839  -27.056  3.776  -50.863 0.2857142985
86660  -28.329  4.351  -50.152 0.2857142985
86674  -26.647  5.235  -50.909 0.2857142985
87666  -27.383  5.649  -50.641 0.2857142985
90652  -27.294  8.539  -50.950 0.2857142985
90651  -26.552  8.663  -51.276 0.2857142985
92524  -28.504  10.020  -50.897 0.2857142985
73581  -21.084  -8.559  -47.314 0.2857142985
167426  -26.696  3.199  -50.879 0.2857142985
145716  -26.578  4.373  -51.057 0.2857142985
85800  -25.435  3.541  -51.466 0.2857142985
87684  -25.935  5.675  -51.084 0.2857142985
88715  -26.066  7.367  -51.211 0.2857142985
88697  -27.359  6.424  -50.617 0.2857142985
88696  -26.965  7.151  -50.741 0.2857142985
161964  -26.110  8.207  -51.300 0.2857142985
90636  -28.726  8.587  -50.354 0.2857142985
87683  -25.088  5.528  -51.531 0.2857142985
87665  -26.559  6.280  -50.908 0.2857142985
74710  -23.418  -7.285  -47.836 0.4285714328
75781  -24.434  -6.786  -48.000 0.4285714328
66206  -20.065  -15.383  -43.445 0.1428571492
144054  -22.348  -8.270  -47.384 0.4285714328
63976  -19.152  -17.395  -41.128 0.1428571492
91557  -28.020  9.122  -50.886 0.2857142985
89685  -27.507  7.799  -50.651 0.2857142985
147519  -19.381  -13.401  -43.516 0.1428571492
62826  -17.806  -17.935  -40.258 0.1428571492
65059  -17.772  -16.577  -41.222 0.1428571492
65075  -18.792  -16.194  -42.124 0.1428571492
162957  -19.184  -15.835  -42.582 0.1428571492
67284  -19.020  -13.985  -43.034 0.1428571492
68343  -18.026  -13.508  -42.634 0.1428571492
72447  -19.901  -9.901  -46.109 0.2857142985
74709  -22.355  -6.856  -48.111 0.4285714328
91575  -27.084  9.161  -51.294 0.2857142985
150045  -21.487  -7.644  -47.565 0.4285714328
88713  -24.645  6.492  -51.729 0.2857142985
77863  -24.046  -3.925  -49.583 0.2857142985
162078  -23.836  18.113  -60.073 0.1428571492
99260  -22.644  17.215  -60.306 0.1428571492
99243  -22.125  17.606  -59.531 0.1428571492
98280  -22.676  16.582  -58.782 0.1428571492
97286  -23.844  15.373  -58.893 0.1428571492
100187  -25.607  18.431  -59.493 0.1428571492
99235  -22.389  17.226  -58.458 0.1428571492
100954  -21.470  19.703  -58.517 0.1428571492
102456  -23.802  22.350  -59.269 0.1428571492
76803  -23.697  -4.669  -49.365 0.2857142985
77875  -22.034  -3.579  -50.596 0.2857142985
96343  -23.689  15.000  -59.497 0.1428571492
98298  -22.954  16.666  -60.575 0.1428571492
97287  -24.767  15.029  -58.648 0.1428571492
97297  -22.628  16.384  -59.401 0.1428571492
97298  -23.091  15.626  -59.879 0.1428571492
98282  -24.282  15.990  -58.467 0.1428571492
100156  -21.474  18.923  -58.329 0.1428571492
98281  -23.302  16.216  -58.623 0.1428571492
100985  -22.552  19.449  -59.614 0.1428571492
102468  -23.400  21.741  -59.422 0.1428571492
102467  -22.200  20.738  -59.253 0.1428571492
103284  -22.744  22.024  -58.961 0.1428571492
103285  -23.181  22.782  -58.527 0.1428571492
145899  -21.844  20.610  -58.793 0.1428571492
98264  -22.888  16.834  -58.374 0.1428571492
99223  -22.089  17.823  -58.098 0.1428571492
99244  -22.835  17.930  -60.075 0.1428571492
100987  -24.930  19.255  -59.221 0.1428571492
98291  -22.495  16.908  -59.748 0.1428571492
100184  -21.695  18.286  -59.072 0.1428571492
100185  -22.216  18.491  -59.568 0.1428571492
165216  -25.637  19.034  -59.083 0.1428571492
100984  -21.787  19.221  -59.207 0.1428571492
97304  -22.776  16.228  -60.262 0.1428571492
85799  -24.565  3.937  -51.804 0.1428571492
86693  -25.917  4.165  -51.330 0.1428571492
86692  -25.237  4.473  -51.592 0.1428571492
88714  -25.083  7.287  -51.684 0.1428571492
153833  -23.411  8.360  -52.544 0.1428571492
90666  -24.067  8.491  -52.337 0.1428571492
84950  -26.004  2.932  -51.047 0.1428571492
89702  -25.432  8.082  -51.622 0.1428571492
91592  -23.840  9.385  -52.203 0.1428571492
92553  -24.615  9.852  -51.864 0.1428571492
93526  -24.294  10.846  -51.762 0.2857142985
80951  -22.842  -1.673  -52.061 0.1428571492
84015  -24.198  1.176  -51.217 0.1428571492
84967  -24.945  1.619  -51.091 0.1428571492
84966  -24.230  2.600  -51.683 0.1428571492
84049  -30.519  0.604  -55.332 0.1428571492
86691  -24.359  4.874  -51.970 0.1428571492
91574  -26.279  9.177  -51.494 0.1428571492
143612  -26.820  11.021  -51.564 0.1428571492
93527  -25.219  10.599  -51.692 0.1428571492
93514  -24.835  11.714  -51.644 0.2857142985
95360  -26.657  13.606  -52.031 0.2857142985
98230  -25.718  17.110  -52.011 0.2857142985
142821  -24.397  16.108  -52.010 0.2857142985
99191  -26.109  18.007  -52.147 0.2857142985
101664  -23.560  20.440  -50.183 0.1428571492
95361  -28.260  13.150  -51.749 0.2857142985
94456  -26.331  12.696  -51.768 0.2857142985
96270  -27.886  14.507  -52.305 0.2857142985
98234  -29.260  16.418  -52.825 0.2857142985
97214  -26.982  15.639  -52.510 0.2857142985
97202  -24.998  15.472  -52.247 0.2857142985
153108  -28.401  17.354  -52.831 0.2857142985
153801  -26.305  16.325  -52.330 0.2857142985
153726  -25.305  16.192  -52.230 0.2857142985
99192  -27.123  17.948  -52.503 0.2857142985
98223  -23.778  16.822  -51.707 0.2857142985
102397  -25.907  22.161  -52.397 0.1428571492
103226  -25.898  22.447  -51.952 0.1428571492
97200  -24.108  15.991  -51.697 0.1428571492
97199  -23.951  15.890  -51.395 0.1428571492
93513  -23.982  11.932  -51.686 0.2857142985
100126  -25.270  18.930  -52.120 0.1428571492
99188  -24.181  17.649  -51.696 0.2857142985
100926  -24.525  19.924  -51.762 0.1428571492
100122  -23.987  18.902  -51.177 0.1428571492
92551  -23.100  10.646  -51.779 0.2857142985
99183  -23.521  16.831  -50.887 0.1428571492
164256  -23.681  20.120  -49.778 0.1428571492
99184  -23.908  17.714  -50.737 0.1428571492
91556  -21.593  9.255  -51.664 0.1428571492
83101  -28.575  -0.047  -55.698 0.1428571492
79972  -32.107  -2.889  -57.197 0.1428571492
163888  -23.381  0.855  -51.279 0.1428571492
84964  -22.168  2.341  -51.668 0.1428571492
82066  -29.697  -0.553  -55.931 0.1428571492
84978  -22.548  2.927  -52.152 0.1428571492
86705  -22.096  4.660  -52.579 0.1428571492
87696  -22.507  5.418  -52.531 0.1428571492
87682  -24.060  5.887  -52.038 0.1428571492
89715  -23.063  7.853  -52.635 0.1428571492
90667  -24.910  8.691  -51.978 0.1428571492
152815  -23.220  9.748  -52.083 0.1428571492
153658  -26.031  9.591  -51.597 0.1428571492
93525  -23.621  11.084  -51.735 0.2857142985
95359  -25.735  13.669  -51.895 0.1428571492
95368  -26.065  14.356  -52.222 0.2857142985
96257  -24.934  15.229  -52.051 0.1428571492
96268  -25.512  14.984  -52.315 0.1428571492
98214  -23.615  16.444  -51.355 0.2857142985
99186  -23.936  18.001  -51.047 0.1428571492
100118  -23.905  18.836  -50.642 0.1428571492
146911  -23.648  19.663  -50.106 0.1428571492
100919  -23.702  20.592  -50.699 0.1428571492
145178  -30.931  -1.955  -56.214 0.1428571492
83103  -30.599  -0.265  -55.543 0.1428571492
80990  -30.404  -1.340  -56.412 0.1428571492
98233  -28.505  16.696  -52.671 0.2857142985
99193  -27.970  17.899  -52.856 0.2857142985
166580  -24.000  21.130  -50.727 0.1428571492
99190  -25.135  17.930  -52.035 0.2857142985
100925  -23.890  19.876  -51.229 0.1428571492
158129  -25.442  21.902  -51.570 0.1428571492
96260  -29.402  14.202  -51.864 0.2857142985
82039  -24.009  0.044  -51.087 0.1428571492
82038  -23.515  -0.514  -51.206 0.1428571492
97217  -29.520  15.615  -52.577 0.2857142985
150016  -25.751  2.074  -50.824 0.1428571492
78948  -32.692  -3.497  -57.021 0.1428571492
96271  -28.836  14.931  -52.180 0.2857142985
92540  -27.188  10.374  -51.486 0.1428571492
93516  -27.681  11.165  -51.453 0.1428571492
147121  -27.157  11.930  -51.588 0.1428571492
85811  -23.911  3.364  -51.928 0.1428571492
87697  -23.389  5.273  -52.361 0.1428571492
164942  -24.081  6.545  -52.054 0.1428571492
145371  -21.847  4.074  -52.404 0.1428571492
85810  -23.054  3.544  -52.356 0.1428571492
88726  -24.154  7.188  -52.132 0.1428571492
89716  -23.776  7.905  -52.432 0.1428571492
162395  -24.219  8.941  -52.271 0.1428571492
91573  -25.480  9.214  -51.736 0.1428571492
166792  -24.463  1.973  -51.417 0.1428571492
92552  -23.736  10.199  -51.878 0.1428571492
164078  -25.093  9.445  -51.869 0.1428571492
92539  -26.204  10.304  -51.623 0.1428571492
84965  -22.912  2.014  -51.703 0.1428571492
93515  -25.962  11.525  -51.651 0.2857142985
94455  -25.337  12.711  -51.691 0.2857142985
95369  -26.993  14.308  -52.351 0.2857142985
96259  -28.543  14.006  -51.927 0.2857142985
148300  -27.323  12.906  -51.779 0.2857142985
98224  -24.628  16.967  -51.911 0.2857142985
98231  -26.727  17.184  -52.235 0.2857142985
158990  -23.905  16.153  -51.791 0.1428571492
162813  -23.792  21.079  -50.225 0.1428571492
165544  -27.267  14.909  -52.497 0.2857142985
152043  -27.944  15.323  -52.467 0.2857142985
97215  -27.846  16.189  -52.479 0.2857142985
97201  -24.589  15.843  -52.108 0.1428571492
151511  -27.137  16.482  -52.385 0.2857142985
100123  -24.295  18.765  -51.601 0.1428571492
144242  -23.724  16.986  -51.421 0.2857142985
151337  -26.281  22.265  -52.666 0.1428571492
99187  -24.060  17.760  -51.445 0.2857142985
149541  -24.992  13.890  -51.669 0.1428571492
95367  -25.319  14.622  -51.982 0.2857142985
100918  -23.647  19.835  -50.654 0.1428571492
73546  -18.622  -8.350  -44.796 0.1428571492
73567  -20.185  -9.245  -46.568 0.1428571492
73580  -20.542  -8.459  -46.888 0.1428571492
74669  -18.789  -7.546  -45.250 0.1428571492
150433  -17.887  -6.031  -45.558 0.1428571492
76737  -18.083  -5.292  -45.886 0.1428571492
148176  -19.730  -6.931  -46.268 0.1428571492
77824  -18.486  -4.865  -46.184 0.1428571492
75755  -20.255  -6.752  -46.925 0.1428571492
73592  -21.118  -7.849  -47.405 0.1428571492
77825  -19.015  -4.805  -46.681 0.1428571492
143206  -20.428  -5.700  -48.029 0.1428571492
74698  -21.555  -6.908  -47.869 0.1428571492
76781  -20.392  -5.184  -48.620 0.1428571492
75777  -20.866  -5.957  -48.228 0.1428571492
78838  -18.681  -4.283  -46.083 0.1428571492
77837  -19.501  -4.695  -47.588 0.1428571492
76782  -20.958  -5.439  -48.841 0.1428571492
77859  -20.959  -4.240  -49.887 0.1428571492
78892  -22.160  -2.916  -50.767 0.1428571492
79917  -22.679  -2.464  -51.195 0.1428571492
93512  -23.412  11.964  -51.585 0.1428571492
74687  -20.788  -7.590  -47.211 0.1428571492
150849  -21.414  -8.212  -47.405 0.1428571492
72427  -18.358  -9.142  -44.431 0.1428571492
74653  -17.994  -7.607  -44.794 0.1428571492
75739  -19.028  -6.738  -45.762 0.1428571492
98222  -23.692  16.484  -51.643 0.1428571492
78894  -23.805  -2.426  -51.134 0.1428571492
76783  -21.554  -5.536  -48.989 0.1428571492
73565  -19.377  -8.391  -45.415 0.1428571492
145581  -20.943  -8.173  -47.321 0.1428571492
73591  -21.062  -7.414  -47.480 0.1428571492
76800  -21.186  -4.876  -49.533 0.1428571492
74670  -19.565  -7.631  -45.852 0.1428571492
76736  -17.533  -5.697  -45.252 0.1428571492
75753  -18.458  -5.978  -45.929 0.1428571492
75754  -19.319  -6.060  -46.584 0.1428571492
76752  -19.340  -5.296  -47.188 0.1428571492
75767  -20.032  -5.880  -47.434 0.1428571492
76767  -19.868  -5.174  -47.979 0.1428571492
154962  -19.276  -4.203  -46.780 0.1428571492
75768  -20.754  -6.579  -47.648 0.1428571492
77838  -20.016  -4.701  -48.385 0.1428571492
78830  -17.800  -4.404  -45.432 0.1428571492
62815  -19.926  -18.584  -39.585 0.1428571492
63945  -20.947  -17.652  -39.953 0.4285714328
63975  -18.452  -17.072  -41.225 0.1428571492
66207  -20.668  -15.400  -43.697 0.2857142985
67289  -22.751  -14.364  -44.287 0.4285714328
67296  -20.796  -14.669  -44.208 0.2857142985
67299  -22.977  -14.442  -45.083 0.4285714328
67309  -23.290  -14.190  -45.700 0.4285714328
68382  -23.715  -13.901  -46.199 0.4285714328
69349  -21.038  -12.771  -45.012 0.2857142985
69367  -23.055  -13.306  -46.634 0.5714285970
69368  -23.715  -13.471  -46.953 0.5714285970
69376  -24.187  -13.263  -47.302 0.7142857313
69377  -25.030  -13.023  -47.436 0.4285714328
70316  -22.305  -12.287  -46.112 0.2857142985
70340  -25.400  -12.113  -48.617 0.5714285970
70342  -26.652  -12.422  -48.779 0.4285714328
70348  -26.679  -12.067  -49.446 0.5714285970
71291  -27.421  -10.361  -43.685 0.1428571492
71325  -20.739  -10.629  -46.157 0.1428571492
71353  -27.362  -11.887  -48.646 0.2857142985
71354  -27.718  -11.532  -49.488 0.2857142985
71360  -27.208  -11.745  -49.799 0.5714285970
71368  -27.795  -10.883  -50.602 0.7142857313
71369  -28.303  -10.853  -51.025 0.5714285970
72432  -28.284  -9.144  -44.599 0.1428571492
72478  -25.714  -10.372  -49.105 0.5714285970
72496  -27.349  -10.179  -50.523 0.5714285970
73518  -33.363  -8.652  -42.696 0.1428571492
73534  -33.757  -8.413  -43.389 0.1428571492
73547  -19.185  -9.106  -44.957 0.1428571492
73566  -19.951  -8.517  -46.234 0.1428571492
73570  -29.156  -7.963  -45.581 0.1428571492
73582  -21.955  -9.088  -47.022 0.2857142985
73593  -23.674  -8.671  -47.295 0.4285714328
73596  -28.985  -8.617  -48.134 0.2857142985
73631  -34.003  -9.678  -52.419 0.2857142985
73667  -34.029  -8.921  -54.286 0.4285714328
74654  -29.803  -7.440  -45.391 0.1428571492
74672  -30.458  -6.865  -45.438 0.1428571492
74686  -20.217  -7.695  -46.561 0.1428571492
74740  -29.586  -8.263  -52.532 0.7142857313
74743  -34.784  -7.934  -52.300 0.2857142985
74757  -33.709  -8.596  -54.287 0.4285714328
74767  -34.326  -7.927  -54.540 0.4285714328
74777  -34.390  -7.177  -54.781 0.4285714328
74779  -35.034  -7.214  -54.897 0.2857142985
75713  -33.228  -7.110  -43.760 0.1428571492
75716  -40.262  -6.280  -43.184 0.1428571492
75724  -31.754  -6.598  -44.271 0.1428571492
75726  -33.507  -6.736  -44.485 0.1428571492
75742  -33.835  -6.391  -45.213 0.1428571492
75769  -21.133  -6.735  -47.807 0.1428571492
75778  -21.301  -6.138  -48.319 0.2857142985
75782  -26.299  -6.603  -48.566 0.4285714328
75795  -33.009  -6.235  -49.955 0.1428571492
75799  -28.565  -7.480  -51.143 0.7142857313
75802  -35.464  -6.405  -51.023 0.1428571492
75803  -36.189  -6.039  -50.930 0.1428571492
75817  -30.559  -7.724  -52.568 0.7142857313
75839  -34.564  -6.687  -55.161 0.4285714328
75840  -34.891  -6.657  -55.372 0.4285714328
76708  -37.776  -5.602  -42.980 0.1428571492
76725  -39.298  -5.298  -43.123 0.1428571492
76751  -18.766  -5.345  -46.370 0.1428571492
76754  -32.763  -5.177  -46.644 0.1428571492
76784  -22.388  -5.559  -49.078 0.1428571492
76785  -24.493  -5.249  -48.562 0.5714285970
76786  -25.169  -4.665  -48.535 0.5714285970
76801  -21.874  -4.882  -49.701 0.2857142985
76804  -26.834  -5.861  -48.764 0.4285714328
76805  -27.347  -5.396  -49.178 0.5714285970
76807  -32.029  -5.580  -48.883 0.1428571492
76809  -34.059  -4.946  -49.198 0.1428571492
76829  -29.776  -6.220  -51.344 0.7142857313
76836  -32.115  -5.971  -52.543 0.7142857313
76857  -34.995  -6.074  -55.968 0.4285714328
77794  -38.239  -4.555  -43.458 0.1428571492
77808  -39.572  -4.213  -44.035 0.1428571492
77814  -36.665  -4.397  -45.882 0.1428571492
77840  -34.482  -4.908  -47.820 0.1428571492
77849  -25.683  -4.011  -48.493 0.5714285970
77862  -23.163  -3.854  -50.286 0.2857142985
77866  -28.962  -4.232  -49.933 0.7142857313
77868  -37.088  -5.049  -49.797 0.1428571492
77905  -33.567  -4.868  -56.186 0.4285714328
78823  -37.965  -3.491  -44.115 0.1428571492
78831  -18.133  -4.222  -45.818 0.1428571492
78833  -36.795  -3.574  -45.094 0.1428571492
78862  -26.218  -3.337  -48.581 0.7142857313
78880  -28.584  -3.788  -49.458 0.7142857313
78891  -21.738  -2.969  -50.477 0.1428571492
78893  -23.271  -2.816  -50.954 0.1428571492
78895  -29.649  -3.910  -50.124 0.7142857313
78908  -32.068  -3.181  -51.168 0.8571428657
78918  -33.249  -3.789  -52.783 0.5714285970
78930  -33.487  -3.527  -54.573 0.4285714328
78942  -32.665  -3.588  -56.633 0.2857142985
79883  -25.789  -2.426  -49.023 0.7142857313
79901  -29.095  -2.595  -49.383 0.8571428657
79902  -29.720  -2.015  -49.493 0.8571428657
79916  -22.357  -2.427  -50.884 0.1428571492
79957  -31.437  -2.627  -56.530 0.2857142985
79965  -31.972  -3.088  -56.861 0.1428571492
80934  -25.984  -1.034  -49.624 0.5714285970
80935  -27.229  -1.335  -49.396 0.5714285970
80937  -29.415  -1.182  -49.518 0.7142857313
80952  -23.571  -1.610  -52.303 0.1428571492
80964  -33.084  -1.647  -51.772 0.8571428657
82005  -29.960  0.153  -49.493 0.8571428657
82020  -23.311  -1.161  -51.900 0.4285714328
82022  -25.178  -0.431  -50.559 0.5714285970
82037  -23.117  -0.757  -51.214 0.2857142985
82040  -32.881  -0.207  -51.083 0.8571428657
82058  -33.180  -0.277  -53.420 0.5714285970
82067  -30.684  -1.147  -55.854 0.1428571492
82068  -31.370  -1.469  -55.646 0.2857142985
83042  -29.661  1.007  -49.445 1.0000000000
83056  -22.630  -0.253  -50.911 0.1428571492
83058  -25.276  0.312  -50.541 0.2857142985
83059  -26.089  0.754  -50.100 0.5714285970
83061  -32.828  0.601  -50.842 0.8571428657
83078  -33.315  0.112  -52.252 0.7142857313
83086  -33.019  0.883  -53.064 0.5714285970
83102  -29.635  -0.005  -55.583 0.1428571492
83983  -29.482  1.801  -49.443 0.8571428657
84016  -33.129  1.294  -51.552 0.8571428657
84048  -29.282  0.588  -55.433 0.1428571492
84951  -26.681  2.501  -50.550 0.2857142985
84954  -32.538  2.366  -50.312 1.0000000000
84979  -23.373  2.715  -51.961 0.1428571492
85772  -28.459  3.586  -49.950 0.2857142985
85775  -31.175  3.261  -49.421 1.0000000000
85785  -26.314  3.656  -51.152 0.2857142985
85786  -27.263  3.138  -50.526 0.2857142985
85787  -32.177  3.760  -49.799 1.0000000000
85809  -22.285  3.788  -52.502 0.1428571492
85819  -31.663  3.615  -53.808 0.4285714328
86661  -28.927  4.075  -49.721 0.5714285970
86662  -29.598  4.119  -49.439 0.5714285970
86675  -27.437  4.622  -50.651 0.2857142985
86704  -21.768  4.788  -52.250 0.1428571492
86706  -22.787  4.463  -52.532 0.1428571492
86707  -23.667  4.234  -52.171 0.1428571492
86727  -31.038  3.925  -54.578 0.1428571492
87669  -32.794  4.842  -50.636 0.8571428657
87695  -21.936  5.550  -52.419 0.1428571492
87719  -32.177  5.554  -54.013 0.5714285970
87730  -31.198  5.550  -55.329 0.2857142985
88686  -30.434  6.426  -49.495 0.7142857313
88698  -28.038  6.140  -50.281 0.2857142985
88699  -32.659  6.133  -50.516 0.8571428657
88727  -32.673  6.351  -52.747 0.7142857313
88754  -32.143  6.554  -55.147 0.2857142985
89675  -30.209  7.973  -49.627 0.7142857313
89688  -32.448  7.424  -50.463 0.8571428657
89703  -26.716  7.989  -50.955 0.2857142985
89717  -24.588  7.973  -52.090 0.1428571492
89718  -32.618  7.832  -52.828 0.7142857313
90627  -31.282  7.865  -49.769 0.7142857313
90635  -27.997  8.354  -50.639 0.2857142985
90650  -25.797  8.710  -51.544 0.2857142985
91561  -32.087  9.171  -50.800 0.8571428657
91576  -27.580  9.807  -51.269 0.2857142985
91577  -31.843  9.885  -51.037 0.8571428657
91593  -24.711  9.225  -52.035 0.1428571492
91606  -32.560  9.192  -53.943 0.7142857313
91624  -32.571  9.925  -56.314 0.1428571492
92538  -25.458  9.759  -51.729 0.1428571492
92541  -28.894  10.709  -51.036 0.4285714328
92542  -31.671  10.573  -51.336 1.0000000000
92550  -22.720  9.697  -52.079 0.1428571492
93519  -31.473  11.329  -51.541 0.8571428657
93536  -32.267  11.339  -53.648 0.7142857313
93557  -32.187  11.156  -55.383 0.4285714328
93564  -31.767  11.656  -56.450 0.2857142985
93572  -32.213  11.238  -57.757 0.1428571492
94457  -27.960  12.441  -51.638 0.1428571492
94461  -31.316  12.078  -51.749 0.7142857313
94466  -31.216  12.752  -52.094 1.0000000000
94467  -31.624  12.787  -52.828 1.0000000000
94510  -31.191  12.322  -58.626 0.1428571492
95363  -29.841  13.645  -51.673 0.4285714328
95374  -31.474  13.382  -53.302 0.7142857313
95395  -29.730  13.690  -56.781 0.2857142985
95408  -29.959  13.129  -57.412 0.1428571492
95415  -25.608  13.664  -59.137 0.2857142985
95420  -29.816  12.958  -58.800 0.1428571492
95428  -28.452  13.344  -59.187 0.1428571492
95436  -29.605  13.283  -60.320 0.1428571492
96258  -27.618  13.727  -52.064 0.2857142985
96269  -26.431  14.917  -52.478 0.2857142985
96273  -30.562  14.509  -52.625 0.5714285970
96298  -30.598  14.562  -55.302 0.5714285970
96321  -28.834  14.896  -56.998 0.2857142985
97213  -25.888  15.527  -52.449 0.2857142985
97216  -28.669  15.864  -52.497 0.2857142985
97248  -30.309  15.208  -55.569 0.7142857313
97276  -27.358  15.266  -57.721 0.4285714328
97285  -23.067  15.808  -59.105 0.1428571492
97288  -25.613  14.875  -58.425 0.2857142985
98232  -27.699  17.124  -52.515 0.2857142985
98237  -29.011  17.128  -53.048 0.5714285970
98251  -28.454  16.691  -56.714 0.5714285970
98269  -27.921  16.023  -57.293 0.2857142985
98279  -22.272  17.042  -59.051 0.1428571492
99213  -28.874  17.205  -56.163 0.4285714328
99226  -26.687  16.966  -57.314 0.2857142985
99234  -21.916  17.659  -58.719 0.1428571492
100133  -28.422  18.524  -53.878 0.5714285970
100144  -28.396  18.282  -55.109 0.7142857313
100157  -21.835  18.528  -57.897 0.1428571492
100171  -21.650  18.264  -58.422 0.1428571492
100183  -21.504  18.765  -58.766 0.1428571492
100934  -28.054  19.161  -53.992 0.5714285970
100955  -21.643  19.328  -57.921 0.1428571492
100970  -21.479  19.307  -58.804 0.1428571492
101734  -21.702  19.993  -59.079 0.1428571492
101746  -22.264  20.235  -59.445 0.1428571492
102443  -22.245  21.356  -58.769 0.1428571492
103302  -24.319  23.086  -58.881 0.1428571492
104089  -24.802  24.262  -56.388 0.1428571492
137252  -33.005  -12.398  -55.033 0.5714285970
137255  -33.307  -12.032  -54.467 0.4285714328
137257  -33.801  -10.038  -53.390 0.4285714328
137263  -34.501  -8.888  -52.607 0.2857142985
137270  -34.759  -8.613  -53.818 0.4285714328
137271  -34.702  -7.837  -54.487 0.4285714328
138275  -31.902  -12.283  -54.784 0.5714285970
138546  -33.117  -10.982  -54.049 0.4285714328
138636  -34.598  -8.479  -54.212 0.4285714328
138800  -29.346  3.721  -55.504 0.1428571492
139215  -23.757  1.898  -51.573 0.1428571492
139326  -33.211  -10.724  -54.838 0.4285714328
139808  -24.670  3.182  -51.666 0.1428571492
140219  -25.560  6.450  -51.315 0.2857142985
140239  -23.431  7.346  -52.459 0.1428571492
140709  -28.604  2.852  -49.689 0.4285714328
140746  -27.813  6.987  -50.406 0.2857142985
141001  -35.951  -5.670  -54.800 0.1428571492
142000  -29.946  4.742  -49.373 0.7142857313
142482  -31.094  -9.488  -42.178 0.1428571492
143504  -24.470  -2.443  -50.090 0.4285714328
144207  -29.836  16.806  -53.953 0.7142857313
145332  -33.935  -6.302  -54.556 0.4285714328
145395  -29.036  17.885  -54.871 0.5714285970
145444  -32.509  8.882  -51.556 0.8571428657
145995  -35.681  -5.580  -49.740 0.1428571492
146433  -25.095  2.538  -51.377 0.1428571492
146725  -25.984  18.852  -56.292 0.2857142985
146773  -27.530  -0.919  -49.580 0.5714285970
147075  -31.685  0.117  -49.896 1.0000000000
147472  -32.680  4.937  -52.620 0.8571428657
147865  -33.241  -3.403  -55.282 0.2857142985
147887  -32.480  6.777  -50.256 1.0000000000
148084  -30.018  -0.626  -49.515 0.7142857313
149199  -25.883  4.892  -51.181 0.1428571492
149985  -22.881  20.383  -59.638 0.1428571492
150320  -28.100  11.868  -51.498 0.1428571492
150427  -32.570  9.169  -54.711 0.5714285970
150873  -33.286  -1.120  -53.537 0.5714285970
151304  -28.724  -5.106  -50.226 0.7142857313
151744  -30.051  7.102  -49.501 0.7142857313
151985  -24.390  18.609  -59.645 0.1428571492
152121  -26.883  20.039  -53.580 0.4285714328
152170  -32.492  10.061  -52.668 0.8571428657
153439  -23.796  -17.300  -39.361 0.1428571492
153950  -22.023  20.804  -58.214 0.1428571492
153978  -32.949  -0.952  -51.379 0.8571428657
154421  -23.532  6.599  -52.332 0.1428571492
154815  -36.251  -6.035  -52.409 0.1428571492
154858  -31.504  13.245  -54.015 0.7142857313
155182  -32.517  10.125  -56.966 0.1428571492
155456  -36.859  -5.192  -46.647 0.1428571492
155875  -22.621  -3.308  -50.718 0.1428571492
156543  -32.213  11.152  -56.162 0.1428571492
158283  -23.284  -2.631  -51.723 0.1428571492
158907  -33.158  -4.221  -56.373 0.2857142985
159271  -21.216  -7.309  -47.516 0.1428571492
160392  -40.653  -5.143  -44.233 0.1428571492
160958  -29.281  -10.671  -54.292 0.5714285970
161070  -24.787  -1.333  -51.135 0.4285714328
161980  -33.033  2.243  -52.004 0.7142857313
162588  -21.626  20.092  -58.173 0.1428571492
162987  -31.827  5.833  -49.640 0.8571428657
163443  -32.521  -3.335  -51.661 0.8571428657
163967  -30.767  13.881  -52.391 0.8571428657
164237  -30.431  -0.257  -49.536 0.8571428657
164732  -36.877  -7.119  -45.754 0.1428571492
165082  -33.816  -5.356  -54.150 0.5714285970
165676  -23.457  5.977  -52.335 0.1428571492
165920  -36.259  -8.941  -45.137 0.1428571492
166173  -31.463  12.368  -55.193 0.5714285970
166819  -32.875  5.487  -50.780 0.8571428657
166981  -24.581  -16.431  -39.878 0.1428571492
167434  -26.390  18.350  -56.456 0.2857142985
167482  -27.601  -1.887  -49.151 0.5714285970
