#!ascii label  , from subject sub-v1s14x0051585_ses-1 vox2ras=TkReg
1082
52859  -8.914  -17.864  41.728 0.0000000000
146921  -34.883  -7.643  28.384 0.0000000000
127052  -31.014  -2.487  27.298 0.0000000000
62663  -27.045  -9.014  32.669 0.0000000000
75678  -35.758  1.277  15.084 0.0000000000
75640  -31.693  1.680  18.546 0.0000000000
66989  -36.140  -5.260  33.137 0.0000000000
65030  -31.861  -8.200  30.706 0.0000000000
78600  -42.058  4.422  15.909 0.0000000000
81294  -44.986  7.916  12.733 0.0000000000
83963  -46.608  10.384  10.009 0.0000000000
143426  -32.953  3.153  27.210 0.0000000000
74546  -30.230  0.253  23.107 0.0000000000
143531  -34.713  4.412  23.284 0.0000000000
77637  -37.745  3.391  20.268 0.0000000000
61347  -19.678  -11.245  34.130 0.0000000000
51679  -5.243  -19.002  44.092 0.0000000000
70084  -35.454  -4.315  27.675 0.0000000000
74441  -32.367  0.511  31.991 0.0000000000
63887  -21.693  -9.697  30.186 0.0000000000
65076  -26.726  -8.447  27.201 0.0000000000
81356  -43.535  6.802  6.503 0.0000000000
82152  -48.486  8.333  7.143 0.0000000000
73627  -34.767  -1.012  17.285 0.0000000000
73617  -39.702  0.887  18.472 0.0000000000
55970  -11.351  -16.416  38.765 0.0000000000
148476  -4.096  -23.863  40.459 0.0000000000
79447  -43.746  6.020  14.617 0.0000000000
77583  -33.859  3.049  25.109 0.0000000000
60246  -17.717  -12.722  32.628 0.0000000000
52832  -7.953  -18.289  42.759 0.0000000000
66115  -36.520  -6.477  26.202 0.0000000000
68013  -36.676  -5.023  28.539 0.0000000000
127622  -24.456  -9.286  31.149 0.0000000000
142063  -24.143  -9.378  28.610 0.0000000000
150110  -26.192  -8.870  30.565 0.0000000000
65050  -33.876  -8.268  29.250 0.0000000000
65067  -31.515  -8.338  28.436 0.0000000000
63938  -33.699  -8.884  27.073 0.0000000000
143490  -25.308  -9.493  34.539 0.0000000000
63843  -22.922  -9.779  33.047 0.0000000000
80390  -39.110  6.737  10.284 0.0000000000
81346  -42.067  7.699  7.278 0.0000000000
130230  -47.642  9.845  8.391 0.0000000000
75591  -30.691  1.230  21.063 0.0000000000
74622  -33.394  1.110  17.855 0.0000000000
148342  -38.725  0.641  19.788 0.0000000000
133211  -13.948  -11.875  36.295 0.0000000000
59081  -12.396  -12.622  38.444 0.0000000000
128241  -11.788  -13.418  39.770 0.0000000000
132801  -12.137  -14.937  37.965 0.0000000000
148244  -5.168  -23.099  40.596 0.0000000000
132624  -35.643  -6.338  30.537 0.0000000000
128519  -37.941  -4.815  30.196 0.0000000000
69006  -38.575  -4.550  32.703 0.0000000000
150014  -29.545  -9.041  34.550 0.0000000000
63872  -29.053  -8.440  32.201 0.0000000000
64990  -31.659  -8.121  33.575 0.0000000000
65000  -33.965  -8.248  32.343 0.0000000000
76676  -38.440  2.582  15.573 0.0000000000
135954  -39.702  5.176  14.143 0.0000000000
80362  -40.978  6.969  12.729 0.0000000000
153099  -43.049  8.397  11.147 0.0000000000
82996  -43.409  9.401  9.293 0.0000000000
82978  -45.824  9.161  11.982 0.0000000000
74470  -30.642  0.021  28.234 0.0000000000
73498  -29.786  -1.094  25.676 0.0000000000
75538  -31.827  1.366  25.149 0.0000000000
136194  -32.284  2.568  23.101 0.0000000000
77632  -32.755  3.307  21.033 0.0000000000
77642  -34.765  3.386  19.503 0.0000000000
78557  -36.335  4.985  21.304 0.0000000000
60212  -18.351  -11.686  35.937 0.0000000000
60224  -15.898  -12.287  34.281 0.0000000000
83035  -45.431  8.943  3.959 0.0000000000
140223  -4.922  -19.202  44.042 0.0000000000
69083  -35.419  -5.035  25.750 0.0000000000
71144  -33.714  -2.961  27.924 0.0000000000
71114  -36.226  -3.156  29.676 0.0000000000
72281  -33.847  -2.213  30.005 0.0000000000
72279  -30.821  -1.445  30.120 0.0000000000
76496  -32.345  2.388  29.779 0.0000000000
65046  -29.262  -7.691  29.732 0.0000000000
62601  -21.825  -10.440  35.885 0.0000000000
62660  -20.809  -10.486  32.382 0.0000000000
82138  -44.650  9.013  8.017 0.0000000000
81350  -45.856  8.244  7.035 0.0000000000
82162  -45.771  8.268  5.632 0.0000000000
83028  -48.651  9.245  5.307 0.0000000000
52912  -9.291  -19.385  38.461 0.0000000000
51760  -7.847  -19.849  40.138 0.0000000000
73650  -35.252  -0.900  15.640 0.0000000000
74624  -35.472  0.753  18.838 0.0000000000
153070  -37.387  -0.737  17.782 0.0000000000
74666  -38.409  0.856  16.079 0.0000000000
142224  -41.096  3.004  17.679 0.0000000000
55010  -9.877  -16.692  40.560 0.0000000000
50550  -6.365  -20.383  41.472 0.0000000000
49281  -4.939  -20.887  41.843 0.0000000000
50546  -3.499  -19.944  41.642 0.0000000000
52843  -8.553  -18.122  42.194 0.0000000000
65085  -35.517  -7.533  27.145 0.0000000000
66096  -35.990  -6.850  26.964 0.0000000000
66089  -35.681  -6.453  28.472 0.0000000000
147147  -25.657  -9.310  32.320 0.0000000000
127981  -25.454  -9.183  31.059 0.0000000000
62673  -26.730  -8.850  31.915 0.0000000000
65052  -34.602  -7.822  29.335 0.0000000000
65069  -33.458  -8.592  28.396 0.0000000000
136024  -34.605  -8.108  28.087 0.0000000000
65103  -34.801  -8.320  26.417 0.0000000000
143512  -27.696  -9.587  34.478 0.0000000000
130300  -26.809  -9.619  35.360 0.0000000000
151835  -26.419  -9.405  33.486 0.0000000000
63858  -24.698  -9.408  32.841 0.0000000000
81340  -41.416  7.776  7.749 0.0000000000
71164  -32.266  -3.163  26.661 0.0000000000
70097  -30.953  -3.234  25.906 0.0000000000
75621  -30.806  1.354  19.796 0.0000000000
75639  -30.868  1.117  18.914 0.0000000000
75642  -32.878  1.567  18.022 0.0000000000
142278  -13.189  -12.928  35.608 0.0000000000
130733  -13.649  -11.594  37.048 0.0000000000
58015  -12.468  -13.574  37.176 0.0000000000
59096  -12.138  -14.035  37.957 0.0000000000
58030  -12.651  -14.970  36.548 0.0000000000
66051  -35.654  -5.974  32.031 0.0000000000
138781  -36.810  -5.072  31.790 0.0000000000
67978  -37.890  -5.071  32.764 0.0000000000
62633  -30.685  -9.160  35.020 0.0000000000
63848  -30.102  -8.731  34.017 0.0000000000
64970  -32.302  -8.920  35.030 0.0000000000
66036  -34.999  -6.547  34.277 0.0000000000
66042  -34.489  -7.596  33.941 0.0000000000
128103  -35.250  -6.949  32.861 0.0000000000
65003  -35.294  -7.115  31.381 0.0000000000
151926  -40.452  3.660  16.066 0.0000000000
77697  -39.611  3.869  15.113 0.0000000000
77699  -40.918  4.227  15.422 0.0000000000
80351  -43.978  6.732  13.577 0.0000000000
80350  -42.230  6.423  13.392 0.0000000000
81282  -43.030  6.939  12.908 0.0000000000
129787  -41.876  7.487  12.188 0.0000000000
82102  -43.887  8.150  11.944 0.0000000000
82111  -44.346  8.695  11.514 0.0000000000
82104  -45.403  8.519  12.387 0.0000000000
75498  -32.265  1.987  27.471 0.0000000000
74501  -31.215  0.761  26.639 0.0000000000
75517  -32.441  1.866  26.625 0.0000000000
77594  -34.152  3.481  24.571 0.0000000000
76578  -33.379  3.013  24.280 0.0000000000
77607  -33.303  3.354  23.430 0.0000000000
77625  -32.685  3.227  22.001 0.0000000000
77615  -34.031  4.097  22.129 0.0000000000
77627  -34.186  4.057  21.123 0.0000000000
78545  -35.221  4.800  22.063 0.0000000000
138617  -19.489  -11.297  35.865 0.0000000000
60199  -18.972  -11.237  36.857 0.0000000000
140703  -18.662  -11.617  35.352 0.0000000000
150313  -17.151  -12.373  33.769 0.0000000000
83996  -46.476  10.097  4.387 0.0000000000
84967  -46.616  11.125  4.332 0.0000000000
51678  -5.068  -19.313  44.544 0.0000000000
69061  -36.252  -5.490  26.737 0.0000000000
69084  -36.183  -5.572  25.947 0.0000000000
69059  -35.188  -4.547  26.725 0.0000000000
70101  -34.198  -4.060  26.640 0.0000000000
71145  -34.395  -3.367  28.047 0.0000000000
71102  -38.100  -2.949  30.841 0.0000000000
70054  -37.742  -3.362  30.186 0.0000000000
72270  -36.971  -1.841  30.911 0.0000000000
73394  -33.516  -0.613  32.878 0.0000000000
72249  -34.318  -1.766  31.586 0.0000000000
72247  -32.392  -1.347  31.696 0.0000000000
135851  -31.931  -1.823  30.926 0.0000000000
74440  -31.722  -0.069  31.347 0.0000000000
74449  -31.474  0.478  30.445 0.0000000000
75455  -32.415  2.032  30.753 0.0000000000
63925  -25.710  -9.044  28.271 0.0000000000
65009  -30.365  -7.819  31.590 0.0000000000
65027  -28.524  -8.015  30.539 0.0000000000
65047  -30.250  -7.885  29.897 0.0000000000
65080  -30.304  -8.222  26.795 0.0000000000
62602  -22.717  -10.163  35.524 0.0000000000
63855  -22.111  -9.809  31.938 0.0000000000
62661  -21.607  -10.124  32.545 0.0000000000
62689  -21.060  -10.076  30.717 0.0000000000
141300  -19.823  -11.244  30.629 0.0000000000
130865  -44.902  9.667  9.730 0.0000000000
83009  -43.955  9.348  8.635 0.0000000000
82998  -45.559  9.794  9.531 0.0000000000
82142  -48.061  8.946  7.699 0.0000000000
146227  -46.806  8.637  7.451 0.0000000000
81351  -46.647  8.167  7.013 0.0000000000
81366  -45.358  7.967  5.941 0.0000000000
150046  -47.193  8.162  6.336 0.0000000000
82163  -46.754  8.434  5.684 0.0000000000
82164  -48.717  8.613  5.904 0.0000000000
73520  -29.974  -0.211  24.254 0.0000000000
72329  -29.478  -1.702  25.031 0.0000000000
72509  -34.671  -1.419  15.824 0.0000000000
72500  -35.546  -1.101  16.455 0.0000000000
77644  -36.278  3.126  19.625 0.0000000000
75644  -35.513  1.786  19.055 0.0000000000
75624  -36.365  2.053  19.467 0.0000000000
73601  -39.047  0.155  19.077 0.0000000000
74626  -37.612  -0.118  19.083 0.0000000000
73629  -38.542  -0.335  17.538 0.0000000000
73641  -37.659  -0.554  16.669 0.0000000000
73643  -38.990  0.093  17.126 0.0000000000
75667  -39.170  1.609  16.655 0.0000000000
74657  -40.566  1.981  18.068 0.0000000000
56973  -11.470  -15.059  39.133 0.0000000000
56961  -10.582  -15.351  40.250 0.0000000000
55952  -10.045  -15.987  40.775 0.0000000000
55016  -10.405  -16.799  39.641 0.0000000000
53935  -10.466  -17.485  39.152 0.0000000000
53949  -11.102  -17.708  38.233 0.0000000000
50594  -7.103  -21.389  38.917 0.0000000000
50566  -6.575  -20.788  40.837 0.0000000000
50579  -6.312  -21.690  40.378 0.0000000000
47217  -4.524  -23.852  40.540 0.0000000000
49303  -5.143  -22.061  40.868 0.0000000000
48196  -4.743  -22.296  40.720 0.0000000000
152020  -4.086  -20.774  41.603 0.0000000000
49301  -3.668  -21.822  40.769 0.0000000000
64971  -33.098  -8.534  35.239 0.0000000000
79431  -44.115  5.627  16.342 0.0000000000
135980  -42.603  4.885  15.529 0.0000000000
79437  -44.364  5.892  15.734 0.0000000000
76539  -34.097  3.350  26.394 0.0000000000
60248  -18.793  -11.914  32.803 0.0000000000
60238  -18.302  -12.126  33.246 0.0000000000
144340  -7.988  -17.476  44.723 0.0000000000
52821  -6.774  -18.386  43.682 0.0000000000
65105  -36.103  -7.226  26.320 0.0000000000
68037  -36.389  -5.872  26.527 0.0000000000
69046  -36.362  -4.911  27.703 0.0000000000
150661  -32.953  2.685  31.320 0.0000000000
63888  -22.463  -9.414  30.561 0.0000000000
63921  -22.392  -9.760  28.775 0.0000000000
63889  -23.929  -9.266  30.260 0.0000000000
63907  -25.118  -9.243  29.066 0.0000000000
65044  -26.515  -8.633  28.866 0.0000000000
129296  -32.313  -8.278  30.032 0.0000000000
136361  -30.962  -8.119  29.195 0.0000000000
134641  -32.936  -8.408  29.231 0.0000000000
63937  -32.967  -8.960  27.427 0.0000000000
63957  -34.022  -8.813  26.106 0.0000000000
127639  -25.064  -9.630  35.973 0.0000000000
62603  -23.535  -9.906  35.183 0.0000000000
63836  -24.276  -9.622  34.018 0.0000000000
63857  -23.730  -9.480  32.563 0.0000000000
80375  -38.390  6.478  11.581 0.0000000000
81347  -42.973  7.504  6.942 0.0000000000
83961  -47.990  11.082  10.338 0.0000000000
82999  -47.019  10.312  9.199 0.0000000000
74558  -30.295  0.409  22.509 0.0000000000
73625  -32.776  -0.105  17.109 0.0000000000
74643  -34.432  -0.227  17.809 0.0000000000
76611  -39.258  2.875  21.140 0.0000000000
75625  -37.713  1.593  20.078 0.0000000000
76623  -39.536  2.047  21.144 0.0000000000
60178  -15.580  -11.435  36.969 0.0000000000
61321  -14.958  -11.153  37.532 0.0000000000
60154  -12.765  -11.632  39.507 0.0000000000
59069  -12.196  -12.775  39.176 0.0000000000
58001  -11.858  -14.444  38.714 0.0000000000
55983  -11.817  -16.211  38.317 0.0000000000
55026  -11.511  -16.921  38.267 0.0000000000
133716  -12.155  -17.011  36.894 0.0000000000
65035  -35.398  -6.774  29.908 0.0000000000
67029  -36.131  -5.703  29.726 0.0000000000
67023  -36.489  -5.298  30.298 0.0000000000
69019  -38.449  -4.635  31.742 0.0000000000
62649  -28.065  -9.292  33.756 0.0000000000
62675  -28.079  -8.836  32.754 0.0000000000
63847  -29.355  -8.788  33.558 0.0000000000
63861  -29.947  -8.342  33.103 0.0000000000
64998  -31.680  -8.034  32.626 0.0000000000
64983  -33.175  -8.060  34.474 0.0000000000
130959  -33.172  -8.184  32.901 0.0000000000
65011  -32.765  -8.344  31.480 0.0000000000
146631  -34.431  -8.236  30.824 0.0000000000
65033  -34.801  -7.859  30.256 0.0000000000
62608  -28.582  -9.372  35.087 0.0000000000
149227  -36.938  2.277  15.240 0.0000000000
76689  -35.949  2.744  14.398 0.0000000000
77681  -37.847  3.371  14.986 0.0000000000
78608  -38.200  4.613  14.309 0.0000000000
79458  -38.330  5.647  13.507 0.0000000000
137161  -41.661  5.280  14.457 0.0000000000
79460  -40.153  5.820  13.768 0.0000000000
80347  -39.161  6.506  13.014 0.0000000000
81288  -39.685  7.280  11.856 0.0000000000
82107  -40.858  7.746  11.388 0.0000000000
82118  -41.470  8.411  10.342 0.0000000000
82125  -42.055  9.079  8.863 0.0000000000
82120  -43.129  8.876  10.613 0.0000000000
82983  -44.801  9.268  11.010 0.0000000000
83960  -46.231  10.056  10.724 0.0000000000
82974  -46.943  9.070  12.984 0.0000000000
133827  -48.012  10.923  11.422 0.0000000000
73486  -30.269  -0.766  27.894 0.0000000000
72316  -30.080  -1.458  26.587 0.0000000000
74490  -30.589  -0.026  27.150 0.0000000000
141029  -30.740  0.448  25.246 0.0000000000
75559  -31.037  0.911  23.940 0.0000000000
131180  -33.091  2.485  25.114 0.0000000000
75560  -31.674  1.475  24.247 0.0000000000
75574  -31.431  1.537  23.405 0.0000000000
134113  -31.570  2.121  21.870 0.0000000000
76609  -31.637  2.385  20.665 0.0000000000
76618  -32.142  2.728  19.831 0.0000000000
76647  -33.099  2.293  18.626 0.0000000000
77641  -33.955  3.538  19.769 0.0000000000
77635  -35.286  3.920  20.051 0.0000000000
78567  -36.563  4.593  20.724 0.0000000000
79403  -37.660  5.405  21.622 0.0000000000
145700  -38.568  4.382  21.092 0.0000000000
60180  -17.432  -11.506  37.181 0.0000000000
146647  -17.627  -12.091  34.410 0.0000000000
60226  -17.324  -12.002  35.102 0.0000000000
60196  -16.371  -11.818  35.907 0.0000000000
60209  -15.406  -11.978  35.175 0.0000000000
70100  -33.488  -3.676  26.647 0.0000000000
71143  -32.002  -2.731  27.420 0.0000000000
144823  -36.881  -4.892  29.183 0.0000000000
144880  -36.977  -3.998  28.796 0.0000000000
71129  -35.980  -3.594  29.020 0.0000000000
141564  -35.336  -2.429  30.227 0.0000000000
71113  -34.660  -2.837  29.233 0.0000000000
71126  -33.506  -2.595  28.614 0.0000000000
71125  -32.540  -2.454  28.814 0.0000000000
71123  -30.697  -2.155  28.782 0.0000000000
74460  -30.756  0.013  29.167 0.0000000000
75470  -31.777  1.525  28.910 0.0000000000
76508  -32.311  2.736  28.695 0.0000000000
132966  -32.791  3.219  30.371 0.0000000000
77540  -32.751  3.747  29.117 0.0000000000
63892  -27.893  -8.581  31.366 0.0000000000
63910  -27.615  -8.374  30.291 0.0000000000
65063  -27.037  -8.206  28.083 0.0000000000
141680  -30.013  -7.877  28.967 0.0000000000
137007  -28.870  -7.728  27.693 0.0000000000
61338  -20.750  -10.800  36.318 0.0000000000
61348  -20.379  -10.917  34.725 0.0000000000
140308  -22.222  -10.194  34.244 0.0000000000
62625  -21.347  -10.492  34.247 0.0000000000
147488  -19.988  -10.993  33.324 0.0000000000
61379  -19.733  -11.266  31.503 0.0000000000
83008  -42.942  9.229  8.450 0.0000000000
82137  -43.658  8.976  7.831 0.0000000000
81348  -43.905  7.769  6.694 0.0000000000
83011  -45.906  9.623  8.711 0.0000000000
82149  -45.311  8.595  7.382 0.0000000000
81349  -44.921  8.052  6.663 0.0000000000
81358  -44.757  7.688  6.016 0.0000000000
81365  -44.636  7.431  5.272 0.0000000000
81372  -44.960  7.378  4.409 0.0000000000
82167  -45.619  8.689  4.761 0.0000000000
82168  -46.580  9.207  4.920 0.0000000000
52878  -9.037  -18.076  40.965 0.0000000000
52858  -8.631  -18.414  41.531 0.0000000000
52894  -8.445  -19.419  39.864 0.0000000000
71174  -30.184  -2.721  25.719 0.0000000000
74664  -35.399  0.187  15.262 0.0000000000
75643  -33.685  1.646  18.268 0.0000000000
74623  -34.100  0.829  18.067 0.0000000000
74644  -35.323  -0.606  17.919 0.0000000000
74606  -37.390  0.771  19.761 0.0000000000
73613  -36.995  -0.506  18.433 0.0000000000
72486  -35.761  -1.070  17.233 0.0000000000
73640  -36.401  -1.019  16.873 0.0000000000
74653  -37.080  -0.404  16.136 0.0000000000
75679  -36.728  1.467  15.381 0.0000000000
137249  -38.894  1.773  16.099 0.0000000000
75681  -39.558  2.358  16.580 0.0000000000
152278  -41.531  3.818  16.931 0.0000000000
54994  -9.264  -16.428  42.692 0.0000000000
55003  -9.439  -16.525  41.955 0.0000000000
55009  -9.422  -16.978  41.428 0.0000000000
136375  -9.887  -17.968  39.491 0.0000000000
52913  -9.984  -18.951  38.432 0.0000000000
51733  -7.756  -19.151  41.727 0.0000000000
51717  -6.914  -19.606  41.896 0.0000000000
51700  -6.046  -19.609  42.833 0.0000000000
49315  -5.779  -22.179  40.646 0.0000000000
50548  -5.417  -20.852  41.720 0.0000000000
50511  -5.222  -19.823  42.915 0.0000000000
50509  -4.497  -19.457  43.005 0.0000000000
51699  -4.076  -19.215  42.693 0.0000000000
48212  -3.370  -23.572  40.524 0.0000000000
49300  -3.180  -22.170  40.698 0.0000000000
53904  -8.816  -17.588  42.280 0.0000000000
65072  -34.951  -7.828  27.894 0.0000000000
66088  -35.397  -7.190  27.866 0.0000000000
62662  -26.445  -9.052  32.264 0.0000000000
65071  -34.598  -7.880  28.521 0.0000000000
62648  -27.265  -9.307  33.504 0.0000000000
148990  -27.402  -9.512  34.126 0.0000000000
135022  -26.455  -9.232  32.870 0.0000000000
81339  -40.842  7.674  8.427 0.0000000000
71163  -31.464  -2.952  26.616 0.0000000000
71162  -30.674  -2.607  26.529 0.0000000000
75622  -31.452  1.986  19.542 0.0000000000
75656  -32.064  1.244  17.787 0.0000000000
75641  -32.382  1.857  18.362 0.0000000000
129279  -12.988  -13.819  35.698 0.0000000000
59113  -12.824  -13.158  36.382 0.0000000000
58031  -12.696  -14.182  36.476 0.0000000000
152194  -35.966  -5.574  32.249 0.0000000000
133617  -36.407  -5.252  32.416 0.0000000000
66990  -36.860  -4.934  32.950 0.0000000000
62610  -31.492  -9.694  35.477 0.0000000000
63838  -31.380  -9.042  34.939 0.0000000000
63828  -32.103  -9.476  35.337 0.0000000000
142505  -35.479  -5.665  33.823 0.0000000000
66044  -35.271  -6.376  33.380 0.0000000000
66045  -35.714  -5.717  32.797 0.0000000000
147297  -35.407  -6.287  32.619 0.0000000000
62592  -31.144  -10.043  36.137 0.0000000000
77685  -41.507  4.117  16.334 0.0000000000
77698  -40.388  3.931  15.535 0.0000000000
78599  -41.486  4.333  15.657 0.0000000000
81284  -44.530  7.389  13.122 0.0000000000
81283  -43.846  7.286  12.848 0.0000000000
81292  -43.431  7.631  12.372 0.0000000000
81293  -44.232  7.764  12.504 0.0000000000
82103  -44.675  8.290  12.127 0.0000000000
76520  -32.419  2.660  27.720 0.0000000000
76537  -32.810  2.472  26.985 0.0000000000
78534  -34.524  4.046  24.028 0.0000000000
128343  -33.870  3.565  23.919 0.0000000000
77608  -34.021  3.976  23.166 0.0000000000
77614  -33.298  3.618  22.553 0.0000000000
78544  -34.639  4.464  22.538 0.0000000000
143456  -35.256  4.810  22.829 0.0000000000
61336  -19.627  -11.280  35.121 0.0000000000
144642  -19.156  -11.431  35.459 0.0000000000
60228  -19.076  -11.516  34.749 0.0000000000
83997  -47.644  10.495  4.759 0.0000000000
84968  -47.343  11.599  4.803 0.0000000000
52811  -6.124  -18.391  43.900 0.0000000000
52810  -5.450  -18.792  44.475 0.0000000000
52809  -5.044  -19.046  44.882 0.0000000000
70102  -35.960  -4.851  27.218 0.0000000000
70083  -34.689  -3.929  27.442 0.0000000000
71146  -35.016  -3.784  28.179 0.0000000000
71101  -37.344  -2.594  30.486 0.0000000000
74422  -32.952  -0.104  32.607 0.0000000000
72232  -32.936  -1.040  32.449 0.0000000000
73414  -32.291  -0.583  31.971 0.0000000000
74450  -32.026  1.088  31.083 0.0000000000
75445  -32.632  1.616  31.732 0.0000000000
62703  -21.017  -10.166  29.778 0.0000000000
63903  -21.679  -9.894  29.296 0.0000000000
130994  -31.144  -7.963  31.135 0.0000000000
65029  -30.385  -7.811  30.819 0.0000000000
65048  -31.287  -8.118  30.134 0.0000000000
63867  -21.834  -9.669  31.082 0.0000000000
62672  -21.286  -10.106  31.660 0.0000000000
62688  -20.399  -10.627  30.247 0.0000000000
80440  -43.958  6.115  6.199 0.0000000000
83959  -46.004  9.985  10.013 0.0000000000
82151  -47.576  8.350  7.194 0.0000000000
82156  -47.385  8.101  6.722 0.0000000000
153121  -48.076  8.080  6.827 0.0000000000
127511  -47.864  8.239  6.265 0.0000000000
82157  -48.671  8.301  6.648 0.0000000000
127474  -29.468  -0.798  23.865 0.0000000000
73532  -29.867  -0.227  23.454 0.0000000000
73639  -34.099  -1.309  16.697 0.0000000000
72485  -34.853  -1.212  16.558 0.0000000000
145347  -37.172  2.579  19.879 0.0000000000
73616  -39.362  0.259  18.368 0.0000000000
73615  -38.798  -0.187  18.287 0.0000000000
73630  -39.208  0.065  17.744 0.0000000000
74645  -39.252  0.708  17.599 0.0000000000
74656  -39.700  1.630  17.583 0.0000000000
74646  -39.793  1.313  18.092 0.0000000000
55971  -11.422  -15.803  38.925 0.0000000000
56962  -11.099  -14.780  39.804 0.0000000000
55960  -10.972  -15.520  39.506 0.0000000000
140418  -10.407  -16.079  39.980 0.0000000000
132279  -10.926  -16.244  39.265 0.0000000000
55021  -10.999  -16.955  38.918 0.0000000000
50593  -6.666  -21.978  39.420 0.0000000000
48203  -4.367  -23.177  40.425 0.0000000000
49302  -4.159  -22.351  40.595 0.0000000000
77564  -34.457  4.045  26.835 0.0000000000
52833  -8.195  -17.765  43.162 0.0000000000
52812  -8.120  -17.505  44.032 0.0000000000
131954  -7.846  -18.045  43.359 0.0000000000
130561  -7.636  -17.848  44.086 0.0000000000
51702  -7.383  -18.615  42.831 0.0000000000
66097  -35.864  -6.438  27.653 0.0000000000
67058  -36.241  -6.072  27.059 0.0000000000
68018  -36.313  -5.289  27.501 0.0000000000
68012  -36.761  -4.720  28.320 0.0000000000
130586  -23.355  -9.292  30.877 0.0000000000
129632  -23.072  -9.284  30.129 0.0000000000
128091  -25.507  -9.097  30.263 0.0000000000
63908  -25.948  -8.939  29.586 0.0000000000
63909  -26.736  -8.698  30.135 0.0000000000
65049  -33.200  -8.303  30.089 0.0000000000
65082  -33.797  -8.710  27.764 0.0000000000
63955  -32.586  -9.074  26.463 0.0000000000
63956  -33.228  -9.116  26.334 0.0000000000
62628  -26.129  -9.518  34.768 0.0000000000
62605  -25.862  -9.563  35.714 0.0000000000
129961  -25.155  -9.539  35.259 0.0000000000
62627  -24.429  -9.634  34.735 0.0000000000
62646  -25.027  -9.476  34.000 0.0000000000
129814  -24.604  -9.360  32.025 0.0000000000
63869  -23.601  -9.348  31.719 0.0000000000
80376  -39.078  7.061  11.148 0.0000000000
74574  -30.351  0.631  21.679 0.0000000000
74588  -30.208  0.567  20.734 0.0000000000
75657  -32.778  0.849  17.531 0.0000000000
73626  -33.824  -0.636  17.248 0.0000000000
74642  -33.541  0.346  17.581 0.0000000000
77629  -39.829  3.514  21.512 0.0000000000
74591  -41.299  0.789  20.236 0.0000000000
60177  -14.673  -11.503  36.625 0.0000000000
135622  -12.821  -11.986  37.822 0.0000000000
61304  -13.704  -11.187  38.041 0.0000000000
60162  -12.792  -11.724  38.626 0.0000000000
56983  -11.829  -15.387  38.570 0.0000000000
134512  -12.100  -15.669  37.947 0.0000000000
55999  -12.168  -16.280  37.453 0.0000000000
146093  -35.280  -6.950  30.337 0.0000000000
66071  -35.901  -6.028  30.107 0.0000000000
67022  -36.151  -5.580  30.759 0.0000000000
152354  -38.262  -5.014  32.303 0.0000000000
67990  -37.730  -5.016  31.862 0.0000000000
62631  -28.960  -9.203  34.285 0.0000000000
62650  -28.924  -9.067  33.773 0.0000000000
62651  -29.460  -9.017  34.166 0.0000000000
63849  -30.979  -8.559  34.209 0.0000000000
63862  -30.806  -8.181  33.351 0.0000000000
64997  -30.810  -7.909  32.241 0.0000000000
64984  -33.630  -7.903  35.009 0.0000000000
147711  -34.062  -8.017  33.274 0.0000000000
64999  -32.527  -8.240  32.216 0.0000000000
129256  -33.323  -8.377  31.929 0.0000000000
65032  -33.467  -8.391  30.987 0.0000000000
65012  -33.987  -8.373  31.587 0.0000000000
66056  -35.419  -6.694  30.920 0.0000000000
65013  -35.009  -7.828  31.154 0.0000000000
65034  -35.116  -7.393  30.619 0.0000000000
129809  -34.947  -7.488  29.805 0.0000000000
129081  -30.025  -9.111  34.963 0.0000000000
128949  -29.244  -9.181  34.864 0.0000000000
62630  -28.628  -9.297  34.582 0.0000000000
76675  -37.548  2.619  15.275 0.0000000000
78609  -39.193  4.551  14.542 0.0000000000
77696  -38.613  3.958  14.807 0.0000000000
79444  -37.890  5.082  13.808 0.0000000000
79445  -38.716  5.209  13.985 0.0000000000
78613  -43.196  5.374  15.163 0.0000000000
150043  -42.555  5.190  14.867 0.0000000000
130889  -43.032  5.699  14.564 0.0000000000
80349  -41.455  6.572  13.153 0.0000000000
79461  -41.547  6.039  13.710 0.0000000000
133189  -40.675  6.376  13.352 0.0000000000
80348  -39.810  6.331  13.330 0.0000000000
80361  -39.976  6.901  12.710 0.0000000000
81304  -42.142  7.810  11.695 0.0000000000
81303  -41.385  7.651  11.826 0.0000000000
82108  -41.527  7.947  11.140 0.0000000000
82117  -40.796  7.938  10.678 0.0000000000
82109  -42.385  8.308  10.942 0.0000000000
82119  -42.255  8.958  9.926 0.0000000000
82112  -45.100  8.906  11.723 0.0000000000
82984  -45.570  9.527  11.237 0.0000000000
142517  -46.250  9.774  11.555 0.0000000000
83954  -47.282  10.408  11.649 0.0000000000
75516  -31.892  1.291  26.141 0.0000000000
74512  -31.245  0.836  25.653 0.0000000000
74528  -31.205  0.898  24.766 0.0000000000
76561  -34.214  3.217  25.710 0.0000000000
76560  -33.712  2.833  25.863 0.0000000000
76591  -32.728  2.777  23.615 0.0000000000
76577  -32.729  2.472  24.253 0.0000000000
76576  -32.118  2.160  23.727 0.0000000000
75582  -31.199  1.537  22.586 0.0000000000
76596  -31.774  2.135  22.866 0.0000000000
76610  -32.154  2.793  21.453 0.0000000000
133186  -32.279  2.915  20.606 0.0000000000
76619  -32.806  3.150  20.169 0.0000000000
77633  -33.519  3.648  20.482 0.0000000000
78556  -35.571  4.781  21.292 0.0000000000
78565  -35.004  4.328  20.776 0.0000000000
78566  -35.860  4.370  20.481 0.0000000000
79393  -38.444  5.882  22.025 0.0000000000
139739  -37.889  4.699  21.098 0.0000000000
78560  -39.259  4.431  21.301 0.0000000000
144183  -18.542  -11.449  36.513 0.0000000000
60181  -18.378  -11.259  37.348 0.0000000000
60198  -17.991  -11.632  36.527 0.0000000000
60227  -18.360  -11.847  34.367 0.0000000000
60237  -17.735  -12.280  33.577 0.0000000000
60225  -16.825  -12.226  34.343 0.0000000000
60210  -16.473  -12.013  35.058 0.0000000000
127964  -17.050  -11.937  35.665 0.0000000000
60195  -15.517  -11.663  36.235 0.0000000000
52820  -4.550  -18.991  43.389 0.0000000000
68055  -36.337  -6.029  25.271 0.0000000000
69058  -34.469  -4.567  25.887 0.0000000000
70082  -33.925  -3.501  27.317 0.0000000000
70081  -33.050  -3.113  27.135 0.0000000000
130723  -32.872  -2.676  27.980 0.0000000000
141581  -36.646  -5.133  29.642 0.0000000000
137433  -37.288  -4.687  29.704 0.0000000000
71115  -37.030  -3.057  29.776 0.0000000000
70062  -37.365  -3.904  29.460 0.0000000000
70061  -36.687  -3.592  29.196 0.0000000000
70071  -36.389  -3.985  28.670 0.0000000000
72266  -33.523  -1.925  30.963 0.0000000000
72267  -35.094  -2.006  30.620 0.0000000000
72282  -34.683  -2.446  29.871 0.0000000000
71112  -34.113  -2.514  29.209 0.0000000000
72265  -31.325  -1.397  30.695 0.0000000000
71110  -31.973  -2.289  29.862 0.0000000000
71100  -31.349  -1.874  30.300 0.0000000000
71124  -31.462  -2.385  28.957 0.0000000000
71109  -30.994  -2.100  29.627 0.0000000000
138920  -30.452  -1.547  29.316 0.0000000000
73452  -30.576  -0.744  29.725 0.0000000000
142525  -31.923  1.566  29.947 0.0000000000
74461  -31.388  0.741  29.493 0.0000000000
139928  -32.080  2.125  29.134 0.0000000000
75481  -32.093  2.103  28.324 0.0000000000
129728  -33.048  2.911  31.273 0.0000000000
76484  -32.683  2.676  30.621 0.0000000000
76509  -32.593  3.395  28.411 0.0000000000
63905  -23.345  -9.369  29.289 0.0000000000
63922  -23.210  -9.728  28.098 0.0000000000
140269  -28.369  -8.638  32.175 0.0000000000
152146  -27.768  -8.730  32.150 0.0000000000
140384  -28.262  -7.849  29.447 0.0000000000
65045  -27.312  -8.208  29.148 0.0000000000
65064  -27.985  -7.756  28.177 0.0000000000
65066  -30.657  -8.097  28.433 0.0000000000
61349  -21.116  -10.701  35.286 0.0000000000
61337  -20.193  -11.045  35.608 0.0000000000
62626  -23.601  -9.827  34.334 0.0000000000
128477  -22.828  -10.081  34.689 0.0000000000
62645  -22.894  -9.979  33.868 0.0000000000
62643  -21.120  -10.419  33.249 0.0000000000
61354  -20.482  -10.764  33.802 0.0000000000
140234  -20.474  -10.710  33.043 0.0000000000
61367  -19.985  -11.000  32.411 0.0000000000
82995  -42.718  9.257  9.269 0.0000000000
82147  -43.348  8.453  7.217 0.0000000000
82148  -44.335  8.535  7.231 0.0000000000
130828  -46.720  9.769  8.537 0.0000000000
82150  -46.130  8.595  7.447 0.0000000000
81357  -44.105  7.098  6.036 0.0000000000
82161  -44.972  8.064  4.972 0.0000000000
82166  -45.193  8.271  4.124 0.0000000000
83027  -47.781  8.814  5.462 0.0000000000
83037  -47.670  9.574  4.943 0.0000000000
52895  -9.068  -19.006  39.554 0.0000000000
52911  -8.653  -19.663  38.872 0.0000000000
148109  -30.174  -2.181  26.390 0.0000000000
71161  -29.786  -1.920  25.834 0.0000000000
74663  -34.631  -0.167  14.790 0.0000000000
144875  -36.132  -0.470  15.796 0.0000000000
76632  -33.808  2.950  19.186 0.0000000000
76648  -33.994  2.249  18.662 0.0000000000
135924  -34.633  1.484  18.586 0.0000000000
140246  -34.915  0.311  18.360 0.0000000000
145761  -35.592  -0.116  18.506 0.0000000000
75626  -38.109  0.890  19.983 0.0000000000
73614  -37.938  -0.527  18.187 0.0000000000
73612  -36.143  -0.672  18.105 0.0000000000
73628  -36.829  -0.912  17.446 0.0000000000
129100  -37.029  -0.858  16.785 0.0000000000
146114  -38.015  -0.030  16.243 0.0000000000
74665  -36.425  0.416  15.556 0.0000000000
130741  -37.472  0.612  15.785 0.0000000000
75680  -37.807  1.734  15.632 0.0000000000
75668  -39.661  2.049  17.104 0.0000000000
76667  -40.427  2.923  17.067 0.0000000000
76679  -40.917  3.646  16.632 0.0000000000
76668  -41.284  3.402  17.360 0.0000000000
55943  -9.764  -15.945  41.574 0.0000000000
136371  -9.656  -16.486  41.277 0.0000000000
53913  -9.584  -17.164  40.748 0.0000000000
53924  -9.483  -17.682  40.427 0.0000000000
53925  -9.950  -17.294  40.016 0.0000000000
53948  -10.388  -18.244  38.541 0.0000000000
145335  -9.924  -18.398  38.917 0.0000000000
136811  -10.429  -19.080  37.621 0.0000000000
52876  -8.222  -19.291  40.663 0.0000000000
52857  -8.240  -18.966  41.334 0.0000000000
51747  -7.756  -19.563  41.016 0.0000000000
51732  -7.047  -19.900  41.284 0.0000000000
51701  -6.761  -19.308  42.482 0.0000000000
50529  -6.229  -20.028  42.113 0.0000000000
48213  -5.584  -23.163  40.358 0.0000000000
49291  -5.044  -21.551  41.253 0.0000000000
49292  -5.374  -21.370  41.246 0.0000000000
50527  -5.372  -20.321  42.362 0.0000000000
50510  -5.004  -20.072  42.890 0.0000000000
50526  -4.836  -20.226  42.431 0.0000000000
50547  -3.700  -20.868  41.362 0.0000000000
50524  -4.036  -19.799  42.267 0.0000000000
51698  -3.480  -19.375  42.010 0.0000000000
49313  -3.516  -22.793  40.532 0.0000000000
136394  -8.315  -18.034  42.634 0.0000000000
67042  -36.156  -5.669  28.149 0.0000000000
63870  -25.305  -9.302  31.616 0.0000000000
146080  -26.026  -9.111  31.696 0.0000000000
145637  -26.138  -8.935  31.158 0.0000000000
137701  -26.657  -8.785  31.183 0.0000000000
65051  -34.434  -8.063  29.780 0.0000000000
65070  -34.431  -8.035  28.821 0.0000000000
140004  -34.187  -8.353  28.286 0.0000000000
65083  -34.336  -8.477  27.391 0.0000000000
65084  -34.987  -8.033  27.335 0.0000000000
62607  -28.083  -9.605  35.411 0.0000000000
128437  -27.616  -9.657  35.020 0.0000000000
62629  -27.100  -9.599  34.608 0.0000000000
62647  -25.875  -9.509  33.982 0.0000000000
63846  -25.584  -9.400  33.251 0.0000000000
81317  -39.553  7.280  10.492 0.0000000000
82145  -41.822  8.380  7.626 0.0000000000
70099  -32.800  -3.611  26.295 0.0000000000
75605  -31.052  1.684  20.428 0.0000000000
74604  -30.254  0.589  19.784 0.0000000000
148024  -13.339  -12.343  36.344 0.0000000000
151781  -12.791  -12.506  37.074 0.0000000000
59097  -12.359  -13.040  37.877 0.0000000000
58014  -12.416  -14.546  37.236 0.0000000000
56992  -12.376  -15.500  37.120 0.0000000000
57001  -12.633  -15.751  36.086 0.0000000000
66057  -35.801  -5.947  31.259 0.0000000000
67007  -36.350  -5.322  31.328 0.0000000000
66996  -36.155  -5.483  31.825 0.0000000000
66997  -37.161  -4.969  32.328 0.0000000000
62632  -30.036  -8.960  34.590 0.0000000000
63837  -30.568  -8.902  34.623 0.0000000000
64982  -31.840  -8.396  34.444 0.0000000000
144518  -34.727  -7.305  34.456 0.0000000000
66043  -35.005  -7.076  33.827 0.0000000000
66049  -34.797  -7.535  33.091 0.0000000000
65001  -34.576  -7.989  32.534 0.0000000000
65002  -35.087  -7.526  32.108 0.0000000000
66050  -35.375  -6.705  32.075 0.0000000000
130195  -35.479  -6.460  31.516 0.0000000000
127718  -30.652  -9.448  35.514 0.0000000000
77683  -39.823  3.422  15.771 0.0000000000
77682  -38.981  3.296  15.373 0.0000000000
78610  -40.297  4.434  14.869 0.0000000000
80337  -44.490  6.447  14.391 0.0000000000
79463  -43.085  6.229  13.824 0.0000000000
80363  -41.931  7.031  12.679 0.0000000000
81290  -41.341  7.356  12.327 0.0000000000
81291  -42.571  7.516  12.283 0.0000000000
81305  -43.017  8.032  11.692 0.0000000000
82110  -43.586  8.507  11.302 0.0000000000
75480  -31.797  1.418  27.992 0.0000000000
74491  -31.186  0.731  27.631 0.0000000000
75497  -31.848  1.340  27.103 0.0000000000
77606  -32.699  3.065  22.877 0.0000000000
76597  -32.181  2.652  22.378 0.0000000000
77626  -33.363  3.719  21.543 0.0000000000
78555  -34.762  4.487  21.635 0.0000000000
60214  -19.382  -11.185  36.549 0.0000000000
60213  -18.941  -11.451  36.079 0.0000000000
146372  -17.039  -12.788  33.037 0.0000000000
60223  -14.979  -12.422  34.256 0.0000000000
83036  -45.763  9.457  4.248 0.0000000000
83041  -45.588  9.459  3.539 0.0000000000
83042  -45.778  10.024  3.835 0.0000000000
84005  -45.937  10.702  3.748 0.0000000000
135591  -45.848  10.891  2.977 0.0000000000
51677  -4.956  -19.215  44.403 0.0000000000
68036  -36.637  -6.004  25.996 0.0000000000
69060  -35.899  -5.103  26.464 0.0000000000
148297  -38.231  -3.673  30.657 0.0000000000
70055  -38.032  -4.196  30.088 0.0000000000
72269  -36.552  -2.492  30.254 0.0000000000
72234  -34.808  -1.411  32.646 0.0000000000
72233  -33.792  -1.301  32.598 0.0000000000
72248  -33.219  -1.619  31.870 0.0000000000
148520  -32.721  -1.802  31.235 0.0000000000
72280  -32.814  -2.112  30.455 0.0000000000
73413  -31.682  -1.045  31.326 0.0000000000
73431  -31.131  -0.648  30.581 0.0000000000
78464  -33.081  4.545  30.690 0.0000000000
63924  -24.755  -9.388  27.978 0.0000000000
65008  -29.586  -7.917  31.557 0.0000000000
63893  -28.770  -8.256  31.456 0.0000000000
65028  -29.450  -7.771  30.697 0.0000000000
65081  -31.288  -8.580  26.640 0.0000000000
135463  -30.939  -8.268  27.607 0.0000000000
152920  -22.313  -9.887  32.647 0.0000000000
62671  -20.403  -10.636  31.366 0.0000000000
82997  -44.216  9.549  9.499 0.0000000000
83010  -44.956  9.514  8.887 0.0000000000
82141  -47.201  9.132  7.845 0.0000000000
81359  -45.751  8.124  6.578 0.0000000000
81360  -46.501  8.153  6.399 0.0000000000
152240  -8.893  -19.943  38.289 0.0000000000
73519  -29.593  -0.889  24.740 0.0000000000
72341  -29.275  -1.533  24.180 0.0000000000
77643  -35.597  3.435  19.635 0.0000000000
76633  -34.729  2.499  18.976 0.0000000000
76634  -35.569  2.775  19.291 0.0000000000
75645  -36.123  1.018  19.281 0.0000000000
74607  -38.201  0.259  19.482 0.0000000000
74627  -38.334  -0.179  18.838 0.0000000000
141629  -37.682  -0.691  17.292 0.0000000000
73642  -38.338  -0.319  16.857 0.0000000000
74654  -38.684  0.371  16.587 0.0000000000
74667  -38.861  1.077  16.468 0.0000000000
74655  -39.104  1.026  16.996 0.0000000000
132283  -40.449  2.453  17.602 0.0000000000
57992  -11.551  -14.252  39.432 0.0000000000
57983  -11.344  -14.000  40.205 0.0000000000
56949  -10.806  -14.609  40.591 0.0000000000
53962  -10.860  -18.502  37.660 0.0000000000
51759  -7.391  -20.565  39.464 0.0000000000
51746  -7.205  -20.267  40.487 0.0000000000
50580  -6.831  -21.115  39.923 0.0000000000
135894  -5.076  -23.701  40.565 0.0000000000
48204  -4.874  -22.971  40.603 0.0000000000
49290  -4.612  -21.502  41.176 0.0000000000
49289  -4.416  -20.684  41.822 0.0000000000
128531  -4.156  -21.339  41.199 0.0000000000
63829  -32.855  -9.439  35.561 0.0000000000
66972  -35.039  -6.007  34.961 0.0000000000
77686  -42.538  4.649  16.097 0.0000000000
78601  -43.149  5.181  15.702 0.0000000000
79436  -43.770  5.679  15.387 0.0000000000
79448  -44.482  6.116  15.110 0.0000000000
80352  -44.880  6.950  13.814 0.0000000000
81285  -45.285  7.574  13.431 0.0000000000
82098  -45.713  8.173  13.083 0.0000000000
76522  -33.709  3.496  26.922 0.0000000000
76538  -33.448  2.934  26.659 0.0000000000
77572  -34.626  3.647  26.019 0.0000000000
77585  -35.043  3.921  25.540 0.0000000000
77595  -34.796  3.875  24.826 0.0000000000
78536  -35.847  5.089  23.254 0.0000000000
60239  -18.933  -11.687  33.772 0.0000000000
136481  -6.959  -17.902  44.452 0.0000000000
51680  -6.074  -18.834  43.573 0.0000000000
69045  -36.142  -4.484  28.003 0.0000000000
63904  -22.401  -9.500  29.697 0.0000000000
63906  -24.502  -9.260  29.652 0.0000000000
63890  -24.810  -9.255  30.483 0.0000000000
65062  -26.392  -8.621  27.922 0.0000000000
134204  -31.951  -8.337  29.253 0.0000000000
65068  -32.511  -8.593  28.417 0.0000000000
134696  -31.936  -8.621  27.598 0.0000000000
148801  -32.166  -8.884  26.863 0.0000000000
62604  -24.301  -9.730  35.755 0.0000000000
63844  -23.804  -9.638  33.466 0.0000000000
63845  -24.679  -9.484  33.510 0.0000000000
63856  -22.880  -9.577  32.235 0.0000000000
63868  -22.691  -9.456  31.413 0.0000000000
80374  -37.889  5.975  12.070 0.0000000000
137343  -47.128  10.623  10.763 0.0000000000
83964  -47.332  10.723  9.916 0.0000000000
83000  -47.749  10.520  9.189 0.0000000000
82153  -49.254  8.503  7.031 0.0000000000
74557  -29.822  -0.209  22.740 0.0000000000
74573  -29.818  -0.133  21.993 0.0000000000
77638  -38.555  3.110  20.646 0.0000000000
76621  -38.084  2.395  20.343 0.0000000000
147259  -38.793  2.305  20.791 0.0000000000
76622  -38.723  1.450  20.399 0.0000000000
74589  -39.595  0.760  19.860 0.0000000000
74608  -40.538  0.751  19.582 0.0000000000
74628  -40.482  0.961  18.770 0.0000000000
133387  -40.620  1.470  18.443 0.0000000000
59080  -12.087  -13.499  38.600 0.0000000000
150130  -11.868  -13.715  39.122 0.0000000000
55027  -11.935  -16.804  37.718 0.0000000000
47222  -4.142  -24.510  40.515 0.0000000000
131295  -35.151  -7.171  29.358 0.0000000000
66082  -35.607  -6.452  29.353 0.0000000000
68000  -37.222  -4.811  30.359 0.0000000000
67008  -36.934  -4.920  31.067 0.0000000000
128850  -37.931  -4.968  30.980 0.0000000000
69026  -38.331  -4.436  30.822 0.0000000000
70047  -38.582  -3.639  31.366 0.0000000000
68989  -38.206  -4.787  33.420 0.0000000000
62664  -27.734  -9.040  33.106 0.0000000000
62665  -28.377  -9.032  33.434 0.0000000000
63859  -28.769  -8.731  33.028 0.0000000000
63860  -29.313  -8.507  32.840 0.0000000000
63873  -29.780  -8.079  32.289 0.0000000000
65010  -31.938  -8.143  31.555 0.0000000000
152459  -32.584  -8.320  34.654 0.0000000000
64991  -32.578  -8.066  33.837 0.0000000000
144182  -33.858  -7.872  34.186 0.0000000000
64992  -33.377  -8.044  33.750 0.0000000000
141745  -32.325  -8.095  32.993 0.0000000000
65031  -32.585  -8.311  30.795 0.0000000000
128891  -33.958  -8.290  30.201 0.0000000000
153284  -28.488  -9.468  35.717 0.0000000000
128950  -28.146  -9.512  34.665 0.0000000000
134331  -27.882  -9.473  34.131 0.0000000000
76674  -36.177  2.206  14.950 0.0000000000
76673  -35.533  1.890  14.509 0.0000000000
77680  -36.737  3.008  14.818 0.0000000000
139580  -37.747  4.095  14.531 0.0000000000
78606  -36.688  4.091  14.016 0.0000000000
78612  -42.022  4.680  15.238 0.0000000000
78611  -41.239  4.585  15.000 0.0000000000
79446  -40.687  5.159  14.352 0.0000000000
79462  -42.382  5.766  14.128 0.0000000000
133868  -40.939  5.755  13.888 0.0000000000
79459  -39.179  5.924  13.635 0.0000000000
80346  -38.613  6.133  13.182 0.0000000000
80359  -38.440  6.397  12.481 0.0000000000
80360  -39.048  6.881  12.158 0.0000000000
81289  -40.573  7.455  12.057 0.0000000000
81302  -40.045  7.605  11.145 0.0000000000
82123  -40.760  8.128  9.801 0.0000000000
82124  -41.375  8.646  9.385 0.0000000000
82990  -43.026  9.235  9.847 0.0000000000
82121  -44.015  9.031  10.814 0.0000000000
82992  -44.481  9.510  10.273 0.0000000000
82993  -45.348  9.737  10.370 0.0000000000
82105  -46.135  8.809  12.697 0.0000000000
82979  -46.538  9.451  12.262 0.0000000000
82985  -46.817  9.955  11.829 0.0000000000
83953  -46.720  10.227  11.271 0.0000000000
71141  -30.626  -2.075  27.900 0.0000000000
139528  -30.434  -2.097  27.067 0.0000000000
72302  -30.266  -1.519  27.511 0.0000000000
128757  -30.247  -0.843  27.107 0.0000000000
73499  -30.207  -0.538  26.336 0.0000000000
74511  -30.659  0.222  26.071 0.0000000000
73509  -30.166  -0.211  25.266 0.0000000000
74527  -30.560  0.392  24.531 0.0000000000
133069  -30.397  0.348  23.724 0.0000000000
76559  -33.060  2.344  26.195 0.0000000000
75539  -32.477  1.847  25.632 0.0000000000
75561  -32.336  1.950  24.649 0.0000000000
75573  -30.762  0.877  23.091 0.0000000000
75581  -30.710  0.998  22.354 0.0000000000
75592  -30.942  1.412  21.808 0.0000000000
138421  -31.168  1.787  21.192 0.0000000000
75623  -32.239  2.322  18.988 0.0000000000
76631  -32.870  2.863  19.386 0.0000000000
76620  -33.368  3.281  19.773 0.0000000000
77634  -34.437  3.905  20.228 0.0000000000
77636  -36.741  3.785  20.115 0.0000000000
78546  -35.965  5.087  22.138 0.0000000000
79402  -36.812  5.421  21.819 0.0000000000
79392  -37.452  5.938  22.393 0.0000000000
78558  -37.076  4.952  21.178 0.0000000000
78568  -37.387  4.282  20.617 0.0000000000
78559  -38.219  3.958  20.716 0.0000000000
77628  -38.980  3.713  21.028 0.0000000000
130642  -18.050  -11.874  35.210 0.0000000000
60211  -17.718  -11.879  35.826 0.0000000000
60197  -17.217  -11.774  36.354 0.0000000000
60194  -14.559  -11.911  35.804 0.0000000000
60208  -14.352  -12.264  34.938 0.0000000000
60193  -13.774  -12.313  35.628 0.0000000000
85938  -46.709  12.068  4.408 0.0000000000
70115  -33.483  -4.183  25.872 0.0000000000
71142  -31.252  -2.376  28.111 0.0000000000
67035  -36.054  -5.712  29.065 0.0000000000
67036  -36.488  -5.216  28.934 0.0000000000
69031  -37.562  -4.533  29.594 0.0000000000
69036  -37.170  -4.454  28.913 0.0000000000
70072  -36.694  -4.463  28.400 0.0000000000
70070  -35.714  -4.022  28.417 0.0000000000
72268  -36.008  -1.975  30.607 0.0000000000
72283  -35.769  -2.713  30.054 0.0000000000
149658  -35.101  -2.796  29.776 0.0000000000
128077  -35.365  -3.172  29.349 0.0000000000
71128  -34.778  -3.272  28.718 0.0000000000
71127  -34.225  -2.893  28.620 0.0000000000
71111  -33.179  -2.339  29.437 0.0000000000
130823  -32.049  -2.509  28.233 0.0000000000
72293  -30.307  -1.563  28.415 0.0000000000
73470  -30.319  -0.752  28.844 0.0000000000
73453  -30.992  -0.041  29.913 0.0000000000
74471  -31.277  0.763  28.576 0.0000000000
146486  -32.564  3.202  27.884 0.0000000000
75456  -32.859  2.372  31.450 0.0000000000
140369  -32.892  3.865  30.213 0.0000000000
76497  -32.534  2.999  29.522 0.0000000000
76521  -33.005  3.606  27.421 0.0000000000
62674  -27.431  -8.827  32.434 0.0000000000
63871  -27.232  -8.723  31.759 0.0000000000
63891  -27.153  -8.668  31.026 0.0000000000
65065  -29.038  -7.629  28.651 0.0000000000
135464  -29.884  -7.975  27.838 0.0000000000
65077  -27.443  -8.099  27.215 0.0000000000
61330  -19.911  -10.912  36.935 0.0000000000
147672  -19.891  -11.095  36.273 0.0000000000
127407  -22.021  -10.341  34.976 0.0000000000
62644  -22.047  -10.106  33.418 0.0000000000
61353  -19.436  -11.457  33.119 0.0000000000
61366  -19.230  -11.702  32.083 0.0000000000
82135  -41.367  8.522  8.337 0.0000000000
82136  -42.174  8.908  7.942 0.0000000000
144265  -42.870  8.909  7.685 0.0000000000
82146  -42.490  8.423  7.347 0.0000000000
136832  -46.299  9.995  9.340 0.0000000000
82139  -45.564  9.131  8.061 0.0000000000
82140  -46.382  9.197  7.971 0.0000000000
80447  -44.420  6.154  5.549 0.0000000000
81364  -44.408  6.965  5.520 0.0000000000
80455  -44.678  6.648  4.953 0.0000000000
83998  -48.632  10.420  4.975 0.0000000000
52877  -8.734  -18.770  40.610 0.0000000000
133746  -8.032  -20.100  39.116 0.0000000000
51778  -8.404  -20.398  38.163 0.0000000000
141115  -29.396  -0.808  23.056 0.0000000000
134913  -37.023  1.626  19.844 0.0000000000
74605  -36.685  1.164  19.632 0.0000000000
140457  -36.788  0.338  19.285 0.0000000000
74625  -36.144  0.017  18.897 0.0000000000
73651  -36.294  -0.887  16.320 0.0000000000
76677  -39.323  2.725  15.989 0.0000000000
76678  -40.070  3.143  16.397 0.0000000000
137221  -41.954  4.149  16.715 0.0000000000
74630  -41.666  1.750  18.458 0.0000000000
55002  -9.101  -17.038  42.274 0.0000000000
134167  -9.101  -17.395  41.822 0.0000000000
53912  -9.245  -17.493  41.220 0.0000000000
131456  -9.306  -18.319  40.055 0.0000000000
52896  -9.584  -18.613  39.168 0.0000000000
148595  -8.308  -18.665  41.868 0.0000000000
52842  -8.142  -18.526  42.241 0.0000000000
51718  -7.518  -18.907  42.306 0.0000000000
51691  -6.700  -18.938  43.035 0.0000000000
49326  -6.224  -22.625  39.906 0.0000000000
50565  -6.024  -21.242  41.013 0.0000000000
49314  -5.285  -22.530  40.697 0.0000000000
49304  -5.512  -21.681  40.986 0.0000000000
50549  -5.787  -20.809  41.550 0.0000000000
50528  -5.810  -20.257  42.242 0.0000000000
50512  -5.606  -19.756  42.926 0.0000000000
51690  -5.545  -19.300  43.433 0.0000000000
51689  -5.147  -19.325  43.634 0.0000000000
51688  -4.909  -19.214  43.881 0.0000000000
51687  -4.707  -19.255  43.610 0.0000000000
50525  -4.369  -19.941  42.414 0.0000000000
52831  -4.295  -19.098  43.103 0.0000000000
52830  -3.685  -19.116  42.323 0.0000000000
47221  -3.652  -24.251  40.491 0.0000000000
47216  -3.857  -23.392  40.434 0.0000000000
147986  -3.335  -21.363  40.922 0.0000000000
52822  -7.326  -18.339  43.342 0.0000000000
65053  -34.781  -7.628  28.983 0.0000000000
66025  -34.055  -7.618  35.432 0.0000000000
66081  -35.206  -7.166  28.747 0.0000000000
69037  -37.133  -4.659  29.046 0.0000000000
70038  -38.919  -3.982  32.111 0.0000000000
73602  -39.762  0.662  18.969 0.0000000000
73631  -39.400  0.583  18.016 0.0000000000
75604  -30.566  1.110  20.387 0.0000000000
77584  -34.468  3.483  25.276 0.0000000000
77684  -40.956  4.062  15.947 0.0000000000
78607  -37.303  4.497  14.055 0.0000000000
82991  -43.685  9.384  10.092 0.0000000000
127925  -34.629  -8.159  31.762 0.0000000000
128875  -26.722  -9.518  34.029 0.0000000000
129314  -6.136  -17.830  44.605 0.0000000000
131759  -4.166  -20.249  42.090 0.0000000000
133825  -8.757  -17.301  42.712 0.0000000000
135375  -28.381  -9.366  34.255 0.0000000000
145259  -35.333  -3.614  28.762 0.0000000000
145363  -40.086  1.230  18.435 0.0000000000
146030  -34.347  -2.033  30.514 0.0000000000
146389  -36.054  4.779  20.901 0.0000000000
146793  -28.560  -9.240  33.935 0.0000000000
146888  -35.973  3.755  19.948 0.0000000000
