#!ascii label  , from subject sub-v1s14x0051585_ses-1 vox2ras=TkReg
1405
136103  -39.336  22.748  -0.686 0.0000000000
88841  -48.030  16.271  -13.734 0.0000000000
99042  -46.096  28.758  1.956 0.0000000000
93135  -45.868  19.921  -5.062 0.0000000000
93051  -45.631  20.139  4.799 0.0000000000
96382  -43.690  24.287  -9.202 0.0000000000
99117  -44.097  28.553  -8.343 0.0000000000
103033  -39.305  33.940  -11.939 0.0000000000
94642  -39.079  22.784  6.549 0.0000000000
92241  -40.973  19.019  -2.977 0.0000000000
92310  -42.764  19.843  -8.041 0.0000000000
140541  -40.590  23.140  -4.499 0.0000000000
100270  -48.584  30.938  3.510 0.0000000000
99708  -48.239  29.323  -3.385 0.0000000000
100295  -42.927  31.326  -1.759 0.0000000000
99759  -38.545  30.130  -7.992 0.0000000000
131127  -43.988  33.809  -7.072 0.0000000000
90564  -45.311  18.328  -16.692 0.0000000000
98407  -36.403  27.981  0.164 0.0000000000
97718  -41.842  26.338  -0.453 0.0000000000
132461  -51.540  23.732  -3.950 0.0000000000
92214  -46.555  19.882  -0.144 0.0000000000
90423  -40.497  17.737  1.637 0.0000000000
132483  -39.476  22.451  4.300 0.0000000000
92349  -45.368  19.163  -13.351 0.0000000000
94826  -47.094  23.131  -14.756 0.0000000000
97735  -44.612  26.395  -3.900 0.0000000000
97779  -47.568  27.399  -8.579 0.0000000000
98504  -46.608  27.346  -14.384 0.0000000000
99179  -42.355  29.157  -15.831 0.0000000000
100969  -36.640  31.218  -15.654 0.0000000000
93100  -39.523  20.353  -1.444 0.0000000000
93132  -39.861  21.074  -4.119 0.0000000000
94740  -40.686  22.635  -2.216 0.0000000000
102200  -47.014  33.190  1.552 0.0000000000
100891  -45.276  31.793  0.612 0.0000000000
102228  -45.279  33.649  -1.143 0.0000000000
102236  -42.467  33.290  -3.873 0.0000000000
89701  -46.719  16.737  -15.206 0.0000000000
99026  -35.514  27.783  3.550 0.0000000000
99672  -37.982  29.121  1.327 0.0000000000
92195  -46.438  19.326  2.274 0.0000000000
91333  -43.366  18.126  0.910 0.0000000000
91296  -42.928  18.496  3.410 0.0000000000
96250  -38.791  25.121  5.622 0.0000000000
93883  -34.584  22.059  2.347 0.0000000000
95523  -33.650  23.667  0.790 0.0000000000
95507  -32.177  23.112  1.921 0.0000000000
92304  -47.119  19.441  -7.896 0.0000000000
93978  -42.410  21.776  -8.781 0.0000000000
92333  -44.370  19.236  -10.861 0.0000000000
93998  -44.446  21.238  -11.476 0.0000000000
150553  -45.458  20.964  -13.723 0.0000000000
95634  -45.525  23.295  -11.692 0.0000000000
98409  -44.137  27.110  0.315 0.0000000000
97019  -43.645  25.130  -0.915 0.0000000000
97721  -45.606  26.539  -0.285 0.0000000000
99735  -45.575  29.403  -5.478 0.0000000000
99098  -47.567  28.477  -6.257 0.0000000000
99120  -47.315  28.362  -8.335 0.0000000000
98481  -48.012  27.505  -11.175 0.0000000000
99141  -44.824  28.413  -10.999 0.0000000000
99182  -44.599  28.370  -15.247 0.0000000000
130635  -42.408  28.573  -11.367 0.0000000000
101634  -38.053  32.738  -9.081 0.0000000000
100356  -37.914  30.794  -11.985 0.0000000000
102336  -37.002  32.912  -11.693 0.0000000000
100963  -35.756  31.868  -14.448 0.0000000000
103058  -36.604  34.171  -14.271 0.0000000000
92254  -43.098  19.078  -3.882 0.0000000000
146608  -44.292  19.418  -6.520 0.0000000000
93142  -41.623  20.000  -5.441 0.0000000000
93960  -40.817  21.621  -6.578 0.0000000000
96369  -41.713  23.872  -7.154 0.0000000000
99016  -49.193  28.934  3.536 0.0000000000
98425  -48.600  28.076  -0.487 0.0000000000
99686  -48.907  30.126  0.242 0.0000000000
99694  -45.355  30.120  -1.950 0.0000000000
99733  -42.785  29.343  -4.971 0.0000000000
99115  -41.535  28.660  -8.407 0.0000000000
100313  -40.439  30.621  -4.522 0.0000000000
101611  -40.137  32.724  -6.367 0.0000000000
102306  -41.760  33.241  -9.607 0.0000000000
92377  -44.069  20.144  -17.184 0.0000000000
135454  -37.847  24.848  -0.863 0.0000000000
96298  -40.266  25.106  -0.959 0.0000000000
135330  -39.022  27.447  -0.928 0.0000000000
99053  -40.868  29.210  0.148 0.0000000000
144515  -43.264  29.692  2.037 0.0000000000
99625  -41.937  29.699  5.253 0.0000000000
99644  -44.805  29.680  4.508 0.0000000000
93944  -48.507  21.518  -4.358 0.0000000000
93917  -48.532  21.449  -1.597 0.0000000000
92245  -45.975  19.807  -2.437 0.0000000000
133233  -43.126  18.515  -1.836 0.0000000000
139705  -40.946  18.109  -0.970 0.0000000000
93840  -45.673  22.171  6.226 0.0000000000
96225  -42.203  25.266  7.193 0.0000000000
94677  -42.716  23.486  5.201 0.0000000000
93866  -42.658  21.493  4.781 0.0000000000
92183  -39.654  19.006  3.675 0.0000000000
94719  -36.934  22.642  -0.064 0.0000000000
91482  -50.031  19.156  -14.341 0.0000000000
91420  -45.779  18.623  -8.937 0.0000000000
91454  -46.802  18.025  -12.067 0.0000000000
91491  -47.922  18.404  -15.514 0.0000000000
92366  -46.352  19.514  -16.033 0.0000000000
93229  -46.295  21.072  -18.050 0.0000000000
94841  -46.116  22.856  -16.953 0.0000000000
95544  -42.005  23.938  -1.883 0.0000000000
97035  -42.650  25.105  -4.286 0.0000000000
140843  -43.341  25.499  -6.657 0.0000000000
138501  -47.094  27.640  -3.592 0.0000000000
97755  -45.854  26.827  -5.875 0.0000000000
97080  -44.827  25.511  -9.279 0.0000000000
97097  -47.181  25.743  -11.711 0.0000000000
97110  -48.110  25.535  -14.144 0.0000000000
96417  -46.438  24.589  -14.998 0.0000000000
99790  -40.164  29.280  -11.410 0.0000000000
99804  -38.641  30.120  -15.255 0.0000000000
138130  -37.641  29.045  -15.115 0.0000000000
100361  -36.306  30.280  -13.182 0.0000000000
100954  -35.407  31.445  -12.060 0.0000000000
94722  -39.580  21.988  -0.728 0.0000000000
93916  -40.162  21.891  -1.891 0.0000000000
94723  -40.043  22.668  -0.986 0.0000000000
102220  -46.265  33.749  -0.063 0.0000000000
102938  -45.814  34.072  -2.561 0.0000000000
88859  -47.029  16.352  -14.629 0.0000000000
149992  -46.780  19.612  3.786 0.0000000000
91298  -44.673  18.733  3.125 0.0000000000
92188  -44.305  19.207  3.944 0.0000000000
152946  -33.446  22.489  3.129 0.0000000000
94705  -32.858  22.731  1.937 0.0000000000
130185  -47.282  20.447  -5.790 0.0000000000
145302  -46.566  20.036  -6.007 0.0000000000
94795  -42.829  22.480  -9.159 0.0000000000
93987  -43.416  21.381  -10.102 0.0000000000
95626  -43.961  22.960  -10.112 0.0000000000
94810  -45.087  22.546  -11.586 0.0000000000
95627  -44.504  23.430  -10.489 0.0000000000
99057  -44.785  27.868  0.697 0.0000000000
97707  -44.704  26.456  0.161 0.0000000000
98411  -45.918  27.132  0.500 0.0000000000
99095  -44.393  28.816  -6.884 0.0000000000
144668  -46.203  28.733  -7.292 0.0000000000
99118  -45.127  28.562  -8.520 0.0000000000
99130  -46.162  28.480  -9.769 0.0000000000
127674  -44.379  28.457  -10.180 0.0000000000
99151  -43.877  28.424  -11.651 0.0000000000
99140  -43.439  28.437  -10.114 0.0000000000
102322  -39.074  33.781  -10.282 0.0000000000
133660  -37.454  32.576  -10.281 0.0000000000
102338  -37.831  33.706  -11.317 0.0000000000
102354  -36.979  33.723  -12.577 0.0000000000
103043  -38.172  34.338  -13.289 0.0000000000
92253  -42.189  19.039  -3.744 0.0000000000
92267  -42.615  19.315  -4.504 0.0000000000
92266  -41.658  19.547  -4.524 0.0000000000
142019  -40.136  21.902  -4.587 0.0000000000
93950  -40.567  21.412  -5.885 0.0000000000
95580  -40.596  22.746  -6.035 0.0000000000
142379  -41.314  22.923  -7.353 0.0000000000
95581  -40.974  23.523  -5.728 0.0000000000
99649  -49.467  29.497  2.987 0.0000000000
99677  -49.762  29.523  1.495 0.0000000000
100280  -48.213  30.481  1.858 0.0000000000
100291  -43.953  31.425  -0.845 0.0000000000
100293  -45.734  30.563  -0.227 0.0000000000
100297  -44.312  30.336  -1.785 0.0000000000
99704  -43.845  29.857  -3.110 0.0000000000
130708  -42.895  29.789  -3.520 0.0000000000
137873  -41.836  29.585  -4.563 0.0000000000
100300  -41.922  31.036  -2.761 0.0000000000
102254  -43.390  33.641  -5.335 0.0000000000
102241  -41.856  33.223  -4.853 0.0000000000
102266  -42.536  33.362  -6.616 0.0000000000
102277  -41.040  33.195  -7.511 0.0000000000
138106  -42.424  33.194  -8.359 0.0000000000
127577  -44.424  18.723  -16.564 0.0000000000
97713  -36.850  26.486  -0.637 0.0000000000
138257  -38.549  26.143  -1.154 0.0000000000
98417  -37.520  27.902  -0.502 0.0000000000
129128  -39.318  29.416  1.798 0.0000000000
99681  -39.215  29.374  0.602 0.0000000000
144627  -40.346  29.512  1.895 0.0000000000
99684  -42.080  29.402  0.801 0.0000000000
99661  -41.691  29.534  2.629 0.0000000000
100856  -41.073  31.445  4.779 0.0000000000
99626  -42.851  29.539  5.151 0.0000000000
100245  -44.017  30.228  5.933 0.0000000000
100246  -45.952  30.083  5.886 0.0000000000
100845  -45.230  31.113  6.090 0.0000000000
136017  -49.721  22.345  -5.265 0.0000000000
93935  -49.233  22.122  -3.539 0.0000000000
134553  -48.716  21.415  -0.792 0.0000000000
93102  -47.438  20.687  -1.296 0.0000000000
93111  -47.247  20.679  -2.060 0.0000000000
92234  -46.113  19.807  -1.658 0.0000000000
92232  -44.597  19.090  -2.149 0.0000000000
91347  -44.694  18.937  -0.785 0.0000000000
90425  -42.024  17.694  1.149 0.0000000000
90431  -42.031  17.835  0.206 0.0000000000
91331  -40.136  18.126  0.257 0.0000000000
94644  -40.908  23.580  6.977 0.0000000000
95488  -41.105  24.655  4.931 0.0000000000
94676  -40.815  23.533  4.516 0.0000000000
138139  -42.239  22.481  4.734 0.0000000000
93864  -40.945  21.536  4.455 0.0000000000
92172  -41.016  19.786  4.285 0.0000000000
93045  -39.445  20.491  4.162 0.0000000000
95533  -36.789  23.740  -0.291 0.0000000000
95525  -35.260  23.309  0.341 0.0000000000
91483  -50.446  19.370  -13.803 0.0000000000
131523  -43.550  19.459  -6.900 0.0000000000
127363  -44.756  18.956  -7.896 0.0000000000
92312  -44.253  18.900  -8.658 0.0000000000
91452  -44.731  18.936  -11.499 0.0000000000
91453  -45.392  18.430  -11.298 0.0000000000
91465  -45.587  18.581  -12.745 0.0000000000
90538  -47.538  18.433  -13.790 0.0000000000
91478  -46.115  18.610  -13.812 0.0000000000
91490  -47.027  18.880  -15.940 0.0000000000
150436  -46.282  19.237  -15.320 0.0000000000
94825  -46.369  22.359  -13.982 0.0000000000
94035  -46.048  21.155  -15.333 0.0000000000
94029  -46.620  22.113  -15.699 0.0000000000
94849  -46.429  22.152  -17.563 0.0000000000
150761  -47.227  23.066  -16.341 0.0000000000
137980  -41.145  25.753  -0.725 0.0000000000
96299  -41.532  24.328  -1.024 0.0000000000
141128  -42.213  24.664  -0.818 0.0000000000
97023  -44.320  25.764  -2.020 0.0000000000
96323  -43.077  24.893  -2.644 0.0000000000
97734  -43.827  25.933  -3.772 0.0000000000
97051  -42.866  25.261  -6.075 0.0000000000
97753  -43.952  26.159  -5.552 0.0000000000
99069  -49.208  29.190  -1.681 0.0000000000
134915  -47.896  28.071  -2.100 0.0000000000
133686  -48.275  29.018  -3.674 0.0000000000
98461  -47.802  27.984  -7.460 0.0000000000
98448  -47.520  27.788  -6.206 0.0000000000
97765  -46.830  27.178  -7.071 0.0000000000
97777  -45.326  26.429  -8.070 0.0000000000
97778  -46.617  26.827  -8.355 0.0000000000
97090  -45.840  25.492  -10.476 0.0000000000
97797  -47.437  26.716  -10.310 0.0000000000
98487  -47.414  27.617  -12.785 0.0000000000
97815  -47.978  26.678  -12.913 0.0000000000
98505  -47.500  26.870  -14.143 0.0000000000
97116  -47.463  25.448  -14.846 0.0000000000
97834  -46.855  26.194  -14.679 0.0000000000
96409  -45.640  25.137  -14.370 0.0000000000
97833  -45.475  27.205  -14.726 0.0000000000
99180  -43.264  28.880  -16.191 0.0000000000
98514  -43.288  28.182  -16.226 0.0000000000
99770  -40.018  29.184  -8.133 0.0000000000
99125  -40.769  28.848  -9.501 0.0000000000
99776  -39.358  29.561  -9.568 0.0000000000
100362  -37.513  31.373  -13.330 0.0000000000
99795  -38.811  30.198  -13.273 0.0000000000
100377  -37.736  30.529  -15.662 0.0000000000
99821  -38.433  29.490  -16.025 0.0000000000
99811  -37.183  29.885  -15.517 0.0000000000
99803  -37.158  29.284  -14.302 0.0000000000
100375  -36.287  31.065  -15.462 0.0000000000
101653  -34.919  33.151  -13.945 0.0000000000
100958  -35.431  31.697  -13.374 0.0000000000
101646  -34.678  32.773  -12.927 0.0000000000
100953  -34.973  31.869  -11.350 0.0000000000
92239  -39.902  19.773  -2.726 0.0000000000
93122  -40.142  20.261  -3.826 0.0000000000
93121  -39.776  20.558  -3.199 0.0000000000
93925  -40.109  21.902  -2.791 0.0000000000
94745  -40.426  22.538  -3.223 0.0000000000
100884  -46.708  31.830  1.946 0.0000000000
102199  -46.137  32.808  1.114 0.0000000000
102209  -44.995  32.837  0.100 0.0000000000
101580  -44.025  32.775  -0.941 0.0000000000
128087  -42.868  32.747  -2.046 0.0000000000
102232  -44.395  33.551  -2.223 0.0000000000
102944  -44.958  33.981  -3.986 0.0000000000
89710  -46.222  17.116  -15.601 0.0000000000
99048  -36.044  28.019  1.064 0.0000000000
99050  -37.554  28.835  0.535 0.0000000000
139389  -37.125  28.448  2.424 0.0000000000
92202  -46.294  19.406  1.348 0.0000000000
91335  -44.901  18.759  0.613 0.0000000000
91321  -44.981  18.657  1.654 0.0000000000
151187  -43.096  17.935  2.267 0.0000000000
91306  -41.531  17.898  2.869 0.0000000000
96236  -38.522  24.972  6.118 0.0000000000
95485  -37.792  24.522  4.625 0.0000000000
93891  -35.007  21.792  1.820 0.0000000000
94712  -34.756  22.690  0.820 0.0000000000
133732  -33.640  22.699  1.609 0.0000000000
95514  -32.592  23.352  1.532 0.0000000000
93175  -42.881  20.056  -8.783 0.0000000000
92324  -43.542  19.548  -9.394 0.0000000000
93184  -43.060  20.584  -9.530 0.0000000000
93203  -44.067  20.443  -11.140 0.0000000000
93208  -44.588  20.137  -12.351 0.0000000000
151242  -45.228  20.323  -13.590 0.0000000000
94014  -45.319  21.748  -12.564 0.0000000000
94811  -45.488  22.499  -12.200 0.0000000000
95641  -46.099  23.155  -12.617 0.0000000000
98423  -43.240  26.770  0.063 0.0000000000
97016  -43.432  25.402  -0.419 0.0000000000
147484  -43.938  26.004  0.086 0.0000000000
147703  -44.607  25.871  -0.649 0.0000000000
97730  -44.925  26.353  -2.283 0.0000000000
99721  -47.019  29.573  -4.719 0.0000000000
99079  -47.984  28.968  -4.725 0.0000000000
99754  -47.494  28.878  -5.888 0.0000000000
99109  -47.635  28.219  -6.981 0.0000000000
99132  -47.921  27.990  -8.820 0.0000000000
98474  -48.072  27.733  -10.154 0.0000000000
99143  -47.227  28.299  -10.186 0.0000000000
99153  -47.048  28.161  -11.159 0.0000000000
99174  -46.537  27.928  -13.401 0.0000000000
99183  -45.326  28.113  -14.891 0.0000000000
99161  -44.865  28.373  -13.295 0.0000000000
128265  -44.064  28.596  -13.816 0.0000000000
128474  -42.134  28.897  -13.455 0.0000000000
100940  -38.138  31.661  -8.132 0.0000000000
100344  -38.094  30.530  -9.637 0.0000000000
100349  -37.632  31.146  -10.049 0.0000000000
100355  -37.487  31.372  -11.143 0.0000000000
141845  -36.684  31.916  -14.249 0.0000000000
131453  -35.997  31.931  -14.981 0.0000000000
133002  -36.207  32.535  -14.360 0.0000000000
102371  -35.891  33.554  -14.687 0.0000000000
102381  -35.486  34.093  -15.283 0.0000000000
129533  -44.790  19.499  -4.291 0.0000000000
92279  -45.138  19.636  -5.614 0.0000000000
146766  -43.730  19.505  -5.531 0.0000000000
92289  -43.241  19.602  -6.005 0.0000000000
93165  -42.268  20.124  -6.958 0.0000000000
93134  -41.023  20.086  -4.862 0.0000000000
93152  -41.136  20.870  -6.353 0.0000000000
133520  -42.267  20.308  -7.579 0.0000000000
93977  -41.858  21.859  -8.215 0.0000000000
94787  -42.238  22.689  -8.486 0.0000000000
96376  -42.752  24.306  -8.123 0.0000000000
130888  -48.193  28.400  2.685 0.0000000000
98401  -47.753  27.962  1.133 0.0000000000
99045  -49.502  28.667  1.779 0.0000000000
99067  -49.901  29.058  -0.184 0.0000000000
99696  -48.667  29.879  -1.556 0.0000000000
144702  -46.515  30.848  0.928 0.0000000000
99690  -47.222  30.140  -0.927 0.0000000000
99700  -46.835  29.886  -3.116 0.0000000000
99720  -45.997  29.696  -4.232 0.0000000000
143405  -44.549  29.360  -5.320 0.0000000000
99094  -43.344  28.828  -6.860 0.0000000000
139447  -42.271  28.590  -8.160 0.0000000000
99748  -41.836  29.034  -6.321 0.0000000000
99747  -40.251  29.468  -6.316 0.0000000000
99730  -39.703  30.034  -5.899 0.0000000000
101586  -41.303  32.238  -3.375 0.0000000000
101591  -39.999  31.617  -4.792 0.0000000000
100925  -38.743  31.212  -6.585 0.0000000000
101619  -39.043  32.533  -7.305 0.0000000000
102290  -39.349  33.474  -8.814 0.0000000000
102323  -39.985  33.683  -10.156 0.0000000000
151331  -38.235  24.304  -0.832 0.0000000000
95536  -39.664  23.536  -0.860 0.0000000000
97013  -39.145  25.493  -1.151 0.0000000000
144315  -39.717  25.815  -1.119 0.0000000000
141608  -40.893  26.785  -0.755 0.0000000000
153316  -38.588  28.786  -0.242 0.0000000000
99064  -40.181  28.912  -0.287 0.0000000000
98421  -41.526  27.400  -0.462 0.0000000000
99055  -42.373  28.660  0.316 0.0000000000
99040  -43.516  29.312  1.299 0.0000000000
99676  -45.019  29.240  1.955 0.0000000000
99624  -40.757  29.518  4.565 0.0000000000
99642  -42.787  29.508  3.990 0.0000000000
130481  -44.571  29.695  3.027 0.0000000000
141996  -45.660  29.392  2.808 0.0000000000
99646  -47.637  29.123  4.310 0.0000000000
99629  -48.015  29.626  5.058 0.0000000000
100859  -48.786  31.374  5.067 0.0000000000
93952  -48.502  21.400  -5.050 0.0000000000
93137  -47.350  20.781  -4.174 0.0000000000
94734  -50.488  22.738  -1.448 0.0000000000
93936  -49.490  22.260  -2.713 0.0000000000
141780  -48.778  21.794  -2.965 0.0000000000
93124  -47.492  20.909  -3.418 0.0000000000
93123  -45.747  19.855  -4.180 0.0000000000
92256  -45.025  19.469  -3.568 0.0000000000
92242  -43.511  18.938  -3.204 0.0000000000
91362  -42.275  18.425  -2.196 0.0000000000
127326  -43.371  18.303  -0.060 0.0000000000
91355  -42.391  18.253  -1.328 0.0000000000
91360  -40.736  18.699  -2.273 0.0000000000
92230  -39.615  19.565  -1.276 0.0000000000
96227  -43.338  24.911  7.397 0.0000000000
96238  -40.264  25.289  6.287 0.0000000000
96254  -42.291  25.387  6.247 0.0000000000
95452  -44.132  24.338  6.615 0.0000000000
94656  -43.631  23.015  5.533 0.0000000000
93852  -43.764  22.050  5.354 0.0000000000
133449  -43.940  20.577  4.809 0.0000000000
92174  -42.781  19.794  4.376 0.0000000000
92185  -41.494  18.999  3.999 0.0000000000
91292  -39.334  18.578  3.091 0.0000000000
94720  -37.913  22.424  -0.298 0.0000000000
96296  -37.635  24.093  -0.631 0.0000000000
97010  -36.420  25.453  -0.482 0.0000000000
97712  -35.896  26.318  -0.305 0.0000000000
97706  -35.320  26.886  0.107 0.0000000000
90523  -50.214  17.441  -12.363 0.0000000000
89683  -49.506  17.557  -14.008 0.0000000000
89692  -49.438  18.228  -14.871 0.0000000000
92302  -45.372  19.288  -7.266 0.0000000000
92314  -46.493  19.069  -8.343 0.0000000000
91440  -44.923  18.520  -9.955 0.0000000000
91442  -46.676  18.260  -10.552 0.0000000000
91443  -47.755  18.407  -10.890 0.0000000000
91467  -48.339  18.714  -13.744 0.0000000000
91492  -48.921  18.598  -15.112 0.0000000000
89703  -48.558  17.686  -15.269 0.0000000000
90558  -47.694  18.181  -15.763 0.0000000000
90557  -47.211  18.160  -16.198 0.0000000000
91507  -46.441  18.863  -16.975 0.0000000000
93219  -45.590  20.463  -14.483 0.0000000000
92373  -46.366  19.764  -16.860 0.0000000000
92384  -45.820  20.048  -17.932 0.0000000000
93235  -45.551  20.971  -18.463 0.0000000000
94040  -44.727  21.564  -17.915 0.0000000000
94840  -45.118  22.598  -16.390 0.0000000000
95537  -40.627  23.378  -1.128 0.0000000000
95551  -41.369  23.398  -2.215 0.0000000000
133854  -41.238  23.586  -3.158 0.0000000000
96313  -43.146  24.684  -1.540 0.0000000000
96322  -42.311  24.509  -3.078 0.0000000000
96336  -41.492  24.238  -4.463 0.0000000000
96362  -42.118  24.707  -5.695 0.0000000000
97063  -42.913  25.063  -6.967 0.0000000000
96377  -43.389  24.695  -8.505 0.0000000000
98424  -47.294  27.451  -0.099 0.0000000000
97727  -46.218  26.976  -1.995 0.0000000000
97736  -46.026  27.086  -3.402 0.0000000000
98443  -47.755  28.496  -5.142 0.0000000000
150385  -46.850  27.403  -4.961 0.0000000000
97754  -44.806  26.503  -5.430 0.0000000000
97763  -44.656  26.377  -6.820 0.0000000000
97065  -44.351  26.072  -7.594 0.0000000000
96378  -44.115  25.062  -8.849 0.0000000000
96384  -45.059  25.097  -10.027 0.0000000000
96401  -47.299  24.555  -12.871 0.0000000000
97808  -48.006  27.105  -11.398 0.0000000000
97104  -48.052  25.956  -13.230 0.0000000000
95649  -47.966  24.398  -14.852 0.0000000000
96423  -47.599  24.219  -15.516 0.0000000000
95657  -45.857  23.281  -16.098 0.0000000000
98502  -44.754  27.928  -15.324 0.0000000000
130636  -41.831  28.523  -9.865 0.0000000000
99149  -41.660  28.792  -11.751 0.0000000000
99159  -41.168  29.163  -13.277 0.0000000000
99789  -39.341  29.691  -11.646 0.0000000000
99796  -39.580  29.698  -13.228 0.0000000000
99814  -40.339  29.416  -14.972 0.0000000000
99194  -39.316  29.026  -16.514 0.0000000000
128541  -38.744  27.576  -14.678 0.0000000000
133409  -38.484  27.354  -13.518 0.0000000000
100367  -35.740  31.214  -14.063 0.0000000000
100360  -35.736  30.931  -12.705 0.0000000000
102355  -41.031  33.668  -12.555 0.0000000000
103060  -39.295  34.424  -14.314 0.0000000000
146663  -38.420  34.504  -14.733 0.0000000000
103088  -36.969  34.948  -16.511 0.0000000000
103074  -35.215  34.636  -15.811 0.0000000000
94730  -39.930  21.962  -1.200 0.0000000000
88850  -47.981  16.749  -14.687 0.0000000000
93053  -47.518  20.301  4.480 0.0000000000
92177  -47.227  19.879  4.003 0.0000000000
93052  -46.590  19.923  4.482 0.0000000000
152099  -45.772  19.575  4.234 0.0000000000
92176  -45.020  19.683  4.355 0.0000000000
94671  -33.907  23.054  4.065 0.0000000000
93143  -46.608  20.226  -5.350 0.0000000000
95617  -43.391  23.300  -9.413 0.0000000000
94796  -43.400  22.316  -9.794 0.0000000000
131574  -44.386  22.711  -10.662 0.0000000000
95618  -44.069  23.840  -9.871 0.0000000000
132085  -45.385  28.390  1.262 0.0000000000
99058  -45.589  27.532  0.768 0.0000000000
98399  -46.425  27.846  1.160 0.0000000000
99106  -45.037  28.672  -7.623 0.0000000000
99129  -45.033  28.500  -9.427 0.0000000000
127675  -44.313  28.496  -8.983 0.0000000000
99128  -44.077  28.472  -9.576 0.0000000000
146668  -43.414  28.488  -9.127 0.0000000000
103023  -38.732  33.854  -11.147 0.0000000000
102321  -38.155  33.577  -10.408 0.0000000000
103031  -37.537  33.935  -12.249 0.0000000000
103032  -38.452  34.028  -12.071 0.0000000000
91373  -41.637  18.897  -3.197 0.0000000000
92252  -41.261  19.286  -3.685 0.0000000000
142544  -40.364  22.553  -4.808 0.0000000000
95569  -40.544  22.997  -5.269 0.0000000000
95570  -40.940  23.684  -4.914 0.0000000000
100271  -49.309  30.055  2.987 0.0000000000
132213  -48.323  30.714  2.613 0.0000000000
100296  -43.507  31.169  -1.362 0.0000000000
131551  -44.047  30.827  -1.173 0.0000000000
147004  -43.390  30.671  -1.847 0.0000000000
141758  -43.057  30.252  -2.632 0.0000000000
100301  -42.586  30.855  -2.341 0.0000000000
100305  -42.260  30.368  -3.011 0.0000000000
100901  -42.283  31.595  -2.286 0.0000000000
102267  -43.435  33.646  -6.283 0.0000000000
102253  -42.635  33.444  -5.659 0.0000000000
102279  -43.204  33.464  -7.262 0.0000000000
102278  -42.424  33.270  -7.538 0.0000000000
90555  -45.599  17.536  -16.071 0.0000000000
90554  -44.584  17.934  -15.998 0.0000000000
91505  -45.036  19.114  -17.182 0.0000000000
152992  -36.856  27.157  -0.537 0.0000000000
97714  -37.479  27.174  -0.751 0.0000000000
98416  -36.914  27.662  -0.373 0.0000000000
99659  -39.757  29.333  3.050 0.0000000000
99674  -41.146  29.568  1.930 0.0000000000
99660  -40.705  29.338  2.941 0.0000000000
100844  -44.272  30.998  6.064 0.0000000000
145432  -44.976  30.421  6.042 0.0000000000
134851  -50.600  23.077  -4.091 0.0000000000
93101  -46.781  20.294  -1.478 0.0000000000
92224  -46.309  19.840  -0.882 0.0000000000
92223  -45.467  19.374  -1.013 0.0000000000
92213  -45.866  19.475  -0.234 0.0000000000
90424  -41.268  17.605  1.417 0.0000000000
90430  -41.401  17.676  0.660 0.0000000000
91318  -39.953  18.017  1.139 0.0000000000
91330  -39.442  18.503  0.709 0.0000000000
94643  -39.946  23.575  6.649 0.0000000000
94675  -39.944  23.480  4.412 0.0000000000
135250  -40.432  22.460  4.392 0.0000000000
136300  -41.344  22.511  4.503 0.0000000000
93046  -39.988  21.362  4.355 0.0000000000
93898  -35.937  21.727  0.838 0.0000000000
94713  -36.205  22.326  0.350 0.0000000000
137663  -35.532  22.475  0.578 0.0000000000
145651  -48.809  18.846  -11.899 0.0000000000
92300  -43.283  19.504  -7.701 0.0000000000
138651  -43.926  19.155  -7.782 0.0000000000
92311  -43.419  19.443  -8.406 0.0000000000
91464  -44.870  19.246  -12.386 0.0000000000
136100  -45.221  18.632  -11.988 0.0000000000
91489  -45.826  19.163  -14.358 0.0000000000
94818  -46.647  23.051  -13.613 0.0000000000
94832  -46.665  22.507  -14.965 0.0000000000
94833  -47.288  23.190  -15.978 0.0000000000
95654  -47.667  23.874  -15.390 0.0000000000
97014  -41.363  24.878  -0.751 0.0000000000
141828  -42.090  25.402  -0.520 0.0000000000
97027  -44.398  26.137  -3.004 0.0000000000
97742  -44.036  26.222  -4.732 0.0000000000
99072  -48.616  29.231  -2.723 0.0000000000
99071  -48.692  28.852  -2.613 0.0000000000
98465  -47.866  27.862  -8.440 0.0000000000
97772  -47.416  27.467  -7.770 0.0000000000
97787  -47.036  26.768  -9.324 0.0000000000
97780  -47.866  27.577  -9.061 0.0000000000
98494  -47.070  27.517  -13.812 0.0000000000
98495  -47.751  27.113  -13.300 0.0000000000
97835  -47.491  26.181  -14.511 0.0000000000
149231  -47.006  26.772  -14.504 0.0000000000
141497  -46.299  26.998  -14.616 0.0000000000
99188  -42.663  28.722  -17.156 0.0000000000
99825  -42.632  29.071  -16.949 0.0000000000
99824  -41.841  29.203  -16.778 0.0000000000
99760  -39.297  29.592  -7.581 0.0000000000
99777  -40.048  29.184  -9.075 0.0000000000
99769  -39.251  29.552  -8.564 0.0000000000
100369  -37.397  31.364  -14.525 0.0000000000
100370  -38.144  30.708  -14.679 0.0000000000
100376  -37.187  31.155  -15.578 0.0000000000
99819  -37.047  30.870  -15.855 0.0000000000
99802  -36.596  30.354  -15.114 0.0000000000
100381  -36.574  31.161  -15.668 0.0000000000
93109  -39.666  20.447  -2.260 0.0000000000
93924  -39.772  21.207  -2.523 0.0000000000
101555  -46.737  32.436  1.819 0.0000000000
102219  -45.448  33.428  -0.326 0.0000000000
102210  -45.730  33.152  0.411 0.0000000000
102218  -44.698  33.133  -0.589 0.0000000000
101575  -44.454  32.441  -0.300 0.0000000000
102227  -44.503  33.355  -1.383 0.0000000000
102226  -43.704  33.109  -1.675 0.0000000000
102233  -45.168  33.782  -1.963 0.0000000000
102946  -46.541  34.412  -3.922 0.0000000000
102945  -45.551  34.099  -3.414 0.0000000000
102952  -44.852  34.107  -4.735 0.0000000000
144623  -46.192  16.067  -14.561 0.0000000000
99037  -35.825  27.778  2.345 0.0000000000
99038  -36.623  28.178  1.866 0.0000000000
99027  -36.494  28.127  3.118 0.0000000000
93075  -47.590  20.120  1.846 0.0000000000
92201  -45.594  19.064  1.072 0.0000000000
92194  -45.717  18.952  1.987 0.0000000000
91297  -43.824  18.634  3.308 0.0000000000
91308  -44.298  18.457  2.429 0.0000000000
91307  -43.397  18.197  2.702 0.0000000000
136750  -42.544  17.944  2.697 0.0000000000
91295  -42.000  18.386  3.484 0.0000000000
93874  -34.947  21.968  3.027 0.0000000000
93884  -35.332  21.575  2.408 0.0000000000
94706  -34.404  22.343  1.575 0.0000000000
93183  -42.569  20.914  -8.894 0.0000000000
93997  -43.947  21.297  -10.828 0.0000000000
139427  -44.408  20.493  -11.734 0.0000000000
94013  -44.790  21.082  -12.142 0.0000000000
97708  -45.349  26.628  0.143 0.0000000000
97720  -44.741  26.193  -0.176 0.0000000000
139840  -45.196  26.214  -0.762 0.0000000000
97725  -44.797  26.006  -1.347 0.0000000000
97726  -45.455  26.479  -1.636 0.0000000000
146796  -46.108  29.554  -4.949 0.0000000000
99736  -46.853  29.363  -5.563 0.0000000000
99107  -46.208  28.551  -7.980 0.0000000000
99108  -47.219  28.516  -7.340 0.0000000000
99121  -47.747  28.102  -7.861 0.0000000000
99144  -48.002  28.048  -9.729 0.0000000000
99131  -47.321  28.331  -9.267 0.0000000000
99142  -46.028  28.398  -10.649 0.0000000000
99152  -45.851  28.280  -11.621 0.0000000000
99163  -46.807  28.029  -12.236 0.0000000000
99162  -45.747  28.222  -12.755 0.0000000000
129700  -44.833  28.332  -12.096 0.0000000000
127672  -43.192  28.459  -11.000 0.0000000000
127670  -43.400  28.546  -12.621 0.0000000000
127926  -43.084  28.733  -13.646 0.0000000000
99160  -42.449  28.700  -12.428 0.0000000000
101628  -38.292  32.367  -8.354 0.0000000000
100338  -37.908  31.296  -8.725 0.0000000000
100946  -37.657  31.595  -9.474 0.0000000000
101640  -37.283  32.542  -10.915 0.0000000000
100951  -37.350  31.908  -10.389 0.0000000000
100956  -37.141  32.262  -11.734 0.0000000000
133223  -37.265  31.701  -12.563 0.0000000000
100955  -36.785  32.337  -13.174 0.0000000000
101648  -36.649  32.811  -12.914 0.0000000000
103042  -37.110  34.153  -13.212 0.0000000000
103041  -36.543  33.766  -13.552 0.0000000000
147195  -36.054  34.112  -15.199 0.0000000000
92255  -44.032  19.262  -3.910 0.0000000000
92269  -44.048  19.446  -4.846 0.0000000000
92268  -43.375  19.302  -4.488 0.0000000000
149913  -42.287  19.580  -5.104 0.0000000000
146015  -43.100  19.475  -5.193 0.0000000000
92277  -42.469  19.751  -5.772 0.0000000000
92288  -42.681  19.767  -6.543 0.0000000000
93153  -41.880  20.206  -6.301 0.0000000000
93133  -40.418  20.526  -4.605 0.0000000000
138384  -41.711  20.614  -7.047 0.0000000000
93961  -41.270  21.311  -7.066 0.0000000000
93164  -41.778  21.076  -7.786 0.0000000000
93968  -41.316  21.965  -7.504 0.0000000000
95602  -41.870  23.302  -7.879 0.0000000000
95610  -42.449  23.601  -8.352 0.0000000000
95603  -42.201  23.955  -7.811 0.0000000000
99044  -48.589  28.269  1.921 0.0000000000
99030  -49.210  28.640  2.808 0.0000000000
99687  -49.662  29.840  0.841 0.0000000000
149655  -49.893  29.419  0.511 0.0000000000
147340  -49.720  29.701  0.038 0.0000000000
99697  -49.370  29.470  -1.211 0.0000000000
142912  -49.367  29.781  -0.662 0.0000000000
100278  -46.124  31.546  1.185 0.0000000000
100287  -45.703  31.122  0.557 0.0000000000
127266  -44.919  30.440  -1.067 0.0000000000
100298  -46.137  30.163  -1.371 0.0000000000
99695  -47.470  30.039  -1.942 0.0000000000
127090  -46.525  30.037  -2.315 0.0000000000
99706  -45.877  29.845  -3.383 0.0000000000
139626  -43.137  29.517  -4.281 0.0000000000
99719  -43.893  29.591  -3.992 0.0000000000
99734  -43.816  29.427  -4.799 0.0000000000
99750  -43.755  29.218  -5.590 0.0000000000
99749  -42.840  29.061  -6.039 0.0000000000
99093  -42.511  28.870  -6.740 0.0000000000
99717  -41.107  30.128  -4.207 0.0000000000
136782  -41.102  29.638  -5.047 0.0000000000
99731  -40.412  29.763  -5.501 0.0000000000
100322  -40.033  30.355  -5.174 0.0000000000
102230  -42.683  33.140  -2.862 0.0000000000
101587  -41.919  32.791  -3.116 0.0000000000
101603  -41.069  32.971  -5.332 0.0000000000
151917  -40.643  32.693  -5.033 0.0000000000
101602  -40.332  32.588  -5.535 0.0000000000
100926  -39.205  31.772  -6.039 0.0000000000
101610  -39.390  32.403  -6.562 0.0000000000
101609  -38.762  31.924  -6.861 0.0000000000
102264  -39.825  32.860  -7.107 0.0000000000
102292  -41.051  33.400  -8.833 0.0000000000
102291  -40.180  33.411  -8.397 0.0000000000
102305  -40.124  33.582  -9.243 0.0000000000
130271  -40.872  33.483  -9.865 0.0000000000
91497  -43.755  19.306  -16.453 0.0000000000
93224  -43.576  20.611  -16.715 0.0000000000
135453  -38.610  24.800  -1.006 0.0000000000
97012  -38.206  25.540  -1.075 0.0000000000
97715  -38.370  26.883  -1.037 0.0000000000
97716  -39.279  26.453  -1.139 0.0000000000
97717  -40.223  26.181  -1.000 0.0000000000
137381  -39.945  27.153  -0.952 0.0000000000
99063  -37.991  28.510  -0.272 0.0000000000
99051  -38.422  29.148  0.335 0.0000000000
99682  -40.099  29.469  0.691 0.0000000000
99689  -39.662  29.285  0.126 0.0000000000
99065  -41.177  28.424  -0.282 0.0000000000
99066  -42.155  27.970  -0.123 0.0000000000
99054  -41.658  28.967  0.194 0.0000000000
99675  -42.559  29.613  1.607 0.0000000000
99685  -42.932  29.006  0.690 0.0000000000
99041  -44.437  28.893  1.225 0.0000000000
127207  -44.053  29.575  1.987 0.0000000000
100841  -41.617  30.567  5.512 0.0000000000
100241  -40.549  30.000  4.814 0.0000000000
143545  -41.474  29.414  4.676 0.0000000000
150489  -42.164  29.411  4.717 0.0000000000
99627  -43.844  29.714  5.368 0.0000000000
99643  -43.697  29.620  4.220 0.0000000000
150839  -45.252  29.598  3.520 0.0000000000
99645  -46.111  29.481  4.095 0.0000000000
100233  -46.727  30.478  6.065 0.0000000000
100247  -47.228  30.083  5.772 0.0000000000
100248  -48.215  30.330  5.516 0.0000000000
100249  -48.657  30.760  5.216 0.0000000000
100235  -48.333  31.105  5.813 0.0000000000
94761  -50.523  22.758  -5.831 0.0000000000
93945  -49.072  21.873  -4.767 0.0000000000
93951  -47.959  21.044  -4.599 0.0000000000
94724  -49.873  22.242  -0.959 0.0000000000
93918  -49.216  21.807  -1.307 0.0000000000
94733  -49.723  22.281  -1.831 0.0000000000
93928  -49.004  21.839  -2.146 0.0000000000
93927  -48.338  21.425  -2.411 0.0000000000
93110  -46.611  20.264  -2.221 0.0000000000
138468  -47.029  20.619  -2.812 0.0000000000
137185  -46.459  20.207  -2.867 0.0000000000
129841  -46.677  20.397  -3.613 0.0000000000
92257  -45.893  19.838  -3.240 0.0000000000
92244  -45.206  19.437  -2.716 0.0000000000
91356  -44.055  18.754  -1.439 0.0000000000
91364  -43.769  18.821  -2.389 0.0000000000
91363  -42.967  18.642  -2.663 0.0000000000
91334  -44.080  18.521  0.356 0.0000000000
90435  -40.994  17.827  -0.114 0.0000000000
91344  -41.701  18.023  -0.754 0.0000000000
91354  -41.402  18.282  -1.690 0.0000000000
91353  -40.516  18.536  -1.454 0.0000000000
92231  -40.064  19.167  -1.947 0.0000000000
93841  -46.397  21.773  6.164 0.0000000000
95427  -42.520  24.333  7.534 0.0000000000
95428  -43.298  24.527  7.718 0.0000000000
96226  -42.816  25.104  7.320 0.0000000000
96237  -39.345  25.089  6.148 0.0000000000
96251  -39.675  25.250  5.766 0.0000000000
96265  -41.245  25.317  5.593 0.0000000000
95464  -42.004  24.826  5.382 0.0000000000
149277  -42.883  25.187  6.514 0.0000000000
95465  -42.968  24.570  5.803 0.0000000000
95466  -43.708  23.996  5.939 0.0000000000
149874  -43.274  23.741  5.571 0.0000000000
94678  -43.071  22.297  5.079 0.0000000000
93867  -43.469  21.377  5.035 0.0000000000
93036  -44.372  21.338  5.306 0.0000000000
93049  -43.120  20.601  4.699 0.0000000000
92175  -43.629  19.826  4.414 0.0000000000
93048  -42.286  20.643  4.561 0.0000000000
92171  -40.064  19.843  4.167 0.0000000000
92184  -40.561  19.000  3.919 0.0000000000
91293  -40.149  18.428  3.345 0.0000000000
144953  -37.421  21.941  0.044 0.0000000000
93900  -37.422  21.180  0.406 0.0000000000
93906  -38.236  21.613  -0.129 0.0000000000
95534  -37.659  23.257  -0.452 0.0000000000
95532  -35.876  23.966  -0.021 0.0000000000
96294  -36.386  24.546  -0.335 0.0000000000
95524  -34.438  23.526  0.554 0.0000000000
96286  -34.090  24.429  0.444 0.0000000000
97705  -34.559  26.612  0.481 0.0000000000
98405  -34.840  27.267  0.763 0.0000000000
90531  -50.711  18.455  -13.063 0.0000000000
90540  -50.465  18.968  -14.004 0.0000000000
90539  -49.923  18.566  -14.467 0.0000000000
90549  -49.419  18.718  -14.769 0.0000000000
152482  -44.550  19.550  -6.030 0.0000000000
92291  -45.091  19.492  -6.429 0.0000000000
145141  -45.050  18.680  -8.532 0.0000000000
92313  -45.622  18.975  -8.072 0.0000000000
92332  -43.969  19.397  -10.246 0.0000000000
92325  -44.313  18.870  -9.606 0.0000000000
148719  -44.447  18.877  -10.277 0.0000000000
133697  -46.245  18.139  -11.243 0.0000000000
131922  -47.038  18.100  -11.342 0.0000000000
91455  -47.820  18.397  -12.237 0.0000000000
90522  -47.355  18.271  -12.892 0.0000000000
91480  -48.517  18.808  -14.921 0.0000000000
90547  -48.507  18.233  -15.453 0.0000000000
91499  -47.178  18.481  -16.078 0.0000000000
91498  -46.755  19.000  -16.641 0.0000000000
90566  -46.825  18.411  -16.468 0.0000000000
94036  -46.419  21.460  -16.452 0.0000000000
92372  -45.986  20.337  -15.858 0.0000000000
93225  -46.358  20.696  -17.144 0.0000000000
92379  -46.198  20.104  -17.644 0.0000000000
92383  -45.388  20.362  -18.166 0.0000000000
93236  -45.926  20.667  -18.322 0.0000000000
94848  -46.086  22.339  -17.778 0.0000000000
94854  -45.583  22.050  -18.244 0.0000000000
94847  -45.363  22.306  -17.582 0.0000000000
145534  -40.191  24.132  -0.960 0.0000000000
96305  -41.860  24.154  -1.398 0.0000000000
95543  -41.527  23.685  -1.705 0.0000000000
96311  -41.840  24.010  -2.623 0.0000000000
96300  -43.032  24.782  -0.808 0.0000000000
97025  -42.663  24.921  -3.538 0.0000000000
96337  -42.107  24.654  -3.976 0.0000000000
96350  -42.051  24.735  -4.828 0.0000000000
97052  -43.577  25.832  -6.100 0.0000000000
96371  -43.153  24.905  -7.739 0.0000000000
97064  -43.523  25.536  -7.351 0.0000000000
98412  -48.207  27.876  0.363 0.0000000000
98431  -47.083  27.572  -2.548 0.0000000000
142515  -46.860  27.277  -1.501 0.0000000000
97732  -46.374  27.249  -2.812 0.0000000000
99085  -47.705  28.767  -5.541 0.0000000000
98449  -47.658  28.372  -5.950 0.0000000000
97756  -46.795  27.219  -6.404 0.0000000000
97745  -46.779  27.292  -5.624 0.0000000000
97744  -45.883  26.942  -4.954 0.0000000000
133937  -45.003  26.626  -6.193 0.0000000000
97073  -44.571  25.904  -8.515 0.0000000000
96383  -44.371  24.684  -9.591 0.0000000000
97091  -46.800  25.958  -10.873 0.0000000000
96395  -46.213  25.038  -11.264 0.0000000000
130471  -46.776  24.856  -12.019 0.0000000000
97798  -47.989  27.289  -10.609 0.0000000000
97105  -48.054  26.173  -13.669 0.0000000000
96402  -47.988  25.114  -13.541 0.0000000000
96411  -48.111  24.874  -14.362 0.0000000000
95660  -47.794  24.398  -15.404 0.0000000000
96419  -48.063  24.939  -14.920 0.0000000000
96418  -47.332  24.714  -15.260 0.0000000000
95653  -45.752  23.851  -15.142 0.0000000000
96416  -45.450  24.396  -14.414 0.0000000000
98515  -44.911  28.175  -15.187 0.0000000000
97838  -43.003  27.738  -16.367 0.0000000000
97832  -43.893  27.557  -15.401 0.0000000000
133062  -42.323  28.523  -8.958 0.0000000000
99126  -41.404  28.631  -9.189 0.0000000000
143354  -40.370  29.128  -10.695 0.0000000000
141746  -40.998  28.793  -10.260 0.0000000000
99137  -40.965  28.940  -11.188 0.0000000000
146236  -41.641  28.915  -12.577 0.0000000000
99148  -40.844  29.100  -12.159 0.0000000000
100350  -38.020  30.602  -10.644 0.0000000000
99775  -38.684  30.020  -10.111 0.0000000000
99781  -38.670  30.101  -11.174 0.0000000000
143147  -38.921  30.041  -14.168 0.0000000000
99805  -39.534  29.724  -14.486 0.0000000000
99813  -39.415  29.525  -15.755 0.0000000000
151615  -39.751  29.182  -16.384 0.0000000000
99822  -39.166  29.272  -16.299 0.0000000000
99177  -37.908  29.416  -15.787 0.0000000000
99178  -38.251  28.520  -15.341 0.0000000000
99168  -37.941  28.218  -14.118 0.0000000000
134083  -36.557  29.970  -14.083 0.0000000000
99794  -36.843  29.259  -13.090 0.0000000000
99787  -36.556  29.400  -12.062 0.0000000000
100374  -35.997  31.451  -15.056 0.0000000000
100353  -35.757  30.755  -11.493 0.0000000000
103061  -40.177  34.415  -15.249 0.0000000000
103077  -39.204  34.611  -15.817 0.0000000000
140724  -37.974  35.178  -16.664 0.0000000000
103086  -35.651  34.958  -16.315 0.0000000000
93908  -39.445  21.137  -0.888 0.0000000000
93915  -39.695  21.162  -1.656 0.0000000000
94731  -40.462  22.636  -1.491 0.0000000000
102211  -46.580  33.501  0.744 0.0000000000
102923  -46.057  33.949  -0.895 0.0000000000
102939  -46.756  34.373  -2.338 0.0000000000
140713  -46.363  34.288  -3.091 0.0000000000
92191  -47.235  19.778  3.346 0.0000000000
139546  -46.604  19.415  3.143 0.0000000000
92189  -45.805  19.019  2.957 0.0000000000
135874  -45.292  19.124  3.668 0.0000000000
94686  -34.154  22.371  3.062 0.0000000000
129345  -33.680  22.457  2.280 0.0000000000
136401  -47.973  20.759  -5.948 0.0000000000
93155  -47.672  20.414  -6.522 0.0000000000
93154  -46.912  19.963  -6.569 0.0000000000
93986  -42.881  21.572  -9.426 0.0000000000
94804  -43.937  22.146  -10.473 0.0000000000
137440  -44.545  22.119  -11.135 0.0000000000
95633  -44.869  22.965  -11.080 0.0000000000
95628  -45.084  23.803  -10.947 0.0000000000
98410  -45.135  26.958  0.422 0.0000000000
97709  -46.176  26.960  0.109 0.0000000000
99751  -44.832  29.146  -6.097 0.0000000000
99752  -46.166  29.197  -6.165 0.0000000000
133938  -45.581  28.920  -6.796 0.0000000000
99119  -46.223  28.513  -8.867 0.0000000000
127673  -45.228  28.463  -10.202 0.0000000000
127671  -43.918  28.431  -10.767 0.0000000000
102304  -38.565  33.441  -9.454 0.0000000000
101633  -37.627  32.309  -9.630 0.0000000000
102303  -37.737  33.046  -9.856 0.0000000000
102320  -37.415  33.138  -10.800 0.0000000000
102353  -36.753  33.294  -12.679 0.0000000000
102337  -37.174  33.430  -11.775 0.0000000000
93942  -40.287  21.261  -5.055 0.0000000000
94759  -40.361  22.132  -5.437 0.0000000000
94769  -40.532  22.050  -6.181 0.0000000000
94779  -40.856  22.346  -6.782 0.0000000000
95592  -41.088  23.277  -6.562 0.0000000000
96361  -41.530  24.079  -6.195 0.0000000000
99648  -49.169  29.323  3.721 0.0000000000
99665  -49.545  29.067  2.980 0.0000000000
100272  -49.611  29.615  2.296 0.0000000000
100281  -49.383  30.061  1.960 0.0000000000
139420  -48.875  30.233  1.236 0.0000000000
100286  -45.049  31.259  0.154 0.0000000000
100292  -44.599  31.019  -0.460 0.0000000000
145168  -44.804  29.989  -2.688 0.0000000000
144283  -43.815  30.182  -2.358 0.0000000000
99718  -42.484  29.606  -4.195 0.0000000000
99703  -41.946  29.900  -3.734 0.0000000000
100304  -41.544  30.598  -3.415 0.0000000000
100303  -40.830  30.899  -3.796 0.0000000000
102243  -43.401  33.597  -4.457 0.0000000000
102252  -41.788  33.196  -5.948 0.0000000000
102251  -40.942  32.977  -6.186 0.0000000000
102265  -40.670  33.014  -6.956 0.0000000000
149059  -41.605  33.185  -6.964 0.0000000000
127828  -41.628  33.230  -7.990 0.0000000000
146610  -41.896  33.224  -8.785 0.0000000000
91504  -44.392  19.453  -17.032 0.0000000000
97011  -37.364  25.572  -0.799 0.0000000000
138258  -37.787  26.313  -0.987 0.0000000000
98418  -38.181  27.712  -0.749 0.0000000000
99680  -38.655  29.348  1.221 0.0000000000
99683  -41.158  29.589  0.934 0.0000000000
132873  -41.748  29.593  1.502 0.0000000000
99662  -42.634  29.631  2.789 0.0000000000
100243  -42.469  30.066  5.758 0.0000000000
100244  -43.213  30.033  5.772 0.0000000000
147515  -44.797  29.887  5.688 0.0000000000
147239  -45.632  29.732  5.269 0.0000000000
100833  -45.975  30.680  6.131 0.0000000000
94753  -50.451  22.925  -4.970 0.0000000000
148333  -49.680  22.426  -4.305 0.0000000000
94746  -48.990  21.909  -4.142 0.0000000000
93103  -48.048  21.092  -1.054 0.0000000000
93926  -47.889  21.065  -1.853 0.0000000000
92233  -45.368  19.405  -1.901 0.0000000000
92222  -44.834  19.093  -1.453 0.0000000000
139275  -42.630  17.865  0.854 0.0000000000
91332  -42.822  18.017  0.279 0.0000000000
91343  -40.328  18.349  -0.605 0.0000000000
95486  -38.730  24.685  4.747 0.0000000000
96264  -39.560  25.076  5.117 0.0000000000
95487  -40.241  24.545  4.704 0.0000000000
149806  -41.732  23.587  4.753 0.0000000000
93865  -41.828  21.565  4.555 0.0000000000
93047  -41.437  20.661  4.463 0.0000000000
150806  -40.031  20.593  4.313 0.0000000000
93899  -36.559  21.215  0.882 0.0000000000
94714  -36.707  21.823  0.383 0.0000000000
95526  -36.072  23.051  0.117 0.0000000000
91470  -50.718  19.255  -13.349 0.0000000000
91469  -50.094  19.435  -13.958 0.0000000000
92301  -44.462  19.263  -7.151 0.0000000000
132088  -44.853  18.644  -10.722 0.0000000000
135529  -45.914  18.161  -12.037 0.0000000000
91466  -46.601  18.229  -13.038 0.0000000000
91479  -47.187  18.447  -14.414 0.0000000000
136592  -46.717  18.733  -15.107 0.0000000000
94028  -46.011  21.591  -14.444 0.0000000000
94041  -46.466  21.724  -17.458 0.0000000000
152088  -46.259  21.779  -18.180 0.0000000000
94842  -46.853  22.561  -16.782 0.0000000000
95665  -46.863  22.608  -16.570 0.0000000000
136873  -40.885  24.239  -0.983 0.0000000000
96306  -42.507  24.429  -1.406 0.0000000000
97020  -44.235  25.500  -1.089 0.0000000000
97022  -43.717  25.199  -1.800 0.0000000000
128620  -43.740  25.565  -2.816 0.0000000000
97026  -43.181  25.369  -3.605 0.0000000000
97042  -42.703  25.211  -5.137 0.0000000000
97036  -43.277  25.604  -4.499 0.0000000000
97043  -43.384  25.714  -5.357 0.0000000000
98426  -49.543  28.798  -0.805 0.0000000000
98429  -48.772  28.524  -1.496 0.0000000000
98432  -47.933  28.387  -3.218 0.0000000000
98456  -47.732  28.011  -6.840 0.0000000000
98455  -47.547  27.726  -6.957 0.0000000000
97764  -45.761  26.730  -6.754 0.0000000000
97771  -46.179  26.822  -7.548 0.0000000000
97074  -45.546  26.382  -8.950 0.0000000000
97081  -45.688  25.964  -9.733 0.0000000000
97082  -46.474  26.199  -10.171 0.0000000000
99164  -47.676  27.747  -11.657 0.0000000000
98488  -47.876  27.291  -12.247 0.0000000000
97824  -47.921  26.495  -13.750 0.0000000000
97836  -47.833  26.206  -14.242 0.0000000000
97117  -47.878  25.537  -14.582 0.0000000000
97115  -46.688  25.417  -14.805 0.0000000000
97114  -45.863  26.154  -14.527 0.0000000000
99181  -43.939  28.536  -15.591 0.0000000000
99190  -44.090  28.429  -15.501 0.0000000000
99189  -43.166  28.623  -16.286 0.0000000000
98513  -42.734  27.914  -17.147 0.0000000000
99102  -40.832  28.894  -7.799 0.0000000000
99114  -40.760  28.858  -8.692 0.0000000000
99783  -40.163  29.158  -9.956 0.0000000000
99788  -38.678  30.192  -12.233 0.0000000000
100363  -38.120  30.794  -13.302 0.0000000000
99812  -38.404  29.869  -15.877 0.0000000000
100382  -37.699  30.207  -15.833 0.0000000000
99820  -37.474  30.209  -15.817 0.0000000000
101654  -35.772  32.831  -14.092 0.0000000000
101647  -35.233  32.407  -13.671 0.0000000000
101643  -34.995  32.105  -12.593 0.0000000000
101642  -34.565  32.522  -11.762 0.0000000000
92240  -40.415  19.246  -2.665 0.0000000000
92251  -40.442  19.601  -3.368 0.0000000000
151568  -39.974  20.013  -3.319 0.0000000000
93932  -39.807  21.306  -3.313 0.0000000000
93933  -39.999  21.881  -3.731 0.0000000000
94752  -40.308  22.553  -4.112 0.0000000000
149073  -40.691  23.141  -3.666 0.0000000000
100872  -47.668  31.500  2.657 0.0000000000
101554  -45.947  32.099  1.277 0.0000000000
101567  -45.437  32.443  0.648 0.0000000000
100896  -44.519  31.753  -0.132 0.0000000000
101574  -43.851  32.078  -0.719 0.0000000000
100899  -43.370  31.731  -1.291 0.0000000000
101578  -42.746  32.022  -1.709 0.0000000000
101579  -43.386  32.405  -1.368 0.0000000000
102231  -43.543  33.347  -2.526 0.0000000000
102237  -43.456  33.484  -3.492 0.0000000000
102239  -45.084  33.875  -2.685 0.0000000000
102238  -44.469  33.725  -3.216 0.0000000000
102244  -44.217  33.796  -4.150 0.0000000000
102255  -44.090  33.874  -4.988 0.0000000000
148016  -43.974  33.854  -5.700 0.0000000000
102268  -44.319  34.007  -6.299 0.0000000000
99062  -37.137  28.328  -0.068 0.0000000000
99049  -36.798  28.417  0.762 0.0000000000
99039  -37.294  28.665  1.539 0.0000000000
99029  -37.710  28.851  2.293 0.0000000000
92215  -46.899  19.912  0.647 0.0000000000
142946  -46.136  19.473  0.502 0.0000000000
147999  -45.526  19.198  0.349 0.0000000000
91320  -44.206  18.411  1.306 0.0000000000
91309  -45.054  18.714  2.574 0.0000000000
135233  -43.546  18.100  1.897 0.0000000000
91319  -42.765  17.814  1.700 0.0000000000
90415  -41.883  17.669  2.037 0.0000000000
90414  -41.023  17.681  2.221 0.0000000000
95447  -38.971  24.269  6.401 0.0000000000
95446  -37.984  24.498  6.280 0.0000000000
96235  -37.757  25.072  5.933 0.0000000000
96263  -38.041  24.971  5.263 0.0000000000
96262  -37.178  24.781  5.322 0.0000000000
138844  -38.334  23.821  4.312 0.0000000000
94707  -35.192  22.018  1.200 0.0000000000
95516  -33.997  22.937  1.059 0.0000000000
95515  -33.273  23.132  1.310 0.0000000000
95522  -32.960  23.782  1.064 0.0000000000
93174  -42.382  20.541  -8.263 0.0000000000
93195  -43.572  20.307  -10.359 0.0000000000
92340  -44.004  19.799  -10.847 0.0000000000
92341  -44.367  19.717  -11.561 0.0000000000
92358  -44.927  19.832  -13.106 0.0000000000
152570  -45.072  20.830  -12.965 0.0000000000
94005  -44.953  21.891  -11.848 0.0000000000
94022  -45.660  21.663  -13.405 0.0000000000
94817  -45.895  22.419  -13.037 0.0000000000
98422  -42.415  26.948  -0.218 0.0000000000
97719  -42.886  25.882  -0.201 0.0000000000
97017  -44.091  25.671  -0.444 0.0000000000
130811  -45.185  26.595  -3.203 0.0000000000
128022  -47.814  29.620  -3.420 0.0000000000
99722  -47.835  29.332  -4.185 0.0000000000
99737  -47.653  29.169  -5.163 0.0000000000
99753  -46.925  29.157  -6.029 0.0000000000
99097  -47.392  28.625  -6.508 0.0000000000
98470  -48.001  27.837  -9.331 0.0000000000
99154  -47.928  27.997  -10.644 0.0000000000
99184  -46.131  27.778  -14.348 0.0000000000
99173  -45.632  28.190  -13.981 0.0000000000
99172  -44.852  28.421  -14.500 0.0000000000
127669  -44.162  28.420  -12.628 0.0000000000
133063  -44.307  28.590  -14.989 0.0000000000
99171  -43.729  28.725  -14.979 0.0000000000
99170  -42.771  28.891  -14.770 0.0000000000
99169  -41.784  29.105  -14.408 0.0000000000
100339  -38.112  30.910  -7.962 0.0000000000
99768  -38.613  30.012  -9.089 0.0000000000
139932  -38.123  30.638  -8.759 0.0000000000
100964  -36.566  31.494  -15.267 0.0000000000
139572  -36.196  33.143  -14.058 0.0000000000
102370  -35.193  33.678  -14.642 0.0000000000
92270  -45.014  19.619  -4.912 0.0000000000
92278  -44.391  19.539  -5.502 0.0000000000
92290  -43.940  19.504  -6.081 0.0000000000
92299  -42.771  19.756  -7.302 0.0000000000
92265  -40.755  19.825  -4.187 0.0000000000
93141  -40.831  20.625  -5.479 0.0000000000
151264  -41.350  20.426  -5.906 0.0000000000
149024  -42.182  21.216  -8.401 0.0000000000
94786  -41.664  22.555  -7.931 0.0000000000
95616  -42.789  23.209  -8.850 0.0000000000
95611  -43.048  23.935  -8.773 0.0000000000
99043  -47.323  28.339  1.928 0.0000000000
99059  -49.041  28.174  1.015 0.0000000000
98413  -49.417  28.402  0.071 0.0000000000
99046  -49.881  29.165  1.526 0.0000000000
99060  -49.780  28.832  0.754 0.0000000000
99068  -49.627  29.233  -0.802 0.0000000000
127139  -48.883  29.487  -2.128 0.0000000000
99701  -48.394  29.514  -2.847 0.0000000000
100279  -47.149  31.111  1.817 0.0000000000
127784  -47.664  30.461  1.127 0.0000000000
153282  -46.178  30.688  0.383 0.0000000000
100288  -47.120  30.329  0.180 0.0000000000
99691  -48.340  30.103  -0.602 0.0000000000
144572  -48.370  29.755  -2.360 0.0000000000
99707  -46.999  29.753  -3.898 0.0000000000
99705  -44.867  29.716  -3.662 0.0000000000
139625  -44.943  29.530  -4.632 0.0000000000
99105  -43.763  28.647  -7.582 0.0000000000
99116  -43.086  28.558  -8.279 0.0000000000
99104  -42.664  28.699  -7.479 0.0000000000
99103  -41.683  28.732  -7.605 0.0000000000
99732  -41.872  29.283  -5.455 0.0000000000
130203  -41.054  29.317  -5.896 0.0000000000
99762  -41.054  29.000  -6.851 0.0000000000
99761  -40.107  29.260  -7.204 0.0000000000
99746  -39.454  29.742  -6.703 0.0000000000
99745  -38.851  30.034  -7.115 0.0000000000
153427  -41.842  31.549  -2.717 0.0000000000
100903  -41.407  31.428  -3.181 0.0000000000
101585  -40.805  31.648  -3.783 0.0000000000
102235  -41.485  32.888  -3.917 0.0000000000
127994  -40.814  32.336  -4.046 0.0000000000
100909  -40.380  31.254  -4.333 0.0000000000
100321  -39.512  30.710  -5.594 0.0000000000
139302  -39.113  31.085  -5.956 0.0000000000
100333  -38.547  30.668  -7.205 0.0000000000
100933  -38.403  31.399  -7.366 0.0000000000
101618  -38.466  32.105  -7.616 0.0000000000
102289  -38.682  33.075  -8.541 0.0000000000
102276  -40.338  33.191  -7.638 0.0000000000
102275  -39.425  33.084  -7.936 0.0000000000
129353  -39.394  33.656  -9.572 0.0000000000
102339  -39.806  33.781  -11.212 0.0000000000
144171  -38.935  23.396  -0.712 0.0000000000
96297  -38.847  24.043  -0.861 0.0000000000
135243  -39.446  24.514  -0.991 0.0000000000
130518  -38.757  28.285  -0.567 0.0000000000
99052  -39.190  28.971  -0.216 0.0000000000
98419  -39.611  28.136  -0.676 0.0000000000
98420  -40.574  27.824  -0.642 0.0000000000
151332  -42.723  27.365  -0.004 0.0000000000
98408  -43.066  27.866  0.235 0.0000000000
99056  -43.825  28.391  0.661 0.0000000000
99641  -41.113  29.290  3.875 0.0000000000
130634  -41.966  29.412  3.825 0.0000000000
99663  -43.509  29.713  2.931 0.0000000000
150222  -47.040  28.856  2.999 0.0000000000
99664  -48.487  28.704  3.539 0.0000000000
99628  -46.774  29.623  5.227 0.0000000000
99647  -48.731  29.197  4.188 0.0000000000
99630  -48.728  29.850  4.668 0.0000000000
100261  -48.908  30.241  4.151 0.0000000000
100858  -48.730  31.373  4.405 0.0000000000
100846  -48.756  31.853  5.255 0.0000000000
93953  -49.125  21.735  -5.570 0.0000000000
93145  -48.501  21.214  -5.798 0.0000000000
93144  -47.948  20.886  -5.315 0.0000000000
128457  -47.295  20.648  -4.946 0.0000000000
93136  -46.612  20.338  -4.550 0.0000000000
140201  -48.587  21.658  -3.707 0.0000000000
93934  -47.689  21.025  -2.643 0.0000000000
148905  -48.147  21.342  -3.197 0.0000000000
93943  -48.012  21.205  -3.915 0.0000000000
92243  -44.347  19.174  -2.993 0.0000000000
147466  -42.816  18.822  -3.307 0.0000000000
91374  -42.244  18.692  -2.956 0.0000000000
91361  -41.525  18.608  -2.567 0.0000000000
91348  -45.162  19.100  -0.200 0.0000000000
91346  -44.018  18.625  -0.496 0.0000000000
127801  -43.268  18.417  -0.938 0.0000000000
91345  -42.600  18.127  -0.445 0.0000000000
131849  -39.702  19.807  -1.961 0.0000000000
94721  -38.865  22.155  -0.451 0.0000000000
93038  -46.255  20.621  5.269 0.0000000000
95415  -44.768  23.839  8.776 0.0000000000
130977  -44.889  24.252  8.119 0.0000000000
95448  -39.806  24.781  6.472 0.0000000000
95449  -40.557  24.775  6.717 0.0000000000
143497  -41.018  25.316  6.621 0.0000000000
96252  -40.432  25.277  5.522 0.0000000000
143336  -41.070  25.478  6.202 0.0000000000
96241  -43.119  25.210  7.039 0.0000000000
96228  -43.722  24.848  7.186 0.0000000000
95430  -44.389  24.456  7.388 0.0000000000
95453  -44.717  23.967  6.846 0.0000000000
94645  -44.428  23.355  6.172 0.0000000000
94658  -44.970  22.552  6.110 0.0000000000
94657  -44.373  22.343  5.700 0.0000000000
93853  -45.090  21.783  5.756 0.0000000000
93037  -45.328  20.925  5.341 0.0000000000
143127  -44.328  19.914  4.498 0.0000000000
92187  -43.317  19.121  3.941 0.0000000000
92173  -41.911  19.786  4.339 0.0000000000
92186  -42.412  19.047  3.984 0.0000000000
91294  -41.044  18.377  3.475 0.0000000000
91305  -40.656  17.965  2.881 0.0000000000
139760  -39.886  18.135  2.704 0.0000000000
93044  -38.934  21.348  4.179 0.0000000000
93060  -38.506  20.217  3.811 0.0000000000
151971  -38.689  19.590  3.568 0.0000000000
92181  -38.269  19.525  3.284 0.0000000000
92182  -38.898  19.132  3.373 0.0000000000
91304  -39.215  18.396  2.370 0.0000000000
91317  -39.297  18.360  1.550 0.0000000000
95535  -38.503  22.945  -0.537 0.0000000000
138017  -38.280  23.675  -0.690 0.0000000000
96295  -37.073  24.713  -0.576 0.0000000000
148880  -36.228  27.211  -0.250 0.0000000000
96287  -35.020  24.362  0.201 0.0000000000
97007  -35.025  26.025  0.020 0.0000000000
98406  -35.654  27.574  0.469 0.0000000000
98398  -35.244  27.650  1.400 0.0000000000
98393  -34.924  27.582  2.723 0.0000000000
98397  -34.420  27.411  1.700 0.0000000000
135536  -49.497  17.003  -12.797 0.0000000000
90530  -50.187  17.946  -13.576 0.0000000000
89691  -48.832  17.311  -14.565 0.0000000000
92280  -45.904  19.833  -5.828 0.0000000000
92292  -46.049  19.635  -6.583 0.0000000000
92303  -46.415  19.441  -7.426 0.0000000000
91419  -44.948  18.536  -9.189 0.0000000000
91429  -45.502  18.456  -9.634 0.0000000000
91468  -49.104  19.091  -13.333 0.0000000000
91481  -49.407  19.057  -14.563 0.0000000000
90548  -49.058  18.291  -15.263 0.0000000000
89702  -47.796  17.428  -15.404 0.0000000000
89711  -47.163  17.639  -15.854 0.0000000000
90556  -46.662  17.811  -16.283 0.0000000000
90565  -46.028  18.142  -16.781 0.0000000000
92359  -45.411  19.731  -13.898 0.0000000000
92365  -45.704  19.684  -14.957 0.0000000000
146503  -46.401  19.396  -17.150 0.0000000000
91511  -46.073  19.440  -17.454 0.0000000000
91506  -45.840  18.864  -17.199 0.0000000000
92378  -44.805  19.900  -17.691 0.0000000000
93234  -44.814  20.775  -18.122 0.0000000000
94047  -46.011  21.397  -18.501 0.0000000000
94046  -45.492  21.509  -18.412 0.0000000000
93228  -44.178  20.870  -17.518 0.0000000000
94039  -43.960  21.206  -17.100 0.0000000000
95538  -41.292  23.793  -1.321 0.0000000000
94732  -41.083  23.191  -1.631 0.0000000000
95550  -40.870  23.072  -2.869 0.0000000000
95559  -41.053  23.697  -4.063 0.0000000000
97015  -42.785  25.146  -0.466 0.0000000000
96312  -42.538  24.339  -2.135 0.0000000000
96321  -41.640  24.161  -3.568 0.0000000000
96349  -41.460  24.208  -5.321 0.0000000000
134768  -42.257  24.582  -6.579 0.0000000000
96370  -42.473  24.476  -7.410 0.0000000000
98400  -46.902  27.498  0.538 0.0000000000
97722  -46.516  27.024  -0.540 0.0000000000
98428  -47.643  27.694  -1.003 0.0000000000
143181  -45.990  26.614  -1.037 0.0000000000
97731  -45.687  26.790  -2.551 0.0000000000
98434  -47.855  28.495  -4.234 0.0000000000
98442  -47.376  27.821  -4.606 0.0000000000
134778  -47.477  27.853  -5.436 0.0000000000
98441  -46.463  27.273  -4.245 0.0000000000
129527  -45.525  26.783  -4.048 0.0000000000
97743  -44.946  26.546  -4.608 0.0000000000
97762  -44.252  26.280  -6.150 0.0000000000
97053  -43.888  25.972  -6.795 0.0000000000
97770  -45.172  26.613  -7.380 0.0000000000
97072  -43.778  25.429  -8.135 0.0000000000
96389  -44.683  24.269  -10.300 0.0000000000
141717  -46.928  23.758  -13.193 0.0000000000
97788  -47.937  27.402  -9.749 0.0000000000
97807  -47.656  26.599  -11.204 0.0000000000
142466  -48.004  27.101  -11.958 0.0000000000
97098  -47.866  26.485  -12.196 0.0000000000
97103  -47.632  25.450  -12.596 0.0000000000
96410  -47.774  24.353  -13.862 0.0000000000
95648  -47.486  23.718  -14.325 0.0000000000
95659  -47.381  23.740  -15.970 0.0000000000
96424  -47.824  24.763  -15.102 0.0000000000
95658  -46.885  23.800  -16.024 0.0000000000
98503  -45.632  27.761  -14.775 0.0000000000
137629  -44.684  27.168  -14.827 0.0000000000
99127  -42.698  28.462  -9.702 0.0000000000
99139  -42.531  28.487  -10.476 0.0000000000
151442  -41.243  28.659  -9.714 0.0000000000
99138  -41.721  28.644  -10.822 0.0000000000
99782  -39.514  29.527  -10.637 0.0000000000
143101  -39.255  29.822  -12.446 0.0000000000
131944  -39.912  29.478  -12.237 0.0000000000
99797  -40.380  29.367  -12.863 0.0000000000
128475  -40.987  29.279  -14.262 0.0000000000
99815  -41.304  29.256  -15.389 0.0000000000
99831  -41.437  29.009  -17.172 0.0000000000
99195  -40.156  28.679  -16.739 0.0000000000
142488  -39.670  28.026  -16.354 0.0000000000
147884  -38.912  29.074  -16.411 0.0000000000
98498  -38.958  28.138  -15.825 0.0000000000
98499  -39.531  27.548  -15.502 0.0000000000
99158  -37.359  28.335  -13.102 0.0000000000
100968  -36.317  31.362  -15.402 0.0000000000
100368  -36.113  30.780  -14.647 0.0000000000
100949  -35.003  31.658  -10.292 0.0000000000
147039  -44.473  33.914  -7.624 0.0000000000
102324  -41.582  33.326  -10.618 0.0000000000
130996  -40.719  33.570  -10.874 0.0000000000
102340  -40.640  33.660  -11.755 0.0000000000
103034  -40.208  33.863  -12.533 0.0000000000
103045  -41.065  33.824  -13.637 0.0000000000
130988  -40.252  34.215  -13.922 0.0000000000
103044  -39.301  34.179  -12.945 0.0000000000
103059  -37.426  34.449  -14.362 0.0000000000
103089  -38.740  34.923  -16.617 0.0000000000
103076  -37.962  34.716  -15.954 0.0000000000
103075  -36.755  34.485  -15.425 0.0000000000
136432  -35.992  34.609  -16.051 0.0000000000
90413  -39.817  17.976  1.966 0.0000000000
90429  -40.688  17.732  0.800 0.0000000000
91510  -45.495  19.622  -17.613 0.0000000000
92190  -46.159  19.384  3.753 0.0000000000
92351  -50.667  19.447  -13.272 0.0000000000
93050  -44.760  20.417  4.881 0.0000000000
93061  -39.178  19.655  3.825 0.0000000000
94855  -46.067  22.017  -18.376 0.0000000000
95429  -43.986  24.503  7.817 0.0000000000
95451  -43.451  24.757  6.497 0.0000000000
96239  -41.723  25.502  6.700 0.0000000000
96240  -42.484  25.447  6.924 0.0000000000
96253  -41.651  25.528  6.051 0.0000000000
97111  -48.053  26.017  -14.130 0.0000000000
98509  -39.436  28.650  -16.464 0.0000000000
98510  -40.586  28.358  -16.942 0.0000000000
98521  -42.619  28.252  -17.302 0.0000000000
99031  -49.736  28.975  2.336 0.0000000000
99092  -41.910  28.825  -6.992 0.0000000000
99096  -46.713  28.900  -6.717 0.0000000000
99150  -43.028  28.513  -11.790 0.0000000000
99666  -49.739  29.269  2.245 0.0000000000
99692  -49.740  29.437  -0.389 0.0000000000
99699  -45.841  29.981  -2.689 0.0000000000
99716  -40.575  30.065  -4.852 0.0000000000
99806  -40.334  29.446  -13.752 0.0000000000
99810  -36.783  30.735  -15.736 0.0000000000
99823  -40.563  29.200  -16.317 0.0000000000
99830  -40.171  28.857  -16.686 0.0000000000
99832  -42.085  28.995  -17.479 0.0000000000
100312  -39.864  30.958  -4.882 0.0000000000
100327  -39.060  30.478  -6.402 0.0000000000
100836  -48.420  31.876  5.864 0.0000000000
100918  -39.549  31.351  -5.409 0.0000000000
101566  -44.850  32.236  0.256 0.0000000000
101582  -41.801  32.109  -2.671 0.0000000000
101583  -42.282  32.625  -2.543 0.0000000000
101592  -40.350  32.297  -4.748 0.0000000000
101593  -40.980  32.804  -4.606 0.0000000000
101601  -39.730  32.037  -5.314 0.0000000000
101627  -37.843  31.996  -8.856 0.0000000000
102242  -42.762  33.445  -4.837 0.0000000000
102961  -44.654  34.144  -5.547 0.0000000000
103743  -37.096  35.263  -16.671 0.0000000000
128251  -39.700  32.338  -5.925 0.0000000000
129077  -43.032  33.250  -8.099 0.0000000000
134087  -40.860  33.302  -8.070 0.0000000000
136553  -48.588  31.441  5.523 0.0000000000
136818  -44.575  18.802  -0.106 0.0000000000
139934  -47.671  29.870  -2.744 0.0000000000
140245  -39.526  24.366  4.588 0.0000000000
143493  -40.589  20.638  4.383 0.0000000000
146380  -37.777  31.002  -9.295 0.0000000000
147579  -38.750  32.659  -7.927 0.0000000000
148909  -40.356  17.843  2.299 0.0000000000
149589  -43.837  28.982  -6.311 0.0000000000
149719  -42.367  32.225  -2.226 0.0000000000
151068  -44.664  18.620  2.720 0.0000000000
151721  -42.873  33.142  -8.614 0.0000000000
152337  -45.212  18.848  3.090 0.0000000000
152417  -40.998  21.794  -7.023 0.0000000000
152452  -40.424  31.836  -4.301 0.0000000000
