#!ascii label  , from subject sub-v1s14x0051585_ses-1 vox2ras=TkReg
1099
135463  7.857  -7.669  39.529 0.0000000000
54989  2.993  -15.829  30.847 0.0000000000
55973  3.236  -14.444  43.179 0.0000000000
63693  2.238  -7.471  37.721 0.0000000000
67157  4.856  -3.760  32.688 0.0000000000
61445  6.151  -10.952  43.903 0.0000000000
63617  3.449  -7.579  43.006 0.0000000000
60457  12.815  -9.507  38.859 0.0000000000
60397  10.591  -10.556  43.487 0.0000000000
52551  5.996  -17.436  44.474 0.0000000000
128550  4.556  -2.004  40.218 0.0000000000
66026  3.928  -5.413  35.299 0.0000000000
72430  4.572  0.695  35.882 0.0000000000
52599  0.971  -17.800  41.111 0.0000000000
56048  2.660  -14.608  37.504 0.0000000000
143474  1.918  -10.911  40.866 0.0000000000
128435  3.698  -5.294  42.258 0.0000000000
58336  3.911  -12.300  35.073 0.0000000000
60510  7.333  -10.235  32.148 0.0000000000
63818  8.330  -7.468  28.738 0.0000000000
68319  2.431  -3.857  28.527 0.0000000000
61504  6.799  -9.117  41.586 0.0000000000
132895  5.496  -8.330  42.754 0.0000000000
62627  11.138  -7.944  38.740 0.0000000000
61502  11.828  -9.597  41.838 0.0000000000
62573  9.605  -8.737  42.216 0.0000000000
61455  8.203  -10.149  44.138 0.0000000000
71398  4.523  -0.467  37.623 0.0000000000
53706  1.903  -16.338  42.303 0.0000000000
56002  1.816  -14.902  41.026 0.0000000000
58255  2.199  -12.638  42.137 0.0000000000
65946  5.141  -5.055  44.381 0.0000000000
64776  3.505  -6.501  42.840 0.0000000000
53655  4.232  -16.337  44.471 0.0000000000
50205  4.133  -19.349  44.252 0.0000000000
52561  2.664  -18.449  43.219 0.0000000000
49024  1.179  -20.241  43.610 0.0000000000
145343  2.518  -12.070  37.058 0.0000000000
57188  3.079  -13.139  36.345 0.0000000000
61573  2.681  -10.288  35.532 0.0000000000
67133  5.326  -4.712  34.490 0.0000000000
63754  6.109  -7.714  34.165 0.0000000000
66039  7.465  -5.978  33.166 0.0000000000
62732  8.571  -8.860  30.213 0.0000000000
66074  6.958  -5.818  30.985 0.0000000000
58223  4.459  -12.468  43.785 0.0000000000
136218  3.533  -10.880  42.714 0.0000000000
61459  4.098  -9.194  43.190 0.0000000000
64754  5.371  -6.405  43.732 0.0000000000
59401  14.211  -11.980  40.232 0.0000000000
55999  13.508  -13.420  39.266 0.0000000000
128114  11.887  -11.758  40.175 0.0000000000
58253  10.221  -12.297  41.754 0.0000000000
57083  8.449  -13.431  44.961 0.0000000000
58207  6.412  -12.874  45.172 0.0000000000
66004  2.889  -5.283  38.831 0.0000000000
64857  2.038  -6.591  35.675 0.0000000000
68217  3.479  -3.814  37.346 0.0000000000
69313  4.164  -2.148  35.638 0.0000000000
70361  4.454  -1.371  34.154 0.0000000000
143902  9.765  -6.496  36.901 0.0000000000
58235  18.141  -11.916  41.668 0.0000000000
61437  17.253  -8.456  44.213 0.0000000000
62613  14.925  -9.146  39.242 0.0000000000
62642  13.022  -7.879  37.365 0.0000000000
50273  1.139  -19.571  39.410 0.0000000000
51496  2.291  -18.262  37.618 0.0000000000
53742  2.064  -16.239  39.368 0.0000000000
57150  2.147  -13.540  38.727 0.0000000000
136415  2.587  -9.816  38.963 0.0000000000
61490  2.408  -9.127  41.913 0.0000000000
129477  2.519  -7.379  41.033 0.0000000000
65989  2.772  -6.146  40.143 0.0000000000
68176  4.299  -3.182  41.483 0.0000000000
53764  3.510  -16.539  36.566 0.0000000000
54953  4.466  -15.456  34.959 0.0000000000
56109  4.996  -14.294  32.795 0.0000000000
62692  3.580  -8.738  34.293 0.0000000000
59470  5.866  -11.529  33.248 0.0000000000
58373  4.462  -12.938  31.049 0.0000000000
60529  4.527  -10.976  30.073 0.0000000000
126628  6.063  -9.837  28.125 0.0000000000
73576  5.297  1.782  34.620 0.0000000000
70378  5.036  -1.521  32.378 0.0000000000
70398  5.990  -1.035  30.265 0.0000000000
67185  3.210  -4.914  30.667 0.0000000000
64979  4.274  -6.902  29.070 0.0000000000
62591  7.332  -8.720  40.961 0.0000000000
63637  6.366  -7.881  41.223 0.0000000000
64806  6.987  -6.777  39.993 0.0000000000
63657  9.153  -7.777  39.006 0.0000000000
62603  10.704  -8.239  40.522 0.0000000000
62604  9.487  -8.334  40.549 0.0000000000
62590  8.567  -8.910  41.956 0.0000000000
53877  2.687  -16.648  29.311 0.0000000000
150085  2.874  -14.728  29.693 0.0000000000
145944  2.476  -15.887  42.739 0.0000000000
55984  2.376  -14.593  42.541 0.0000000000
57107  2.579  -13.865  42.664 0.0000000000
54876  15.261  -14.220  39.268 0.0000000000
145058  3.754  -15.391  43.915 0.0000000000
52553  3.207  -17.905  43.546 0.0000000000
53674  2.914  -16.702  43.173 0.0000000000
128000  2.129  -17.667  42.651 0.0000000000
144345  2.936  -10.274  36.831 0.0000000000
60478  2.720  -10.955  36.256 0.0000000000
62657  2.778  -8.738  36.375 0.0000000000
148520  5.123  -3.862  33.453 0.0000000000
66041  6.307  -5.220  33.987 0.0000000000
67140  6.224  -4.919  33.269 0.0000000000
66059  7.196  -5.726  31.824 0.0000000000
66061  5.280  -5.260  31.711 0.0000000000
60387  5.279  -11.726  43.883 0.0000000000
60400  4.731  -11.255  43.281 0.0000000000
139833  4.754  -10.202  43.238 0.0000000000
63615  5.460  -6.669  43.681 0.0000000000
64745  6.392  -5.266  44.045 0.0000000000
60444  13.807  -10.476  39.142 0.0000000000
59402  13.413  -11.992  39.924 0.0000000000
60432  12.434  -10.552  39.920 0.0000000000
127541  11.446  -9.846  42.876 0.0000000000
59395  11.140  -11.171  41.602 0.0000000000
58229  10.415  -11.605  42.935 0.0000000000
58215  9.360  -12.207  43.851 0.0000000000
61444  7.050  -10.852  44.162 0.0000000000
60372  7.138  -11.889  44.428 0.0000000000
141734  6.486  -11.966  44.436 0.0000000000
58209  5.429  -12.944  44.822 0.0000000000
150470  4.153  -3.716  39.617 0.0000000000
68207  3.597  -3.948  38.212 0.0000000000
69286  4.478  -2.512  38.717 0.0000000000
138720  4.481  0.121  37.313 0.0000000000
70345  4.486  -1.263  37.050 0.0000000000
135898  4.460  -0.793  36.155 0.0000000000
69320  4.249  -2.417  34.880 0.0000000000
71426  4.464  -0.924  34.705 0.0000000000
61501  14.962  -9.455  40.828 0.0000000000
50266  0.950  -19.623  40.436 0.0000000000
51485  1.365  -18.020  39.035 0.0000000000
145956  0.981  -17.819  40.055 0.0000000000
57129  1.983  -12.958  40.474 0.0000000000
57139  2.072  -13.559  39.807 0.0000000000
59415  2.166  -11.983  39.378 0.0000000000
139827  2.335  -11.437  38.859 0.0000000000
143656  2.190  -9.745  39.933 0.0000000000
61477  3.228  -9.120  42.637 0.0000000000
133141  3.038  -9.830  42.525 0.0000000000
62560  2.989  -8.528  42.400 0.0000000000
136269  3.766  -5.649  42.936 0.0000000000
64786  3.108  -7.028  42.100 0.0000000000
140972  2.885  -6.916  41.384 0.0000000000
64797  2.580  -6.756  40.574 0.0000000000
128812  3.299  -5.628  40.682 0.0000000000
67086  3.619  -4.943  40.394 0.0000000000
139840  4.128  -3.788  42.101 0.0000000000
56011  12.291  -13.205  38.961 0.0000000000
56028  13.196  -14.081  38.313 0.0000000000
52567  6.678  -17.608  43.584 0.0000000000
131320  6.318  -18.566  43.080 0.0000000000
51427  5.943  -18.360  43.877 0.0000000000
145867  3.446  -20.848  44.522 0.0000000000
151890  4.316  -20.856  44.115 0.0000000000
51453  1.122  -18.575  41.851 0.0000000000
139863  0.918  -20.058  41.237 0.0000000000
53751  2.749  -16.355  37.804 0.0000000000
52633  2.827  -17.798  37.065 0.0000000000
53756  3.129  -15.662  37.060 0.0000000000
57204  3.436  -12.942  35.590 0.0000000000
56082  4.022  -14.624  35.621 0.0000000000
57186  3.960  -13.782  35.467 0.0000000000
54964  4.650  -15.570  34.043 0.0000000000
57225  4.948  -13.972  33.990 0.0000000000
64856  2.457  -6.575  35.182 0.0000000000
63721  2.780  -7.484  34.753 0.0000000000
64878  3.337  -6.806  34.795 0.0000000000
61591  7.013  -9.323  33.315 0.0000000000
136099  6.152  -9.236  33.772 0.0000000000
60502  6.401  -10.866  32.973 0.0000000000
58362  5.513  -12.805  32.282 0.0000000000
59483  6.315  -11.485  31.676 0.0000000000
59494  4.203  -11.566  30.224 0.0000000000
59492  6.158  -11.346  30.921 0.0000000000
62744  8.467  -8.744  29.338 0.0000000000
130405  7.405  -9.715  28.799 0.0000000000
126656  7.512  -9.450  28.064 0.0000000000
73585  6.278  1.771  33.366 0.0000000000
71436  5.032  -0.287  33.433 0.0000000000
72465  6.125  -0.144  32.311 0.0000000000
127362  3.773  -2.058  28.316 0.0000000000
69382  4.147  -2.495  28.936 0.0000000000
69364  4.437  -2.793  30.728 0.0000000000
67198  2.787  -4.717  30.081 0.0000000000
64942  3.106  -6.215  30.429 0.0000000000
64960  2.055  -6.359  29.188 0.0000000000
61474  6.188  -9.727  42.836 0.0000000000
61475  5.365  -9.683  43.110 0.0000000000
62575  5.913  -8.712  42.011 0.0000000000
62614  12.411  -8.620  38.684 0.0000000000
61516  12.275  -9.541  40.155 0.0000000000
62602  11.649  -8.405  40.305 0.0000000000
62571  11.229  -8.800  42.069 0.0000000000
61485  11.017  -9.256  43.033 0.0000000000
126764  9.544  -10.037  44.077 0.0000000000
62557  9.106  -9.074  42.937 0.0000000000
137382  7.709  -9.713  43.123 0.0000000000
71377  4.510  -0.418  40.443 0.0000000000
139585  4.597  -1.545  38.699 0.0000000000
72406  3.985  1.002  39.209 0.0000000000
72413  4.099  0.930  38.233 0.0000000000
137693  4.320  2.031  36.999 0.0000000000
52586  1.109  -17.142  41.460 0.0000000000
53720  1.310  -16.342  41.346 0.0000000000
54867  1.737  -15.542  41.726 0.0000000000
139381  2.018  -13.285  41.519 0.0000000000
58268  1.952  -12.392  41.236 0.0000000000
145088  4.649  -6.089  43.738 0.0000000000
64765  3.743  -6.740  43.288 0.0000000000
67052  4.227  -5.273  43.582 0.0000000000
67059  4.012  -5.043  43.338 0.0000000000
67068  3.981  -4.201  43.108 0.0000000000
68165  4.061  -3.814  42.821 0.0000000000
150592  5.331  -16.466  45.096 0.0000000000
129003  5.197  -18.419  44.322 0.0000000000
51402  4.180  -17.823  44.271 0.0000000000
50206  3.439  -19.476  44.133 0.0000000000
50220  2.031  -19.703  44.094 0.0000000000
49013  1.667  -20.253  44.182 0.0000000000
51440  1.831  -19.095  43.139 0.0000000000
52575  1.736  -18.309  42.684 0.0000000000
57162  2.532  -13.473  37.316 0.0000000000
134656  2.766  -13.728  37.215 0.0000000000
58312  2.861  -12.533  36.770 0.0000000000
58337  3.075  -12.224  36.105 0.0000000000
59464  2.953  -11.376  35.712 0.0000000000
141558  4.416  -4.709  35.102 0.0000000000
64877  4.296  -6.173  34.991 0.0000000000
66032  5.791  -5.467  34.497 0.0000000000
63753  6.911  -6.830  34.042 0.0000000000
62687  8.064  -8.090  32.996 0.0000000000
61616  8.236  -9.371  31.397 0.0000000000
63786  8.606  -7.552  31.554 0.0000000000
64937  8.249  -6.668  30.621 0.0000000000
64954  8.084  -6.639  29.856 0.0000000000
69392  2.259  -2.708  27.277 0.0000000000
66107  1.158  -5.516  27.643 0.0000000000
147365  1.211  -4.475  25.472 0.0000000000
150154  3.695  -13.211  43.526 0.0000000000
129731  3.334  -12.371  42.852 0.0000000000
59366  4.202  -11.773  43.169 0.0000000000
61461  3.623  -9.995  42.816 0.0000000000
62548  3.686  -8.235  43.158 0.0000000000
62558  4.968  -8.632  43.291 0.0000000000
62546  4.651  -7.717  43.565 0.0000000000
63609  4.437  -7.146  43.625 0.0000000000
64747  5.176  -5.755  43.920 0.0000000000
58251  14.894  -12.393  40.511 0.0000000000
55998  14.332  -13.491  39.662 0.0000000000
130390  14.066  -12.486  40.166 0.0000000000
59404  11.800  -11.035  40.637 0.0000000000
138763  11.311  -11.595  40.724 0.0000000000
57128  10.549  -12.529  40.140 0.0000000000
53688  7.185  -16.606  43.604 0.0000000000
53651  6.911  -15.738  45.096 0.0000000000
60369  8.430  -11.849  44.237 0.0000000000
58200  7.208  -13.423  45.432 0.0000000000
53643  5.944  -15.444  45.469 0.0000000000
148240  5.523  -14.380  45.297 0.0000000000
57070  4.552  -13.773  44.432 0.0000000000
152281  2.130  -6.062  38.497 0.0000000000
130296  1.907  -6.770  37.073 0.0000000000
144668  2.275  -5.385  37.623 0.0000000000
67118  2.582  -5.015  37.149 0.0000000000
143643  2.945  -5.081  36.028 0.0000000000
69295  4.481  -2.013  37.832 0.0000000000
69304  3.735  -3.200  36.905 0.0000000000
68237  3.714  -3.480  35.781 0.0000000000
68247  4.135  -3.112  35.097 0.0000000000
69330  4.463  -2.735  34.355 0.0000000000
138922  4.615  -2.642  33.430 0.0000000000
63671  8.624  -7.227  38.512 0.0000000000
57112  16.919  -12.866  40.863 0.0000000000
63602  19.505  -6.975  44.787 0.0000000000
63599  18.214  -6.746  45.573 0.0000000000
61450  18.293  -8.877  43.350 0.0000000000
60406  17.678  -10.262  43.102 0.0000000000
58228  15.956  -11.088  41.950 0.0000000000
58238  15.610  -11.641  41.193 0.0000000000
60431  14.811  -10.302  39.735 0.0000000000
60455  14.160  -9.790  38.678 0.0000000000
62640  14.184  -8.503  37.962 0.0000000000
61547  13.480  -8.577  37.844 0.0000000000
62643  12.217  -7.823  37.513 0.0000000000
130703  10.336  -7.678  37.946 0.0000000000
148855  2.024  -17.327  38.727 0.0000000000
54895  2.658  -15.535  37.895 0.0000000000
54882  2.011  -15.644  39.734 0.0000000000
56015  2.203  -14.858  39.227 0.0000000000
57151  2.238  -13.569  37.707 0.0000000000
58298  2.401  -12.566  37.307 0.0000000000
60458  2.609  -10.785  38.291 0.0000000000
61536  2.708  -8.957  38.622 0.0000000000
59379  3.110  -11.459  42.606 0.0000000000
128785  2.133  -10.542  42.057 0.0000000000
60422  1.963  -10.245  41.339 0.0000000000
63629  2.898  -7.608  42.033 0.0000000000
62594  2.350  -8.560  41.502 0.0000000000
61517  2.019  -9.602  40.726 0.0000000000
62619  2.206  -8.370  40.209 0.0000000000
140008  2.273  -8.175  39.266 0.0000000000
64814  2.145  -6.561  39.131 0.0000000000
65997  2.465  -5.944  39.207 0.0000000000
146972  3.949  -4.288  40.012 0.0000000000
69276  4.425  -2.743  40.645 0.0000000000
131328  4.179  -3.234  42.421 0.0000000000
137079  4.473  -2.060  41.216 0.0000000000
138121  4.558  -0.945  41.268 0.0000000000
50256  6.226  -19.436  41.775 0.0000000000
50217  5.062  -19.569  44.015 0.0000000000
54943  3.560  -15.608  36.427 0.0000000000
53775  3.952  -16.448  35.818 0.0000000000
56123  3.933  -15.181  31.843 0.0000000000
127347  2.308  -8.055  35.714 0.0000000000
61583  2.913  -9.537  34.875 0.0000000000
60493  3.725  -10.758  34.769 0.0000000000
62691  4.517  -8.719  34.234 0.0000000000
147842  4.781  -10.007  34.203 0.0000000000
152305  4.465  -11.608  34.532 0.0000000000
58349  5.496  -12.957  33.061 0.0000000000
57242  4.639  -13.863  31.751 0.0000000000
56146  3.462  -14.207  30.703 0.0000000000
57268  3.421  -13.315  30.290 0.0000000000
60540  7.276  -10.304  30.051 0.0000000000
60555  4.367  -10.376  28.755 0.0000000000
74577  4.606  2.477  36.433 0.0000000000
74586  5.229  2.730  35.434 0.0000000000
145741  4.681  0.753  35.342 0.0000000000
72447  4.871  0.187  34.165 0.0000000000
70368  4.563  -1.498  33.532 0.0000000000
69344  4.647  -2.601  32.458 0.0000000000
70390  5.878  -1.176  31.161 0.0000000000
69356  4.453  -2.871  31.480 0.0000000000
67169  4.298  -4.038  31.795 0.0000000000
141170  4.553  -5.426  31.368 0.0000000000
64939  5.661  -6.197  30.300 0.0000000000
64956  6.364  -6.335  29.288 0.0000000000
127499  5.718  -6.639  27.914 0.0000000000
62606  7.645  -8.194  40.195 0.0000000000
63646  7.157  -7.598  39.967 0.0000000000
62617  9.832  -8.105  39.705 0.0000000000
62618  8.643  -8.079  39.774 0.0000000000
62605  8.336  -8.481  40.617 0.0000000000
53856  2.647  -16.629  30.350 0.0000000000
132665  2.748  -15.915  30.051 0.0000000000
55004  3.082  -15.021  30.272 0.0000000000
135564  2.901  -15.149  42.974 0.0000000000
55977  2.809  -14.484  42.855 0.0000000000
57098  3.107  -13.776  43.015 0.0000000000
55996  15.797  -13.904  39.992 0.0000000000
56008  16.226  -14.315  39.270 0.0000000000
55997  15.022  -13.637  39.884 0.0000000000
139891  3.358  -15.145  43.409 0.0000000000
54817  3.363  -16.069  43.545 0.0000000000
54834  2.918  -15.896  43.133 0.0000000000
136376  2.623  -16.526  42.890 0.0000000000
145819  2.989  -8.904  37.840 0.0000000000
61548  3.102  -9.314  37.064 0.0000000000
62644  2.671  -8.353  37.326 0.0000000000
67156  5.467  -4.286  33.010 0.0000000000
66051  5.823  -4.945  32.451 0.0000000000
67168  4.813  -4.598  31.972 0.0000000000
146767  5.459  -10.865  43.542 0.0000000000
144016  5.101  -11.003  43.398 0.0000000000
61458  5.405  -10.356  43.367 0.0000000000
60456  13.547  -9.758  38.657 0.0000000000
59414  13.262  -11.099  39.650 0.0000000000
60445  13.075  -10.279  39.201 0.0000000000
60414  11.144  -10.507  43.206 0.0000000000
59389  10.980  -11.097  42.753 0.0000000000
59377  10.626  -11.028  43.177 0.0000000000
58230  9.937  -12.148  43.179 0.0000000000
59378  10.102  -11.523  43.182 0.0000000000
58221  9.637  -12.118  43.530 0.0000000000
59365  9.721  -11.490  43.438 0.0000000000
134585  6.732  -11.388  44.254 0.0000000000
60386  5.872  -11.444  44.023 0.0000000000
135205  4.438  -2.865  39.714 0.0000000000
68197  4.153  -3.437  38.845 0.0000000000
134695  4.591  -1.998  39.411 0.0000000000
72423  4.508  0.306  36.815 0.0000000000
71406  4.518  -0.328  36.836 0.0000000000
71415  4.559  0.072  36.137 0.0000000000
144049  4.501  -0.450  35.410 0.0000000000
149223  4.585  0.220  35.475 0.0000000000
51463  0.893  -18.654  40.761 0.0000000000
58267  1.962  -12.157  40.244 0.0000000000
59405  2.029  -11.286  40.035 0.0000000000
60434  2.001  -10.397  40.395 0.0000000000
62559  3.288  -8.371  42.774 0.0000000000
64785  3.362  -6.231  42.036 0.0000000000
65982  3.430  -5.700  41.487 0.0000000000
64796  3.077  -6.292  41.021 0.0000000000
67076  3.697  -5.050  41.402 0.0000000000
68166  3.934  -4.446  42.330 0.0000000000
52560  6.418  -17.577  43.979 0.0000000000
51439  6.363  -18.135  43.541 0.0000000000
51414  5.951  -17.862  44.256 0.0000000000
49011  2.853  -20.633  44.518 0.0000000000
50257  0.967  -19.382  41.489 0.0000000000
152340  2.963  -15.943  37.442 0.0000000000
54912  2.913  -15.267  37.439 0.0000000000
57203  4.378  -13.210  34.773 0.0000000000
149187  4.496  -13.884  34.742 0.0000000000
66027  2.888  -5.650  35.624 0.0000000000
64855  3.289  -6.055  35.151 0.0000000000
61604  7.529  -9.643  32.560 0.0000000000
61605  6.963  -10.206  32.785 0.0000000000
60511  6.847  -10.876  32.098 0.0000000000
60515  7.349  -10.406  31.533 0.0000000000
143881  8.528  -8.000  29.182 0.0000000000
61649  8.066  -9.219  28.673 0.0000000000
132556  8.382  -8.436  28.459 0.0000000000
74606  6.470  2.559  33.536 0.0000000000
72455  6.012  0.969  33.175 0.0000000000
73593  6.699  1.389  32.627 0.0000000000
69383  3.489  -2.787  28.562 0.0000000000
68318  3.070  -3.563  28.934 0.0000000000
68306  3.681  -3.208  29.362 0.0000000000
68307  2.439  -4.446  29.289 0.0000000000
67199  2.117  -5.258  29.851 0.0000000000
131536  1.769  -5.286  29.147 0.0000000000
61487  6.995  -9.572  42.325 0.0000000000
61488  6.276  -9.248  42.063 0.0000000000
62574  6.322  -8.919  41.634 0.0000000000
129554  6.473  -7.099  41.118 0.0000000000
62615  11.769  -8.192  39.367 0.0000000000
62588  10.321  -8.505  41.472 0.0000000000
62587  11.404  -8.598  41.194 0.0000000000
62572  10.497  -8.779  42.433 0.0000000000
62556  10.079  -8.986  43.189 0.0000000000
61503  7.571  -9.141  41.675 0.0000000000
61486  8.044  -9.389  42.503 0.0000000000
61473  7.038  -9.989  43.371 0.0000000000
71383  4.386  0.100  39.548 0.0000000000
73517  3.927  1.688  38.552 0.0000000000
73536  4.155  1.524  37.632 0.0000000000
74558  4.128  2.386  37.924 0.0000000000
127999  1.427  -16.957  42.057 0.0000000000
147168  2.283  -13.347  42.354 0.0000000000
57116  2.153  -13.988  42.165 0.0000000000
58254  2.073  -11.816  41.904 0.0000000000
64748  4.770  -5.587  43.952 0.0000000000
65963  4.334  -5.806  43.632 0.0000000000
65962  4.498  -5.011  44.023 0.0000000000
67051  4.185  -4.643  43.751 0.0000000000
67058  3.996  -4.284  43.548 0.0000000000
68151  4.056  -3.779  43.927 0.0000000000
68157  3.971  -3.781  43.419 0.0000000000
133353  4.787  -16.542  44.866 0.0000000000
145339  4.631  -17.261  44.618 0.0000000000
52541  4.202  -17.054  44.420 0.0000000000
51417  3.449  -18.613  43.844 0.0000000000
51418  2.805  -18.814  43.526 0.0000000000
50219  2.668  -19.451  43.883 0.0000000000
51429  2.248  -19.156  43.444 0.0000000000
134240  2.257  -16.858  42.656 0.0000000000
128051  1.782  -17.327  42.502 0.0000000000
131473  1.301  -17.769  42.137 0.0000000000
58299  2.556  -12.907  37.236 0.0000000000
59433  2.592  -12.462  37.104 0.0000000000
60484  2.724  -10.939  35.948 0.0000000000
59444  2.750  -11.554  36.375 0.0000000000
59457  2.790  -11.320  36.185 0.0000000000
58338  3.090  -11.728  35.870 0.0000000000
60495  2.661  -10.479  35.391 0.0000000000
67134  4.596  -4.117  34.724 0.0000000000
66033  4.979  -5.416  34.900 0.0000000000
64899  7.028  -5.888  33.799 0.0000000000
136783  7.443  -6.506  33.499 0.0000000000
63752  7.613  -7.380  33.418 0.0000000000
63751  8.177  -7.378  32.812 0.0000000000
63770  8.445  -7.830  32.338 0.0000000000
64914  8.401  -7.010  32.221 0.0000000000
64926  7.781  -6.179  31.202 0.0000000000
64938  7.566  -6.193  30.365 0.0000000000
139104  2.412  -1.911  27.044 0.0000000000
68340  1.629  -3.291  26.635 0.0000000000
68330  1.168  -4.201  26.627 0.0000000000
68341  1.088  -3.642  25.549 0.0000000000
58217  3.975  -13.376  43.881 0.0000000000
143973  3.904  -12.649  43.454 0.0000000000
127155  4.276  -10.229  43.076 0.0000000000
61460  3.645  -9.164  42.952 0.0000000000
62547  4.220  -8.199  43.406 0.0000000000
63608  4.987  -7.006  43.741 0.0000000000
64755  4.909  -6.456  43.753 0.0000000000
64746  5.651  -5.862  43.808 0.0000000000
132417  14.652  -12.338  40.508 0.0000000000
58262  14.436  -12.696  40.225 0.0000000000
59403  12.505  -11.507  39.989 0.0000000000
145707  12.631  -12.068  39.816 0.0000000000
60433  12.054  -10.023  40.794 0.0000000000
58240  10.535  -11.702  42.231 0.0000000000
58252  10.703  -11.837  41.171 0.0000000000
58266  10.431  -12.276  40.836 0.0000000000
57115  10.011  -12.751  41.145 0.0000000000
55983  9.102  -14.094  42.182 0.0000000000
55971  8.508  -14.403  44.283 0.0000000000
54814  7.925  -14.933  44.753 0.0000000000
53673  7.182  -16.267  44.187 0.0000000000
54815  7.356  -15.018  45.182 0.0000000000
139726  8.762  -10.151  44.065 0.0000000000
60382  8.938  -11.234  43.874 0.0000000000
61442  8.254  -10.654  44.037 0.0000000000
135977  6.825  -12.448  44.793 0.0000000000
59346  7.352  -12.407  44.703 0.0000000000
135278  6.878  -13.569  45.520 0.0000000000
128661  6.729  -14.272  45.573 0.0000000000
55922  6.349  -14.421  45.581 0.0000000000
147262  5.906  -14.665  45.543 0.0000000000
57051  5.951  -14.016  45.502 0.0000000000
59348  4.873  -12.688  44.329 0.0000000000
57069  5.037  -13.252  44.694 0.0000000000
58216  4.426  -13.005  44.180 0.0000000000
57084  3.914  -14.093  43.926 0.0000000000
66005  2.355  -5.587  38.291 0.0000000000
64825  2.006  -5.947  37.597 0.0000000000
66013  2.645  -5.024  38.024 0.0000000000
67117  3.099  -4.489  37.700 0.0000000000
126703  3.130  -4.429  36.876 0.0000000000
148063  2.874  -4.929  36.467 0.0000000000
71391  4.522  -0.493  38.601 0.0000000000
134067  4.557  -1.162  37.963 0.0000000000
70352  4.331  -1.558  36.180 0.0000000000
131121  4.182  -2.338  36.777 0.0000000000
69314  3.762  -2.938  36.153 0.0000000000
68236  3.955  -3.964  35.326 0.0000000000
69321  3.966  -2.825  35.511 0.0000000000
142118  4.329  -1.693  34.769 0.0000000000
130769  4.418  -2.038  34.020 0.0000000000
151809  4.666  -3.118  34.003 0.0000000000
64824  8.929  -6.700  37.800 0.0000000000
66012  8.802  -5.882  37.739 0.0000000000
66011  9.473  -5.560  37.308 0.0000000000
58248  18.598  -12.125  41.168 0.0000000000
58260  18.866  -12.456  40.420 0.0000000000
58261  17.911  -12.743  40.762 0.0000000000
58249  17.598  -12.347  41.319 0.0000000000
62535  17.099  -7.306  45.024 0.0000000000
63594  17.707  -6.267  45.728 0.0000000000
62534  18.070  -7.363  45.165 0.0000000000
62538  18.411  -7.654  44.700 0.0000000000
151787  17.810  -8.597  43.969 0.0000000000
60393  18.042  -9.585  43.195 0.0000000000
60378  17.308  -9.132  43.749 0.0000000000
59375  15.594  -10.510  42.627 0.0000000000
59387  15.342  -10.985  41.913 0.0000000000
62601  15.007  -8.835  40.126 0.0000000000
61515  15.012  -9.666  39.859 0.0000000000
61524  14.727  -9.840  39.182 0.0000000000
143842  14.592  -9.373  38.711 0.0000000000
63688  14.101  -7.754  37.842 0.0000000000
62641  13.640  -7.966  37.685 0.0000000000
61546  13.950  -8.791  37.872 0.0000000000
62625  12.728  -8.296  37.934 0.0000000000
63707  10.215  -6.762  36.648 0.0000000000
63691  10.629  -7.418  37.036 0.0000000000
63692  9.690  -7.054  37.268 0.0000000000
63670  9.412  -7.453  38.181 0.0000000000
49086  1.515  -20.384  38.929 0.0000000000
52608  1.686  -17.016  39.481 0.0000000000
53741  2.335  -16.511  38.593 0.0000000000
54873  1.638  -15.607  40.691 0.0000000000
53731  1.610  -16.283  40.142 0.0000000000
56016  1.954  -15.079  40.167 0.0000000000
138670  2.150  -14.123  39.267 0.0000000000
138442  2.212  -14.191  38.358 0.0000000000
58285  2.207  -12.903  38.054 0.0000000000
138837  2.957  -9.876  37.804 0.0000000000
59367  3.678  -11.833  42.880 0.0000000000
146344  2.579  -9.646  42.256 0.0000000000
60415  2.669  -10.462  42.395 0.0000000000
134075  2.224  -9.908  41.973 0.0000000000
63628  3.273  -7.211  42.661 0.0000000000
144105  2.779  -7.396  41.609 0.0000000000
63638  2.566  -7.859  41.535 0.0000000000
62608  2.167  -8.826  40.896 0.0000000000
148534  2.126  -9.105  40.297 0.0000000000
63648  2.313  -7.992  40.942 0.0000000000
64807  2.359  -6.508  39.833 0.0000000000
144290  2.251  -7.332  40.018 0.0000000000
63673  2.136  -7.319  38.809 0.0000000000
68177  4.084  -4.203  41.198 0.0000000000
68187  4.280  -3.520  40.469 0.0000000000
57125  14.053  -13.109  39.813 0.0000000000
56010  13.936  -14.031  39.119 0.0000000000
50232  5.956  -19.369  43.179 0.0000000000
51446  6.279  -18.999  42.496 0.0000000000
50204  4.621  -19.433  44.220 0.0000000000
50203  4.931  -19.255  44.164 0.0000000000
50218  4.480  -19.959  44.202 0.0000000000
49073  1.193  -20.406  39.865 0.0000000000
52632  3.280  -17.357  36.628 0.0000000000
51511  3.065  -18.158  36.198 0.0000000000
127689  3.609  -17.498  35.788 0.0000000000
57174  2.931  -13.371  36.873 0.0000000000
56065  3.033  -14.148  36.938 0.0000000000
56083  3.170  -13.728  36.378 0.0000000000
54942  4.021  -15.501  35.746 0.0000000000
53774  4.343  -16.304  35.046 0.0000000000
133628  4.070  -17.220  34.985 0.0000000000
53782  4.478  -16.144  34.373 0.0000000000
56110  4.813  -14.918  33.528 0.0000000000
54977  4.457  -15.731  33.138 0.0000000000
56122  4.519  -15.127  32.589 0.0000000000
54978  3.985  -15.820  32.400 0.0000000000
132239  1.873  -6.972  36.102 0.0000000000
144112  1.978  -7.488  35.884 0.0000000000
62680  3.076  -8.301  34.330 0.0000000000
62681  2.916  -8.969  34.766 0.0000000000
151136  3.127  -8.938  34.469 0.0000000000
60494  3.140  -10.136  34.840 0.0000000000
61595  3.426  -9.374  34.566 0.0000000000
63735  5.439  -7.221  34.457 0.0000000000
63736  4.410  -7.190  34.629 0.0000000000
62678  4.921  -7.995  34.217 0.0000000000
60503  5.598  -10.591  33.776 0.0000000000
61593  5.309  -9.507  34.023 0.0000000000
60504  4.671  -10.698  34.289 0.0000000000
59471  5.250  -11.352  33.899 0.0000000000
58350  5.332  -12.224  33.671 0.0000000000
58372  5.330  -12.580  31.594 0.0000000000
57254  5.136  -13.209  31.824 0.0000000000
57255  3.869  -13.590  30.879 0.0000000000
58374  3.642  -12.745  30.300 0.0000000000
60543  3.936  -10.826  29.473 0.0000000000
148528  8.582  -8.931  30.943 0.0000000000
132135  7.773  -9.994  30.453 0.0000000000
60553  6.530  -9.963  28.838 0.0000000000
61650  4.888  -9.990  27.870 0.0000000000
61665  4.141  -10.144  27.024 0.0000000000
75581  5.594  3.104  35.068 0.0000000000
74597  5.149  2.130  35.189 0.0000000000
74587  4.870  2.215  35.720 0.0000000000
73577  4.899  1.433  35.170 0.0000000000
141003  4.818  0.664  34.758 0.0000000000
72446  5.074  1.004  34.395 0.0000000000
71446  5.420  -0.701  32.578 0.0000000000
71447  4.760  -1.077  33.120 0.0000000000
70379  4.687  -1.829  32.832 0.0000000000
71475  5.835  -0.821  29.404 0.0000000000
71474  6.467  -0.183  29.813 0.0000000000
71467  6.422  -0.473  30.850 0.0000000000
70399  5.414  -1.726  30.671 0.0000000000
68295  4.030  -3.444  30.773 0.0000000000
67184  3.804  -4.175  31.075 0.0000000000
68284  4.309  -3.435  31.634 0.0000000000
66062  3.890  -5.040  31.222 0.0000000000
64958  3.397  -6.741  29.815 0.0000000000
64941  3.759  -6.430  30.340 0.0000000000
135185  4.181  -6.720  29.925 0.0000000000
64978  5.563  -6.637  28.686 0.0000000000
65001  2.171  -6.266  27.428 0.0000000000
62592  6.617  -8.649  41.210 0.0000000000
62607  6.883  -8.212  40.558 0.0000000000
63647  6.721  -7.382  40.538 0.0000000000
64795  6.784  -6.605  40.655 0.0000000000
62616  10.109  -7.933  38.847 0.0000000000
135968  10.998  -8.021  39.675 0.0000000000
62589  9.064  -8.588  41.319 0.0000000000
141145  8.119  -8.796  41.235 0.0000000000
55016  2.659  -15.486  29.333 0.0000000000
54859  2.192  -15.372  42.432 0.0000000000
138123  2.532  -15.056  42.677 0.0000000000
58243  2.806  -13.022  42.750 0.0000000000
54816  3.717  -16.191  44.025 0.0000000000
53663  3.704  -16.975  44.044 0.0000000000
53664  3.286  -16.893  43.553 0.0000000000
136755  2.814  -17.620  43.155 0.0000000000
52568  2.297  -18.312  42.908 0.0000000000
53689  2.526  -17.310  42.848 0.0000000000
60467  2.676  -11.191  37.090 0.0000000000
59443  2.633  -11.858  36.760 0.0000000000
61562  2.884  -9.787  36.214 0.0000000000
67142  4.945  -3.805  34.140 0.0000000000
67141  5.637  -4.414  33.832 0.0000000000
66040  6.965  -5.446  33.290 0.0000000000
66049  7.377  -5.753  32.615 0.0000000000
66050  6.712  -5.340  32.545 0.0000000000
66060  6.196  -5.467  31.651 0.0000000000
60388  4.777  -12.004  43.731 0.0000000000
149789  4.509  -11.503  43.218 0.0000000000
61476  4.654  -9.340  43.183 0.0000000000
63626  5.735  -7.249  42.976 0.0000000000
64764  6.172  -6.220  43.562 0.0000000000
64753  6.082  -5.879  43.754 0.0000000000
64744  6.796  -5.309  43.843 0.0000000000
59413  13.975  -11.263  39.697 0.0000000000
137027  11.721  -10.464  41.479 0.0000000000
60421  11.495  -10.436  42.446 0.0000000000
57090  9.194  -13.197  44.100 0.0000000000
57082  8.923  -13.017  44.585 0.0000000000
61456  7.522  -10.412  44.115 0.0000000000
61443  7.762  -10.713  44.145 0.0000000000
60385  7.444  -11.285  44.276 0.0000000000
148626  6.301  -12.435  44.748 0.0000000000
139103  5.859  -12.677  44.838 0.0000000000
60373  5.838  -12.111  44.428 0.0000000000
59347  5.316  -12.381  44.382 0.0000000000
139338  3.739  -4.158  39.083 0.0000000000
67106  3.241  -4.637  38.525 0.0000000000
68206  4.086  -3.096  37.795 0.0000000000
70357  4.371  -1.264  35.440 0.0000000000
59393  18.705  -11.637  41.637 0.0000000000
62540  16.396  -7.767  44.156 0.0000000000
60420  14.885  -10.054  41.627 0.0000000000
62586  14.845  -8.528  41.372 0.0000000000
63689  12.453  -7.473  36.744 0.0000000000
51474  0.951  -18.736  39.737 0.0000000000
150670  1.991  -13.652  40.669 0.0000000000
57140  2.012  -14.338  40.219 0.0000000000
58276  2.112  -12.771  39.287 0.0000000000
59423  2.289  -12.253  38.384 0.0000000000
60446  2.291  -10.573  39.441 0.0000000000
61478  2.780  -9.065  42.294 0.0000000000
139167  13.176  -13.958  38.839 0.0000000000
127885  12.514  -13.625  38.472 0.0000000000
52566  6.916  -17.195  43.334 0.0000000000
51438  6.663  -17.872  43.141 0.0000000000
149517  6.029  -18.745  43.523 0.0000000000
50246  1.135  -19.411  42.753 0.0000000000
49037  0.894  -20.478  42.746 0.0000000000
145446  0.910  -20.003  41.988 0.0000000000
49059  1.017  -20.527  40.732 0.0000000000
137307  2.615  -17.368  37.756 0.0000000000
52626  3.086  -16.727  37.264 0.0000000000
57187  3.221  -13.385  36.031 0.0000000000
142710  3.378  -14.012  35.993 0.0000000000
141012  4.578  -14.600  34.668 0.0000000000
66028  2.335  -6.095  35.781 0.0000000000
63722  2.112  -7.295  35.393 0.0000000000
63737  3.352  -7.678  34.469 0.0000000000
62689  6.532  -8.558  33.774 0.0000000000
62690  5.558  -8.646  34.026 0.0000000000
61592  6.301  -10.004  33.492 0.0000000000
59477  5.763  -12.249  32.741 0.0000000000
59476  6.217  -11.563  32.416 0.0000000000
58361  5.900  -12.167  31.999 0.0000000000
59485  4.789  -12.156  30.836 0.0000000000
59484  5.698  -11.910  31.314 0.0000000000
59493  5.217  -11.509  30.593 0.0000000000
60528  5.650  -10.924  30.210 0.0000000000
132608  8.667  -7.935  29.977 0.0000000000
61639  8.001  -9.621  29.666 0.0000000000
137426  6.866  -9.743  28.275 0.0000000000
74607  5.842  2.180  34.103 0.0000000000
73586  5.575  1.395  33.884 0.0000000000
72456  5.312  0.568  33.677 0.0000000000
72466  5.669  0.152  32.961 0.0000000000
70408  5.237  -1.271  28.953 0.0000000000
134483  5.407  -1.590  29.762 0.0000000000
70400  4.874  -2.283  30.251 0.0000000000
68305  4.240  -2.852  29.926 0.0000000000
151222  3.719  -3.521  30.066 0.0000000000
68296  3.434  -4.123  30.425 0.0000000000
66078  3.046  -5.765  30.777 0.0000000000
66079  2.501  -5.509  30.309 0.0000000000
64959  2.561  -6.389  29.824 0.0000000000
64980  2.898  -6.861  28.960 0.0000000000
61457  6.345  -10.395  43.620 0.0000000000
61489  5.656  -9.125  42.636 0.0000000000
63627  5.894  -8.005  41.992 0.0000000000
62593  6.189  -8.440  41.604 0.0000000000
61525  12.265  -8.843  39.747 0.0000000000
141299  12.128  -8.950  40.936 0.0000000000
145551  11.813  -8.969  41.707 0.0000000000
138256  11.534  -9.274  42.303 0.0000000000
61469  11.016  -9.997  43.626 0.0000000000
61454  10.241  -10.267  43.810 0.0000000000
61470  10.295  -9.712  43.678 0.0000000000
61471  9.497  -9.547  43.753 0.0000000000
139303  8.843  -9.920  44.129 0.0000000000
61472  8.560  -9.578  43.472 0.0000000000
129597  8.014  -9.966  44.003 0.0000000000
70338  4.606  -1.080  39.645 0.0000000000
143554  4.283  0.361  38.710 0.0000000000
73503  3.899  1.908  39.477 0.0000000000
134617  4.379  0.213  37.968 0.0000000000
141403  4.352  0.759  37.328 0.0000000000
148218  4.381  1.340  36.898 0.0000000000
135349  1.129  -17.020  40.560 0.0000000000
55991  1.971  -14.754  41.980 0.0000000000
57130  1.950  -14.143  41.292 0.0000000000
127485  1.903  -11.591  40.995 0.0000000000
64756  4.233  -6.526  43.592 0.0000000000
149786  3.988  -6.246  43.466 0.0000000000
65969  3.929  -5.957  43.368 0.0000000000
67069  3.967  -4.796  42.996 0.0000000000
52539  5.623  -16.821  44.968 0.0000000000
144601  5.586  -17.942  44.392 0.0000000000
51400  5.240  -17.700  44.633 0.0000000000
51415  4.779  -18.609  44.353 0.0000000000
51416  4.144  -18.667  44.180 0.0000000000
52552  3.754  -17.640  44.026 0.0000000000
49000  2.763  -20.034  44.297 0.0000000000
49012  2.226  -20.327  44.432 0.0000000000
50234  1.547  -19.597  43.547 0.0000000000
145471  1.485  -18.999  43.020 0.0000000000
51447  1.330  -18.564  42.642 0.0000000000
56049  2.611  -14.011  37.376 0.0000000000
56066  2.851  -14.366  37.257 0.0000000000
57175  2.743  -13.055  37.041 0.0000000000
57189  2.956  -12.802  36.641 0.0000000000
146340  2.780  -11.953  36.644 0.0000000000
58324  2.917  -12.010  36.436 0.0000000000
57205  3.073  -12.808  36.211 0.0000000000
135395  3.101  -12.130  35.856 0.0000000000
59463  3.415  -11.492  35.123 0.0000000000
64876  5.429  -6.309  34.692 0.0000000000
63734  6.129  -6.788  34.387 0.0000000000
64875  6.386  -6.007  34.312 0.0000000000
130264  6.945  -7.797  33.818 0.0000000000
62688  7.373  -8.371  33.416 0.0000000000
62705  7.784  -8.895  32.890 0.0000000000
61617  7.757  -9.833  31.816 0.0000000000
61603  8.098  -9.186  32.181 0.0000000000
62721  8.520  -8.526  31.688 0.0000000000
129663  8.707  -8.189  30.845 0.0000000000
64915  7.935  -6.248  32.124 0.0000000000
64925  8.380  -6.790  31.433 0.0000000000
63796  8.601  -7.325  30.758 0.0000000000
150078  8.475  -7.120  30.134 0.0000000000
63805  8.409  -7.278  29.477 0.0000000000
63806  7.978  -6.767  29.086 0.0000000000
69391  3.090  -2.172  27.783 0.0000000000
68329  1.892  -3.743  27.641 0.0000000000
132635  1.804  -4.583  28.455 0.0000000000
67220  1.211  -4.796  27.590 0.0000000000
67245  1.295  -4.189  25.096 0.0000000000
53838  2.739  -16.565  31.260 0.0000000000
57091  3.567  -13.759  43.449 0.0000000000
57097  3.408  -13.124  43.198 0.0000000000
146641  4.181  -10.928  42.956 0.0000000000
63610  3.881  -7.328  43.416 0.0000000000
63616  5.131  -7.650  43.437 0.0000000000
135133  14.983  -12.697  40.450 0.0000000000
57124  14.777  -13.001  40.132 0.0000000000
151748  13.514  -13.068  39.473 0.0000000000
58263  13.447  -12.561  39.680 0.0000000000
57126  12.759  -12.858  39.279 0.0000000000
57138  10.792  -12.873  39.348 0.0000000000
145703  12.546  -9.838  39.477 0.0000000000
58265  11.157  -12.070  40.222 0.0000000000
55982  9.545  -13.459  41.559 0.0000000000
53687  7.650  -15.895  43.547 0.0000000000
52559  6.855  -17.057  43.871 0.0000000000
52549  6.692  -16.795  44.345 0.0000000000
53662  6.505  -16.473  44.813 0.0000000000
60381  9.461  -11.202  43.624 0.0000000000
59356  8.984  -11.803  44.004 0.0000000000
58206  8.309  -12.923  44.840 0.0000000000
60370  7.995  -11.876  44.366 0.0000000000
59340  7.895  -12.885  44.950 0.0000000000
57047  7.840  -13.659  45.280 0.0000000000
55936  7.240  -14.449  45.467 0.0000000000
54803  6.597  -15.403  45.373 0.0000000000
53653  5.987  -16.487  45.137 0.0000000000
53654  5.750  -15.993  45.289 0.0000000000
53644  5.287  -15.851  45.211 0.0000000000
54804  4.680  -15.099  44.785 0.0000000000
57052  5.322  -13.848  45.013 0.0000000000
55923  4.937  -14.445  44.884 0.0000000000
55937  4.262  -14.708  44.305 0.0000000000
55956  3.762  -14.734  43.799 0.0000000000
55972  3.567  -14.415  43.527 0.0000000000
128798  2.086  -6.638  38.153 0.0000000000
64841  2.012  -6.155  36.479 0.0000000000
66014  2.164  -5.542  37.031 0.0000000000
66021  2.462  -5.477  36.325 0.0000000000
68227  3.497  -3.734  36.520 0.0000000000
67129  3.334  -4.379  36.103 0.0000000000
67128  3.524  -4.845  35.687 0.0000000000
68246  4.467  -3.417  34.625 0.0000000000
68258  4.806  -3.304  33.395 0.0000000000
63658  8.437  -7.591  39.143 0.0000000000
63672  7.976  -7.110  38.945 0.0000000000
64812  8.268  -6.394  38.433 0.0000000000
66002  8.428  -5.536  38.429 0.0000000000
57113  16.002  -12.800  40.726 0.0000000000
63597  19.239  -6.840  45.185 0.0000000000
59372  17.946  -10.882  42.777 0.0000000000
59385  17.357  -11.321  42.413 0.0000000000
60395  16.708  -9.685  43.526 0.0000000000
58237  16.644  -11.625  41.958 0.0000000000
142792  16.086  -11.779  41.437 0.0000000000
57103  15.751  -12.260  40.894 0.0000000000
57104  15.300  -12.288  40.677 0.0000000000
58239  15.218  -11.725  40.933 0.0000000000
132385  14.973  -10.289  40.508 0.0000000000
148371  14.671  -11.126  40.138 0.0000000000
60443  14.354  -10.471  39.357 0.0000000000
63645  14.728  -7.877  40.520 0.0000000000
63656  14.722  -8.177  39.318 0.0000000000
63668  14.391  -8.001  38.339 0.0000000000
62624  14.596  -8.775  38.544 0.0000000000
61533  14.221  -9.143  38.187 0.0000000000
61534  13.837  -9.238  38.127 0.0000000000
61535  13.186  -9.101  38.224 0.0000000000
62626  11.983  -7.965  38.449 0.0000000000
63690  11.573  -7.541  36.842 0.0000000000
63669  11.330  -7.784  37.782 0.0000000000
138996  1.177  -18.884  38.976 0.0000000000
51497  1.670  -18.704  38.254 0.0000000000
51484  2.054  -17.811  38.272 0.0000000000
52618  2.398  -17.111  38.238 0.0000000000
54881  2.347  -15.618  38.788 0.0000000000
56032  2.453  -14.810  38.118 0.0000000000
56033  2.317  -13.937  37.682 0.0000000000
58286  2.369  -13.123  37.301 0.0000000000
59432  2.469  -11.756  37.739 0.0000000000
62628  2.521  -8.185  38.280 0.0000000000
58242  2.682  -12.072  42.481 0.0000000000
59390  2.387  -11.197  42.254 0.0000000000
59396  1.949  -11.037  41.627 0.0000000000
63618  3.062  -7.881  42.450 0.0000000000
62576  2.680  -8.334  41.996 0.0000000000
61505  2.124  -9.357  41.442 0.0000000000
61526  2.359  -9.001  39.555 0.0000000000
65996  3.104  -5.520  39.731 0.0000000000
67096  3.437  -4.818  39.402 0.0000000000
69265  4.334  -2.571  42.027 0.0000000000
140438  4.565  -1.296  40.566 0.0000000000
64805  7.398  -6.256  39.513 0.0000000000
56009  14.578  -13.956  39.459 0.0000000000
54877  14.511  -14.326  38.886 0.0000000000
54890  14.345  -14.554  38.324 0.0000000000
56027  13.606  -14.247  38.577 0.0000000000
51428  5.422  -18.648  44.103 0.0000000000
50216  5.622  -19.153  43.758 0.0000000000
50233  5.381  -20.015  43.567 0.0000000000
148165  5.777  -20.073  43.015 0.0000000000
51512  2.521  -18.792  36.730 0.0000000000
54930  3.129  -15.004  37.045 0.0000000000
140532  3.392  -14.619  36.314 0.0000000000
150884  3.563  -17.888  34.874 0.0000000000
53797  4.272  -16.421  33.595 0.0000000000
55003  3.423  -15.079  31.158 0.0000000000
63708  2.097  -7.659  36.509 0.0000000000
62667  2.703  -9.109  35.422 0.0000000000
62666  2.767  -8.198  35.044 0.0000000000
61584  2.643  -9.703  35.104 0.0000000000
129821  2.977  -10.852  35.042 0.0000000000
62679  3.811  -8.160  34.241 0.0000000000
61594  4.260  -9.343  34.359 0.0000000000
60505  3.983  -10.012  34.543 0.0000000000
58335  4.691  -12.504  34.393 0.0000000000
140433  5.120  -13.112  33.866 0.0000000000
57224  5.242  -13.592  33.251 0.0000000000
57241  5.249  -13.493  32.506 0.0000000000
150954  4.453  -14.615  32.036 0.0000000000
56135  3.925  -14.429  31.377 0.0000000000
56147  3.134  -14.011  29.957 0.0000000000
57269  3.131  -13.108  29.885 0.0000000000
60526  7.356  -10.454  30.827 0.0000000000
60527  6.652  -10.780  30.478 0.0000000000
60542  5.011  -10.571  29.518 0.0000000000
61640  7.148  -10.080  29.364 0.0000000000
60541  6.259  -10.413  29.599 0.0000000000
137598  3.461  -10.818  28.727 0.0000000000
126977  4.391  2.827  37.226 0.0000000000
73567  4.578  1.491  36.100 0.0000000000
75571  4.925  2.956  36.012 0.0000000000
72439  4.623  -0.037  34.785 0.0000000000
71437  4.635  -0.713  33.946 0.0000000000
69336  4.567  -2.074  33.253 0.0000000000
68272  4.648  -3.234  32.520 0.0000000000
71457  6.093  -0.638  31.752 0.0000000000
71458  5.577  -1.189  31.885 0.0000000000
69355  4.855  -2.340  31.118 0.0000000000
70392  4.770  -2.219  32.000 0.0000000000
66076  5.060  -5.864  31.131 0.0000000000
66077  3.868  -6.033  30.952 0.0000000000
64940  4.529  -6.359  30.463 0.0000000000
66075  6.093  -5.859  30.891 0.0000000000
66090  6.687  -6.009  30.183 0.0000000000
64955  7.367  -6.273  29.539 0.0000000000
66106  1.528  -5.867  28.649 0.0000000000
64981  2.073  -6.386  28.357 0.0000000000
128496  4.966  -6.725  28.183 0.0000000000
64975  7.992  -6.887  28.231 0.0000000000
51399  5.503  -17.512  44.624 0.0000000000
51401  4.760  -17.867  44.497 0.0000000000
52537  6.070  -16.802  44.906 0.0000000000
52538  5.767  -16.995  44.852 0.0000000000
52540  4.882  -16.995  44.813 0.0000000000
52550  6.191  -17.128  44.474 0.0000000000
53642  6.246  -15.764  45.340 0.0000000000
53652  6.349  -16.125  45.146 0.0000000000
53661  6.917  -16.200  44.690 0.0000000000
54795  6.430  -15.168  45.495 0.0000000000
54796  5.822  -15.304  45.465 0.0000000000
54797  5.264  -15.058  45.249 0.0000000000
54802  7.120  -14.962  45.336 0.0000000000
54805  4.227  -15.575  44.410 0.0000000000
54833  7.320  -15.630  44.758 0.0000000000
54929  3.228  -15.013  36.795 0.0000000000
55920  7.065  -14.069  45.577 0.0000000000
55921  6.749  -14.697  45.537 0.0000000000
55935  7.683  -14.002  45.382 0.0000000000
55954  8.273  -14.075  44.936 0.0000000000
55955  7.761  -14.328  45.277 0.0000000000
55970  8.802  -13.655  44.558 0.0000000000
57048  7.332  -13.666  45.456 0.0000000000
57049  6.975  -13.814  45.566 0.0000000000
57050  6.547  -13.891  45.573 0.0000000000
57066  8.541  -13.126  44.840 0.0000000000
57067  8.093  -13.408  45.148 0.0000000000
57068  5.669  -13.459  45.165 0.0000000000
58198  7.932  -13.261  45.141 0.0000000000
58199  7.599  -13.329  45.275 0.0000000000
58201  6.515  -13.406  45.452 0.0000000000
58202  6.150  -13.615  45.446 0.0000000000
58204  9.048  -12.295  44.147 0.0000000000
58205  8.781  -12.759  44.550 0.0000000000
58208  5.988  -13.179  45.250 0.0000000000
58222  9.296  -12.645  44.040 0.0000000000
58236  17.440  -11.897  41.869 0.0000000000
58250  16.585  -12.287  41.330 0.0000000000
59341  7.521  -12.922  45.106 0.0000000000
59342  6.820  -12.910  45.252 0.0000000000
59343  8.638  -12.413  44.406 0.0000000000
59344  8.111  -12.386  44.559 0.0000000000
59345  7.801  -12.397  44.623 0.0000000000
59355  9.330  -11.816  43.742 0.0000000000
59362  16.935  -10.283  43.280 0.0000000000
59364  10.239  -10.994  43.290 0.0000000000
59373  17.202  -10.865  42.942 0.0000000000
59376  15.005  -10.363  42.761 0.0000000000
59384  18.208  -11.363  42.109 0.0000000000
59502  3.091  -11.109  29.482 0.0000000000
60371  7.700  -11.860  44.396 0.0000000000
60383  8.322  -11.277  44.068 0.0000000000
60384  7.858  -11.236  44.193 0.0000000000
60394  17.458  -9.694  43.429 0.0000000000
60398  9.992  -10.753  43.516 0.0000000000
60399  9.580  -10.588  43.756 0.0000000000
60516  6.834  -10.928  31.264 0.0000000000
60554  5.476  -10.091  28.839 0.0000000000
61430  17.453  -7.649  44.842 0.0000000000
61431  16.851  -7.967  44.452 0.0000000000
61436  18.304  -8.307  44.013 0.0000000000
61439  16.241  -8.427  43.828 0.0000000000
61441  8.909  -10.610  43.952 0.0000000000
61451  17.905  -9.029  43.551 0.0000000000
61627  8.232  -9.501  30.618 0.0000000000
61628  7.823  -9.970  31.102 0.0000000000
62532  17.533  -6.923  45.389 0.0000000000
62533  18.658  -7.102  45.201 0.0000000000
62536  16.779  -7.271  44.768 0.0000000000
62539  17.940  -8.037  44.534 0.0000000000
62704  8.237  -8.529  32.463 0.0000000000
63593  18.226  -6.136  45.782 0.0000000000
63595  17.130  -6.849  45.303 0.0000000000
63598  18.825  -6.521  45.543 0.0000000000
63601  19.625  -6.611  45.173 0.0000000000
63659  7.434  -7.012  39.442 0.0000000000
63706  11.040  -7.082  36.376 0.0000000000
64735  17.737  -5.643  45.893 0.0000000000
64813  7.737  -6.514  39.045 0.0000000000
64823  9.365  -6.267  37.213 0.0000000000
64840  9.925  -6.001  36.687 0.0000000000
64898  7.918  -6.613  32.877 0.0000000000
64957  5.096  -6.605  29.649 0.0000000000
66091  2.546  -5.935  30.297 0.0000000000
66092  1.990  -5.824  29.747 0.0000000000
66118  1.460  -5.992  27.604 0.0000000000
66119  1.179  -5.626  26.943 0.0000000000
67231  1.033  -4.432  25.808 0.0000000000
68356  1.535  -3.549  24.767 0.0000000000
68357  1.009  -3.857  25.175 0.0000000000
69384  2.793  -3.129  28.124 0.0000000000
70391  5.250  -1.735  31.534 0.0000000000
70409  4.785  -2.082  29.340 0.0000000000
73553  4.486  0.805  36.508 0.0000000000
74595  6.086  3.039  34.374 0.0000000000
132838  6.468  -14.796  45.554 0.0000000000
134077  4.738  -15.746  44.898 0.0000000000
134409  4.286  -4.382  44.165 0.0000000000
134492  6.424  0.567  32.454 0.0000000000
140459  7.653  -15.575  44.281 0.0000000000
141255  6.200  -14.904  45.581 0.0000000000
145243  8.057  -13.804  45.238 0.0000000000
146082  3.189  -3.922  29.728 0.0000000000
148237  9.085  -12.630  44.244 0.0000000000
148354  1.379  -5.259  28.340 0.0000000000
148844  17.290  -6.382  45.568 0.0000000000
149759  4.156  0.748  39.829 0.0000000000
150017  1.882  -19.454  43.594 0.0000000000
150235  7.691  -6.133  32.696 0.0000000000
151939  5.974  -16.099  45.288 0.0000000000
