#!ascii label  , from subject sub-v1s14x0051585_ses-1 vox2ras=TkReg
921
14223  26.424  -58.135  -26.977 0.3000000119
20930  26.970  -50.539  -19.309 0.6000000238
21865  23.358  -49.367  -22.815 0.6999999881
21874  23.109  -49.125  -23.622 0.6999999881
138766  29.624  -54.944  -22.473 0.4000000060
14923  26.254  -57.179  -27.439 0.5000000000
14930  25.798  -57.010  -28.479 0.5000000000
20929  27.768  -50.317  -19.472 0.6999999881
22722  25.643  -49.148  -20.520 0.6999999881
21833  26.385  -49.365  -19.976 0.5000000000
22748  25.139  -47.985  -22.451 0.6000000238
138908  24.394  -48.407  -22.808 0.6000000238
22762  24.292  -48.290  -23.584 0.6999999881
21881  23.098  -49.113  -24.574 0.6999999881
14913  27.565  -57.179  -25.816 0.5000000000
17331  29.154  -54.845  -23.215 0.4000000060
151888  26.886  -57.420  -26.524 0.6000000238
18202  29.520  -53.479  -20.886 0.4000000060
135838  29.230  -52.696  -21.168 0.5000000000
130250  26.649  -55.459  -26.237 0.6000000238
150100  29.213  -52.203  -20.117 0.6000000238
19087  29.083  -51.457  -20.133 0.6000000238
15689  25.926  -56.040  -27.893 0.6000000238
20928  28.425  -50.103  -19.896 0.6000000238
22735  25.673  -48.457  -21.029 0.6000000238
23651  25.809  -47.901  -21.698 0.6000000238
131236  25.596  -47.484  -24.197 0.6999999881
140575  24.784  -47.972  -23.201 0.6999999881
22761  24.899  -47.870  -23.926 0.6999999881
22769  24.388  -48.269  -24.482 0.6999999881
21887  23.354  -49.530  -25.591 0.6999999881
22778  24.694  -48.474  -25.514 0.6999999881
21886  24.157  -49.247  -26.017 0.6999999881
22798  25.400  -48.568  -26.182 0.6999999881
14912  28.230  -56.907  -25.111 0.5000000000
15661  28.383  -55.594  -24.504 0.5000000000
16481  29.152  -55.542  -23.672 0.5000000000
18218  29.120  -53.287  -21.696 0.4000000060
15679  27.456  -56.291  -25.660 0.5000000000
20001  29.161  -51.025  -20.798 0.6000000238
128651  26.316  -54.617  -27.360 0.6000000238
16511  26.467  -54.426  -26.496 0.5000000000
17358  26.644  -53.528  -26.075 0.5000000000
21831  28.126  -48.860  -20.334 0.6999999881
150339  26.961  -48.289  -20.642 0.6000000238
21832  27.252  -48.916  -20.124 0.6999999881
23661  26.109  -47.441  -22.566 0.6000000238
23650  26.586  -47.535  -21.698 0.6000000238
23673  26.219  -47.207  -23.587 0.6000000238
23674  25.415  -47.600  -23.315 0.6000000238
23686  25.798  -47.540  -25.051 0.6000000238
21900  23.753  -50.158  -26.594 0.6999999881
22776  26.094  -47.983  -25.904 0.6000000238
22799  24.828  -49.048  -26.356 0.6999999881
21899  24.590  -49.878  -26.902 0.6999999881
22777  25.386  -48.015  -25.504 0.6999999881
18233  28.689  -53.523  -22.460 0.4000000060
15678  28.133  -56.153  -25.046 0.5000000000
17343  28.275  -54.729  -23.954 0.4000000060
18234  28.285  -52.551  -22.334 0.5000000000
19104  29.168  -51.786  -20.985 0.6000000238
130943  27.153  -54.440  -24.803 0.4000000060
20944  28.931  -50.616  -20.276 0.6000000238
149721  26.592  -54.100  -25.607 0.4000000060
17344  27.201  -53.673  -24.226 0.4000000060
17345  26.652  -53.418  -25.216 0.4000000060
18253  26.811  -52.545  -24.688 0.4000000060
150504  28.416  -49.456  -20.248 0.6999999881
22720  27.662  -48.255  -20.677 0.6000000238
23649  27.357  -47.262  -21.734 0.6000000238
24564  27.042  -46.803  -23.896 0.6000000238
24533  26.920  -46.974  -23.019 0.6000000238
23684  27.155  -46.931  -24.677 0.6000000238
21012  24.258  -51.003  -27.668 0.6999999881
21897  26.119  -48.823  -26.650 0.6000000238
21898  25.452  -49.538  -27.013 0.6000000238
17332  28.133  -53.869  -23.245 0.4000000060
148117  27.655  -52.683  -22.960 0.4000000060
20943  29.216  -50.314  -21.081 0.6999999881
18239  27.218  -52.933  -23.713 0.4000000060
21847  28.763  -48.983  -20.782 0.8000000119
18273  26.797  -52.824  -25.565 0.5000000000
22733  28.438  -48.231  -20.941 0.6999999881
126562  27.918  -47.617  -21.242 0.6000000238
24546  27.735  -46.535  -23.290 0.5000000000
24532  27.568  -46.833  -22.453 0.6000000238
21023  23.751  -52.199  -28.613 0.6999999881
22796  28.191  -48.533  -26.731 0.6000000238
22797  26.958  -47.823  -25.989 0.6000000238
21022  24.672  -51.879  -29.044 0.8000000119
134929  27.361  -48.455  -26.585 0.6000000238
22818  26.885  -49.056  -27.027 0.6000000238
20032  28.252  -51.113  -22.646 0.5000000000
131924  28.859  -51.233  -21.898 0.6000000238
20050  27.695  -51.204  -23.501 0.5000000000
130343  28.931  -51.483  -24.794 0.6999999881
20062  27.391  -51.361  -24.216 0.4000000060
23648  28.725  -47.493  -21.504 0.6999999881
24545  28.603  -46.277  -23.432 0.6000000238
24531  28.391  -46.520  -22.617 0.6000000238
24581  28.539  -46.689  -24.940 0.6000000238
21037  23.908  -52.352  -29.867 0.6000000238
136358  27.386  -47.305  -25.433 0.6000000238
21914  25.212  -50.821  -27.981 0.6999999881
151852  25.378  -51.561  -29.328 0.6999999881
22817  27.722  -49.232  -27.285 0.6999999881
21912  27.195  -49.936  -27.813 0.6999999881
21913  25.913  -50.359  -27.883 0.6999999881
20049  28.746  -50.690  -23.342 0.5000000000
20031  28.960  -50.654  -22.378 0.6000000238
20014  29.096  -50.810  -21.475 0.6000000238
20060  29.544  -50.966  -24.052 0.6999999881
20061  28.246  -51.088  -24.202 0.6000000238
21846  29.398  -49.378  -21.388 0.6999999881
19130  30.994  -51.578  -24.072 0.6999999881
148256  29.696  -52.262  -25.204 0.6999999881
22732  29.280  -48.286  -21.442 0.6999999881
23647  29.527  -47.321  -21.848 0.6999999881
24544  29.338  -46.211  -23.555 0.5000000000
127595  29.281  -46.323  -22.808 0.6000000238
146368  22.650  -51.766  -29.843 0.5000000000
23702  29.046  -47.218  -25.643 0.6000000238
24562  28.970  -46.288  -24.201 0.6000000238
150153  24.090  -51.907  -30.295 0.6000000238
21049  23.476  -51.712  -30.186 0.5000000000
23721  28.620  -47.856  -26.229 0.6000000238
134013  28.177  -47.274  -25.565 0.6000000238
21021  25.959  -51.047  -28.863 0.6000000238
21047  24.929  -50.654  -30.474 0.5000000000
21940  24.922  -49.527  -30.672 0.5000000000
22815  29.554  -49.310  -27.561 0.6999999881
22816  28.620  -49.294  -27.445 0.6999999881
21911  28.110  -50.044  -28.241 0.6999999881
21020  26.597  -50.452  -28.463 0.6999999881
21045  26.579  -50.283  -29.653 0.5000000000
21925  28.694  -50.383  -28.913 0.6999999881
149161  27.561  -50.313  -29.085 0.6000000238
21863  29.893  -49.711  -22.109 0.6000000238
152545  29.702  -50.573  -23.347 0.6999999881
20981  29.598  -50.317  -22.705 0.6000000238
20047  31.705  -51.186  -23.604 0.6999999881
21845  30.004  -48.819  -21.847 0.6999999881
23659  30.264  -47.078  -22.224 0.6999999881
22731  30.168  -47.901  -21.908 0.6999999881
148719  29.842  -46.234  -23.315 0.6000000238
21942  22.499  -50.521  -30.094 0.4000000060
24561  29.960  -46.242  -24.113 0.5000000000
22840  24.475  -48.427  -30.449 0.4000000060
23720  29.548  -47.861  -26.315 0.6000000238
21939  26.318  -49.920  -30.091 0.5000000000
133361  25.665  -50.040  -30.455 0.5000000000
135635  27.177  -50.051  -29.319 0.5000000000
22838  26.622  -49.269  -29.863 0.4000000060
21910  29.056  -49.927  -28.305 0.6000000238
21033  29.087  -50.356  -29.283 0.6999999881
21936  28.962  -50.040  -29.515 0.6000000238
22836  28.649  -49.456  -29.640 0.5000000000
20990  31.421  -50.521  -23.101 0.6000000238
20979  31.086  -49.905  -22.626 0.6999999881
21862  30.617  -49.330  -22.280 0.6999999881
20989  32.424  -50.672  -23.266 0.6999999881
20978  31.997  -49.952  -22.742 0.6999999881
22747  30.844  -48.500  -22.177 0.6000000238
128346  30.942  -47.624  -22.305 0.6000000238
24579  30.509  -46.631  -24.958 0.6000000238
24560  30.945  -46.450  -24.246 0.5000000000
23701  30.023  -47.182  -25.701 0.6000000238
22814  30.527  -49.306  -27.666 0.6000000238
22839  25.950  -49.089  -30.212 0.4000000060
146134  25.298  -48.979  -30.588 0.5000000000
23759  25.375  -48.031  -29.990 0.4000000060
141748  29.964  -50.026  -28.507 0.6000000238
23747  26.922  -47.731  -28.993 0.4000000060
21032  29.812  -50.418  -29.459 0.6000000238
22835  29.634  -49.617  -30.133 0.5000000000
21861  31.589  -49.140  -22.444 0.6999999881
20977  32.800  -49.847  -22.925 0.6999999881
22745  32.308  -48.582  -22.640 0.6000000238
22746  31.613  -48.163  -22.440 0.6000000238
20988  33.290  -50.399  -23.348 0.6999999881
24542  31.365  -46.631  -23.588 0.5000000000
23718  31.609  -48.131  -26.349 0.6000000238
24578  31.427  -46.870  -24.897 0.6000000238
23719  30.561  -47.922  -26.351 0.6000000238
139124  31.474  -49.156  -27.742 0.5000000000
21909  30.952  -49.763  -28.570 0.6000000238
21934  30.414  -50.259  -30.012 0.6000000238
22851  30.384  -49.150  -30.892 0.5000000000
22760  33.491  -48.604  -23.320 0.6999999881
22744  32.864  -48.140  -23.041 0.6999999881
24541  31.993  -46.905  -23.721 0.6000000238
23699  32.041  -47.570  -25.582 0.5000000000
22792  32.010  -48.706  -27.039 0.6000000238
22826  31.852  -49.240  -28.683 0.6000000238
22834  31.593  -49.449  -30.484 0.6000000238
22850  30.903  -49.313  -31.249 0.5000000000
17368  28.815  -53.803  -26.942 0.5000000000
18284  29.341  -53.335  -26.329 0.5000000000
17367  30.205  -54.089  -26.658 0.5000000000
18270  29.648  -52.839  -25.707 0.6999999881
149740  31.309  -53.267  -25.657 0.6999999881
18269  30.644  -53.498  -25.984 0.5000000000
18283  31.720  -53.663  -26.082 0.5000000000
19147  31.479  -52.314  -24.658 0.6999999881
18252  30.776  -52.802  -25.289 0.6999999881
20059  32.049  -51.803  -24.112 0.6999999881
128062  25.954  -57.755  -28.710 0.3000000119
22770  23.679  -48.627  -24.059 0.6999999881
21848  24.948  -49.056  -21.213 0.6000000238
22779  23.841  -48.779  -25.044 0.6999999881
21013  23.450  -51.336  -27.293 0.6999999881
19162  27.374  -51.894  -25.267 0.6000000238
23703  27.804  -46.864  -24.958 0.6000000238
137637  26.335  -49.700  -27.440 0.6999999881
130378  24.711  -51.724  -30.126 0.6000000238
21035  26.370  -50.754  -29.460 0.6999999881
21036  25.697  -51.107  -29.982 0.6000000238
21019  27.438  -50.295  -28.652 0.6999999881
129244  24.129  -49.711  -30.547 0.5000000000
21941  23.268  -50.125  -30.354 0.5000000000
24543  30.543  -46.353  -23.453 0.5000000000
21860  32.363  -49.329  -22.682 0.6999999881
147936  31.851  -49.293  -29.651 0.6000000238
21933  31.195  -49.949  -29.732 0.6000000238
23658  32.181  -47.715  -22.828 0.6000000238
139125  32.140  -48.850  -27.766 0.6000000238
24558  32.451  -47.101  -24.159 0.5000000000
18267  34.016  -53.060  -26.413 0.6000000238
21043  36.884  -50.705  -30.031 0.6000000238
21932  37.302  -49.619  -30.544 0.4000000060
19178  35.148  -52.409  -27.299 0.5000000000
143918  33.372  -53.008  -25.730 0.6000000238
19073  27.826  -52.523  -18.868 0.5000000000
137688  37.354  -49.878  -31.835 0.4000000060
19990  28.396  -51.037  -19.533 0.5000000000
19992  26.652  -51.310  -19.191 0.5000000000
145076  35.544  -52.320  -28.004 0.5000000000
22847  37.435  -47.919  -32.093 0.4000000060
19991  27.495  -51.115  -19.139 0.5000000000
20946  25.725  -50.707  -19.861 0.5000000000
21031  36.635  -50.485  -28.858 0.6000000238
20945  26.365  -50.164  -19.659 0.5000000000
19171  34.645  -52.469  -26.471 0.5000000000
18268  32.777  -52.893  -25.284 0.6000000238
23776  37.789  -47.101  -32.659 0.4000000060
23774  38.774  -47.251  -32.071 0.4000000060
21030  37.012  -49.983  -29.437 0.4000000060
140395  23.953  -52.629  -21.321 0.5000000000
129152  35.653  -51.606  -27.518 0.5000000000
20003  24.618  -51.451  -20.719 0.5000000000
20016  23.451  -51.842  -21.695 0.5000000000
19159  34.087  -52.449  -25.541 0.6000000238
19144  33.854  -52.033  -24.705 0.6000000238
19146  32.556  -52.389  -24.656 0.6000000238
21864  24.269  -49.409  -21.787 0.5000000000
131516  22.969  -51.214  -22.172 0.5000000000
20033  22.911  -51.985  -22.066 0.4000000060
20077  35.237  -51.227  -26.133 0.5000000000
135265  35.538  -51.163  -26.819 0.5000000000
20068  34.892  -51.302  -25.488 0.6000000238
140884  34.178  -51.475  -24.495 0.6000000238
19145  33.260  -52.078  -24.464 0.6000000238
20056  34.214  -50.923  -24.061 0.6000000238
20058  32.862  -51.756  -24.074 0.6000000238
128254  37.463  -48.553  -31.020 0.4000000060
23766  37.537  -46.829  -32.056 0.4000000060
20982  22.389  -50.626  -22.819 0.5000000000
20034  22.261  -51.633  -22.550 0.5000000000
18237  21.660  -53.223  -22.583 0.4000000060
20963  23.206  -50.227  -22.344 0.6000000238
19118  22.639  -52.577  -22.240 0.4000000060
20086  35.928  -50.717  -27.297 0.6000000238
21003  35.241  -50.667  -25.546 0.6000000238
20997  35.197  -49.946  -24.889 0.6000000238
20998  34.627  -50.309  -24.268 0.6000000238
23765  38.156  -46.400  -31.946 0.4000000060
20051  21.681  -51.018  -23.270 0.5000000000
19131  20.961  -52.315  -23.039 0.4000000060
140722  20.561  -54.037  -22.779 0.4000000060
21922  36.856  -49.627  -28.634 0.6000000238
21921  37.217  -49.290  -29.384 0.4000000060
21010  36.157  -49.856  -27.019 0.6000000238
21018  36.422  -50.180  -27.904 0.6000000238
21011  35.634  -50.461  -26.405 0.5000000000
21885  35.564  -49.281  -25.482 0.6000000238
21896  35.835  -49.565  -26.227 0.5000000000
20987  34.097  -50.116  -23.650 0.6000000238
135437  39.000  -46.704  -31.270 0.4000000060
23753  37.444  -47.501  -30.868 0.4000000060
20993  21.870  -50.201  -23.728 0.6000000238
20052  20.942  -51.441  -23.673 0.5000000000
19133  19.696  -52.723  -23.923 0.5000000000
17336  19.518  -54.127  -23.160 0.5000000000
22824  37.190  -48.425  -28.761 0.4000000060
131192  37.389  -47.886  -29.725 0.4000000060
23735  36.994  -47.437  -28.286 0.5000000000
126865  36.465  -48.014  -26.755 0.5000000000
22789  36.080  -48.241  -26.181 0.5000000000
21879  35.174  -48.936  -24.782 0.6000000238
21880  34.675  -49.493  -24.193 0.6000000238
21873  33.496  -49.516  -23.229 0.6000000238
25545  37.090  -44.726  -30.497 0.4000000060
24650  37.436  -45.944  -31.460 0.4000000060
25544  37.651  -44.726  -30.518 0.4000000060
24636  37.876  -45.217  -31.017 0.4000000060
21004  22.874  -50.519  -26.158 0.6000000238
137667  36.930  -44.962  -30.536 0.4000000060
146307  37.314  -46.337  -31.171 0.4000000060
133804  20.992  -51.417  -25.136 0.6000000238
19151  19.829  -52.580  -24.945 0.5000000000
18242  19.205  -53.340  -23.839 0.4000000060
23743  37.237  -46.862  -29.692 0.4000000060
22813  36.742  -48.216  -27.531 0.5000000000
22775  35.542  -48.397  -25.529 0.5000000000
23681  34.922  -48.139  -25.001 0.6000000238
22767  34.542  -48.582  -24.317 0.6000000238
22759  33.945  -48.228  -23.900 0.6000000238
26455  37.520  -44.063  -29.417 0.4000000060
148604  22.296  -51.180  -26.158 0.6000000238
20070  21.675  -51.247  -25.650 0.6000000238
20071  20.543  -52.396  -25.622 0.5000000000
18255  17.733  -53.850  -24.597 0.5000000000
24622  36.771  -45.391  -29.914 0.4000000060
24608  36.765  -46.338  -28.578 0.4000000060
24609  36.332  -45.956  -27.664 0.5000000000
24591  36.102  -46.646  -26.725 0.5000000000
23696  34.666  -47.609  -25.448 0.5000000000
26435  38.210  -44.216  -28.500 0.4000000060
20078  22.006  -52.066  -26.715 0.6000000238
20080  20.730  -53.138  -26.880 0.5000000000
142429  19.429  -53.540  -26.759 0.5000000000
23736  36.585  -47.161  -27.315 0.5000000000
23714  35.657  -47.177  -26.175 0.4000000060
24593  34.908  -46.462  -26.317 0.4000000060
23697  33.907  -47.570  -25.201 0.4000000060
23682  33.592  -47.671  -24.321 0.6000000238
24577  32.293  -47.208  -24.795 0.4000000060
27380  37.882  -43.720  -27.689 0.4000000060
26436  37.349  -43.820  -28.764 0.4000000060
21014  22.739  -51.842  -27.051 0.6000000238
26457  36.711  -43.912  -28.667 0.4000000060
20087  23.068  -52.981  -28.873 0.5000000000
20079  21.506  -52.961  -27.423 0.5000000000
19173  19.994  -53.380  -27.363 0.5000000000
18287  18.754  -53.540  -26.456 0.4000000060
19172  20.855  -53.269  -27.819 0.4000000060
25489  35.757  -45.760  -27.064 0.5000000000
25490  35.125  -45.745  -26.695 0.5000000000
23715  34.594  -47.186  -26.014 0.4000000060
23716  33.899  -47.483  -26.195 0.4000000060
23698  33.060  -47.688  -25.604 0.4000000060
25512  33.804  -45.493  -27.028 0.5000000000
20097  22.422  -53.025  -28.909 0.5000000000
20089  21.615  -53.042  -28.362 0.6000000238
21038  22.222  -52.446  -29.368 0.4000000060
23737  33.401  -47.477  -27.197 0.5000000000
139276  32.520  -48.178  -26.412 0.5000000000
129867  33.341  -44.775  -27.189 0.5000000000
24610  34.428  -45.968  -26.705 0.5000000000
24611  33.703  -46.443  -27.129 0.5000000000
24612  33.172  -46.756  -27.630 0.5000000000
27381  37.065  -43.526  -27.934 0.4000000060
22833  32.040  -48.918  -30.111 0.5000000000
22791  32.727  -48.347  -27.314 0.4000000060
136523  32.874  -47.332  -27.953 0.5000000000
25513  33.069  -45.769  -27.570 0.5000000000
26439  32.642  -44.769  -27.629 0.5000000000
21050  21.828  -50.904  -29.656 0.4000000060
23754  32.254  -48.102  -30.142 0.4000000060
24638  32.245  -47.004  -29.612 0.4000000060
141467  32.273  -48.581  -29.118 0.5000000000
23744  32.498  -47.638  -28.866 0.5000000000
24624  32.586  -46.584  -28.385 0.5000000000
25534  32.353  -45.477  -28.292 0.5000000000
25535  31.808  -45.103  -29.105 0.4000000060
150343  23.730  -49.631  -22.212 0.5000000000
21875  22.426  -49.503  -24.095 0.6000000238
21834  25.133  -49.720  -20.704 0.6000000238
21888  22.577  -49.750  -25.079 0.6000000238
128408  28.646  -52.117  -19.458 0.5000000000
130791  23.124  -52.682  -29.496 0.5000000000
145255  33.025  -47.411  -24.042 0.6000000238
23683  33.046  -47.436  -24.624 0.4000000060
20015  24.042  -51.629  -21.243 0.5000000000
20962  24.287  -50.789  -21.189 0.5000000000
141678  23.610  -50.967  -21.682 0.5000000000
20035  21.495  -51.714  -22.988 0.4000000060
18241  20.803  -53.240  -22.852 0.4000000060
21908  36.634  -49.222  -27.716 0.6000000238
20994  21.304  -50.787  -23.885 0.6000000238
134470  20.300  -52.677  -23.378 0.4000000060
24637  37.136  -45.580  -30.758 0.4000000060
21005  22.112  -50.464  -25.391 0.6000000238
20063  20.976  -51.101  -24.341 0.6000000238
19132  20.250  -52.105  -23.841 0.5000000000
17337  18.656  -54.711  -23.303 0.5000000000
129971  19.538  -55.196  -22.888 0.5000000000
18254  18.589  -53.507  -24.590 0.5000000000
135161  21.266  -52.225  -26.164 0.5000000000
19152  19.186  -53.105  -24.719 0.5000000000
19163  19.956  -53.211  -26.361 0.5000000000
24576  35.097  -47.055  -25.993 0.5000000000
18274  18.746  -53.421  -25.471 0.5000000000
20088  22.379  -52.859  -28.065 0.6000000238
25546  32.069  -46.027  -29.265 0.4000000060
147614  33.496  -69.463  -24.662 0.3000000119
6745  32.470  -69.423  -24.649 0.3000000119
7387  32.804  -68.663  -24.941 0.3000000119
8033  31.561  -67.300  -25.949 0.3000000119
7388  31.997  -68.690  -25.107 0.3000000119
8049  31.982  -66.903  -25.957 0.3000000119
133676  30.882  -66.603  -26.244 0.3000000119
8050  31.121  -67.011  -26.190 0.3000000119
10642  33.778  -63.667  -25.339 0.3000000119
9956  32.884  -65.077  -25.700 0.3000000119
9957  31.848  -65.404  -25.507 0.3000000119
9306  31.218  -65.942  -26.003 0.3000000119
10643  33.194  -64.249  -25.324 0.3000000119
11336  33.149  -62.107  -23.977 0.3000000119
11357  32.735  -62.936  -24.164 0.3000000119
148819  32.293  -63.639  -24.336 0.4000000060
9937  31.411  -64.879  -24.915 0.4000000060
10627  30.460  -63.794  -24.474 0.4000000060
9939  29.789  -64.345  -25.221 0.3000000119
13455  32.575  -59.740  -23.351 0.3000000119
12723  32.111  -60.626  -23.419 0.4000000060
11338  31.439  -62.322  -23.668 0.4000000060
10626  31.450  -63.999  -24.349 0.4000000060
138230  32.836  -58.667  -23.213 0.3000000119
147836  30.339  -63.037  -24.259 0.4000000060
15658  33.664  -56.428  -23.740 0.4000000060
127902  32.850  -57.969  -23.219 0.4000000060
10628  29.645  -63.356  -24.965 0.4000000060
12064  29.649  -61.756  -24.858 0.3000000119
14185  32.330  -58.325  -23.510 0.4000000060
137814  31.715  -59.919  -23.495 0.3000000119
12724  31.318  -60.718  -23.546 0.4000000060
15659  32.915  -56.870  -24.070 0.4000000060
148459  30.401  -60.414  -24.321 0.5000000000
12725  30.631  -60.873  -23.840 0.4000000060
15697  25.832  -56.075  -28.849 0.5000000000
15675  34.822  -55.888  -24.932 0.4000000060
12063  30.266  -61.671  -24.080 0.4000000060
152455  26.302  -58.182  -28.588 0.3000000119
127963  26.883  -57.770  -29.076 0.4000000060
12754  28.839  -60.519  -26.797 0.3000000119
147621  29.155  -52.880  -19.717 0.4000000060
144205  28.525  -53.072  -19.106 0.4000000060
18286  26.902  -53.141  -26.336 0.4000000060
17369  27.284  -53.588  -27.050 0.4000000060
17370  26.632  -53.974  -27.017 0.4000000060
14895  32.372  -57.427  -24.374 0.4000000060
14186  31.719  -58.774  -23.760 0.3000000119
13457  31.132  -59.278  -24.070 0.5000000000
17381  26.927  -54.221  -27.742 0.4000000060
17382  26.419  -54.592  -27.708 0.4000000060
15676  33.473  -56.515  -24.852 0.4000000060
14938  26.274  -56.980  -29.277 0.4000000060
12737  30.017  -61.022  -24.518 0.4000000060
15703  26.742  -56.158  -29.378 0.5000000000
12738  29.578  -61.164  -25.240 0.5000000000
14237  27.726  -58.290  -28.870 0.4000000060
14238  26.860  -58.341  -28.759 0.4000000060
12753  29.648  -60.128  -26.181 0.3000000119
13505  27.465  -58.919  -28.199 0.4000000060
19074  27.150  -51.935  -18.917 0.4000000060
18271  28.484  -52.670  -26.061 0.4000000060
15677  32.756  -56.984  -24.789 0.4000000060
14911  31.817  -57.950  -24.845 0.4000000060
17380  28.338  -54.350  -27.601 0.4000000060
16522  26.529  -54.871  -28.416 0.5000000000
14910  32.403  -57.507  -25.281 0.4000000060
14190  31.441  -58.601  -24.443 0.4000000060
16529  27.221  -55.501  -29.094 0.5000000000
15687  33.910  -56.865  -26.084 0.4000000060
14921  33.573  -57.748  -26.590 0.4000000060
14203  32.046  -58.217  -25.806 0.4000000060
14222  31.636  -58.957  -26.608 0.5000000000
13472  30.848  -59.186  -26.065 0.5000000000
16520  29.315  -55.096  -28.209 0.4000000060
14951  28.336  -56.254  -29.427 0.5000000000
14920  34.469  -57.640  -27.038 0.4000000060
13486  30.238  -59.519  -26.576 0.5000000000
14937  27.732  -57.232  -29.335 0.4000000060
13487  29.551  -59.740  -26.989 0.4000000060
139560  29.837  -58.860  -28.034 0.4000000060
13504  28.765  -58.703  -28.292 0.4000000060
14936  28.900  -58.015  -28.977 0.4000000060
17379  29.803  -54.608  -27.393 0.4000000060
17378  31.038  -54.652  -27.203 0.3000000119
14220  33.117  -58.661  -27.120 0.4000000060
14228  32.472  -59.232  -27.700 0.4000000060
16528  28.725  -55.642  -28.985 0.4000000060
17335  20.430  -54.916  -22.737 0.4000000060
14927  35.981  -58.575  -28.574 0.4000000060
14929  34.058  -58.671  -27.599 0.4000000060
14229  31.686  -59.251  -27.598 0.5000000000
13495  31.296  -59.212  -27.996 0.5000000000
16527  30.115  -55.748  -28.930 0.5000000000
130500  29.519  -56.553  -29.403 0.4000000060
14928  35.028  -58.697  -28.121 0.4000000060
13503  30.817  -58.944  -28.341 0.4000000060
14950  29.129  -57.140  -29.410 0.4000000060
14236  30.094  -58.490  -28.625 0.4000000060
14246  29.854  -57.835  -29.078 0.4000000060
139937  31.721  -54.247  -26.739 0.4000000060
16519  30.531  -55.178  -28.080 0.3000000119
14227  33.514  -59.407  -28.376 0.4000000060
16526  31.083  -55.578  -28.746 0.3000000119
14226  34.421  -59.513  -28.872 0.4000000060
14232  33.864  -60.058  -29.660 0.4000000060
13494  32.166  -59.339  -28.459 0.4000000060
13502  31.834  -59.153  -28.819 0.5000000000
14225  35.184  -59.296  -29.154 0.4000000060
14240  34.921  -59.324  -29.629 0.4000000060
14234  32.412  -59.236  -29.332 0.4000000060
14244  31.695  -58.762  -29.304 0.4000000060
131907  31.137  -56.929  -29.565 0.4000000060
127028  32.627  -53.383  -25.908 0.4000000060
14233  33.362  -59.848  -29.806 0.4000000060
7404  26.328  -69.295  -26.009 0.3000000119
12062  33.881  -61.960  -24.378 0.3000000119
141300  33.355  -59.334  -23.214 0.3000000119
14885  33.247  -57.438  -23.203 0.4000000060
127614  35.252  -56.239  -25.734 0.4000000060
15686  34.849  -56.773  -26.449 0.4000000060
15685  35.855  -56.766  -26.725 0.4000000060
15695  36.665  -57.732  -27.852 0.4000000060
17387  31.556  -55.150  -28.151 0.3000000119
135994  36.896  -58.461  -28.837 0.4000000060
17377  32.096  -54.658  -27.446 0.4000000060
140039  32.485  -55.052  -28.373 0.4000000060
17386  31.940  -55.606  -29.122 0.4000000060
14944  35.717  -58.528  -29.723 0.4000000060
14241  34.321  -59.959  -30.082 0.4000000060
14242  33.773  -59.842  -30.094 0.4000000060
14947  32.878  -57.817  -29.958 0.4000000060
15711  31.910  -56.706  -29.796 0.3000000119
145114  31.315  -56.309  -29.577 0.4000000060
14945  34.796  -58.899  -30.121 0.4000000060
128710  25.954  -56.257  -29.262 0.4000000060
17365  32.575  -54.025  -26.781 0.4000000060
6746  31.377  -69.302  -24.926 0.3000000119
8032  32.438  -67.262  -25.747 0.3000000119
8034  30.698  -67.376  -26.176 0.3000000119
6760  26.334  -70.062  -26.035 0.3000000119
7421  27.215  -68.414  -26.512 0.3000000119
9305  32.125  -65.836  -25.989 0.3000000119
9936  32.333  -64.468  -24.897 0.4000000060
9287  30.828  -65.455  -25.470 0.4000000060
11337  32.264  -62.223  -23.679 0.3000000119
10607  31.878  -63.071  -23.900 0.4000000060
12049  30.979  -61.553  -23.628 0.4000000060
14184  33.349  -57.965  -22.982 0.3000000119
16496  34.953  -55.610  -24.168 0.4000000060
14205  30.864  -59.153  -24.998 0.4000000060
152178  28.855  -59.868  -27.292 0.3000000119
13473  30.306  -59.700  -25.593 0.5000000000
14235  31.358  -58.897  -28.942 0.4000000060
14948  31.876  -57.886  -29.598 0.4000000060
18294  35.388  -53.366  -29.203 0.4000000060
19185  35.743  -52.634  -28.818 0.4000000060
20104  36.633  -51.811  -31.111 0.4000000060
20103  36.782  -51.173  -30.955 0.3000000119
19184  36.219  -52.116  -29.458 0.5000000000
150081  34.469  -53.570  -27.784 0.4000000060
18289  34.585  -53.067  -27.172 0.4000000060
19169  37.294  -52.758  -26.671 0.3000000119
19177  37.528  -53.262  -27.750 0.3000000119
146301  39.471  -50.144  -29.625 0.3000000119
129006  39.498  -50.047  -31.469 0.3000000119
22853  39.098  -48.275  -32.256 0.3000000119
146595  37.834  -48.084  -33.140 0.3000000119
20094  37.969  -52.387  -28.270 0.3000000119
20093  38.536  -51.599  -28.607 0.3000000119
21028  39.151  -50.184  -28.749 0.3000000119
18281  37.235  -52.998  -26.102 0.3000000119
132211  37.449  -51.729  -26.606 0.3000000119
21946  39.545  -48.974  -31.252 0.3000000119
152007  39.311  -47.332  -31.264 0.3000000119
20084  37.995  -51.565  -27.606 0.3000000119
146469  39.165  -49.186  -28.304 0.3000000119
21931  39.607  -49.646  -30.318 0.3000000119
146263  37.907  -50.289  -26.524 0.3000000119
21009  38.350  -50.078  -27.131 0.3000000119
22812  39.053  -48.354  -27.720 0.3000000119
22788  38.331  -48.742  -26.409 0.3000000119
22787  38.678  -48.155  -26.864 0.3000000119
140976  37.544  -50.874  -26.205 0.3000000119
137714  39.552  -48.721  -29.032 0.3000000119
127164  39.679  -47.797  -29.283 0.3000000119
24635  38.675  -45.307  -30.137 0.3000000119
22773  37.804  -48.767  -25.642 0.3000000119
138438  39.401  -48.367  -28.457 0.3000000119
152382  39.572  -46.106  -29.106 0.3000000119
22772  38.325  -48.001  -26.043 0.3000000119
23734  39.163  -47.523  -27.347 0.3000000119
23742  39.460  -47.683  -28.232 0.3000000119
23712  39.468  -46.757  -27.180 0.3000000119
25531  38.170  -44.492  -29.566 0.3000000119
127592  39.462  -46.521  -30.108 0.3000000119
25508  38.838  -44.885  -28.552 0.3000000119
27359  37.641  -43.275  -26.871 0.3000000119
145196  39.112  -43.017  -25.905 0.3000000119
28248  38.313  -42.837  -26.047 0.3000000119
28231  38.035  -42.107  -25.696 0.3000000119
21052  37.115  -50.545  -31.292 0.3000000119
133236  36.545  -51.580  -30.193 0.4000000060
141983  37.985  -48.346  -33.277 0.3000000119
19187  36.274  -52.296  -30.445 0.5000000000
144239  37.562  -52.341  -27.340 0.3000000119
21919  39.498  -49.444  -29.300 0.3000000119
21041  39.566  -50.529  -30.416 0.3000000119
21056  38.897  -49.851  -32.618 0.3000000119
21954  37.869  -48.924  -33.080 0.3000000119
21920  38.769  -49.876  -27.852 0.3000000119
21017  37.965  -50.846  -27.003 0.3000000119
126976  39.582  -47.483  -30.515 0.3000000119
21893  38.636  -49.150  -27.221 0.3000000119
130614  38.827  -47.373  -26.486 0.3000000119
146737  39.720  -47.016  -28.931 0.3000000119
23694  37.903  -47.856  -25.246 0.3000000119
141482  39.664  -46.869  -28.118 0.3000000119
151345  32.434  -55.781  -29.692 0.3000000119
15710  32.574  -56.322  -29.947 0.4000000060
16537  35.350  -55.500  -30.515 0.4000000060
16538  34.493  -55.557  -30.390 0.4000000060
17392  32.816  -55.365  -29.301 0.3000000119
17396  35.762  -54.548  -30.736 0.4000000060
17395  37.136  -54.601  -31.084 0.3000000119
17391  33.649  -55.070  -29.691 0.4000000060
17397  34.840  -54.863  -30.395 0.4000000060
18301  37.163  -53.560  -31.435 0.3000000119
17384  34.177  -54.459  -29.113 0.3000000119
17390  34.500  -54.639  -29.890 0.4000000060
138316  35.698  -53.805  -30.806 0.4000000060
18292  34.701  -53.828  -28.636 0.3000000119
18295  34.953  -54.044  -29.624 0.4000000060
128781  36.385  -52.472  -31.114 0.4000000060
17385  33.337  -54.788  -28.684 0.3000000119
17376  33.873  -54.143  -28.013 0.3000000119
17364  33.359  -53.972  -27.223 0.3000000119
137628  32.989  -54.499  -27.706 0.3000000119
18297  35.577  -53.469  -30.290 0.4000000060
17398  34.206  -55.102  -30.130 0.4000000060
15637  34.410  -56.272  -22.949 0.3000000119
14946  33.976  -58.357  -30.247 0.3000000119
15622  35.874  -56.245  -22.076 0.3000000119
14875  35.317  -56.969  -22.328 0.3000000119
16466  35.039  -55.717  -22.878 0.3000000119
16480  34.487  -55.916  -23.468 0.3000000119
15709  33.495  -56.654  -30.279 0.3000000119
17316  36.753  -54.745  -22.392 0.3000000119
16478  36.255  -55.122  -23.560 0.3000000119
17330  36.665  -54.810  -23.090 0.3000000119
16495  35.833  -55.402  -24.233 0.3000000119
16510  35.546  -55.771  -25.000 0.3000000119
15708  34.463  -57.350  -30.358 0.3000000119
17314  39.160  -54.383  -22.729 0.3000000119
17328  38.385  -54.688  -23.155 0.3000000119
16477  37.127  -55.019  -23.668 0.3000000119
16509  36.483  -55.759  -25.049 0.3000000119
152674  39.177  -54.936  -23.457 0.3000000119
16476  38.736  -55.265  -23.886 0.3000000119
144484  37.307  -55.785  -24.999 0.3000000119
16493  37.996  -55.562  -24.470 0.3000000119
15674  36.208  -56.240  -25.848 0.3000000119
15694  37.840  -57.648  -27.743 0.3000000119
17326  41.202  -55.087  -23.617 0.3000000119
15673  37.349  -56.323  -25.811 0.3000000119
16508  38.001  -56.084  -25.307 0.3000000119
15683  38.145  -57.095  -26.813 0.3000000119
15707  35.400  -57.649  -30.177 0.3000000119
16474  40.747  -55.540  -24.133 0.3000000119
16473  41.930  -55.678  -24.346 0.3000000119
16491  40.450  -55.985  -24.746 0.3000000119
16506  40.140  -56.467  -25.450 0.3000000119
15682  39.347  -57.389  -26.919 0.3000000119
14925  38.684  -58.076  -28.525 0.3000000119
130641  36.761  -58.172  -29.542 0.3000000119
146464  36.252  -57.734  -29.976 0.3000000119
15714  36.045  -56.557  -30.300 0.3000000119
16505  41.543  -56.576  -25.607 0.3000000119
15671  39.726  -56.917  -26.173 0.3000000119
15693  39.009  -57.784  -27.755 0.3000000119
14934  37.470  -58.324  -29.143 0.3000000119
16479  35.413  -55.412  -23.350 0.3000000119
16464  36.228  -55.110  -22.335 0.3000000119
141931  35.680  -55.356  -22.792 0.3000000119
6776  26.763  -69.231  -26.372 0.3000000119
7401  32.181  -67.989  -25.509 0.3000000119
7422  26.761  -68.546  -26.307 0.3000000119
8719  32.201  -66.378  -26.008 0.3000000119
8720  31.497  -66.570  -26.117 0.3000000119
9288  29.934  -65.201  -25.627 0.3000000119
9317  31.601  -66.324  -26.114 0.3000000119
9938  30.599  -64.714  -24.878 0.4000000060
10608  31.055  -63.133  -23.942 0.4000000060
10609  29.900  -62.459  -24.476 0.4000000060
10625  33.025  -63.644  -24.766 0.3000000119
11339  30.656  -62.380  -23.878 0.4000000060
11356  33.666  -62.820  -24.669 0.3000000119
12047  32.615  -61.370  -23.546 0.3000000119
12048  31.767  -61.463  -23.492 0.4000000060
12722  32.858  -60.610  -23.432 0.3000000119
12744  29.937  -60.432  -25.181 0.5000000000
13456  32.065  -59.113  -23.430 0.3000000119
13458  30.953  -60.022  -23.770 0.5000000000
13465  30.552  -59.806  -24.575 0.5000000000
13485  30.963  -59.266  -27.069 0.5000000000
13493  33.012  -59.556  -29.018 0.4000000060
13496  30.274  -59.217  -27.464 0.4000000060
13497  29.280  -59.260  -27.591 0.3000000119
13501  32.586  -59.423  -29.282 0.4000000060
14204  31.401  -58.630  -25.448 0.4000000060
14221  32.390  -58.629  -26.637 0.4000000060
14230  26.305  -58.480  -28.124 0.3000000119
14231  34.413  -59.983  -29.798 0.4000000060
14239  26.054  -57.754  -29.056 0.4000000060
14243  32.679  -59.288  -29.663 0.4000000060
14245  30.747  -58.272  -29.094 0.4000000060
14877  33.736  -57.391  -22.923 0.3000000119
14886  32.664  -57.543  -23.645 0.4000000060
14896  31.971  -58.034  -24.001 0.3000000119
14909  33.095  -57.167  -25.661 0.4000000060
14922  32.748  -57.908  -26.177 0.4000000060
14926  37.717  -58.269  -28.658 0.3000000119
14935  36.129  -58.635  -29.223 0.4000000060
14939  25.824  -56.974  -29.082 0.4000000060
14949  30.261  -57.234  -29.401 0.4000000060
15636  35.058  -56.223  -22.557 0.3000000119
15645  33.766  -56.794  -23.112 0.4000000060
15646  33.208  -56.969  -23.529 0.4000000060
15647  29.545  -56.270  -23.247 0.5000000000
15657  34.225  -56.003  -24.368 0.4000000060
15660  29.128  -56.179  -23.953 0.5000000000
15672  38.552  -56.640  -26.029 0.3000000119
15684  36.952  -56.846  -26.823 0.4000000060
15688  26.643  -56.405  -26.639 0.6000000238
15696  35.460  -57.586  -27.460 0.4000000060
15701  30.427  -56.359  -29.404 0.4000000060
15702  29.430  -56.144  -29.324 0.5000000000
15715  34.933  -56.414  -30.442 0.3000000119
16450  36.155  -55.541  -21.996 0.3000000119
16465  35.663  -55.637  -22.463 0.3000000119
16475  39.706  -55.444  -24.024 0.3000000119
16492  39.300  -55.816  -24.637 0.3000000119
16494  36.803  -55.407  -24.334 0.3000000119
16497  27.129  -55.205  -25.433 0.4000000060
16507  38.922  -56.240  -25.313 0.3000000119
16513  26.146  -55.164  -27.175 0.6000000238
16514  25.997  -55.134  -28.144 0.4000000060
16521  27.820  -54.875  -28.389 0.4000000060
16530  26.100  -55.524  -29.057 0.4000000060
16532  33.070  -55.743  -29.949 0.4000000060
16533  31.893  -56.069  -29.691 0.3000000119
16534  31.141  -55.966  -29.364 0.4000000060
16536  36.455  -55.452  -30.623 0.3000000119
16539  33.781  -55.640  -30.213 0.4000000060
17317  36.123  -55.029  -22.896 0.3000000119
17318  29.435  -54.238  -22.100 0.4000000060
17327  40.024  -54.979  -23.454 0.3000000119
17329  37.421  -54.611  -22.884 0.3000000119
17366  31.098  -54.070  -26.465 0.5000000000
17400  36.243  -53.862  -31.123 0.3000000119
18188  29.076  -53.654  -19.373 0.4000000060
18240  27.091  -51.912  -23.753 0.4000000060
18243  18.565  -53.902  -23.821 0.5000000000
18251  31.923  -53.007  -25.322 0.6999999881
18272  27.351  -52.472  -25.808 0.5000000000
18282  33.341  -53.537  -26.524 0.4000000060
18285  27.839  -53.029  -26.502 0.4000000060
18290  33.962  -53.596  -27.159 0.3000000119
18298  35.189  -54.199  -30.324 0.4000000060
19086  29.368  -52.781  -20.485 0.5000000000
19115  28.613  -51.946  -21.907 0.6000000238
19116  27.765  -51.806  -22.842 0.5000000000
19119  21.887  -52.441  -22.581 0.4000000060
19148  30.295  -51.941  -24.675 0.6999999881
19149  27.796  -51.451  -24.851 0.4000000060
19150  27.020  -51.787  -24.675 0.4000000060
19158  34.761  -51.855  -25.893 0.5000000000
19160  33.342  -52.530  -24.999 0.6000000238
19161  28.439  -52.047  -25.478 0.6000000238
19164  19.292  -53.374  -25.889 0.5000000000
19170  35.190  -51.798  -26.694 0.5000000000
19174  19.125  -53.488  -27.224 0.4000000060
19188  35.848  -52.800  -29.849 0.4000000060
19191  36.086  -53.180  -31.110 0.4000000060
19192  35.991  -52.838  -30.634 0.5000000000
20045  33.694  -50.848  -23.707 0.6000000238
20046  33.079  -51.140  -23.653 0.6000000238
20048  30.640  -50.863  -23.515 0.6000000238
20055  34.738  -50.945  -24.787 0.6000000238
20057  33.599  -51.505  -24.114 0.6000000238
20064  20.498  -51.719  -24.562 0.6000000238
20069  34.427  -51.736  -25.093 0.6000000238
20076  37.135  -52.312  -25.731 0.3000000119
20085  36.222  -51.038  -28.154 0.5000000000
20095  36.447  -51.306  -29.164 0.6000000238
20096  35.992  -51.839  -28.478 0.5000000000
20931  26.314  -50.817  -19.467 0.5000000000
20947  25.009  -50.565  -20.554 0.6000000238
20961  29.459  -50.239  -21.912 0.6000000238
20980  30.297  -49.939  -22.538 0.6999999881
20991  30.447  -50.343  -22.993 0.6999999881
20992  22.653  -49.757  -23.196 0.6999999881
20999  21.993  -49.977  -24.594 0.6000000238
21000  21.458  -50.610  -24.666 0.6000000238
21016  38.546  -50.722  -27.950 0.3000000119
21024  23.108  -52.325  -27.977 0.6000000238
21034  28.093  -50.363  -28.935 0.6000000238
21044  28.188  -50.238  -29.154 0.6000000238
21046  26.168  -50.536  -30.027 0.5000000000
21048  24.124  -51.170  -30.439 0.6000000238
21057  37.843  -50.102  -32.917 0.3000000119
21817  27.914  -49.532  -19.832 0.6999999881
21818  27.145  -49.766  -19.617 0.6000000238
21830  28.876  -49.789  -20.575 0.6000000238
21849  24.568  -49.950  -21.182 0.5000000000
21850  23.913  -50.161  -21.703 0.5000000000
21859  32.956  -49.000  -22.857 0.6999999881
21872  34.116  -49.071  -23.647 0.6000000238
21894  38.047  -49.545  -26.349 0.3000000119
21895  36.321  -48.873  -26.719 0.5000000000
21923  30.362  -50.312  -29.299 0.6000000238
21924  29.423  -50.444  -28.995 0.6000000238
21935  29.765  -50.259  -29.870 0.6999999881
21937  27.920  -49.856  -29.409 0.5000000000
21938  26.733  -49.877  -29.725 0.5000000000
21947  37.428  -49.000  -31.911 0.4000000060
21948  30.963  -49.817  -30.685 0.6000000238
21949  30.434  -49.861  -30.494 0.6000000238
21950  39.213  -49.196  -32.191 0.3000000119
21951  38.523  -48.780  -32.909 0.3000000119
21953  38.130  -49.387  -33.091 0.3000000119
22721  26.361  -48.642  -20.477 0.5000000000
22734  26.383  -48.011  -21.031 0.6000000238
22749  24.609  -48.660  -22.036 0.6000000238
22750  23.992  -49.013  -22.465 0.6000000238
22763  23.749  -48.747  -23.197 0.6999999881
22768  25.086  -47.860  -24.794 0.6999999881
22774  35.771  -47.785  -25.951 0.5000000000
22790  35.893  -48.878  -25.998 0.5000000000
22793  31.078  -48.689  -26.990 0.5000000000
22794  30.051  -48.602  -26.940 0.6000000238
22795  29.088  -48.563  -26.856 0.6000000238
22825  32.370  -48.612  -28.176 0.5000000000
22831  39.685  -48.606  -30.088 0.3000000119
22832  37.396  -48.591  -29.946 0.4000000060
22846  39.491  -47.984  -31.232 0.3000000119
22848  31.895  -48.859  -30.940 0.6000000238
22849  31.353  -49.211  -31.248 0.6000000238
22854  38.258  -47.762  -32.968 0.3000000119
22855  37.686  -47.547  -32.804 0.3000000119
22858  37.860  -47.568  -33.047 0.4000000060
23660  26.883  -47.157  -22.271 0.6000000238
23670  33.300  -47.843  -23.642 0.6000000238
23671  32.534  -47.400  -23.504 0.5000000000
23672  31.804  -47.059  -23.139 0.6000000238
23685  26.372  -47.175  -24.450 0.6000000238
23695  35.261  -47.649  -25.641 0.6000000238
23700  31.044  -47.288  -25.663 0.6000000238
23704  26.591  -47.383  -25.264 0.6000000238
23713  36.183  -47.497  -26.433 0.5000000000
23717  33.221  -47.967  -26.570 0.4000000060
23722  27.768  -47.830  -26.120 0.6000000238
23757  27.295  -48.672  -29.525 0.4000000060
23758  26.335  -48.357  -29.678 0.4000000060
23775  37.978  -46.977  -32.711 0.4000000060
24518  28.965  -46.765  -22.071 0.6000000238
24519  28.148  -47.005  -21.876 0.6000000238
24528  31.001  -46.823  -22.779 0.5000000000
24529  30.117  -46.467  -22.735 0.6999999881
24530  29.641  -46.717  -22.288 0.6999999881
24559  31.739  -46.772  -24.237 0.6000000238
24563  27.944  -46.490  -24.207 0.6000000238
24580  29.504  -46.586  -24.964 0.6000000238
24592  35.471  -46.460  -26.438 0.4000000060
24594  34.156  -46.840  -26.558 0.4000000060
24648  38.464  -45.839  -31.142 0.4000000060
24649  37.708  -45.780  -31.468 0.4000000060
24658  37.738  -46.570  -32.050 0.4000000060
25509  36.005  -44.836  -28.113 0.5000000000
25510  35.328  -44.895  -27.330 0.5000000000
25511  34.615  -45.150  -26.896 0.6000000238
25532  36.799  -44.602  -29.972 0.4000000060
25554  37.319  -45.194  -30.951 0.4000000060
26456  37.028  -44.082  -29.478 0.4000000060
26469  37.293  -44.325  -30.044 0.4000000060
27358  38.576  -43.486  -26.536 0.4000000060
127928  34.261  -47.897  -24.650 0.4000000060
128911  25.204  -48.378  -21.665 0.6000000238
130525  27.955  -51.716  -19.042 0.5000000000
130573  37.589  -48.438  -32.784 0.3000000119
132717  26.094  -57.881  -27.885 0.3000000119
135993  25.666  -49.921  -20.156 0.6999999881
136024  32.459  -51.344  -23.730 0.6999999881
136324  29.118  -54.323  -22.717 0.4000000060
137111  34.391  -56.300  -25.424 0.4000000060
137913  31.121  -57.836  -29.382 0.4000000060
138168  37.921  -55.010  -23.626 0.3000000119
138883  31.547  -47.422  -22.663 0.6000000238
139179  26.934  -50.337  -29.117 0.5000000000
139957  32.713  -48.037  -28.049 0.4000000060
141047  37.573  -50.191  -25.879 0.3000000119
141162  19.984  -53.305  -23.277 0.5000000000
141551  35.522  -49.992  -25.697 0.6000000238
141756  41.433  -56.025  -24.773 0.3000000119
144334  33.994  -60.297  -30.072 0.4000000060
145079  27.135  -47.770  -21.112 0.6000000238
146139  29.875  -50.445  -29.104 0.6000000238
146999  34.166  -56.231  -30.431 0.3000000119
148471  31.516  -59.421  -23.679 0.3000000119
149427  34.315  -59.508  -30.209 0.4000000060
150074  26.936  -52.230  -25.211 0.4000000060
150319  34.069  -56.343  -23.298 0.3000000119
151806  23.380  -52.625  -29.302 0.5000000000
152153  26.672  -48.386  -26.430 0.6000000238
152336  28.545  -50.383  -29.080 0.6000000238
152405  35.158  -53.092  -28.075 0.4000000060
