#!ascii label  , from subject sub-v1s14x0051568_ses-1 vox2ras=TkReg
1552
65265  -47.929  -13.004  16.161 0.0000000000
79443  -58.804  0.427  7.347 0.0000000000
73183  -50.892  -5.040  11.484 0.0000000000
38660  -17.034  -37.363  36.426 0.0000000000
65211  -41.509  -12.446  20.560 0.0000000000
128525  -32.482  -25.812  33.230 0.0000000000
52995  -42.792  -23.796  33.076 0.0000000000
59554  -45.865  -17.576  27.431 0.0000000000
63975  -46.101  -12.950  26.228 0.0000000000
46260  -23.502  -29.971  29.137 0.0000000000
50728  -27.127  -25.482  32.523 0.0000000000
50813  -28.667  -26.555  27.693 0.0000000000
50820  -39.343  -25.690  27.777 0.0000000000
141279  -44.280  -22.933  27.558 0.0000000000
67523  -49.490  -11.213  21.617 0.0000000000
131942  -54.012  -10.603  18.831 0.0000000000
77330  -53.292  -1.988  9.454 0.0000000000
68858  -51.341  -10.157  12.530 0.0000000000
79473  -55.311  0.523  3.534 0.0000000000
35477  -13.522  -39.597  39.284 0.0000000000
68701  -46.146  -10.775  24.319 0.0000000000
65224  -44.395  -12.509  18.499 0.0000000000
51899  -33.242  -25.622  27.215 0.0000000000
49534  -38.430  -27.193  33.471 0.0000000000
141465  -55.329  -6.847  16.389 0.0000000000
86730  -56.127  7.069  -2.048 0.0000000000
57605  -44.815  -19.299  25.224 0.0000000000
136093  -45.333  -16.757  24.755 0.0000000000
48430  -26.332  -28.156  27.979 0.0000000000
54272  -43.110  -24.366  24.434 0.0000000000
55403  -44.271  -22.081  25.384 0.0000000000
57587  -45.611  -20.160  27.854 0.0000000000
66391  -48.840  -12.489  18.776 0.0000000000
67542  -51.581  -11.162  20.486 0.0000000000
66407  -50.500  -11.914  17.509 0.0000000000
78375  -56.625  -0.768  8.805 0.0000000000
79407  -55.850  0.173  11.856 0.0000000000
81610  -59.709  2.485  5.896 0.0000000000
37600  -14.722  -38.209  34.813 0.0000000000
37551  -15.327  -38.323  37.924 0.0000000000
65185  -44.454  -12.579  23.112 0.0000000000
67455  -45.649  -11.679  25.047 0.0000000000
67501  -44.059  -11.599  22.303 0.0000000000
144457  -45.424  -11.176  21.330 0.0000000000
66368  -42.130  -11.749  19.593 0.0000000000
51823  -29.462  -24.971  32.554 0.0000000000
51787  -29.129  -24.975  35.524 0.0000000000
50693  -32.164  -25.764  35.723 0.0000000000
132524  -34.404  -26.485  35.832 0.0000000000
53078  -30.419  -24.582  24.213 0.0000000000
51949  -33.785  -25.186  24.716 0.0000000000
51853  -41.684  -25.194  30.719 0.0000000000
49582  -38.865  -26.700  30.740 0.0000000000
50722  -40.727  -26.182  33.278 0.0000000000
134992  -39.981  -26.122  36.506 0.0000000000
43105  -20.813  -33.826  32.782 0.0000000000
45132  -21.843  -31.681  35.379 0.0000000000
45102  -21.759  -31.580  38.018 0.0000000000
71065  -51.667  -7.650  11.444 0.0000000000
69950  -53.735  -8.616  14.471 0.0000000000
73160  -53.314  -6.140  13.460 0.0000000000
86758  -57.212  7.520  -4.243 0.0000000000
39685  -16.472  -35.935  39.965 0.0000000000
128469  -46.885  -16.086  30.179 0.0000000000
137683  -47.105  -13.795  29.044 0.0000000000
61740  -46.016  -15.500  26.449 0.0000000000
62905  -45.143  -14.549  23.447 0.0000000000
46241  -23.467  -29.744  31.233 0.0000000000
49542  -25.035  -27.014  33.229 0.0000000000
48400  -25.899  -27.775  30.619 0.0000000000
50774  -27.693  -26.104  29.970 0.0000000000
128885  -29.735  -25.052  29.852 0.0000000000
51951  -36.861  -25.545  24.519 0.0000000000
138188  -39.757  -24.864  24.747 0.0000000000
53046  -42.099  -24.297  28.014 0.0000000000
54188  -43.566  -23.497  30.722 0.0000000000
56424  -45.411  -20.989  30.554 0.0000000000
58577  -46.674  -18.275  30.504 0.0000000000
44192  -21.807  -31.758  29.111 0.0000000000
69838  -50.649  -9.130  23.900 0.0000000000
71971  -53.006  -7.039  24.983 0.0000000000
69855  -52.806  -8.975  22.695 0.0000000000
68742  -55.321  -9.774  21.453 0.0000000000
75312  -51.104  -3.010  10.534 0.0000000000
76289  -52.704  -3.192  13.107 0.0000000000
142746  -53.710  -1.544  12.283 0.0000000000
150126  -11.043  -43.469  43.777 0.0000000000
66446  -49.546  -12.204  13.994 0.0000000000
69990  -49.128  -8.945  10.298 0.0000000000
151971  -48.932  -4.339  9.724 0.0000000000
75335  -51.234  -3.437  8.031 0.0000000000
76341  -53.594  -3.068  7.595 0.0000000000
143903  -56.036  -1.890  6.039 0.0000000000
79458  -57.187  -0.025  5.037 0.0000000000
77387  -54.584  -1.580  4.179 0.0000000000
38629  -14.181  -37.163  41.382 0.0000000000
37492  -11.964  -38.087  42.907 0.0000000000
34395  -11.841  -40.625  43.891 0.0000000000
70887  -48.943  -8.302  28.483 0.0000000000
66263  -46.959  -11.549  27.786 0.0000000000
68636  -47.280  -10.363  27.094 0.0000000000
69808  -48.744  -9.388  25.180 0.0000000000
68723  -47.916  -10.564  23.194 0.0000000000
133426  -47.210  -11.854  20.411 0.0000000000
65241  -46.407  -13.428  17.396 0.0000000000
50703  -26.384  -25.469  34.858 0.0000000000
53045  -30.067  -24.959  27.517 0.0000000000
143856  -33.072  -25.923  30.065 0.0000000000
50817  -36.476  -25.875  27.343 0.0000000000
49579  -36.106  -26.743  30.430 0.0000000000
49531  -35.457  -26.896  33.115 0.0000000000
49487  -37.589  -26.895  36.777 0.0000000000
38679  -16.712  -36.934  34.396 0.0000000000
40891  -18.576  -35.851  33.674 0.0000000000
39709  -18.853  -35.904  36.396 0.0000000000
67612  -52.626  -10.322  15.525 0.0000000000
69922  -54.607  -8.636  17.092 0.0000000000
147990  -57.687  -6.875  18.237 0.0000000000
74166  -55.100  -4.329  15.997 0.0000000000
81622  -56.938  2.233  4.211 0.0000000000
83623  -56.698  4.366  3.327 0.0000000000
86673  -57.183  7.059  2.250 0.0000000000
84638  -55.506  5.525  -0.688 0.0000000000
87611  -57.748  8.168  -0.110 0.0000000000
57612  -44.087  -19.664  24.267 0.0000000000
58618  -44.290  -18.855  23.741 0.0000000000
131393  -43.389  -19.202  22.470 0.0000000000
139648  -43.522  -22.219  24.010 0.0000000000
56531  -43.921  -20.661  24.472 0.0000000000
57604  -44.505  -20.121  25.022 0.0000000000
148306  -48.141  -12.913  17.043 0.0000000000
66406  -49.819  -12.260  17.738 0.0000000000
65267  -49.333  -12.527  16.183 0.0000000000
78384  -57.788  -0.273  8.129 0.0000000000
79423  -57.237  0.135  9.560 0.0000000000
80556  -58.320  0.775  9.092 0.0000000000
80558  -59.459  1.457  8.065 0.0000000000
80567  -59.599  1.474  7.277 0.0000000000
38659  -16.385  -37.727  35.764 0.0000000000
37574  -15.101  -38.478  36.352 0.0000000000
136072  -16.063  -37.824  37.752 0.0000000000
65195  -43.160  -12.682  22.115 0.0000000000
66328  -44.288  -12.159  23.245 0.0000000000
130549  -43.027  -11.950  21.557 0.0000000000
67517  -43.105  -11.714  21.018 0.0000000000
66354  -41.588  -12.012  20.403 0.0000000000
47256  -23.106  -28.983  35.544 0.0000000000
51825  -31.074  -25.349  32.775 0.0000000000
151511  -31.010  -25.447  34.216 0.0000000000
133650  -32.192  -25.716  34.038 0.0000000000
147405  -32.871  -25.894  35.722 0.0000000000
50705  -33.344  -25.989  34.898 0.0000000000
53017  -42.531  -24.435  31.591 0.0000000000
133229  -41.464  -25.547  32.082 0.0000000000
51828  -41.785  -25.042  32.923 0.0000000000
51804  -41.774  -24.674  34.838 0.0000000000
46217  -22.615  -30.557  33.437 0.0000000000
137310  -22.439  -30.294  35.217 0.0000000000
46193  -22.472  -30.472  35.952 0.0000000000
71932  -51.112  -6.930  28.006 0.0000000000
151670  -51.160  -6.580  11.388 0.0000000000
72120  -52.422  -6.879  12.308 0.0000000000
73170  -51.889  -5.343  12.129 0.0000000000
60548  -46.785  -16.551  29.435 0.0000000000
61718  -46.730  -15.552  28.522 0.0000000000
60578  -46.057  -16.612  27.568 0.0000000000
60613  -45.302  -16.224  24.047 0.0000000000
61802  -44.404  -15.258  21.967 0.0000000000
62916  -44.203  -14.277  22.258 0.0000000000
46251  -23.584  -29.857  30.200 0.0000000000
47312  -24.663  -28.743  30.878 0.0000000000
151746  -24.601  -28.912  30.114 0.0000000000
49603  -27.784  -27.314  28.204 0.0000000000
49594  -27.351  -26.829  29.481 0.0000000000
50775  -28.285  -25.947  29.236 0.0000000000
51847  -28.715  -25.243  30.259 0.0000000000
148372  -29.028  -25.654  29.001 0.0000000000
137500  -38.827  -24.925  23.689 0.0000000000
54255  -43.569  -23.860  26.292 0.0000000000
53061  -42.630  -24.299  26.494 0.0000000000
54231  -43.646  -23.659  27.863 0.0000000000
53035  -43.084  -23.895  29.467 0.0000000000
54214  -44.144  -23.046  29.193 0.0000000000
55333  -44.540  -22.353  30.510 0.0000000000
55347  -44.763  -22.286  29.605 0.0000000000
57588  -45.804  -19.196  27.912 0.0000000000
57573  -46.128  -19.795  29.371 0.0000000000
58583  -46.593  -18.323  29.395 0.0000000000
60536  -46.861  -17.046  30.031 0.0000000000
45227  -22.819  -30.720  29.061 0.0000000000
68725  -49.645  -10.308  22.881 0.0000000000
69839  -51.583  -8.888  23.669 0.0000000000
68727  -51.399  -9.791  22.490 0.0000000000
67557  -52.895  -11.112  19.601 0.0000000000
68753  -53.928  -10.605  21.018 0.0000000000
68754  -54.856  -10.454  20.858 0.0000000000
68743  -56.237  -9.609  21.195 0.0000000000
67560  -55.709  -10.109  19.358 0.0000000000
77318  -52.559  -2.161  10.496 0.0000000000
76308  -52.326  -2.560  11.521 0.0000000000
77319  -53.250  -1.847  10.785 0.0000000000
79401  -56.818  0.837  12.560 0.0000000000
75333  -49.358  -3.948  8.621 0.0000000000
74246  -49.570  -4.560  7.234 0.0000000000
75346  -52.223  -4.333  6.868 0.0000000000
75359  -53.508  -3.854  6.264 0.0000000000
77366  -55.153  -2.482  6.905 0.0000000000
76363  -54.658  -2.862  5.409 0.0000000000
77377  -55.826  -1.791  5.388 0.0000000000
35495  -13.750  -39.939  37.482 0.0000000000
35475  -12.157  -40.492  39.989 0.0000000000
39670  -16.449  -35.431  41.976 0.0000000000
38618  -15.381  -36.387  41.061 0.0000000000
39656  -15.191  -35.993  42.337 0.0000000000
37490  -13.591  -38.053  43.657 0.0000000000
141013  -13.363  -39.375  43.881 0.0000000000
35439  -11.440  -39.441  43.388 0.0000000000
34396  -12.602  -40.353  44.003 0.0000000000
33254  -12.727  -41.640  43.650 0.0000000000
63962  -46.866  -13.073  27.515 0.0000000000
65102  -47.167  -12.403  29.149 0.0000000000
65124  -46.684  -12.112  27.261 0.0000000000
67470  -45.735  -11.226  24.403 0.0000000000
67457  -46.183  -10.861  25.679 0.0000000000
68668  -46.704  -10.221  25.600 0.0000000000
69798  -47.940  -9.481  26.534 0.0000000000
68683  -47.346  -9.963  24.627 0.0000000000
68684  -48.312  -9.816  24.487 0.0000000000
68722  -47.010  -10.678  23.402 0.0000000000
66370  -44.600  -11.732  19.796 0.0000000000
66358  -46.150  -11.650  20.658 0.0000000000
66388  -45.967  -12.431  19.073 0.0000000000
66389  -46.958  -12.611  19.018 0.0000000000
65240  -45.579  -13.236  17.730 0.0000000000
49543  -25.756  -26.628  32.889 0.0000000000
50702  -25.690  -25.889  34.460 0.0000000000
50717  -26.430  -25.485  33.957 0.0000000000
130768  -32.032  -24.893  25.808 0.0000000000
51910  -30.843  -24.815  26.311 0.0000000000
51898  -32.403  -25.390  27.430 0.0000000000
51867  -31.944  -25.494  29.135 0.0000000000
50799  -33.534  -25.887  28.648 0.0000000000
128873  -37.893  -25.547  25.695 0.0000000000
51915  -36.187  -25.702  25.989 0.0000000000
50818  -37.911  -25.824  27.267 0.0000000000
49548  -38.660  -26.937  32.203 0.0000000000
49580  -37.256  -26.785  30.359 0.0000000000
49547  -37.194  -26.992  32.261 0.0000000000
130262  -35.871  -26.909  31.899 0.0000000000
128724  -37.061  -27.259  33.920 0.0000000000
49517  -36.247  -27.005  34.501 0.0000000000
129714  -37.929  -27.292  34.960 0.0000000000
153312  -44.608  -20.283  33.683 0.0000000000
42023  -19.636  -34.874  32.732 0.0000000000
40892  -20.359  -35.079  34.355 0.0000000000
39727  -18.762  -36.009  34.583 0.0000000000
45076  -21.872  -31.423  39.312 0.0000000000
129940  -50.742  -11.207  13.413 0.0000000000
140363  -50.873  -11.523  14.783 0.0000000000
67633  -51.812  -10.575  14.110 0.0000000000
71038  -54.748  -7.454  15.177 0.0000000000
69937  -53.950  -8.696  15.321 0.0000000000
71017  -54.949  -7.904  17.029 0.0000000000
138411  -55.715  -8.130  18.018 0.0000000000
71008  -55.933  -7.225  17.972 0.0000000000
76281  -53.643  -2.574  14.083 0.0000000000
136446  -53.557  -4.087  14.317 0.0000000000
75271  -54.530  -3.181  15.483 0.0000000000
79464  -55.858  0.116  4.175 0.0000000000
138998  -57.743  1.703  4.743 0.0000000000
79474  -55.969  0.989  4.008 0.0000000000
81639  -56.127  3.028  2.876 0.0000000000
82694  -56.383  4.009  1.753 0.0000000000
151404  -56.730  5.784  2.881 0.0000000000
83645  -56.555  4.570  1.049 0.0000000000
85673  -55.115  5.926  -1.797 0.0000000000
84637  -54.785  5.171  -0.788 0.0000000000
85663  -55.846  6.170  -0.971 0.0000000000
154008  -56.949  6.857  -0.346 0.0000000000
86731  -56.723  7.399  -1.668 0.0000000000
87655  -57.530  8.307  -2.736 0.0000000000
87677  -59.293  7.858  -4.745 0.0000000000
58604  -45.291  -18.611  26.367 0.0000000000
148958  -45.573  -17.086  26.032 0.0000000000
59591  -44.999  -17.568  24.872 0.0000000000
59603  -44.724  -17.512  23.363 0.0000000000
47325  -24.902  -29.068  28.177 0.0000000000
54286  -43.033  -23.795  23.551 0.0000000000
55419  -44.045  -22.694  24.741 0.0000000000
55386  -44.613  -22.288  26.790 0.0000000000
56483  -45.274  -21.110  27.858 0.0000000000
153278  -44.918  -20.851  26.444 0.0000000000
58596  -45.357  -19.484  26.973 0.0000000000
66360  -49.360  -11.872  20.177 0.0000000000
67541  -50.715  -11.303  20.697 0.0000000000
66376  -50.486  -11.760  19.568 0.0000000000
66377  -51.026  -11.657  18.980 0.0000000000
67579  -51.934  -10.980  17.745 0.0000000000
78373  -55.093  -1.590  9.123 0.0000000000
78362  -54.563  -1.194  10.496 0.0000000000
78363  -55.898  -0.486  10.130 0.0000000000
80539  -56.981  0.949  10.956 0.0000000000
134240  -59.894  3.633  5.849 0.0000000000
36527  -14.216  -39.422  37.091 0.0000000000
36508  -14.082  -39.135  38.838 0.0000000000
64007  -45.264  -13.300  24.320 0.0000000000
65144  -45.940  -12.269  26.058 0.0000000000
65176  -44.920  -12.402  23.749 0.0000000000
66329  -45.084  -12.060  23.733 0.0000000000
129975  -45.022  -11.344  23.163 0.0000000000
67503  -45.250  -10.955  22.828 0.0000000000
67518  -44.308  -11.272  21.888 0.0000000000
66356  -44.107  -11.453  20.564 0.0000000000
65223  -43.522  -12.122  18.563 0.0000000000
138682  -28.178  -24.972  32.857 0.0000000000
51812  -28.378  -24.909  33.899 0.0000000000
130131  -29.163  -24.953  33.919 0.0000000000
51789  -30.861  -25.435  35.106 0.0000000000
135927  -33.875  -26.380  37.059 0.0000000000
51948  -32.261  -24.823  24.536 0.0000000000
51913  -33.501  -25.486  26.298 0.0000000000
50806  -40.432  -25.624  29.077 0.0000000000
50783  -39.435  -25.958  29.170 0.0000000000
50761  -40.582  -25.934  30.575 0.0000000000
50733  -40.081  -26.642  32.183 0.0000000000
50707  -40.097  -26.623  33.807 0.0000000000
49505  -39.289  -26.857  35.267 0.0000000000
50697  -40.676  -25.903  35.040 0.0000000000
44147  -21.484  -32.656  31.267 0.0000000000
43116  -21.212  -33.162  32.418 0.0000000000
43088  -21.302  -32.982  35.545 0.0000000000
43076  -21.165  -32.895  37.167 0.0000000000
138733  -21.816  -31.564  36.221 0.0000000000
146276  -51.473  -8.954  11.425 0.0000000000
68860  -52.572  -9.345  13.444 0.0000000000
69973  -52.397  -8.370  12.404 0.0000000000
71060  -53.670  -7.009  13.723 0.0000000000
132055  -54.724  -6.369  14.710 0.0000000000
79479  -54.364  0.517  2.128 0.0000000000
80598  -54.961  1.303  2.300 0.0000000000
80608  -54.547  1.193  1.412 0.0000000000
84660  -55.164  5.959  -2.546 0.0000000000
145511  -56.465  7.058  -3.637 0.0000000000
84672  -56.042  6.239  -3.794 0.0000000000
85710  -56.995  6.281  -4.906 0.0000000000
39692  -17.806  -35.912  38.384 0.0000000000
38647  -16.790  -36.806  38.493 0.0000000000
63915  -46.999  -13.677  31.298 0.0000000000
62836  -47.044  -14.409  29.474 0.0000000000
62861  -46.764  -14.811  28.078 0.0000000000
148637  -46.322  -14.229  26.621 0.0000000000
60605  -45.634  -16.453  25.461 0.0000000000
61749  -45.687  -14.925  24.835 0.0000000000
62874  -45.648  -13.971  24.946 0.0000000000
64017  -44.959  -13.543  23.604 0.0000000000
64025  -43.385  -13.125  22.171 0.0000000000
138028  -23.061  -29.727  32.722 0.0000000000
47278  -23.584  -28.585  33.637 0.0000000000
136354  -24.064  -28.760  32.126 0.0000000000
48385  -25.009  -27.901  31.990 0.0000000000
134611  -26.191  -26.780  31.909 0.0000000000
48409  -26.030  -27.851  29.714 0.0000000000
49577  -26.961  -26.643  30.418 0.0000000000
50741  -27.529  -25.613  31.527 0.0000000000
51834  -28.204  -25.279  31.081 0.0000000000
149639  -30.265  -24.975  31.397 0.0000000000
51826  -31.534  -25.462  31.898 0.0000000000
130087  -38.201  -25.341  25.008 0.0000000000
140179  -39.068  -25.254  26.228 0.0000000000
53069  -41.253  -24.662  24.558 0.0000000000
51919  -40.796  -24.772  26.239 0.0000000000
51888  -40.592  -25.147  28.110 0.0000000000
51869  -41.844  -24.711  29.052 0.0000000000
53027  -42.863  -24.122  30.734 0.0000000000
54177  -43.573  -23.168  31.831 0.0000000000
54166  -43.286  -22.855  33.379 0.0000000000
139569  -44.102  -22.303  31.926 0.0000000000
138008  -44.586  -21.548  32.007 0.0000000000
57550  -45.357  -20.074  31.986 0.0000000000
56447  -45.868  -20.524  29.918 0.0000000000
57563  -46.237  -19.613  30.453 0.0000000000
59530  -46.175  -18.582  31.911 0.0000000000
59526  -46.434  -17.541  32.140 0.0000000000
45189  -22.156  -31.691  31.052 0.0000000000
69810  -50.506  -8.460  25.194 0.0000000000
70929  -51.864  -7.867  24.862 0.0000000000
70946  -53.076  -7.898  23.680 0.0000000000
70960  -53.896  -7.899  23.055 0.0000000000
68739  -52.561  -10.047  21.734 0.0000000000
69870  -53.856  -9.058  22.073 0.0000000000
74206  -50.694  -4.098  11.140 0.0000000000
74200  -52.125  -4.428  12.451 0.0000000000
75293  -51.858  -3.156  11.792 0.0000000000
76290  -53.233  -2.419  13.233 0.0000000000
77291  -53.926  -1.900  13.781 0.0000000000
78346  -54.720  -0.714  12.115 0.0000000000
78337  -54.912  -0.731  12.938 0.0000000000
134938  -47.502  -13.027  14.200 0.0000000000
65305  -49.164  -12.521  14.742 0.0000000000
65318  -48.078  -12.795  13.403 0.0000000000
66476  -49.221  -11.898  12.160 0.0000000000
67672  -50.185  -10.901  11.819 0.0000000000
68878  -50.404  -9.710  10.876 0.0000000000
71074  -50.292  -7.955  10.844 0.0000000000
72132  -50.091  -7.027  11.041 0.0000000000
73182  -49.832  -5.470  10.971 0.0000000000
131296  -49.389  -4.993  10.562 0.0000000000
75310  -49.806  -3.750  9.801 0.0000000000
76325  -50.848  -3.084  9.244 0.0000000000
76327  -52.247  -2.604  9.078 0.0000000000
75357  -51.275  -4.622  6.780 0.0000000000
76340  -52.760  -3.200  7.877 0.0000000000
77338  -53.622  -2.189  8.735 0.0000000000
77340  -55.430  -1.799  8.180 0.0000000000
77353  -56.091  -1.727  7.404 0.0000000000
78394  -57.636  -0.727  7.320 0.0000000000
79459  -58.325  0.233  5.846 0.0000000000
78409  -56.933  -0.784  5.390 0.0000000000
78417  -55.727  -0.690  4.396 0.0000000000
78424  -55.110  -0.229  3.900 0.0000000000
78429  -53.810  -0.555  2.900 0.0000000000
37541  -15.718  -37.361  39.228 0.0000000000
37528  -15.077  -37.509  39.912 0.0000000000
133787  -13.990  -38.179  40.297 0.0000000000
38588  -14.650  -36.817  43.234 0.0000000000
37512  -13.468  -37.500  41.907 0.0000000000
36493  -12.767  -38.918  40.920 0.0000000000
35452  -11.471  -39.702  41.645 0.0000000000
34416  -10.759  -40.187  41.937 0.0000000000
133597  -9.995  -40.705  43.080 0.0000000000
129788  -11.306  -42.135  43.934 0.0000000000
70888  -49.805  -7.782  27.629 0.0000000000
67407  -47.301  -10.973  29.170 0.0000000000
66281  -46.526  -11.474  26.917 0.0000000000
137676  -47.291  -10.646  27.743 0.0000000000
69783  -48.001  -9.385  27.802 0.0000000000
69799  -48.695  -8.864  26.606 0.0000000000
69809  -49.898  -8.404  25.834 0.0000000000
138316  -49.619  -8.967  25.039 0.0000000000
68705  -49.304  -9.972  23.561 0.0000000000
67507  -49.134  -10.872  22.342 0.0000000000
67520  -46.732  -10.995  21.936 0.0000000000
67521  -47.661  -11.267  21.832 0.0000000000
66348  -47.999  -11.763  21.032 0.0000000000
66374  -48.518  -12.225  19.671 0.0000000000
65227  -47.363  -12.871  18.248 0.0000000000
136993  -47.269  -13.289  16.906 0.0000000000
65216  -40.481  -12.649  19.506 0.0000000000
131201  -40.999  -11.922  18.400 0.0000000000
66403  -41.950  -11.936  18.072 0.0000000000
65237  -42.651  -12.540  17.458 0.0000000000
65261  -43.334  -13.006  16.902 0.0000000000
64085  -44.877  -13.764  16.662 0.0000000000
64101  -45.636  -13.966  15.380 0.0000000000
64102  -46.167  -13.850  14.747 0.0000000000
51799  -27.741  -24.866  34.894 0.0000000000
50826  -28.991  -26.085  26.071 0.0000000000
51908  -29.264  -25.527  25.913 0.0000000000
134889  -29.309  -25.665  27.009 0.0000000000
152347  -30.101  -25.034  28.560 0.0000000000
51851  -31.794  -25.508  29.991 0.0000000000
50743  -33.133  -25.966  31.657 0.0000000000
133701  -34.872  -25.472  24.656 0.0000000000
51914  -35.335  -25.690  26.142 0.0000000000
50815  -34.700  -25.888  27.687 0.0000000000
128999  -37.855  -26.177  28.600 0.0000000000
50780  -35.961  -26.370  28.942 0.0000000000
50800  -34.416  -25.954  28.519 0.0000000000
50756  -34.423  -26.304  29.848 0.0000000000
49558  -34.532  -26.651  32.027 0.0000000000
50732  -34.005  -26.436  32.923 0.0000000000
49515  -34.729  -26.684  34.401 0.0000000000
128068  -36.110  -26.844  35.942 0.0000000000
37601  -15.375  -37.730  34.365 0.0000000000
38666  -16.934  -37.169  35.353 0.0000000000
40908  -18.018  -35.162  32.005 0.0000000000
39760  -17.404  -35.775  32.320 0.0000000000
39741  -17.721  -35.970  33.357 0.0000000000
39718  -18.198  -36.315  35.186 0.0000000000
39708  -18.190  -36.273  36.712 0.0000000000
40854  -19.219  -35.461  38.014 0.0000000000
44044  -21.389  -32.217  38.555 0.0000000000
66430  -50.040  -12.006  15.715 0.0000000000
66421  -51.787  -11.051  16.876 0.0000000000
68799  -53.014  -10.273  17.374 0.0000000000
68837  -52.863  -9.866  14.872 0.0000000000
68820  -53.505  -9.727  16.622 0.0000000000
68782  -54.202  -9.881  18.147 0.0000000000
132564  -56.138  -9.596  18.898 0.0000000000
74187  -53.182  -4.654  13.837 0.0000000000
73137  -54.346  -5.393  14.597 0.0000000000
73127  -55.406  -5.191  15.978 0.0000000000
80581  -58.895  1.018  5.961 0.0000000000
81615  -59.046  2.386  5.279 0.0000000000
82664  -58.298  4.142  4.863 0.0000000000
81629  -55.861  2.230  3.034 0.0000000000
139005  -56.988  3.151  4.114 0.0000000000
83619  -58.198  5.010  4.820 0.0000000000
85605  -57.531  6.352  4.115 0.0000000000
86668  -57.591  7.582  3.420 0.0000000000
83659  -56.020  4.500  0.218 0.0000000000
84625  -56.812  5.756  0.461 0.0000000000
86682  -57.418  7.173  1.229 0.0000000000
130999  -58.020  8.235  -4.137 0.0000000000
56546  -43.569  -20.317  23.674 0.0000000000
57620  -43.770  -19.432  23.305 0.0000000000
55438  -43.447  -21.239  23.895 0.0000000000
65243  -49.091  -12.640  17.185 0.0000000000
65266  -48.649  -12.804  16.422 0.0000000000
79433  -57.813  0.188  8.893 0.0000000000
79434  -58.507  0.364  8.181 0.0000000000
80557  -58.946  1.128  8.571 0.0000000000
80566  -59.100  0.933  7.723 0.0000000000
38653  -16.361  -37.845  36.798 0.0000000000
140145  -16.791  -37.247  37.615 0.0000000000
65203  -42.471  -12.554  21.641 0.0000000000
66338  -43.081  -12.287  22.002 0.0000000000
133917  -42.399  -12.246  21.406 0.0000000000
66346  -42.506  -11.913  21.079 0.0000000000
47264  -23.089  -28.802  34.882 0.0000000000
51814  -31.797  -25.626  32.745 0.0000000000
50718  -31.543  -25.580  33.573 0.0000000000
132437  -32.951  -25.879  34.070 0.0000000000
53006  -42.415  -24.399  32.550 0.0000000000
134000  -42.286  -24.341  33.382 0.0000000000
150982  -42.589  -23.907  33.621 0.0000000000
46206  -22.822  -29.530  34.968 0.0000000000
139178  -51.346  -6.030  11.670 0.0000000000
60561  -46.195  -17.380  28.278 0.0000000000
60562  -46.565  -16.430  28.561 0.0000000000
60646  -44.305  -16.370  21.787 0.0000000000
60647  -44.797  -15.993  22.594 0.0000000000
47311  -24.053  -29.240  30.585 0.0000000000
47318  -24.148  -29.385  29.674 0.0000000000
50812  -28.331  -26.838  28.124 0.0000000000
50797  -28.485  -26.307  28.517 0.0000000000
51880  -28.829  -25.961  28.643 0.0000000000
54243  -43.798  -23.588  27.107 0.0000000000
54232  -44.058  -23.202  28.378 0.0000000000
55361  -44.599  -22.578  28.521 0.0000000000
58589  -45.944  -18.265  28.092 0.0000000000
59546  -46.361  -18.072  28.740 0.0000000000
59547  -46.645  -17.390  29.192 0.0000000000
46250  -23.111  -30.311  29.825 0.0000000000
67508  -49.998  -10.656  22.176 0.0000000000
68726  -50.501  -10.024  22.679 0.0000000000
68737  -50.846  -10.363  21.960 0.0000000000
67558  -53.737  -10.932  19.552 0.0000000000
67545  -54.304  -10.841  20.198 0.0000000000
67559  -54.456  -10.715  19.480 0.0000000000
67546  -55.194  -10.559  19.905 0.0000000000
136455  -53.055  -1.970  10.115 0.0000000000
135588  -56.960  0.602  13.350 0.0000000000
75344  -48.956  -4.361  7.898 0.0000000000
76362  -54.083  -3.449  5.858 0.0000000000
128990  -53.925  -3.283  5.028 0.0000000000
35486  -13.715  -39.838  38.411 0.0000000000
35476  -13.120  -40.303  38.824 0.0000000000
34443  -12.518  -40.824  39.173 0.0000000000
146062  -12.863  -40.053  39.658 0.0000000000
39657  -15.859  -35.787  42.485 0.0000000000
149370  -15.987  -35.880  43.056 0.0000000000
34397  -13.459  -40.271  43.919 0.0000000000
139513  -13.983  -41.240  43.701 0.0000000000
63961  -46.393  -13.429  26.715 0.0000000000
65123  -46.315  -12.572  26.748 0.0000000000
68667  -46.152  -10.716  25.007 0.0000000000
68682  -46.640  -10.248  24.839 0.0000000000
135607  -47.154  -9.919  25.205 0.0000000000
68702  -46.801  -10.452  24.187 0.0000000000
66387  -45.014  -12.131  19.082 0.0000000000
65225  -45.329  -12.774  18.445 0.0000000000
65239  -44.718  -12.968  17.814 0.0000000000
50727  -26.390  -26.068  32.601 0.0000000000
50716  -25.956  -25.935  33.433 0.0000000000
51810  -27.047  -25.146  33.456 0.0000000000
131875  -32.721  -25.306  26.720 0.0000000000
51911  -31.829  -24.962  26.647 0.0000000000
51886  -32.965  -25.708  28.037 0.0000000000
50831  -38.522  -25.637  26.763 0.0000000000
50830  -37.680  -25.719  26.476 0.0000000000
50819  -38.687  -25.768  27.505 0.0000000000
143977  -38.777  -27.018  32.888 0.0000000000
151192  -37.925  -26.985  31.988 0.0000000000
129574  -37.967  -27.154  32.760 0.0000000000
129405  -37.058  -27.194  33.077 0.0000000000
49533  -37.696  -27.292  33.480 0.0000000000
49518  -37.968  -27.326  34.206 0.0000000000
57525  -45.038  -19.504  33.285 0.0000000000
42004  -20.973  -33.668  36.695 0.0000000000
67654  -50.927  -10.729  12.818 0.0000000000
67655  -51.341  -10.648  13.368 0.0000000000
72098  -55.079  -6.726  15.499 0.0000000000
71026  -54.963  -7.530  16.139 0.0000000000
71027  -55.296  -7.285  16.892 0.0000000000
71018  -55.506  -7.599  17.478 0.0000000000
72071  -55.714  -6.530  17.243 0.0000000000
145318  -54.247  -2.141  14.591 0.0000000000
76272  -53.986  -2.842  14.857 0.0000000000
83644  -56.241  3.934  0.840 0.0000000000
133245  -56.585  4.791  1.860 0.0000000000
84648  -55.189  5.806  -1.176 0.0000000000
85674  -55.712  6.332  -1.624 0.0000000000
85675  -56.223  6.800  -1.372 0.0000000000
87640  -57.219  8.096  -1.916 0.0000000000
86742  -56.789  7.646  -2.473 0.0000000000
146095  -44.963  -18.694  25.694 0.0000000000
59579  -45.185  -17.896  25.710 0.0000000000
58611  -44.911  -18.439  25.006 0.0000000000
58623  -43.943  -18.665  22.967 0.0000000000
147163  -44.444  -18.224  23.374 0.0000000000
59615  -44.212  -17.877  22.745 0.0000000000
54301  -42.475  -23.413  23.076 0.0000000000
55420  -43.931  -21.689  24.607 0.0000000000
54274  -44.145  -23.001  25.700 0.0000000000
56501  -44.961  -21.418  26.978 0.0000000000
56500  -44.614  -21.565  26.065 0.0000000000
148365  -44.820  -19.902  25.685 0.0000000000
132882  -44.958  -19.326  26.075 0.0000000000
66375  -49.405  -12.102  19.324 0.0000000000
66361  -50.237  -11.670  20.164 0.0000000000
66393  -50.404  -11.938  18.285 0.0000000000
66394  -51.232  -11.545  17.836 0.0000000000
67569  -51.858  -11.219  18.532 0.0000000000
151580  -55.663  -1.406  8.704 0.0000000000
130017  -55.156  -0.972  9.878 0.0000000000
78374  -55.874  -0.941  9.195 0.0000000000
80540  -57.742  1.296  10.704 0.0000000000
80531  -57.551  1.324  11.535 0.0000000000
80532  -58.187  1.884  11.318 0.0000000000
141953  -60.111  2.999  6.514 0.0000000000
82652  -60.390  3.808  6.785 0.0000000000
37564  -15.141  -38.593  37.090 0.0000000000
36528  -14.650  -38.964  36.660 0.0000000000
36516  -14.758  -38.930  37.548 0.0000000000
36515  -14.243  -39.361  37.981 0.0000000000
36509  -14.700  -38.756  38.428 0.0000000000
64006  -44.763  -12.805  23.771 0.0000000000
65177  -45.246  -12.575  24.412 0.0000000000
66339  -43.878  -12.079  22.525 0.0000000000
67485  -44.682  -11.791  22.983 0.0000000000
67486  -45.280  -11.562  23.700 0.0000000000
67502  -44.626  -11.325  22.610 0.0000000000
150871  -44.716  -11.164  22.352 0.0000000000
66355  -43.280  -11.558  20.511 0.0000000000
141504  -42.871  -11.658  19.756 0.0000000000
66369  -43.714  -11.646  19.812 0.0000000000
66386  -42.603  -11.828  18.860 0.0000000000
145384  -28.852  -24.946  32.452 0.0000000000
135959  -28.917  -24.911  33.147 0.0000000000
135958  -29.537  -25.025  33.234 0.0000000000
50704  -31.606  -25.604  34.513 0.0000000000
152973  -33.930  -26.307  36.376 0.0000000000
50680  -34.537  -26.531  36.615 0.0000000000
131866  -33.002  -24.935  24.691 0.0000000000
51930  -32.482  -24.920  25.282 0.0000000000
51931  -33.256  -25.132  25.423 0.0000000000
51868  -41.179  -25.231  29.526 0.0000000000
146382  -40.724  -25.711  29.856 0.0000000000
51852  -41.230  -25.496  30.302 0.0000000000
51827  -41.233  -25.731  32.845 0.0000000000
153294  -40.974  -25.899  31.782 0.0000000000
50734  -40.756  -26.176  32.368 0.0000000000
50721  -40.121  -26.666  32.932 0.0000000000
50708  -40.702  -26.056  34.146 0.0000000000
51790  -41.193  -25.192  35.388 0.0000000000
44148  -21.945  -32.120  31.535 0.0000000000
136511  -21.602  -32.609  32.012 0.0000000000
44126  -21.648  -32.470  32.803 0.0000000000
45160  -22.049  -31.797  33.996 0.0000000000
44092  -21.565  -32.438  35.083 0.0000000000
44077  -21.565  -32.292  35.889 0.0000000000
46179  -23.047  -29.704  36.645 0.0000000000
46178  -22.597  -30.380  36.600 0.0000000000
133624  -51.259  -8.184  11.170 0.0000000000
153740  -52.075  -8.777  12.286 0.0000000000
71066  -52.142  -7.643  12.033 0.0000000000
72113  -52.983  -6.901  13.059 0.0000000000
72097  -54.367  -7.147  14.435 0.0000000000
129216  -53.973  -6.249  14.160 0.0000000000
84659  -54.577  5.371  -2.067 0.0000000000
84670  -54.716  5.241  -2.918 0.0000000000
84671  -55.442  5.775  -3.247 0.0000000000
151216  -55.230  5.230  -3.412 0.0000000000
39686  -17.801  -35.614  39.181 0.0000000000
40812  -17.188  -34.958  42.490 0.0000000000
61698  -46.928  -15.290  30.789 0.0000000000
62826  -47.054  -14.333  30.434 0.0000000000
137756  -46.999  -15.152  29.850 0.0000000000
61730  -46.459  -15.723  27.793 0.0000000000
61729  -46.343  -15.019  27.063 0.0000000000
62860  -46.659  -14.080  27.345 0.0000000000
152647  -45.368  -17.164  25.358 0.0000000000
61762  -45.480  -15.237  24.064 0.0000000000
132938  -45.600  -15.871  24.778 0.0000000000
62875  -45.884  -14.607  25.478 0.0000000000
62890  -45.417  -14.230  24.180 0.0000000000
62915  -43.405  -13.794  22.013 0.0000000000
47289  -23.842  -28.727  32.815 0.0000000000
46230  -23.540  -29.322  32.234 0.0000000000
48399  -25.226  -28.178  31.154 0.0000000000
47303  -24.615  -28.541  31.695 0.0000000000
48386  -25.752  -27.582  31.537 0.0000000000
47320  -25.621  -28.354  29.320 0.0000000000
48420  -26.199  -27.975  28.870 0.0000000000
50752  -27.215  -26.051  30.898 0.0000000000
50753  -27.806  -25.687  30.672 0.0000000000
51848  -29.323  -24.992  30.403 0.0000000000
51849  -30.184  -24.969  30.578 0.0000000000
51838  -30.913  -25.049  31.188 0.0000000000
51954  -39.371  -24.882  24.177 0.0000000000
51953  -38.509  -25.062  24.327 0.0000000000
130209  -38.983  -24.986  24.925 0.0000000000
51936  -38.685  -25.266  25.591 0.0000000000
51937  -39.575  -24.932  25.522 0.0000000000
53081  -42.156  -24.353  23.882 0.0000000000
53070  -42.033  -24.609  25.003 0.0000000000
53052  -41.937  -24.301  27.036 0.0000000000
53060  -41.848  -24.634  26.077 0.0000000000
51920  -41.237  -24.661  26.791 0.0000000000
129708  -40.415  -24.943  27.105 0.0000000000
51902  -41.287  -24.730  27.533 0.0000000000
51889  -41.381  -24.804  28.289 0.0000000000
54202  -43.661  -23.547  29.736 0.0000000000
151004  -43.160  -23.899  30.099 0.0000000000
53018  -43.085  -23.794  31.418 0.0000000000
54189  -44.080  -22.699  31.065 0.0000000000
55334  -44.957  -21.727  30.471 0.0000000000
55321  -44.561  -22.000  31.215 0.0000000000
55322  -44.978  -21.274  31.261 0.0000000000
55308  -44.970  -20.779  32.012 0.0000000000
56412  -45.419  -20.589  31.316 0.0000000000
56466  -45.706  -20.688  28.834 0.0000000000
129418  -46.540  -19.051  29.693 0.0000000000
58568  -46.417  -18.780  30.964 0.0000000000
154282  -46.103  -19.265  31.339 0.0000000000
59531  -46.576  -18.018  31.267 0.0000000000
136179  -46.811  -16.759  30.844 0.0000000000
130421  -46.831  -16.038  31.065 0.0000000000
140964  -22.075  -31.532  30.154 0.0000000000
46229  -22.959  -29.960  32.042 0.0000000000
137953  -50.333  -8.906  24.563 0.0000000000
70928  -51.202  -8.014  25.232 0.0000000000
69824  -51.178  -8.520  24.509 0.0000000000
69854  -51.946  -9.208  22.915 0.0000000000
69840  -52.506  -8.642  23.358 0.0000000000
70959  -53.229  -8.416  23.031 0.0000000000
69856  -53.603  -8.658  22.586 0.0000000000
67525  -51.209  -10.776  21.261 0.0000000000
67526  -52.083  -10.668  21.129 0.0000000000
68741  -54.374  -9.891  21.616 0.0000000000
68740  -53.443  -9.968  21.690 0.0000000000
69871  -54.800  -9.024  21.951 0.0000000000
69857  -54.446  -8.211  22.464 0.0000000000
70971  -55.194  -8.264  22.171 0.0000000000
69872  -55.736  -8.989  21.821 0.0000000000
69883  -57.060  -9.316  20.806 0.0000000000
145514  -50.711  -3.547  10.653 0.0000000000
75302  -51.232  -3.434  11.188 0.0000000000
76307  -51.720  -2.816  11.064 0.0000000000
77311  -52.793  -2.168  11.848 0.0000000000
77301  -53.143  -1.968  12.443 0.0000000000
132372  -53.767  -1.708  12.957 0.0000000000
130275  -55.237  -0.681  10.744 0.0000000000
78353  -54.611  -0.884  11.315 0.0000000000
78354  -55.243  -0.360  11.574 0.0000000000
78338  -55.675  -0.339  13.330 0.0000000000
30796  -10.530  -43.209  44.015 0.0000000000
30807  -9.551  -43.272  43.545 0.0000000000
29617  -10.532  -43.806  43.763 0.0000000000
66484  -48.780  -12.083  11.492 0.0000000000
66477  -49.839  -11.545  12.358 0.0000000000
66485  -49.491  -11.366  11.348 0.0000000000
68877  -49.633  -9.762  10.357 0.0000000000
69982  -50.001  -8.930  10.545 0.0000000000
71082  -49.409  -7.361  10.729 0.0000000000
143414  -48.789  -6.944  10.510 0.0000000000
72143  -49.426  -6.411  10.827 0.0000000000
74213  -48.763  -4.832  10.043 0.0000000000
74214  -49.418  -4.321  10.157 0.0000000000
75323  -49.211  -3.973  9.319 0.0000000000
75334  -50.664  -3.450  8.448 0.0000000000
128219  -49.983  -3.516  9.064 0.0000000000
76326  -51.706  -2.772  9.468 0.0000000000
76332  -51.546  -2.990  8.639 0.0000000000
76352  -53.100  -3.813  7.032 0.0000000000
153539  -52.337  -3.742  7.537 0.0000000000
76334  -53.206  -2.604  8.361 0.0000000000
77350  -53.990  -2.419  8.058 0.0000000000
77339  -54.513  -2.013  8.511 0.0000000000
77351  -54.837  -2.276  7.737 0.0000000000
77367  -55.772  -2.013  6.677 0.0000000000
77352  -55.457  -2.051  7.381 0.0000000000
77368  -56.480  -1.630  6.573 0.0000000000
78393  -56.847  -1.249  7.365 0.0000000000
78401  -57.205  -0.975  6.360 0.0000000000
77378  -56.530  -1.468  5.761 0.0000000000
77388  -55.470  -1.429  4.640 0.0000000000
78408  -56.193  -1.136  5.029 0.0000000000
78416  -55.069  -0.926  4.163 0.0000000000
34442  -11.780  -41.469  39.426 0.0000000000
38639  -16.355  -36.723  39.230 0.0000000000
38630  -14.897  -36.969  40.745 0.0000000000
139228  -14.443  -37.680  40.538 0.0000000000
37539  -14.502  -38.135  39.772 0.0000000000
137377  -15.297  -36.683  43.366 0.0000000000
37493  -12.695  -37.765  43.066 0.0000000000
37501  -13.368  -37.339  42.701 0.0000000000
37500  -12.634  -37.891  42.392 0.0000000000
37511  -12.992  -38.107  41.411 0.0000000000
36483  -12.379  -38.601  41.752 0.0000000000
36492  -12.064  -39.279  41.246 0.0000000000
36482  -11.699  -38.948  42.057 0.0000000000
34394  -11.292  -40.243  43.655 0.0000000000
36473  -10.950  -39.116  42.982 0.0000000000
34402  -10.340  -40.256  43.031 0.0000000000
34408  -10.235  -40.513  42.620 0.0000000000
34403  -10.604  -40.647  43.338 0.0000000000
149360  -10.036  -41.451  43.453 0.0000000000
33252  -11.023  -41.207  43.825 0.0000000000
32077  -13.804  -42.095  43.152 0.0000000000
70872  -49.614  -7.779  28.587 0.0000000000
71918  -50.346  -7.224  28.240 0.0000000000
131990  -49.084  -8.188  27.824 0.0000000000
141215  -47.124  -13.816  29.768 0.0000000000
63926  -47.136  -13.368  30.381 0.0000000000
63939  -47.159  -13.176  29.507 0.0000000000
65114  -47.014  -12.304  28.167 0.0000000000
66250  -47.163  -11.629  28.727 0.0000000000
67420  -47.181  -11.006  28.273 0.0000000000
66308  -45.722  -11.871  25.443 0.0000000000
66299  -46.034  -11.650  26.212 0.0000000000
68655  -46.728  -10.608  26.318 0.0000000000
67433  -46.853  -10.939  26.955 0.0000000000
68621  -47.663  -9.969  28.018 0.0000000000
68637  -47.733  -9.749  27.197 0.0000000000
69807  -48.342  -9.372  25.856 0.0000000000
149216  -49.393  -8.457  26.396 0.0000000000
128288  -49.111  -8.886  25.805 0.0000000000
68704  -48.476  -10.095  23.707 0.0000000000
68724  -48.795  -10.498  23.043 0.0000000000
67506  -48.243  -10.905  22.444 0.0000000000
67519  -45.809  -10.957  22.027 0.0000000000
67504  -46.345  -10.861  22.740 0.0000000000
67537  -46.223  -11.231  21.423 0.0000000000
67538  -47.008  -11.521  21.228 0.0000000000
148484  -47.965  -11.994  20.240 0.0000000000
66373  -47.529  -12.269  19.688 0.0000000000
65226  -46.361  -12.926  18.230 0.0000000000
150030  -47.006  -13.119  17.668 0.0000000000
65264  -46.439  -13.685  16.533 0.0000000000
66366  -40.764  -12.051  19.236 0.0000000000
66385  -40.371  -12.057  18.582 0.0000000000
65236  -41.755  -12.356  17.245 0.0000000000
65259  -41.502  -12.662  16.508 0.0000000000
64083  -42.955  -13.428  16.198 0.0000000000
64084  -43.949  -13.697  16.411 0.0000000000
64099  -43.590  -13.933  15.521 0.0000000000
65285  -46.356  -13.792  15.633 0.0000000000
48369  -24.106  -28.073  33.213 0.0000000000
48363  -23.903  -27.919  34.026 0.0000000000
48364  -24.488  -27.505  33.656 0.0000000000
51800  -28.697  -24.921  34.804 0.0000000000
53058  -30.059  -24.912  26.771 0.0000000000
51927  -29.513  -25.037  25.700 0.0000000000
51909  -29.543  -25.192  26.419 0.0000000000
51895  -29.604  -25.277  27.320 0.0000000000
51882  -29.740  -25.166  28.197 0.0000000000
51883  -30.583  -24.965  28.106 0.0000000000
50776  -32.533  -25.772  29.655 0.0000000000
50754  -32.491  -25.791  30.536 0.0000000000
50742  -32.322  -25.741  31.383 0.0000000000
152849  -32.814  -25.897  31.075 0.0000000000
51950  -35.966  -25.571  24.620 0.0000000000
50829  -36.766  -25.784  26.576 0.0000000000
50828  -35.883  -25.795  26.748 0.0000000000
50827  -35.003  -25.801  26.893 0.0000000000
50816  -35.588  -25.893  27.531 0.0000000000
128342  -39.160  -26.438  29.950 0.0000000000
50782  -38.520  -26.333  29.244 0.0000000000
50759  -38.261  -26.684  30.052 0.0000000000
143482  -36.685  -26.867  31.018 0.0000000000
49595  -36.595  -26.609  29.576 0.0000000000
50758  -35.742  -26.564  29.677 0.0000000000
50801  -35.312  -26.045  28.349 0.0000000000
50779  -34.997  -26.335  29.252 0.0000000000
50757  -35.085  -26.574  30.245 0.0000000000
49545  -35.348  -26.866  32.327 0.0000000000
49544  -34.782  -26.758  32.784 0.0000000000
129504  -33.761  -26.282  32.117 0.0000000000
49530  -34.687  -26.713  33.535 0.0000000000
49516  -35.454  -26.871  33.959 0.0000000000
49502  -36.610  -27.000  35.373 0.0000000000
49486  -36.906  -26.934  36.210 0.0000000000
50682  -40.030  -26.356  35.597 0.0000000000
151312  -38.898  -26.870  35.820 0.0000000000
49489  -39.347  -26.696  36.115 0.0000000000
54167  -43.712  -22.105  33.511 0.0000000000
38665  -16.148  -37.403  34.849 0.0000000000
43126  -20.657  -33.832  31.909 0.0000000000
42039  -19.802  -34.176  31.493 0.0000000000
42033  -20.131  -34.355  32.332 0.0000000000
40900  -19.088  -35.337  33.182 0.0000000000
40909  -18.783  -35.014  32.443 0.0000000000
40899  -18.281  -35.513  32.833 0.0000000000
39719  -18.857  -35.990  35.499 0.0000000000
142212  -18.328  -36.233  35.958 0.0000000000
39701  -18.700  -35.854  37.285 0.0000000000
44050  -21.436  -32.198  37.610 0.0000000000
147530  -53.473  -6.901  25.508 0.0000000000
65288  -49.418  -12.449  15.414 0.0000000000
66447  -49.836  -12.123  14.858 0.0000000000
67610  -51.480  -11.095  15.039 0.0000000000
66432  -51.336  -11.403  16.043 0.0000000000
67611  -52.033  -10.796  15.804 0.0000000000
145663  -52.428  -10.731  17.301 0.0000000000
67593  -52.682  -10.434  16.450 0.0000000000
68848  -53.076  -9.167  14.108 0.0000000000
69929  -54.134  -8.858  16.304 0.0000000000
68800  -54.077  -9.302  17.285 0.0000000000
68801  -54.666  -9.114  17.846 0.0000000000
131222  -54.949  -9.698  18.350 0.0000000000
68802  -55.475  -9.086  18.263 0.0000000000
148563  -56.360  -7.910  18.153 0.0000000000
140379  -57.066  -8.149  18.372 0.0000000000
71010  -57.758  -7.685  18.419 0.0000000000
142582  -52.481  -3.870  13.002 0.0000000000
74196  -52.702  -4.520  13.153 0.0000000000
74176  -54.567  -3.981  15.422 0.0000000000
74175  -54.041  -4.442  14.908 0.0000000000
135448  -54.821  -4.828  15.297 0.0000000000
80580  -58.228  0.906  5.259 0.0000000000
81614  -58.325  2.333  4.958 0.0000000000
82663  -58.509  3.160  4.958 0.0000000000
81623  -57.694  2.714  4.563 0.0000000000
80592  -55.509  1.371  3.157 0.0000000000
131196  -56.345  3.822  2.720 0.0000000000
82671  -56.604  3.495  3.443 0.0000000000
83617  -56.993  4.043  4.016 0.0000000000
83618  -57.612  4.533  4.388 0.0000000000
84585  -56.992  4.911  3.918 0.0000000000
84586  -57.590  5.400  4.290 0.0000000000
85604  -57.085  5.646  3.806 0.0000000000
85622  -56.869  6.182  2.429 0.0000000000
85612  -56.950  6.206  3.329 0.0000000000
86667  -57.008  7.008  3.038 0.0000000000
151211  -57.734  8.029  2.958 0.0000000000
86674  -57.360  7.519  2.803 0.0000000000
84623  -55.101  4.901  -0.321 0.0000000000
84624  -56.098  5.258  -0.150 0.0000000000
86720  -57.314  7.481  -0.357 0.0000000000
86701  -57.213  6.987  0.293 0.0000000000
86702  -57.575  7.669  0.485 0.0000000000
87582  -58.069  8.593  1.410 0.0000000000
88481  -58.419  9.044  0.767 0.0000000000
139340  -57.064  7.861  -3.426 0.0000000000
152331  -44.578  -19.540  24.732 0.0000000000
57613  -44.659  -19.009  24.494 0.0000000000
54314  -42.552  -22.389  22.804 0.0000000000
55437  -42.937  -21.781  23.393 0.0000000000
56516  -44.308  -21.116  25.217 0.0000000000
65228  -48.320  -12.809  17.990 0.0000000000
66392  -49.646  -12.246  18.551 0.0000000000
66405  -49.166  -12.560  18.061 0.0000000000
66419  -50.039  -12.084  16.780 0.0000000000
79432  -57.195  -0.326  8.839 0.0000000000
152871  -57.786  0.542  9.539 0.0000000000
81593  -59.437  1.949  8.867 0.0000000000
139934  -59.962  2.814  8.575 0.0000000000
81599  -59.825  2.113  7.844 0.0000000000
80576  -59.527  1.596  6.383 0.0000000000
37584  -15.577  -37.897  35.269 0.0000000000
37583  -15.050  -38.235  35.663 0.0000000000
37575  -15.718  -38.111  36.126 0.0000000000
37565  -15.645  -38.238  37.013 0.0000000000
64015  -43.885  -12.805  22.551 0.0000000000
65184  -43.846  -12.431  22.517 0.0000000000
150132  -43.455  -11.917  22.058 0.0000000000
66347  -43.656  -11.669  21.615 0.0000000000
130196  -42.315  -11.798  20.435 0.0000000000
135896  -23.223  -29.224  36.136 0.0000000000
51824  -30.197  -25.081  32.837 0.0000000000
128176  -30.680  -25.320  33.586 0.0000000000
131840  -32.407  -25.770  34.892 0.0000000000
50706  -34.142  -26.426  35.009 0.0000000000
51840  -41.825  -25.037  31.397 0.0000000000
131383  -41.227  -25.683  31.179 0.0000000000
145208  -41.962  -24.846  32.108 0.0000000000
51815  -41.281  -25.571  33.593 0.0000000000
51803  -41.259  -25.392  34.482 0.0000000000
51816  -41.807  -24.861  33.908 0.0000000000
45147  -22.117  -31.056  34.701 0.0000000000
45133  -22.097  -30.928  35.670 0.0000000000
46194  -22.896  -29.843  35.849 0.0000000000
71075  -50.999  -7.208  11.189 0.0000000000
72119  -51.698  -6.878  11.681 0.0000000000
129420  -51.971  -6.221  12.122 0.0000000000
73171  -52.628  -5.976  12.674 0.0000000000
61708  -46.844  -15.795  29.249 0.0000000000
133780  -46.027  -15.910  27.050 0.0000000000
60626  -44.945  -16.602  23.341 0.0000000000
61784  -45.095  -15.594  23.375 0.0000000000
61783  -44.795  -14.915  22.735 0.0000000000
47302  -23.995  -28.984  31.432 0.0000000000
48408  -25.286  -28.390  30.159 0.0000000000
48421  -26.958  -27.613  28.439 0.0000000000
139748  -27.401  -27.206  28.822 0.0000000000
144281  -27.942  -26.319  29.177 0.0000000000
51846  -28.305  -25.576  29.983 0.0000000000
51862  -28.643  -25.753  29.268 0.0000000000
51863  -28.748  -25.490  29.598 0.0000000000
53071  -42.932  -24.486  25.591 0.0000000000
53053  -42.907  -23.975  27.268 0.0000000000
53047  -42.951  -23.950  28.160 0.0000000000
133737  -42.656  -24.123  28.880 0.0000000000
54213  -43.493  -23.687  28.803 0.0000000000
54203  -44.102  -22.874  30.143 0.0000000000
56446  -45.390  -21.370  29.674 0.0000000000
57580  -45.914  -19.774  28.555 0.0000000000
133046  -46.243  -18.948  28.806 0.0000000000
58584  -46.719  -18.503  29.951 0.0000000000
59536  -46.764  -17.551  30.651 0.0000000000
59540  -46.808  -17.870  29.942 0.0000000000
45204  -22.678  -30.865  30.039 0.0000000000
46240  -23.034  -30.323  30.628 0.0000000000
68706  -50.153  -9.739  23.415 0.0000000000
69853  -51.030  -9.438  23.171 0.0000000000
68728  -52.252  -9.551  22.298 0.0000000000
67543  -52.497  -11.051  20.356 0.0000000000
68752  -52.991  -10.641  21.080 0.0000000000
67544  -53.423  -10.981  20.309 0.0000000000
68755  -55.715  -10.159  20.642 0.0000000000
68756  -56.474  -9.837  20.391 0.0000000000
68765  -56.449  -9.845  19.677 0.0000000000
76317  -51.843  -2.594  10.287 0.0000000000
76318  -52.218  -2.377  10.904 0.0000000000
132898  -52.720  -2.086  11.202 0.0000000000
77312  -53.372  -1.735  11.634 0.0000000000
141938  -56.387  0.567  12.062 0.0000000000
79400  -56.196  0.255  12.768 0.0000000000
86653  -59.163  7.375  5.071 0.0000000000
152618  -48.823  -8.361  10.334 0.0000000000
75332  -48.838  -4.151  8.630 0.0000000000
133290  -49.845  -3.906  8.153 0.0000000000
131386  -50.615  -4.084  7.589 0.0000000000
76353  -53.924  -3.366  6.744 0.0000000000
76342  -54.413  -2.835  7.286 0.0000000000
76354  -54.671  -2.969  6.347 0.0000000000
76355  -55.404  -2.405  5.926 0.0000000000
77376  -55.091  -2.141  4.988 0.0000000000
128423  -16.458  -35.622  41.015 0.0000000000
39669  -15.753  -35.870  41.587 0.0000000000
152726  -15.237  -36.112  41.700 0.0000000000
38617  -14.800  -36.583  41.724 0.0000000000
37496  -14.858  -37.722  43.498 0.0000000000
36470  -13.673  -38.827  43.721 0.0000000000
149231  -12.696  -38.503  43.606 0.0000000000
36474  -11.641  -38.742  43.141 0.0000000000
36469  -12.438  -38.941  43.749 0.0000000000
35440  -11.996  -39.695  43.866 0.0000000000
33253  -11.897  -41.438  43.823 0.0000000000
138971  -13.159  -41.086  43.821 0.0000000000
33256  -14.403  -41.756  43.211 0.0000000000
131379  -46.935  -13.873  28.213 0.0000000000
63950  -47.109  -13.107  28.582 0.0000000000
67456  -45.802  -11.262  25.070 0.0000000000
66309  -45.917  -11.402  25.633 0.0000000000
68656  -47.206  -9.981  26.447 0.0000000000
68669  -47.528  -9.814  25.809 0.0000000000
68670  -47.904  -9.727  25.192 0.0000000000
68703  -47.612  -10.199  23.937 0.0000000000
66357  -45.054  -11.489  20.559 0.0000000000
66371  -45.574  -11.882  19.787 0.0000000000
66372  -46.581  -12.018  19.723 0.0000000000
49529  -25.385  -26.446  33.774 0.0000000000
51775  -29.572  -25.276  36.139 0.0000000000
51929  -31.682  -24.791  25.155 0.0000000000
53068  -30.297  -24.616  25.030 0.0000000000
141936  -31.465  -24.831  25.886 0.0000000000
51896  -30.813  -24.905  27.184 0.0000000000
51884  -31.333  -25.204  28.600 0.0000000000
51885  -32.149  -25.454  28.289 0.0000000000
50798  -32.721  -25.750  28.853 0.0000000000
50777  -33.273  -25.913  29.408 0.0000000000
51935  -37.366  -25.558  25.118 0.0000000000
51934  -36.499  -25.628  25.245 0.0000000000
51916  -37.060  -25.682  25.846 0.0000000000
146390  -37.223  -25.831  27.097 0.0000000000
50803  -37.232  -25.960  27.901 0.0000000000
49562  -38.391  -26.863  31.438 0.0000000000
49561  -37.438  -26.895  31.364 0.0000000000
135317  -35.988  -26.854  31.264 0.0000000000
49560  -36.564  -26.930  31.737 0.0000000000
49546  -36.243  -27.005  32.565 0.0000000000
49532  -36.260  -26.996  33.519 0.0000000000
128725  -37.207  -27.261  34.756 0.0000000000
49503  -37.457  -27.119  35.495 0.0000000000
42025  -20.956  -33.899  33.506 0.0000000000
42024  -20.369  -34.446  33.076 0.0000000000
136175  -20.611  -34.569  33.662 0.0000000000
40901  -19.950  -35.059  33.460 0.0000000000
39728  -19.410  -35.590  33.992 0.0000000000
40883  -19.580  -35.680  34.935 0.0000000000
40872  -19.611  -35.661  35.924 0.0000000000
40863  -19.588  -35.536  36.950 0.0000000000
45090  -22.000  -30.943  38.537 0.0000000000
66464  -50.074  -11.675  13.279 0.0000000000
66448  -50.412  -11.738  14.212 0.0000000000
67632  -51.098  -11.113  14.167 0.0000000000
132334  -52.269  -10.493  14.884 0.0000000000
71037  -54.274  -8.030  14.793 0.0000000000
69938  -54.518  -8.168  15.650 0.0000000000
150756  -54.670  -8.244  16.420 0.0000000000
69923  -55.095  -8.382  17.669 0.0000000000
71009  -56.813  -7.191  18.161 0.0000000000
75287  -53.108  -2.996  13.731 0.0000000000
75286  -52.967  -3.775  13.671 0.0000000000
75279  -53.520  -3.302  14.266 0.0000000000
75270  -53.937  -3.616  14.943 0.0000000000
75256  -54.908  -3.592  16.000 0.0000000000
79465  -56.640  0.451  4.464 0.0000000000
79466  -57.431  0.766  4.828 0.0000000000
80585  -56.808  1.331  4.323 0.0000000000
83633  -56.542  4.614  2.578 0.0000000000
84590  -56.774  5.293  3.210 0.0000000000
84601  -56.692  5.358  2.426 0.0000000000
84612  -56.796  5.417  1.464 0.0000000000
84658  -53.827  4.986  -1.619 0.0000000000
84647  -54.642  5.319  -1.366 0.0000000000
85651  -56.281  5.885  -0.391 0.0000000000
85664  -56.499  6.500  -0.691 0.0000000000
86719  -56.821  7.106  -0.940 0.0000000000
148759  -57.546  8.075  -0.724 0.0000000000
87625  -57.678  8.362  -1.342 0.0000000000
85701  -57.508  7.086  -4.996 0.0000000000
86759  -57.897  7.731  -4.713 0.0000000000
86768  -59.246  7.527  -5.434 0.0000000000
59567  -45.597  -17.776  26.577 0.0000000000
58619  -44.784  -18.127  24.114 0.0000000000
136427  -44.957  -17.129  24.097 0.0000000000
59616  -44.624  -17.005  22.593 0.0000000000
46261  -24.250  -29.495  28.686 0.0000000000
49610  -28.166  -27.224  27.309 0.0000000000
53094  -41.749  -24.029  23.068 0.0000000000
54302  -43.103  -22.784  23.444 0.0000000000
54287  -43.625  -23.304  24.107 0.0000000000
54273  -43.819  -23.784  25.116 0.0000000000
54256  -44.159  -23.013  26.580 0.0000000000
55372  -44.854  -22.037  27.724 0.0000000000
133581  -45.170  -20.512  27.084 0.0000000000
56517  -44.741  -20.625  25.772 0.0000000000
57596  -44.957  -20.101  26.358 0.0000000000
58597  -45.688  -18.495  27.204 0.0000000000
67540  -49.864  -11.496  20.871 0.0000000000
67524  -50.350  -10.973  21.434 0.0000000000
67555  -51.014  -11.543  19.920 0.0000000000
135334  -50.155  -11.927  19.064 0.0000000000
67556  -51.906  -11.287  19.556 0.0000000000
152130  -52.485  -11.095  18.924 0.0000000000
67570  -53.207  -10.885  18.850 0.0000000000
77331  -54.177  -1.883  9.317 0.0000000000
77320  -53.855  -1.738  10.165 0.0000000000
153919  -54.585  -1.536  9.812 0.0000000000
79414  -55.812  -0.036  10.979 0.0000000000
145442  -56.604  -0.406  9.509 0.0000000000
78364  -56.630  0.161  10.391 0.0000000000
79408  -56.411  0.453  11.333 0.0000000000
80523  -56.838  0.995  11.755 0.0000000000
80524  -57.457  1.222  12.356 0.0000000000
82639  -60.378  3.778  8.502 0.0000000000
83602  -60.271  4.701  6.368 0.0000000000
83609  -59.681  4.776  5.511 0.0000000000
36541  -14.357  -38.834  35.615 0.0000000000
133994  -14.042  -39.306  36.297 0.0000000000
63991  -45.582  -13.077  25.079 0.0000000000
65164  -45.846  -12.832  25.674 0.0000000000
65163  -45.582  -12.357  25.218 0.0000000000
66319  -45.350  -12.055  24.588 0.0000000000
67469  -45.527  -11.705  24.430 0.0000000000
67487  -45.507  -11.126  23.699 0.0000000000
67488  -46.128  -10.843  23.572 0.0000000000
146165  -44.961  -10.999  21.952 0.0000000000
67536  -44.540  -11.215  21.274 0.0000000000
67535  -43.824  -11.448  21.153 0.0000000000
132574  -44.130  -11.897  19.092 0.0000000000
51821  -27.536  -25.065  32.929 0.0000000000
51801  -29.546  -24.967  34.635 0.0000000000
51813  -29.913  -25.029  33.764 0.0000000000
51802  -30.339  -25.220  34.425 0.0000000000
51788  -29.969  -25.071  35.343 0.0000000000
51776  -30.353  -25.432  36.068 0.0000000000
132171  -33.203  -26.050  36.628 0.0000000000
51947  -31.618  -24.689  24.383 0.0000000000
51912  -32.648  -25.041  26.035 0.0000000000
50805  -39.794  -25.703  28.339 0.0000000000
50804  -38.809  -25.915  28.384 0.0000000000
50784  -39.998  -25.975  29.906 0.0000000000
50760  -39.773  -26.418  30.698 0.0000000000
50746  -40.446  -26.286  31.472 0.0000000000
49563  -39.416  -26.757  31.601 0.0000000000
49549  -39.437  -26.871  32.543 0.0000000000
49535  -39.313  -26.940  33.441 0.0000000000
136957  -38.766  -27.136  34.044 0.0000000000
49520  -39.387  -26.903  34.337 0.0000000000
50696  -40.073  -26.529  34.702 0.0000000000
50683  -40.648  -25.724  35.945 0.0000000000
43127  -21.085  -33.181  31.528 0.0000000000
43106  -21.280  -33.044  33.315 0.0000000000
43082  -21.270  -32.904  36.339 0.0000000000
44062  -21.468  -32.204  36.733 0.0000000000
45117  -21.749  -31.509  37.096 0.0000000000
45118  -22.093  -30.870  36.507 0.0000000000
45103  -22.171  -30.817  37.454 0.0000000000
68869  -51.109  -9.751  11.569 0.0000000000
68859  -51.938  -9.861  13.214 0.0000000000
68870  -51.779  -9.303  12.181 0.0000000000
69972  -52.282  -9.037  12.775 0.0000000000
69962  -52.858  -8.546  13.203 0.0000000000
71067  -52.762  -7.691  12.662 0.0000000000
71059  -53.312  -7.745  13.374 0.0000000000
71050  -53.827  -7.841  14.073 0.0000000000
147030  -54.808  -6.933  14.888 0.0000000000
79472  -54.531  0.062  3.069 0.0000000000
79480  -54.886  0.798  2.869 0.0000000000
85683  -55.725  6.465  -2.316 0.0000000000
85684  -56.279  7.147  -2.848 0.0000000000
85691  -55.851  6.467  -3.059 0.0000000000
85700  -56.745  6.697  -4.327 0.0000000000
84681  -55.722  5.225  -3.895 0.0000000000
84682  -56.492  5.742  -4.382 0.0000000000
39707  -17.608  -36.842  37.072 0.0000000000
39699  -17.390  -36.550  38.052 0.0000000000
39691  -17.004  -36.001  38.925 0.0000000000
62848  -46.909  -15.011  28.988 0.0000000000
152439  -46.964  -14.377  28.759 0.0000000000
63992  -46.005  -13.750  25.863 0.0000000000
128909  -45.800  -16.958  26.806 0.0000000000
60593  -45.857  -16.269  26.322 0.0000000000
61750  -45.863  -15.504  25.627 0.0000000000
138775  -46.104  -14.782  26.173 0.0000000000
64016  -44.455  -13.068  23.084 0.0000000000
62904  -44.601  -13.899  22.941 0.0000000000
64026  -44.002  -13.423  22.475 0.0000000000
64032  -41.978  -12.977  21.417 0.0000000000
137847  -22.967  -29.152  34.100 0.0000000000
47290  -24.424  -28.312  32.458 0.0000000000
48370  -24.780  -27.713  32.834 0.0000000000
48371  -25.455  -27.308  32.406 0.0000000000
50740  -26.845  -26.065  31.770 0.0000000000
47319  -24.906  -28.857  29.247 0.0000000000
48410  -26.775  -27.490  29.247 0.0000000000
49576  -26.590  -27.322  30.087 0.0000000000
132641  -26.373  -27.143  30.970 0.0000000000
50729  -27.823  -25.167  32.140 0.0000000000
51822  -28.450  -24.991  31.891 0.0000000000
139560  -29.199  -24.962  31.847 0.0000000000
51835  -28.862  -25.005  31.091 0.0000000000
51837  -29.919  -24.966  31.977 0.0000000000
136753  -30.665  -25.094  32.018 0.0000000000
51971  -37.647  -25.053  23.186 0.0000000000
51952  -37.716  -25.379  24.420 0.0000000000
51901  -39.410  -25.411  27.025 0.0000000000
51955  -40.380  -24.758  24.087 0.0000000000
51938  -40.402  -24.786  25.014 0.0000000000
53059  -41.104  -24.714  25.436 0.0000000000
128067  -40.354  -24.827  25.710 0.0000000000
51918  -39.901  -24.951  26.323 0.0000000000
51887  -39.919  -25.428  27.663 0.0000000000
129056  -41.015  -24.993  28.844 0.0000000000
133725  -41.781  -24.934  30.032 0.0000000000
53034  -42.587  -24.426  29.835 0.0000000000
53026  -42.241  -24.718  30.716 0.0000000000
53007  -42.937  -23.806  32.198 0.0000000000
138146  -43.211  -23.254  32.730 0.0000000000
149598  -42.994  -23.296  33.231 0.0000000000
54178  -43.719  -22.613  32.696 0.0000000000
55307  -44.096  -21.778  32.740 0.0000000000
149475  -44.551  -20.971  32.786 0.0000000000
56399  -44.957  -20.197  32.712 0.0000000000
57537  -45.366  -19.618  32.582 0.0000000000
55362  -45.157  -21.718  28.698 0.0000000000
56425  -45.788  -20.353  30.709 0.0000000000
57551  -45.818  -19.908  31.314 0.0000000000
57538  -45.771  -19.400  32.015 0.0000000000
138560  -45.982  -18.093  32.682 0.0000000000
145983  -46.686  -17.290  31.348 0.0000000000
60528  -46.689  -16.542  31.793 0.0000000000
138689  -20.934  -32.928  30.655 0.0000000000
44168  -21.630  -32.267  30.595 0.0000000000
45190  -22.604  -31.030  31.037 0.0000000000
131863  -22.267  -31.395  31.825 0.0000000000
46218  -22.884  -29.871  33.427 0.0000000000
70945  -52.126  -8.235  24.088 0.0000000000
70931  -53.394  -7.284  24.273 0.0000000000
70947  -53.794  -7.454  23.698 0.0000000000
68738  -51.711  -10.166  21.815 0.0000000000
69869  -53.029  -9.284  22.159 0.0000000000
149775  -54.664  -7.624  22.920 0.0000000000
69873  -56.669  -8.834  21.623 0.0000000000
152637  -51.598  -4.686  11.963 0.0000000000
74207  -51.510  -4.034  11.784 0.0000000000
75294  -52.177  -3.541  12.444 0.0000000000
76299  -52.614  -2.724  12.341 0.0000000000
78352  -53.923  -1.386  11.050 0.0000000000
78345  -53.997  -1.085  11.836 0.0000000000
78347  -55.404  -0.248  12.432 0.0000000000
77302  -54.202  -1.095  12.561 0.0000000000
77292  -54.437  -1.300  13.373 0.0000000000
33261  -9.411  -42.145  42.817 0.0000000000
65286  -47.771  -13.054  15.190 0.0000000000
65287  -48.684  -12.772  15.511 0.0000000000
128181  -48.443  -12.767  14.415 0.0000000000
65319  -48.852  -12.493  13.605 0.0000000000
65333  -48.660  -12.460  12.540 0.0000000000
66463  -49.336  -12.013  13.014 0.0000000000
67653  -50.445  -11.119  12.633 0.0000000000
67673  -50.792  -10.522  12.107 0.0000000000
67683  -49.245  -10.689  10.387 0.0000000000
67684  -49.934  -10.457  11.013 0.0000000000
67685  -50.555  -10.322  11.409 0.0000000000
69983  -50.836  -8.937  10.949 0.0000000000
69991  -49.389  -8.202  10.524 0.0000000000
72133  -50.527  -6.229  11.212 0.0000000000
73189  -49.024  -5.591  10.528 0.0000000000
74205  -49.972  -4.614  10.929 0.0000000000
74215  -50.111  -3.897  10.492 0.0000000000
75311  -50.465  -3.290  9.952 0.0000000000
76316  -51.147  -2.923  9.912 0.0000000000
77329  -52.483  -2.285  9.662 0.0000000000
77337  -52.835  -2.332  8.953 0.0000000000
75345  -51.587  -3.928  7.533 0.0000000000
76339  -51.912  -3.242  7.983 0.0000000000
76333  -52.424  -2.829  8.511 0.0000000000
78382  -56.228  -1.230  8.263 0.0000000000
78383  -57.096  -0.809  8.135 0.0000000000
79442  -58.286  -0.089  7.351 0.0000000000
79454  -58.681  0.290  6.619 0.0000000000
79453  -58.028  -0.310  6.505 0.0000000000
78410  -57.675  -0.348  5.686 0.0000000000
78418  -56.468  -0.381  4.682 0.0000000000
78423  -54.483  -0.737  3.612 0.0000000000
131527  -53.899  -0.057  2.404 0.0000000000
38646  -16.216  -37.241  38.472 0.0000000000
37552  -15.725  -37.794  38.506 0.0000000000
38638  -15.734  -36.768  40.131 0.0000000000
37540  -15.039  -38.014  38.989 0.0000000000
36503  -14.477  -38.590  39.161 0.0000000000
36502  -13.894  -38.783  39.721 0.0000000000
39640  -15.892  -36.347  43.291 0.0000000000
38602  -14.669  -36.537  42.667 0.0000000000
38616  -14.005  -36.879  42.301 0.0000000000
152906  -14.043  -37.008  43.244 0.0000000000
38601  -13.933  -36.813  42.999 0.0000000000
37527  -13.767  -37.875  41.023 0.0000000000
36494  -13.463  -38.553  40.594 0.0000000000
36501  -13.146  -39.242  40.084 0.0000000000
35464  -12.523  -39.718  40.479 0.0000000000
35463  -11.835  -40.073  40.827 0.0000000000
35449  -11.075  -39.324  42.469 0.0000000000
33262  -10.472  -42.123  43.801 0.0000000000
139635  -11.186  -42.919  43.857 0.0000000000
134827  -12.160  -42.056  43.594 0.0000000000
32075  -11.952  -42.673  43.552 0.0000000000
71919  -51.008  -6.893  28.780 0.0000000000
65082  -47.082  -12.639  31.183 0.0000000000
66280  -46.178  -11.971  26.692 0.0000000000
67448  -46.258  -11.133  26.327 0.0000000000
140376  -46.986  -11.108  27.512 0.0000000000
68620  -47.475  -10.456  28.643 0.0000000000
69769  -48.047  -9.308  28.508 0.0000000000
128834  -48.512  -8.828  28.015 0.0000000000
132094  -48.191  -9.091  27.251 0.0000000000
69784  -49.243  -8.249  27.074 0.0000000000
70903  -50.034  -7.903  26.697 0.0000000000
69823  -49.745  -9.446  24.185 0.0000000000
69822  -49.102  -9.518  24.622 0.0000000000
68685  -48.991  -9.762  24.108 0.0000000000
67505  -47.326  -10.859  22.579 0.0000000000
67522  -48.589  -11.353  21.740 0.0000000000
67539  -48.984  -11.659  21.003 0.0000000000
66359  -48.568  -11.909  20.428 0.0000000000
66390  -47.927  -12.649  18.936 0.0000000000
65242  -47.613  -12.974  17.564 0.0000000000
129481  -47.155  -13.433  15.901 0.0000000000
64040  -40.915  -12.796  20.155 0.0000000000
65210  -41.081  -12.247  19.977 0.0000000000
66367  -41.501  -11.915  19.826 0.0000000000
131526  -41.595  -11.815  19.010 0.0000000000
66404  -42.875  -12.210  18.123 0.0000000000
65238  -43.683  -12.733  17.814 0.0000000000
65260  -42.369  -12.866  16.705 0.0000000000
65262  -44.254  -13.315  17.181 0.0000000000
135185  -45.001  -13.492  17.354 0.0000000000
65263  -45.668  -13.696  17.024 0.0000000000
64100  -44.736  -13.983  15.645 0.0000000000
65284  -45.626  -13.877  16.171 0.0000000000
65304  -46.975  -13.499  14.950 0.0000000000
47265  -23.457  -28.415  34.465 0.0000000000
48353  -23.834  -27.848  34.748 0.0000000000
49514  -25.104  -26.358  34.559 0.0000000000
51811  -27.614  -24.981  33.724 0.0000000000
51798  -26.986  -24.983  34.391 0.0000000000
49611  -28.777  -26.513  26.748 0.0000000000
51894  -29.002  -26.084  27.652 0.0000000000
51881  -29.265  -25.650  28.086 0.0000000000
128368  -29.794  -25.129  29.056 0.0000000000
51865  -30.412  -25.070  29.695 0.0000000000
51866  -31.175  -25.256  29.443 0.0000000000
51850  -31.042  -25.141  30.314 0.0000000000
51839  -31.660  -25.438  30.881 0.0000000000
50730  -32.402  -25.790  32.254 0.0000000000
51933  -35.609  -25.624  25.372 0.0000000000
141503  -34.870  -25.593  25.577 0.0000000000
51932  -34.115  -25.463  25.480 0.0000000000
130938  -34.477  -25.651  26.235 0.0000000000
51900  -34.111  -25.763  27.018 0.0000000000
50781  -37.575  -26.570  29.397 0.0000000000
128080  -36.907  -26.340  28.744 0.0000000000
50802  -36.234  -26.005  28.151 0.0000000000
50814  -33.821  -25.808  27.846 0.0000000000
50778  -34.074  -26.061  29.278 0.0000000000
137986  -33.760  -26.027  29.983 0.0000000000
49559  -35.302  -26.810  31.588 0.0000000000
151246  -34.205  -26.373  30.540 0.0000000000
50755  -33.354  -26.026  30.747 0.0000000000
50731  -33.199  -25.998  32.598 0.0000000000
50719  -33.318  -26.020  33.371 0.0000000000
50720  -33.871  -26.316  34.027 0.0000000000
49500  -34.936  -26.699  35.210 0.0000000000
137520  -35.416  -26.837  34.672 0.0000000000
49501  -35.757  -26.852  35.296 0.0000000000
50695  -35.272  -26.712  36.078 0.0000000000
49519  -38.632  -27.128  34.730 0.0000000000
49504  -38.362  -27.011  35.533 0.0000000000
49488  -38.515  -26.868  36.388 0.0000000000
133400  -16.908  -36.187  33.013 0.0000000000
39740  -17.256  -36.480  33.881 0.0000000000
136951  -17.991  -36.225  34.264 0.0000000000
39726  -17.550  -36.730  34.812 0.0000000000
39717  -17.789  -36.810  35.933 0.0000000000
39700  -17.965  -36.141  37.568 0.0000000000
39693  -18.444  -35.816  38.002 0.0000000000
45089  -21.693  -31.650  38.772 0.0000000000
129219  -50.674  -11.800  16.180 0.0000000000
66431  -50.839  -11.656  15.463 0.0000000000
66420  -50.948  -11.660  16.876 0.0000000000
133451  -52.613  -10.784  18.118 0.0000000000
67580  -53.428  -10.383  18.139 0.0000000000
68836  -52.440  -9.909  14.099 0.0000000000
69936  -53.458  -9.287  15.004 0.0000000000
68819  -53.122  -9.812  15.705 0.0000000000
153470  -53.627  -9.890  17.521 0.0000000000
67571  -54.907  -10.331  18.922 0.0000000000
68784  -56.911  -9.324  19.226 0.0000000000
69911  -56.427  -8.754  18.471 0.0000000000
149075  -57.178  -8.729  18.820 0.0000000000
73158  -52.495  -5.112  12.707 0.0000000000
73159  -52.946  -5.314  13.324 0.0000000000
74188  -53.736  -4.796  14.322 0.0000000000
73146  -53.535  -5.427  13.985 0.0000000000
73138  -55.053  -5.756  15.304 0.0000000000
72085  -55.410  -6.093  16.209 0.0000000000
73128  -55.767  -5.464  16.832 0.0000000000
73102  -56.208  -6.256  18.076 0.0000000000
80575  -59.170  0.901  6.871 0.0000000000
153988  -59.241  1.796  5.709 0.0000000000
137001  -58.646  1.661  5.249 0.0000000000
146089  -59.394  3.070  5.330 0.0000000000
130782  -59.196  3.877  5.193 0.0000000000
83608  -58.873  4.628  5.105 0.0000000000
80593  -56.200  1.820  3.777 0.0000000000
81630  -56.448  2.649  3.584 0.0000000000
82662  -57.664  3.636  4.478 0.0000000000
84587  -58.191  5.920  4.766 0.0000000000
85606  -58.327  6.880  4.679 0.0000000000
85613  -57.283  6.933  3.578 0.0000000000
86661  -57.852  7.324  4.097 0.0000000000
86669  -58.274  8.075  3.960 0.0000000000
83660  -56.537  5.072  0.545 0.0000000000
85636  -57.082  6.323  1.447 0.0000000000
85652  -56.865  6.353  -0.022 0.0000000000
141867  -57.119  6.481  0.683 0.0000000000
86683  -57.725  7.988  2.126 0.0000000000
87656  -57.924  8.499  -3.422 0.0000000000
87667  -58.950  8.374  -4.203 0.0000000000
30795  -9.955  -43.546  43.869 0.0000000000
32073  -10.072  -42.853  44.015 0.0000000000
32074  -10.650  -42.619  44.000 0.0000000000
33255  -13.554  -41.739  43.448 0.0000000000
35441  -12.802  -39.521  43.983 0.0000000000
35444  -10.821  -39.862  43.217 0.0000000000
35448  -10.683  -39.855  42.719 0.0000000000
36468  -11.918  -38.991  43.557 0.0000000000
36475  -12.273  -38.360  43.343 0.0000000000
36478  -11.579  -38.783  42.725 0.0000000000
36479  -11.988  -38.363  42.473 0.0000000000
37489  -12.942  -38.044  43.542 0.0000000000
37494  -13.562  -37.470  43.231 0.0000000000
37495  -14.282  -37.438  43.481 0.0000000000
38589  -15.594  -37.116  43.431 0.0000000000
39639  -15.291  -36.112  43.047 0.0000000000
49528  -24.786  -26.868  34.105 0.0000000000
49557  -26.754  -26.574  31.207 0.0000000000
49578  -35.431  -26.746  30.923 0.0000000000
49581  -38.045  -26.793  30.791 0.0000000000
50692  -31.623  -25.637  35.384 0.0000000000
50694  -33.651  -26.166  35.740 0.0000000000
50744  -33.948  -26.353  31.364 0.0000000000
50745  -34.734  -26.647  31.106 0.0000000000
50796  -27.945  -26.785  28.741 0.0000000000
51836  -29.618  -24.948  31.209 0.0000000000
51864  -29.175  -25.247  29.556 0.0000000000
51897  -31.550  -25.045  27.720 0.0000000000
51917  -38.366  -25.522  26.150 0.0000000000
51928  -30.886  -24.704  25.496 0.0000000000
53079  -30.996  -24.599  24.683 0.0000000000
58576  -46.579  -18.866  30.292 0.0000000000
65202  -41.910  -12.497  21.182 0.0000000000
66345  -41.860  -11.988  20.976 0.0000000000
67547  -55.946  -10.183  20.008 0.0000000000
68783  -55.469  -9.832  18.729 0.0000000000
69971  -51.881  -8.419  11.787 0.0000000000
71049  -53.419  -8.416  13.804 0.0000000000
71920  -51.714  -6.825  28.569 0.0000000000
71986  -54.069  -7.058  24.057 0.0000000000
82681  -56.101  3.326  2.171 0.0000000000
86732  -57.190  7.759  -1.158 0.0000000000
86760  -58.689  7.952  -4.766 0.0000000000
87594  -57.928  8.393  0.622 0.0000000000
129223  -30.060  -24.799  25.857 0.0000000000
130690  -58.355  7.528  -5.127 0.0000000000
131046  -38.090  -25.908  27.957 0.0000000000
131623  -37.769  -26.968  36.077 0.0000000000
132696  -30.561  -25.087  28.910 0.0000000000
136016  -38.076  -25.088  23.749 0.0000000000
136017  -37.254  -25.368  23.822 0.0000000000
138109  -50.427  -11.843  15.004 0.0000000000
138537  -48.747  -8.651  27.353 0.0000000000
139365  -13.056  -38.696  43.802 0.0000000000
140946  -26.605  -25.648  33.189 0.0000000000
141244  -44.325  -22.365  26.117 0.0000000000
145525  -57.830  0.277  5.310 0.0000000000
146523  -43.374  -11.793  19.188 0.0000000000
146612  -53.668  -9.303  15.766 0.0000000000
147412  -12.447  -41.035  43.891 0.0000000000
147936  -29.402  -25.421  28.801 0.0000000000
148864  -49.929  -11.864  19.665 0.0000000000
150057  -57.740  7.960  1.181 0.0000000000
150350  -58.081  8.222  3.398 0.0000000000
151651  -45.911  -16.429  26.943 0.0000000000
152572  -49.002  -12.520  14.200 0.0000000000
152931  -33.423  -24.954  24.143 0.0000000000
