#!ascii label  , from subject sub-v1s14x0051568_ses-1 vox2ras=TkReg
1223
103696  -45.671  26.199  -1.656 0.0000000000
116237  -46.076  44.602  8.107 0.0000000000
108031  -44.115  31.594  12.397 0.0000000000
108865  -51.687  32.780  4.980 0.0000000000
114933  -49.238  42.029  1.654 0.0000000000
112449  -49.793  39.065  8.103 0.0000000000
111816  -51.653  37.490  3.265 0.0000000000
109654  -45.685  34.185  2.251 0.0000000000
102160  -45.728  24.274  6.209 0.0000000000
102955  -43.203  25.478  2.174 0.0000000000
118980  -41.438  50.162  6.759 0.0000000000
116906  -43.791  45.158  2.103 0.0000000000
114375  -47.627  40.687  -4.395 0.0000000000
107391  -45.422  31.122  3.855 0.0000000000
111766  -46.349  37.860  9.151 0.0000000000
107315  -50.552  31.657  11.841 0.0000000000
105909  -50.424  28.916  1.672 0.0000000000
133390  -46.770  31.252  -1.998 0.0000000000
106730  -41.709  30.146  -3.608 0.0000000000
103711  -46.801  26.634  -3.580 0.0000000000
113742  -50.606  40.315  -0.541 0.0000000000
113734  -51.502  39.766  2.564 0.0000000000
112517  -50.191  38.779  0.629 0.0000000000
112485  -47.683  38.555  3.797 0.0000000000
148655  -44.830  24.544  4.009 0.0000000000
102940  -41.794  25.255  3.850 0.0000000000
118998  -37.905  49.452  4.328 0.0000000000
114976  -44.662  42.295  -1.321 0.0000000000
106637  -42.997  30.782  6.064 0.0000000000
106606  -45.035  31.028  9.042 0.0000000000
136310  -43.542  44.099  6.256 0.0000000000
113114  -46.140  41.263  8.203 0.0000000000
133152  -52.112  35.563  7.451 0.0000000000
110376  -49.773  35.040  10.159 0.0000000000
107343  -53.023  31.581  8.559 0.0000000000
106629  -51.349  30.336  6.427 0.0000000000
106681  -52.130  30.583  2.899 0.0000000000
106711  -49.786  30.570  -0.566 0.0000000000
108112  -49.830  32.425  1.009 0.0000000000
108933  -43.615  32.893  -1.010 0.0000000000
114912  -46.466  43.044  3.799 0.0000000000
114265  -48.131  41.792  8.513 0.0000000000
113705  -49.656  40.400  5.368 0.0000000000
112460  -52.205  38.278  4.920 0.0000000000
130776  -51.609  35.664  5.201 0.0000000000
108862  -49.093  33.764  4.149 0.0000000000
111152  -48.024  36.781  5.173 0.0000000000
111176  -44.484  36.663  3.455 0.0000000000
146265  -47.765  24.556  3.895 0.0000000000
102242  -45.387  24.142  1.068 0.0000000000
102976  -43.813  25.601  -0.457 0.0000000000
138391  -36.654  45.768  3.815 0.0000000000
117419  -40.161  47.162  5.572 0.0000000000
117406  -44.163  47.254  7.340 0.0000000000
134897  -45.690  46.448  3.906 0.0000000000
116282  -47.099  44.745  1.641 0.0000000000
149997  -48.607  41.828  -1.497 0.0000000000
113189  -49.401  39.247  -3.715 0.0000000000
112576  -48.709  38.242  -5.571 0.0000000000
105119  -40.974  28.242  3.197 0.0000000000
154000  -42.795  29.148  1.301 0.0000000000
105156  -45.095  28.302  0.364 0.0000000000
110354  -44.963  36.107  13.120 0.0000000000
113086  -48.648  39.340  10.524 0.0000000000
110357  -47.926  35.641  13.028 0.0000000000
143287  -47.185  31.188  12.618 0.0000000000
107340  -48.158  31.573  8.022 0.0000000000
106679  -48.218  29.728  3.337 0.0000000000
104435  -47.644  27.844  -0.311 0.0000000000
105184  -47.922  28.936  -1.737 0.0000000000
145625  -46.433  29.541  -3.655 0.0000000000
105963  -45.108  29.404  -4.877 0.0000000000
108919  -46.389  33.196  -0.201 0.0000000000
107467  -43.826  30.749  -3.211 0.0000000000
105970  -42.966  28.917  -5.332 0.0000000000
102269  -45.675  24.513  -2.066 0.0000000000
102280  -46.738  24.565  -3.145 0.0000000000
103704  -46.469  26.432  -2.835 0.0000000000
112546  -50.321  39.000  -1.585 0.0000000000
113174  -50.725  39.273  -0.016 0.0000000000
145719  -50.083  38.721  -0.342 0.0000000000
113173  -47.845  39.214  0.678 0.0000000000
105823  -44.819  30.132  11.671 0.0000000000
115607  -45.092  44.366  7.659 0.0000000000
109631  -52.417  34.242  6.231 0.0000000000
137291  -52.654  33.449  7.815 0.0000000000
108078  -53.196  32.651  6.034 0.0000000000
106643  -53.252  30.803  6.324 0.0000000000
108094  -52.350  31.444  4.007 0.0000000000
108114  -51.146  31.524  1.838 0.0000000000
108092  -50.853  32.205  3.184 0.0000000000
114922  -48.451  42.172  2.614 0.0000000000
114295  -47.686  41.655  4.739 0.0000000000
114307  -49.620  41.266  2.809 0.0000000000
112497  -51.948  38.278  2.585 0.0000000000
113142  -51.997  39.023  3.788 0.0000000000
112476  -52.335  37.755  3.804 0.0000000000
111171  -52.317  36.602  4.581 0.0000000000
111169  -51.601  36.603  4.252 0.0000000000
111154  -49.491  36.230  5.483 0.0000000000
111800  -49.792  37.387  4.476 0.0000000000
111814  -45.980  37.853  3.924 0.0000000000
102948  -43.826  24.865  2.863 0.0000000000
102209  -45.471  24.605  2.982 0.0000000000
102965  -43.853  25.029  1.931 0.0000000000
101384  -44.573  24.393  0.396 0.0000000000
102971  -43.450  25.641  0.346 0.0000000000
118990  -39.428  49.785  5.433 0.0000000000
117934  -38.414  47.825  4.777 0.0000000000
117927  -40.660  48.139  6.099 0.0000000000
117411  -42.355  47.366  6.532 0.0000000000
118453  -42.635  49.475  7.233 0.0000000000
117446  -42.863  46.384  3.069 0.0000000000
117949  -45.091  47.382  4.281 0.0000000000
117448  -44.974  46.355  3.237 0.0000000000
116891  -46.246  45.353  2.791 0.0000000000
116281  -45.371  44.819  1.581 0.0000000000
114344  -45.968  41.565  -2.747 0.0000000000
114978  -47.089  42.309  -1.288 0.0000000000
130757  -48.026  41.197  -3.100 0.0000000000
114347  -49.173  40.881  -2.573 0.0000000000
113756  -48.695  40.024  -4.518 0.0000000000
112570  -49.007  38.833  -5.036 0.0000000000
113197  -48.253  39.498  -5.631 0.0000000000
104383  -39.257  28.233  9.013 0.0000000000
104386  -38.841  27.570  7.439 0.0000000000
104392  -39.467  27.820  6.494 0.0000000000
132018  -40.131  27.662  4.240 0.0000000000
105856  -40.674  29.234  5.423 0.0000000000
107368  -44.033  31.340  5.051 0.0000000000
106658  -42.740  30.472  3.152 0.0000000000
106675  -44.103  30.364  2.372 0.0000000000
105922  -44.557  28.929  0.811 0.0000000000
106676  -45.519  30.099  2.497 0.0000000000
111764  -44.795  37.418  8.883 0.0000000000
111727  -44.176  37.338  12.058 0.0000000000
111102  -45.574  37.009  11.852 0.0000000000
113685  -49.150  40.421  7.735 0.0000000000
113677  -48.179  41.117  9.730 0.0000000000
112438  -49.453  39.085  9.303 0.0000000000
129926  -50.773  32.829  11.447 0.0000000000
110368  -48.946  35.410  11.853 0.0000000000
150143  -49.432  32.678  13.106 0.0000000000
108806  -47.779  33.592  13.574 0.0000000000
106553  -49.035  31.462  12.228 0.0000000000
106595  -47.613  31.073  9.995 0.0000000000
151250  -49.031  31.186  9.766 0.0000000000
105871  -50.784  29.533  3.531 0.0000000000
106653  -49.328  30.283  4.559 0.0000000000
105887  -49.723  29.031  2.542 0.0000000000
105907  -48.313  28.608  1.631 0.0000000000
105144  -49.172  28.327  0.961 0.0000000000
104436  -47.765  28.027  -0.978 0.0000000000
105169  -49.739  28.739  -0.353 0.0000000000
107445  -48.733  31.069  -1.004 0.0000000000
137212  -47.514  30.052  -2.233 0.0000000000
106736  -46.810  30.191  -2.812 0.0000000000
106745  -45.639  29.662  -4.180 0.0000000000
106734  -45.234  30.282  -3.614 0.0000000000
109648  -47.522  34.148  3.461 0.0000000000
108876  -48.047  33.499  1.932 0.0000000000
109690  -46.128  33.640  0.812 0.0000000000
107453  -42.214  31.217  -2.789 0.0000000000
108173  -43.692  31.812  -2.185 0.0000000000
107466  -42.840  30.724  -3.231 0.0000000000
106742  -43.049  29.786  -4.199 0.0000000000
105959  -41.807  29.419  -4.424 0.0000000000
149721  -41.187  28.077  -5.587 0.0000000000
137792  -47.090  23.224  -0.100 0.0000000000
128425  -47.181  26.927  -4.408 0.0000000000
114326  -49.806  41.790  0.864 0.0000000000
114320  -50.266  41.184  1.975 0.0000000000
113736  -50.925  40.467  1.127 0.0000000000
112506  -51.185  38.636  1.481 0.0000000000
112495  -50.577  38.414  2.146 0.0000000000
112474  -49.311  38.005  4.001 0.0000000000
113159  -48.540  39.091  2.053 0.0000000000
131052  -45.154  24.304  5.074 0.0000000000
146844  -43.912  24.283  4.648 0.0000000000
102947  -42.678  25.488  2.967 0.0000000000
136833  -41.222  51.794  6.333 0.0000000000
150203  -43.714  43.583  0.272 0.0000000000
114382  -45.400  40.725  -4.990 0.0000000000
113765  -46.912  40.070  -5.615 0.0000000000
105853  -41.635  29.690  6.941 0.0000000000
106627  -43.912  30.947  7.526 0.0000000000
107361  -45.173  31.544  6.644 0.0000000000
146987  -46.469  39.490  8.582 0.0000000000
111137  -50.974  36.919  7.707 0.0000000000
111126  -49.985  36.360  8.965 0.0000000000
109610  -51.030  34.977  8.817 0.0000000000
108846  -52.077  33.281  9.360 0.0000000000
108060  -52.358  31.834  9.929 0.0000000000
106608  -50.661  31.025  8.939 0.0000000000
106622  -52.461  30.420  7.606 0.0000000000
105865  -52.160  29.893  4.197 0.0000000000
105888  -51.607  29.697  2.566 0.0000000000
142376  -50.421  29.618  -0.180 0.0000000000
106704  -51.005  30.583  0.639 0.0000000000
107421  -49.998  31.552  0.025 0.0000000000
108138  -48.748  32.262  -0.391 0.0000000000
108899  -45.150  33.638  0.198 0.0000000000
109590  -43.592  34.468  11.014 0.0000000000
115615  -46.196  44.116  6.379 0.0000000000
114893  -46.766  43.650  7.976 0.0000000000
140826  -47.016  42.240  5.502 0.0000000000
114275  -48.279  41.095  6.108 0.0000000000
140193  -49.901  39.817  6.793 0.0000000000
138108  -50.749  40.300  3.875 0.0000000000
113135  -50.926  39.637  5.107 0.0000000000
112457  -51.010  38.665  6.424 0.0000000000
111142  -52.222  36.715  6.468 0.0000000000
130476  -52.311  35.561  5.583 0.0000000000
109637  -51.955  34.033  5.806 0.0000000000
108864  -50.777  33.153  4.750 0.0000000000
109635  -49.940  34.627  5.719 0.0000000000
109633  -48.224  35.197  5.233 0.0000000000
109641  -47.044  34.921  4.129 0.0000000000
111799  -48.105  37.464  4.834 0.0000000000
111167  -46.557  36.703  4.668 0.0000000000
102198  -46.209  24.587  3.712 0.0000000000
102210  -46.450  24.517  2.826 0.0000000000
101370  -47.184  23.861  1.221 0.0000000000
101385  -45.916  23.592  0.340 0.0000000000
102258  -44.662  24.481  -0.924 0.0000000000
103695  -44.873  25.816  -1.297 0.0000000000
116265  -38.320  44.669  4.138 0.0000000000
117426  -37.924  46.440  4.360 0.0000000000
116881  -39.785  45.331  4.765 0.0000000000
116872  -41.386  45.645  5.433 0.0000000000
116862  -43.218  46.066  6.512 0.0000000000
116865  -45.291  46.128  7.376 0.0000000000
118994  -43.604  50.023  6.451 0.0000000000
118465  -44.815  48.757  6.175 0.0000000000
117929  -45.388  47.693  6.245 0.0000000000
132095  -45.760  45.773  6.160 0.0000000000
115630  -45.819  44.039  4.160 0.0000000000
115637  -47.229  44.226  2.327 0.0000000000
115649  -48.202  43.699  1.304 0.0000000000
115684  -45.660  43.317  -0.106 0.0000000000
115686  -47.780  43.396  -0.021 0.0000000000
114946  -48.877  42.809  0.342 0.0000000000
129912  -49.641  41.646  -0.706 0.0000000000
113186  -50.118  39.786  -2.280 0.0000000000
111876  -48.902  38.191  -3.585 0.0000000000
111892  -48.608  37.633  -4.968 0.0000000000
113201  -47.631  39.021  -6.495 0.0000000000
103657  -41.578  26.522  3.050 0.0000000000
103666  -41.720  27.068  2.515 0.0000000000
106647  -41.527  30.125  4.025 0.0000000000
105129  -41.797  28.614  2.149 0.0000000000
103675  -42.484  26.989  1.093 0.0000000000
104425  -42.947  27.172  0.326 0.0000000000
104433  -44.326  26.947  -0.545 0.0000000000
130446  -45.345  27.168  -0.532 0.0000000000
108820  -44.971  33.677  11.796 0.0000000000
114876  -47.219  42.753  9.151 0.0000000000
113675  -47.350  41.473  9.493 0.0000000000
112426  -47.341  38.027  10.128 0.0000000000
131985  -49.050  37.384  10.619 0.0000000000
111113  -48.445  37.320  11.337 0.0000000000
111729  -47.164  37.056  11.924 0.0000000000
111084  -46.642  36.036  13.324 0.0000000000
108814  -46.700  33.228  13.194 0.0000000000
107295  -45.632  31.359  12.812 0.0000000000
106576  -45.984  30.585  10.889 0.0000000000
107339  -46.458  31.535  8.249 0.0000000000
146820  -47.046  31.488  6.109 0.0000000000
107365  -49.630  31.134  6.818 0.0000000000
107384  -48.154  31.041  5.232 0.0000000000
154102  -46.632  30.364  3.273 0.0000000000
105906  -46.545  28.976  1.741 0.0000000000
105167  -46.718  27.632  -0.096 0.0000000000
104441  -46.155  26.900  -1.208 0.0000000000
104443  -47.105  27.701  -1.561 0.0000000000
143084  -46.879  27.736  -2.272 0.0000000000
133580  -46.770  28.144  -3.643 0.0000000000
105939  -48.762  29.390  -1.224 0.0000000000
105946  -47.388  29.272  -2.404 0.0000000000
105197  -46.743  28.247  -4.633 0.0000000000
105974  -46.180  28.767  -5.540 0.0000000000
105973  -45.456  28.989  -5.494 0.0000000000
108878  -49.403  32.989  2.392 0.0000000000
108903  -48.433  33.032  0.356 0.0000000000
130869  -47.076  32.206  -1.114 0.0000000000
108935  -45.369  33.002  -0.695 0.0000000000
108175  -45.712  31.978  -1.673 0.0000000000
107457  -46.094  31.324  -2.224 0.0000000000
106733  -44.360  30.299  -3.724 0.0000000000
105971  -43.813  29.027  -5.426 0.0000000000
102986  -45.417  25.337  -1.848 0.0000000000
102270  -46.199  24.544  -2.588 0.0000000000
102993  -45.915  25.156  -2.422 0.0000000000
102994  -46.334  25.383  -2.932 0.0000000000
103703  -46.053  25.892  -2.345 0.0000000000
112544  -49.401  38.480  -1.633 0.0000000000
145580  -49.976  38.557  -1.082 0.0000000000
112530  -49.282  38.657  -0.761 0.0000000000
105810  -43.673  30.204  12.204 0.0000000000
106540  -44.255  30.906  12.621 0.0000000000
116236  -45.511  45.091  7.673 0.0000000000
114883  -45.372  43.778  7.848 0.0000000000
115601  -46.208  44.228  8.404 0.0000000000
108860  -52.779  32.988  5.759 0.0000000000
108854  -52.767  33.492  6.302 0.0000000000
108081  -53.030  32.242  5.425 0.0000000000
108086  -52.074  32.125  4.434 0.0000000000
108093  -51.673  31.831  3.565 0.0000000000
108085  -51.225  32.461  4.131 0.0000000000
114932  -48.750  42.549  1.822 0.0000000000
114306  -48.876  41.500  3.104 0.0000000000
114318  -49.110  41.794  2.264 0.0000000000
111822  -51.801  37.904  2.737 0.0000000000
111817  -52.079  37.637  3.295 0.0000000000
111802  -52.038  36.971  3.753 0.0000000000
111801  -51.048  37.090  4.031 0.0000000000
111785  -50.387  36.651  4.910 0.0000000000
102173  -46.433  24.451  5.714 0.0000000000
102972  -43.874  25.011  0.910 0.0000000000
102964  -43.286  25.626  1.289 0.0000000000
118992  -40.884  50.421  6.515 0.0000000000
118462  -39.657  49.026  5.650 0.0000000000
118451  -41.017  49.099  6.511 0.0000000000
117918  -41.669  48.382  6.596 0.0000000000
118452  -41.867  49.440  6.877 0.0000000000
116905  -42.676  45.130  2.040 0.0000000000
116895  -42.215  45.772  2.502 0.0000000000
116896  -43.347  45.788  2.594 0.0000000000
117447  -43.998  46.355  3.199 0.0000000000
116897  -44.440  45.817  2.680 0.0000000000
116907  -44.864  45.250  2.165 0.0000000000
116280  -44.251  44.601  1.448 0.0000000000
114360  -46.439  41.237  -3.582 0.0000000000
128471  -47.134  41.495  -2.783 0.0000000000
114361  -47.430  41.081  -3.732 0.0000000000
113749  -48.251  40.676  -3.972 0.0000000000
113755  -48.052  40.278  -4.798 0.0000000000
113767  -48.315  39.849  -5.145 0.0000000000
138902  -39.766  28.448  9.477 0.0000000000
104388  -39.727  28.540  8.354 0.0000000000
104387  -39.457  28.094  7.384 0.0000000000
105108  -39.921  28.403  6.772 0.0000000000
105114  -40.279  28.718  6.067 0.0000000000
107380  -44.737  31.333  4.379 0.0000000000
107389  -43.957  30.931  3.468 0.0000000000
107390  -44.615  31.069  3.619 0.0000000000
106692  -44.834  29.911  1.946 0.0000000000
106661  -45.288  30.684  3.102 0.0000000000
111765  -45.335  37.806  8.486 0.0000000000
154005  -45.468  37.537  8.962 0.0000000000
111124  -45.664  37.062  10.742 0.0000000000
113115  -49.534  39.803  7.969 0.0000000000
113107  -49.284  39.816  9.184 0.0000000000
108824  -50.914  32.320  11.686 0.0000000000
108823  -50.301  32.743  12.168 0.0000000000
107309  -50.078  31.788  12.420 0.0000000000
107308  -49.387  31.795  12.785 0.0000000000
106554  -49.850  31.459  12.147 0.0000000000
154036  -49.179  31.327  11.083 0.0000000000
106580  -49.739  31.295  11.020 0.0000000000
149209  -50.821  29.283  2.641 0.0000000000
105870  -50.051  29.364  3.168 0.0000000000
105908  -49.365  28.652  1.764 0.0000000000
105145  -49.919  28.556  1.089 0.0000000000
105158  -49.028  28.266  0.107 0.0000000000
105159  -49.834  28.543  0.392 0.0000000000
131551  -48.048  31.308  -1.350 0.0000000000
106724  -47.332  30.805  -2.004 0.0000000000
106723  -46.465  30.765  -2.567 0.0000000000
106735  -46.053  30.237  -3.324 0.0000000000
109655  -46.461  33.905  2.397 0.0000000000
109671  -46.956  33.639  1.707 0.0000000000
109670  -46.301  33.748  1.543 0.0000000000
107465  -41.916  30.738  -3.173 0.0000000000
106731  -42.535  30.215  -3.659 0.0000000000
105952  -41.263  29.806  -3.837 0.0000000000
101405  -47.041  23.030  -0.805 0.0000000000
114327  -50.475  41.082  0.407 0.0000000000
114325  -50.342  41.240  1.313 0.0000000000
113739  -51.001  39.982  0.431 0.0000000000
128392  -50.935  38.697  0.835 0.0000000000
137083  -51.076  38.843  0.767 0.0000000000
153544  -51.166  38.467  1.711 0.0000000000
112505  -50.819  38.559  1.324 0.0000000000
113160  -49.727  38.778  1.631 0.0000000000
145213  -47.950  39.267  1.548 0.0000000000
102170  -43.490  23.905  5.228 0.0000000000
135532  -43.382  24.903  3.289 0.0000000000
102946  -42.034  25.742  3.227 0.0000000000
119522  -39.630  51.197  5.277 0.0000000000
114373  -44.885  41.045  -4.263 0.0000000000
113763  -44.953  40.414  -5.662 0.0000000000
106592  -44.293  30.427  9.283 0.0000000000
106605  -43.658  30.202  8.864 0.0000000000
146428  -44.201  30.667  8.708 0.0000000000
107350  -44.528  31.275  7.539 0.0000000000
106620  -44.747  31.189  8.278 0.0000000000
115612  -42.619  43.893  5.556 0.0000000000
112448  -46.500  40.523  8.564 0.0000000000
111134  -51.467  36.132  7.771 0.0000000000
110393  -51.575  35.338  8.123 0.0000000000
128520  -53.032  32.746  7.691 0.0000000000
108847  -52.605  32.975  8.595 0.0000000000
108838  -52.536  32.339  9.540 0.0000000000
151605  -52.309  32.159  10.185 0.0000000000
128143  -52.797  31.867  9.219 0.0000000000
133555  -52.141  31.039  8.757 0.0000000000
106611  -52.673  30.920  8.219 0.0000000000
107385  -52.760  30.929  4.571 0.0000000000
106642  -52.786  30.425  6.038 0.0000000000
106667  -52.371  30.248  4.023 0.0000000000
105872  -52.060  29.816  3.436 0.0000000000
106666  -52.116  30.033  2.868 0.0000000000
105911  -51.411  29.798  1.617 0.0000000000
106680  -51.741  30.337  2.176 0.0000000000
108113  -50.498  31.989  1.365 0.0000000000
133277  -50.293  31.815  0.625 0.0000000000
108125  -49.663  32.224  0.338 0.0000000000
108139  -49.432  31.937  -0.207 0.0000000000
108124  -49.063  32.550  0.085 0.0000000000
115622  -46.086  43.453  5.057 0.0000000000
114902  -46.527  43.174  6.285 0.0000000000
152736  -46.511  42.706  4.892 0.0000000000
113704  -48.928  40.771  4.916 0.0000000000
114285  -48.174  41.238  5.153 0.0000000000
134023  -48.904  40.605  6.007 0.0000000000
113694  -49.405  40.331  6.489 0.0000000000
113733  -50.888  40.577  2.311 0.0000000000
114308  -50.266  41.008  2.606 0.0000000000
113724  -50.899  40.451  3.035 0.0000000000
112475  -52.295  38.334  4.157 0.0000000000
113136  -51.672  38.994  4.828 0.0000000000
113127  -50.826  39.269  5.938 0.0000000000
146867  -51.660  38.505  5.644 0.0000000000
111779  -52.130  37.357  6.164 0.0000000000
111786  -52.306  37.683  5.420 0.0000000000
111156  -52.145  36.039  4.918 0.0000000000
111157  -52.400  36.364  5.205 0.0000000000
110413  -51.930  35.133  5.553 0.0000000000
110414  -52.197  34.640  5.944 0.0000000000
109636  -50.955  34.433  5.789 0.0000000000
110412  -50.838  35.208  5.706 0.0000000000
111153  -48.638  36.388  5.390 0.0000000000
110410  -48.822  35.709  5.573 0.0000000000
110409  -48.012  36.007  5.334 0.0000000000
110423  -47.463  35.502  4.860 0.0000000000
112486  -48.734  38.526  3.502 0.0000000000
112473  -48.315  38.089  4.273 0.0000000000
111813  -45.114  37.433  3.672 0.0000000000
112471  -46.585  37.518  4.454 0.0000000000
129148  -45.304  24.477  4.474 0.0000000000
102197  -45.396  24.584  3.903 0.0000000000
149990  -45.165  24.499  2.036 0.0000000000
102225  -45.931  24.355  2.021 0.0000000000
102226  -46.817  24.291  1.985 0.0000000000
101369  -46.315  23.891  1.171 0.0000000000
101386  -46.731  23.485  0.468 0.0000000000
102241  -43.896  24.937  -0.006 0.0000000000
102252  -44.411  24.541  -0.341 0.0000000000
102977  -44.184  24.986  -0.715 0.0000000000
102985  -44.676  25.100  -1.298 0.0000000000
139313  -44.292  25.530  -0.969 0.0000000000
141261  -35.910  45.785  3.596 0.0000000000
150941  -35.420  44.758  3.479 0.0000000000
116887  -36.068  45.032  3.620 0.0000000000
116264  -37.514  44.387  3.872 0.0000000000
116888  -37.001  45.072  3.871 0.0000000000
119008  -36.987  49.386  3.812 0.0000000000
140571  -37.379  48.709  4.100 0.0000000000
137709  -39.455  47.455  5.353 0.0000000000
137815  -38.302  47.043  4.644 0.0000000000
117428  -39.351  46.728  5.125 0.0000000000
116880  -39.177  45.913  4.764 0.0000000000
116870  -39.939  46.139  5.193 0.0000000000
116871  -40.551  45.487  5.109 0.0000000000
117420  -40.818  46.352  5.516 0.0000000000
117920  -43.366  47.719  7.120 0.0000000000
117422  -42.588  46.485  6.294 0.0000000000
117412  -43.328  46.883  6.827 0.0000000000
117413  -44.159  46.450  7.236 0.0000000000
117407  -44.936  46.878  7.476 0.0000000000
118984  -44.286  49.384  6.631 0.0000000000
118473  -44.195  48.608  5.117 0.0000000000
117429  -45.500  47.033  4.576 0.0000000000
137686  -45.304  47.768  5.156 0.0000000000
117423  -45.541  47.081  5.764 0.0000000000
116875  -45.579  46.370  6.617 0.0000000000
116882  -45.717  46.338  5.071 0.0000000000
116258  -45.776  45.216  4.881 0.0000000000
116890  -45.964  45.882  3.789 0.0000000000
116909  -46.495  45.182  2.195 0.0000000000
116267  -46.640  44.677  2.662 0.0000000000
116271  -47.566  44.289  1.715 0.0000000000
115638  -47.924  43.716  2.003 0.0000000000
115648  -47.611  44.244  1.107 0.0000000000
114957  -45.057  42.763  -0.658 0.0000000000
115665  -45.278  43.862  0.472 0.0000000000
114979  -47.966  42.285  -1.198 0.0000000000
114959  -47.448  42.817  -0.627 0.0000000000
114960  -48.203  42.826  -0.418 0.0000000000
114945  -48.407  43.180  0.181 0.0000000000
114980  -48.653  42.341  -0.762 0.0000000000
114962  -49.180  42.311  -0.258 0.0000000000
114333  -49.130  41.858  -1.083 0.0000000000
148278  -49.157  40.483  -3.165 0.0000000000
113744  -49.771  40.706  -1.973 0.0000000000
113185  -49.694  39.488  -2.911 0.0000000000
112561  -50.047  38.965  -2.319 0.0000000000
148741  -49.606  38.936  -3.075 0.0000000000
112565  -49.217  38.620  -3.628 0.0000000000
112571  -48.864  38.148  -4.914 0.0000000000
111898  -48.531  37.520  -5.489 0.0000000000
111227  -48.337  37.095  -5.511 0.0000000000
111247  -48.299  36.833  -6.027 0.0000000000
113777  -47.340  39.560  -6.106 0.0000000000
103652  -39.552  26.069  4.557 0.0000000000
105118  -40.495  28.419  3.980 0.0000000000
135898  -40.360  26.978  3.857 0.0000000000
104402  -41.223  27.344  3.024 0.0000000000
105128  -41.463  27.963  2.573 0.0000000000
106636  -42.314  30.332  5.912 0.0000000000
105857  -41.535  29.787  5.849 0.0000000000
106635  -41.854  30.306  4.948 0.0000000000
105882  -43.096  30.201  2.243 0.0000000000
105881  -42.222  29.898  2.670 0.0000000000
105902  -42.349  29.393  1.903 0.0000000000
105141  -42.297  28.459  1.439 0.0000000000
105153  -42.608  27.837  0.812 0.0000000000
105142  -42.979  28.642  0.813 0.0000000000
105155  -44.255  28.378  0.342 0.0000000000
137249  -44.501  27.750  -0.120 0.0000000000
105166  -45.667  27.689  -0.040 0.0000000000
111090  -44.585  36.477  12.707 0.0000000000
109582  -44.746  34.797  12.155 0.0000000000
114894  -47.261  42.941  8.479 0.0000000000
114264  -47.647  42.387  8.927 0.0000000000
113097  -48.701  39.827  10.236 0.0000000000
113105  -47.932  40.937  9.998 0.0000000000
113096  -48.355  40.006  10.179 0.0000000000
112437  -47.765  39.790  9.861 0.0000000000
112427  -47.960  39.166  10.285 0.0000000000
110385  -50.205  35.443  9.297 0.0000000000
111125  -49.441  37.246  9.597 0.0000000000
110384  -49.401  36.201  10.000 0.0000000000
110358  -48.619  35.083  12.638 0.0000000000
111106  -48.594  36.351  11.650 0.0000000000
110367  -48.300  35.995  12.420 0.0000000000
111730  -47.850  37.302  11.786 0.0000000000
111094  -47.602  36.298  12.730 0.0000000000
111093  -46.794  36.398  12.960 0.0000000000
110350  -47.556  35.350  13.310 0.0000000000
107297  -47.487  31.934  13.322 0.0000000000
147352  -47.371  33.160  13.513 0.0000000000
108024  -47.088  32.402  13.386 0.0000000000
108023  -46.287  32.116  13.031 0.0000000000
106543  -46.539  31.176  12.802 0.0000000000
151234  -45.967  30.451  12.026 0.0000000000
106563  -46.445  30.629  11.546 0.0000000000
107331  -47.633  31.233  9.360 0.0000000000
106594  -46.691  31.136  9.647 0.0000000000
107330  -47.203  31.448  8.696 0.0000000000
107362  -46.747  31.603  6.789 0.0000000000
107352  -47.243  31.634  7.574 0.0000000000
107366  -50.617  30.772  7.092 0.0000000000
107354  -49.856  31.122  7.732 0.0000000000
106628  -50.289  30.700  6.169 0.0000000000
106664  -48.762  30.000  3.920 0.0000000000
106638  -48.888  30.815  5.224 0.0000000000
134914  -48.007  30.235  3.890 0.0000000000
106651  -47.432  30.657  4.207 0.0000000000
106663  -47.367  30.169  3.439 0.0000000000
106677  -46.842  29.810  2.780 0.0000000000
106678  -47.645  29.530  2.890 0.0000000000
105143  -48.236  28.210  0.792 0.0000000000
105157  -47.250  28.061  0.509 0.0000000000
104434  -47.034  27.470  -0.932 0.0000000000
104442  -46.764  27.209  -1.619 0.0000000000
105176  -48.470  28.666  -1.058 0.0000000000
105175  -47.505  28.268  -1.610 0.0000000000
130662  -47.088  28.392  -2.580 0.0000000000
105940  -50.158  30.089  -0.471 0.0000000000
105933  -50.016  29.396  -0.565 0.0000000000
152304  -49.483  29.963  -0.898 0.0000000000
153032  -46.986  29.611  -2.901 0.0000000000
105947  -48.148  29.717  -1.709 0.0000000000
105191  -46.815  28.893  -3.397 0.0000000000
128842  -46.473  28.864  -4.258 0.0000000000
105965  -46.574  28.565  -5.145 0.0000000000
105964  -46.153  29.099  -4.623 0.0000000000
129265  -45.716  29.200  -4.947 0.0000000000
105207  -45.112  28.659  -6.041 0.0000000000
105972  -44.678  29.067  -5.469 0.0000000000
108863  -49.897  33.473  4.488 0.0000000000
108869  -49.602  33.178  3.427 0.0000000000
108868  -48.863  33.434  3.106 0.0000000000
149985  -47.833  33.373  0.798 0.0000000000
108902  -47.557  33.246  0.281 0.0000000000
108137  -47.528  32.546  -0.654 0.0000000000
108136  -46.777  32.756  -0.649 0.0000000000
108916  -44.039  33.429  -0.391 0.0000000000
108934  -44.564  32.986  -0.835 0.0000000000
107455  -44.265  31.291  -2.639 0.0000000000
108174  -44.713  31.900  -1.983 0.0000000000
107456  -45.232  31.335  -2.456 0.0000000000
107468  -44.790  30.779  -3.120 0.0000000000
105960  -42.623  29.363  -4.694 0.0000000000
105961  -43.443  29.423  -4.814 0.0000000000
105205  -43.320  28.497  -5.939 0.0000000000
101421  -45.638  23.742  -1.462 0.0000000000
101432  -46.063  23.841  -2.102 0.0000000000
113180  -50.492  39.427  -1.104 0.0000000000
112531  -50.294  38.911  -0.822 0.0000000000
129156  -50.633  38.889  0.191 0.0000000000
113168  -48.876  39.066  1.126 0.0000000000
112516  -49.104  38.908  0.162 0.0000000000
105829  -44.258  29.835  10.888 0.0000000000
105830  -45.154  30.311  10.678 0.0000000000
115606  -44.151  43.833  6.725 0.0000000000
136160  -44.639  43.541  7.142 0.0000000000
114273  -46.041  42.989  8.389 0.0000000000
128385  -52.589  34.384  6.754 0.0000000000
109620  -52.285  34.798  7.643 0.0000000000
108851  -52.837  33.518  7.033 0.0000000000
108076  -53.175  32.868  6.735 0.0000000000
149683  -53.349  32.299  7.236 0.0000000000
106632  -53.255  30.851  7.084 0.0000000000
108082  -53.327  31.663  5.884 0.0000000000
134665  -53.046  31.499  5.198 0.0000000000
107393  -52.049  31.236  3.132 0.0000000000
107401  -51.750  31.063  2.347 0.0000000000
108103  -51.353  31.644  2.679 0.0000000000
108102  -50.649  32.095  2.224 0.0000000000
108101  -49.942  32.515  1.829 0.0000000000
114921  -47.581  42.551  3.117 0.0000000000
114913  -47.144  42.225  4.207 0.0000000000
114305  -48.052  41.827  3.582 0.0000000000
114296  -48.522  41.273  4.147 0.0000000000
114297  -49.364  41.001  3.722 0.0000000000
113161  -51.750  39.007  2.151 0.0000000000
113152  -52.025  38.965  2.899 0.0000000000
112489  -52.245  38.267  3.339 0.0000000000
112461  -52.437  37.670  4.487 0.0000000000
111787  -52.534  37.006  4.830 0.0000000000
111803  -52.279  37.095  4.085 0.0000000000
111170  -52.144  36.550  4.286 0.0000000000
111155  -51.603  36.157  4.718 0.0000000000
128780  -50.570  35.890  5.422 0.0000000000
111784  -49.002  37.027  5.154 0.0000000000
130447  -46.759  38.270  3.972 0.0000000000
128662  -46.977  24.544  4.378 0.0000000000
102195  -44.178  24.602  3.663 0.0000000000
102196  -44.686  24.616  3.404 0.0000000000
102208  -44.566  24.693  2.522 0.0000000000
102224  -44.542  24.609  1.494 0.0000000000
140858  -35.841  47.174  3.499 0.0000000000
118999  -38.698  49.568  4.863 0.0000000000
118470  -38.306  48.751  4.645 0.0000000000
148903  -39.000  49.132  5.150 0.0000000000
142523  -39.878  48.119  5.662 0.0000000000
117928  -41.204  47.293  6.027 0.0000000000
117919  -42.697  48.490  7.079 0.0000000000
117912  -43.529  48.427  7.340 0.0000000000
117438  -42.333  47.041  3.507 0.0000000000
117937  -44.752  48.013  4.685 0.0000000000
117440  -44.594  46.893  3.716 0.0000000000
117449  -45.614  46.233  3.313 0.0000000000
150289  -45.931  46.033  3.273 0.0000000000
116899  -45.972  45.723  2.772 0.0000000000
116908  -45.779  45.338  2.197 0.0000000000
133561  -46.348  44.907  1.597 0.0000000000
114996  -45.432  41.905  -1.854 0.0000000000
114977  -46.202  42.314  -1.274 0.0000000000
114997  -46.563  41.862  -1.952 0.0000000000
114345  -47.485  41.867  -1.906 0.0000000000
114332  -48.133  41.797  -1.881 0.0000000000
114346  -48.538  41.356  -2.364 0.0000000000
114362  -48.682  40.817  -3.166 0.0000000000
113757  -49.164  39.832  -4.026 0.0000000000
113193  -49.092  39.377  -4.487 0.0000000000
113192  -48.703  39.472  -5.108 0.0000000000
150436  -48.614  38.993  -5.664 0.0000000000
104357  -39.567  28.415  10.487 0.0000000000
104375  -39.315  28.251  9.818 0.0000000000
104374  -38.570  27.925  9.557 0.0000000000
127903  -39.007  27.985  8.141 0.0000000000
104396  -39.644  27.549  4.950 0.0000000000
105113  -39.730  28.031  5.815 0.0000000000
105116  -40.130  28.436  4.975 0.0000000000
105862  -40.609  29.070  4.536 0.0000000000
150101  -43.299  31.086  5.362 0.0000000000
106648  -42.414  30.631  4.116 0.0000000000
132369  -43.295  30.859  3.716 0.0000000000
106659  -43.588  30.625  2.973 0.0000000000
106691  -43.857  29.921  1.703 0.0000000000
131587  -43.612  29.282  1.102 0.0000000000
105904  -44.418  29.516  1.348 0.0000000000
105905  -45.186  29.294  1.359 0.0000000000
111111  -44.870  37.219  10.475 0.0000000000
111739  -44.879  37.267  11.431 0.0000000000
111091  -45.370  36.687  12.709 0.0000000000
113684  -48.510  41.197  8.728 0.0000000000
114258  -47.955  41.953  9.337 0.0000000000
113678  -48.942  40.509  9.016 0.0000000000
113106  -48.741  40.256  9.870 0.0000000000
112428  -48.968  39.352  10.609 0.0000000000
133061  -50.396  34.092  10.506 0.0000000000
109592  -49.568  34.696  11.125 0.0000000000
109584  -50.142  33.629  11.502 0.0000000000
133584  -49.338  34.427  12.120 0.0000000000
109578  -49.018  34.143  12.912 0.0000000000
131807  -48.138  33.956  13.513 0.0000000000
108808  -48.994  32.892  13.432 0.0000000000
131226  -48.256  31.983  13.394 0.0000000000
129522  -48.071  31.356  12.250 0.0000000000
131693  -47.198  30.917  11.961 0.0000000000
106579  -48.535  31.277  10.861 0.0000000000
106596  -48.430  31.159  10.185 0.0000000000
137785  -48.264  31.336  8.845 0.0000000000
106654  -50.600  29.987  4.469 0.0000000000
106639  -49.874  30.525  5.299 0.0000000000
106665  -49.759  29.790  3.813 0.0000000000
105869  -49.138  29.468  3.246 0.0000000000
105886  -48.498  29.075  2.578 0.0000000000
105885  -47.363  29.074  2.228 0.0000000000
146643  -48.174  28.036  0.123 0.0000000000
105168  -48.407  28.243  -0.438 0.0000000000
141950  -49.083  28.595  -0.553 0.0000000000
148402  -48.943  30.485  -1.042 0.0000000000
106725  -48.265  30.529  -1.514 0.0000000000
106744  -44.786  29.847  -4.268 0.0000000000
109649  -48.305  33.973  3.809 0.0000000000
108867  -48.121  33.643  2.771 0.0000000000
109656  -47.333  33.732  2.396 0.0000000000
108887  -47.030  33.527  0.930 0.0000000000
108901  -46.701  33.374  0.287 0.0000000000
108172  -42.632  31.720  -2.311 0.0000000000
108157  -44.141  32.422  -1.499 0.0000000000
107454  -43.233  31.232  -2.745 0.0000000000
106732  -43.425  30.255  -3.716 0.0000000000
105969  -42.192  28.817  -5.190 0.0000000000
105196  -41.461  28.684  -5.076 0.0000000000
101388  -48.533  23.444  0.286 0.0000000000
114942  -49.325  42.225  1.155 0.0000000000
114319  -49.696  41.498  2.108 0.0000000000
143396  -50.764  40.734  1.745 0.0000000000
113737  -51.360  39.882  1.732 0.0000000000
112518  -51.173  39.250  0.729 0.0000000000
112507  -51.435  39.027  1.369 0.0000000000
131120  -51.474  38.629  2.009 0.0000000000
112496  -51.445  38.350  2.194 0.0000000000
112488  -51.162  37.904  2.729 0.0000000000
111815  -50.490  37.666  3.596 0.0000000000
112487  -49.908  38.257  3.121 0.0000000000
112494  -49.232  38.723  2.591 0.0000000000
138088  -48.108  39.013  2.962 0.0000000000
102172  -45.638  24.334  5.537 0.0000000000
132523  -45.138  24.117  5.765 0.0000000000
102183  -44.553  24.410  4.412 0.0000000000
130238  -43.120  24.480  4.419 0.0000000000
102182  -43.695  24.606  3.979 0.0000000000
152367  -43.127  25.275  2.742 0.0000000000
102954  -42.616  25.874  2.354 0.0000000000
140777  -38.375  50.074  4.557 0.0000000000
119512  -39.120  50.325  5.065 0.0000000000
119513  -39.974  50.650  5.742 0.0000000000
119514  -40.844  51.046  6.445 0.0000000000
116293  -43.553  44.034  0.840 0.0000000000
114995  -44.310  41.894  -2.052 0.0000000000
114343  -44.880  41.563  -2.745 0.0000000000
129939  -45.875  41.010  -4.302 0.0000000000
113753  -46.383  40.595  -4.989 0.0000000000
113754  -47.320  40.416  -4.972 0.0000000000
113764  -45.940  40.245  -5.671 0.0000000000
146872  -43.268  30.134  8.350 0.0000000000
106626  -43.432  30.748  7.011 0.0000000000
107359  -43.738  31.178  6.048 0.0000000000
107369  -44.573  31.456  5.878 0.0000000000
107370  -45.450  31.536  5.613 0.0000000000
112447  -45.724  39.334  8.006 0.0000000000
112435  -45.953  38.571  8.444 0.0000000000
111776  -50.604  37.618  7.707 0.0000000000
112439  -49.939  38.226  8.275 0.0000000000
111133  -50.636  36.483  8.292 0.0000000000
110392  -50.789  35.784  8.535 0.0000000000
109600  -50.681  34.537  9.618 0.0000000000
133337  -51.723  34.672  8.413 0.0000000000
109611  -51.521  34.186  9.100 0.0000000000
108837  -51.289  33.645  9.952 0.0000000000
108829  -51.010  33.198  10.792 0.0000000000
108830  -51.376  32.449  11.062 0.0000000000
106582  -51.226  31.333  10.322 0.0000000000
106598  -50.960  31.127  9.642 0.0000000000
107333  -51.840  31.299  9.628 0.0000000000
128955  -51.790  30.570  8.018 0.0000000000
106621  -51.621  30.405  7.353 0.0000000000
106631  -52.966  30.438  6.915 0.0000000000
106630  -52.338  30.191  6.707 0.0000000000
106641  -52.079  30.067  5.735 0.0000000000
105864  -51.611  29.678  3.911 0.0000000000
153637  -51.471  29.546  3.220 0.0000000000
149786  -51.119  29.346  1.914 0.0000000000
105146  -50.429  28.892  0.751 0.0000000000
105910  -50.958  29.343  1.158 0.0000000000
106703  -50.674  30.209  0.096 0.0000000000
107433  -50.174  30.797  -0.223 0.0000000000
107411  -50.984  31.252  1.029 0.0000000000
107422  -50.562  31.071  0.301 0.0000000000
107432  -49.662  31.209  -0.406 0.0000000000
107431  -49.099  31.510  -0.604 0.0000000000
108161  -48.478  31.747  -0.850 0.0000000000
108160  -47.818  31.986  -1.062 0.0000000000
109669  -45.470  33.990  1.435 0.0000000000
109688  -44.649  33.982  0.592 0.0000000000
109701  -44.377  33.815  0.154 0.0000000000
108155  -42.126  32.169  -1.864 0.0000000000
108171  -41.685  31.640  -2.381 0.0000000000
107452  -41.371  31.196  -2.732 0.0000000000
107464  -41.167  30.753  -3.020 0.0000000000
116242  -46.230  44.652  7.497 0.0000000000
115608  -46.388  44.259  8.126 0.0000000000
137754  -46.465  44.054  7.376 0.0000000000
114903  -47.181  42.624  7.057 0.0000000000
114274  -47.790  41.924  7.578 0.0000000000
114284  -47.588  41.667  5.993 0.0000000000
113693  -48.566  40.966  7.298 0.0000000000
113116  -50.257  39.143  7.025 0.0000000000
113723  -50.177  40.817  3.375 0.0000000000
113711  -49.924  40.605  4.312 0.0000000000
113725  -51.494  39.736  3.402 0.0000000000
113712  -51.292  39.689  4.297 0.0000000000
131533  -50.478  40.132  4.773 0.0000000000
113706  -50.213  39.945  5.740 0.0000000000
112450  -50.656  38.311  7.219 0.0000000000
111777  -51.475  37.408  6.964 0.0000000000
150571  -51.731  36.663  7.177 0.0000000000
111138  -52.310  36.105  6.973 0.0000000000
111780  -52.464  36.846  5.636 0.0000000000
111143  -52.515  36.014  6.088 0.0000000000
110396  -52.440  35.349  6.806 0.0000000000
109638  -52.427  33.739  5.999 0.0000000000
108859  -52.234  33.223  5.585 0.0000000000
108858  -51.291  33.511  5.475 0.0000000000
108857  -50.324  33.852  5.363 0.0000000000
109644  -49.440  34.174  5.133 0.0000000000
110411  -49.822  35.385  5.738 0.0000000000
109634  -49.059  34.901  5.572 0.0000000000
109643  -48.602  34.433  4.820 0.0000000000
109642  -47.799  34.658  4.445 0.0000000000
109647  -46.742  34.325  3.263 0.0000000000
109646  -45.917  34.553  3.140 0.0000000000
152425  -48.866  37.662  4.643 0.0000000000
112472  -47.404  37.882  4.441 0.0000000000
111798  -47.278  37.155  4.859 0.0000000000
111168  -47.305  36.353  4.967 0.0000000000
102184  -45.846  24.476  5.011 0.0000000000
128663  -46.017  24.561  4.439 0.0000000000
102199  -47.078  24.536  3.483 0.0000000000
135437  -47.226  24.443  2.699 0.0000000000
144440  -47.895  23.904  1.239 0.0000000000
101387  -47.622  23.487  0.525 0.0000000000
101404  -46.414  23.282  -0.310 0.0000000000
101403  -45.593  23.573  -0.557 0.0000000000
145179  -45.265  23.890  0.166 0.0000000000
101420  -45.088  23.964  -1.032 0.0000000000
102259  -45.132  24.492  -1.500 0.0000000000
117437  -37.147  46.497  4.022 0.0000000000
117944  -37.614  47.975  4.263 0.0000000000
117933  -37.723  47.179  4.308 0.0000000000
116878  -37.454  45.765  4.105 0.0000000000
116879  -38.322  45.652  4.365 0.0000000000
133945  -39.063  45.076  4.435 0.0000000000
116255  -39.909  43.847  4.398 0.0000000000
116256  -40.325  44.643  4.705 0.0000000000
116247  -41.737  44.256  5.222 0.0000000000
116248  -42.489  44.858  5.638 0.0000000000
117421  -41.768  46.464  5.881 0.0000000000
116873  -42.333  45.708  5.823 0.0000000000
116249  -43.348  44.781  6.185 0.0000000000
116863  -43.872  45.602  6.852 0.0000000000
116864  -44.862  45.930  7.515 0.0000000000
119502  -42.645  50.741  7.019 0.0000000000
118982  -43.217  50.070  7.238 0.0000000000
118971  -43.884  49.401  7.263 0.0000000000
151785  -44.408  48.237  7.326 0.0000000000
118474  -44.850  48.444  5.423 0.0000000000
118455  -45.101  48.241  6.595 0.0000000000
117921  -45.147  47.613  7.095 0.0000000000
117414  -45.379  47.014  6.953 0.0000000000
116241  -45.714  45.392  7.318 0.0000000000
116250  -45.912  45.002  6.390 0.0000000000
115614  -45.849  44.333  5.318 0.0000000000
116266  -46.131  44.950  3.447 0.0000000000
115631  -46.489  43.993  3.118 0.0000000000
115632  -47.275  43.386  2.707 0.0000000000
114931  -48.165  43.002  2.290 0.0000000000
115650  -48.651  43.013  1.294 0.0000000000
116294  -44.902  44.296  0.997 0.0000000000
116295  -45.914  44.432  1.011 0.0000000000
115666  -46.344  43.931  0.458 0.0000000000
144176  -46.697  42.694  -0.795 0.0000000000
115685  -46.777  43.312  -0.198 0.0000000000
115667  -47.313  43.915  0.514 0.0000000000
115668  -48.066  43.708  0.640 0.0000000000
115669  -48.566  43.231  0.793 0.0000000000
114941  -48.958  42.735  0.934 0.0000000000
114947  -49.311  42.340  0.543 0.0000000000
114329  -49.785  41.826  0.083 0.0000000000
114334  -50.121  40.964  -1.151 0.0000000000
128281  -49.137  41.375  -1.836 0.0000000000
113745  -50.385  40.106  -1.554 0.0000000000
113183  -50.343  39.408  -1.807 0.0000000000
112545  -50.082  38.687  -1.640 0.0000000000
111877  -48.871  38.192  -4.310 0.0000000000
145364  -48.669  37.888  -4.416 0.0000000000
113766  -47.788  39.892  -5.513 0.0000000000
113196  -47.887  39.439  -6.015 0.0000000000
112575  -48.416  38.466  -6.209 0.0000000000
102939  -40.868  25.263  4.064 0.0000000000
104399  -39.855  26.859  4.347 0.0000000000
103656  -40.920  26.747  3.473 0.0000000000
102945  -41.248  25.957  3.540 0.0000000000
103658  -42.116  26.235  2.654 0.0000000000
103667  -42.203  26.797  1.962 0.0000000000
105852  -40.905  29.316  6.452 0.0000000000
105863  -41.081  29.726  4.713 0.0000000000
105867  -41.031  29.285  3.669 0.0000000000
105868  -41.967  30.138  3.414 0.0000000000
149586  -41.618  29.558  3.064 0.0000000000
105880  -41.386  28.826  2.799 0.0000000000
104410  -41.899  27.737  2.000 0.0000000000
103676  -42.703  26.192  1.607 0.0000000000
103682  -42.949  26.356  0.696 0.0000000000
103687  -43.461  26.468  -0.198 0.0000000000
105154  -43.430  28.026  0.267 0.0000000000
104432  -43.630  27.313  -0.153 0.0000000000
103688  -44.234  26.182  -0.835 0.0000000000
103689  -45.115  26.516  -0.972 0.0000000000
109581  -43.954  35.097  11.879 0.0000000000
109591  -44.330  34.158  11.392 0.0000000000
108040  -44.680  32.538  11.955 0.0000000000
137638  -46.352  43.949  8.373 0.0000000000
114263  -46.647  42.479  8.886 0.0000000000
113676  -47.718  41.816  9.632 0.0000000000
114256  -47.286  42.203  9.371 0.0000000000
113683  -46.795  41.731  9.108 0.0000000000
113104  -47.267  40.277  9.288 0.0000000000
112436  -46.926  38.992  9.011 0.0000000000
111767  -49.480  38.195  9.381 0.0000000000
111758  -49.195  38.297  10.432 0.0000000000
111742  -48.816  38.281  10.874 0.0000000000
110375  -49.177  35.706  10.932 0.0000000000
111741  -48.299  37.985  11.046 0.0000000000
112413  -48.177  38.403  10.847 0.0000000000
111757  -47.342  37.507  11.015 0.0000000000
111756  -46.488  37.327  10.224 0.0000000000
111103  -46.240  36.819  12.298 0.0000000000
147767  -46.204  36.603  12.856 0.0000000000
110355  -45.731  35.704  13.320 0.0000000000
109570  -47.522  34.636  13.449 0.0000000000
109576  -46.532  34.456  13.214 0.0000000000
109575  -45.871  34.910  13.126 0.0000000000
108813  -46.134  33.782  12.767 0.0000000000
108821  -45.503  32.902  12.351 0.0000000000
107294  -44.920  31.175  12.794 0.0000000000
105802  -44.889  30.629  12.503 0.0000000000
106562  -45.652  30.378  11.574 0.0000000000
129638  -45.886  30.761  10.165 0.0000000000
106577  -46.792  30.867  10.587 0.0000000000
137221  -45.709  31.014  9.550 0.0000000000
107338  -45.631  31.423  8.311 0.0000000000
132260  -46.221  31.580  6.102 0.0000000000
130378  -46.174  31.407  5.294 0.0000000000
106597  -49.924  31.178  9.583 0.0000000000
107341  -49.064  31.381  8.314 0.0000000000
107353  -48.949  31.437  7.436 0.0000000000
107374  -49.298  31.010  5.975 0.0000000000
107364  -48.700  31.368  6.609 0.0000000000
131180  -48.158  31.591  7.208 0.0000000000
107372  -47.621  31.286  5.683 0.0000000000
107382  -46.652  31.105  4.633 0.0000000000
106662  -46.060  30.749  3.484 0.0000000000
134784  -46.096  30.251  2.931 0.0000000000
105883  -45.821  29.509  1.957 0.0000000000
154231  -45.890  28.983  1.418 0.0000000000
105925  -47.332  28.568  1.337 0.0000000000
105924  -46.429  28.560  1.071 0.0000000000
134789  -46.100  28.122  0.494 0.0000000000
103697  -46.375  26.666  -2.007 0.0000000000
104451  -46.648  27.228  -2.158 0.0000000000
103705  -46.635  27.134  -2.811 0.0000000000
104458  -46.758  27.527  -3.356 0.0000000000
104466  -46.989  27.619  -4.525 0.0000000000
105170  -50.294  29.026  -0.011 0.0000000000
105177  -49.413  29.098  -0.886 0.0000000000
106716  -48.774  30.036  -1.269 0.0000000000
105209  -47.197  28.187  -5.766 0.0000000000
105208  -46.827  28.430  -5.921 0.0000000000
108870  -50.384  32.852  3.799 0.0000000000
108091  -50.108  32.631  2.770 0.0000000000
136434  -49.257  32.893  1.492 0.0000000000
108877  -48.712  33.305  2.111 0.0000000000
108904  -49.142  32.757  0.717 0.0000000000
151838  -48.616  32.708  -0.066 0.0000000000
143117  -48.161  32.297  -0.650 0.0000000000
107443  -46.567  31.787  -1.601 0.0000000000
108158  -45.070  32.494  -1.285 0.0000000000
108936  -46.064  32.898  -0.625 0.0000000000
108159  -46.347  32.392  -1.110 0.0000000000
107469  -45.656  30.775  -2.906 0.0000000000
106743  -43.919  29.854  -4.277 0.0000000000
105962  -44.306  29.465  -4.863 0.0000000000
101402  -44.910  24.089  -0.391 0.0000000000
104346  -39.191  28.514  10.861 0.0000000000
104384  -39.937  28.642  9.046 0.0000000000
104401  -40.655  27.568  3.571 0.0000000000
104419  -42.220  27.577  1.464 0.0000000000
105203  -41.781  28.236  -5.725 0.0000000000
105811  -44.479  30.295  12.267 0.0000000000
105812  -45.389  30.461  12.264 0.0000000000
105822  -43.939  29.870  11.799 0.0000000000
105837  -44.339  30.116  10.005 0.0000000000
105858  -42.128  30.043  6.605 0.0000000000
105884  -46.551  29.433  2.246 0.0000000000
105903  -43.126  29.678  1.597 0.0000000000
105921  -43.735  28.687  0.617 0.0000000000
105923  -45.535  28.708  0.905 0.0000000000
105926  -50.707  29.463  0.388 0.0000000000
105927  -51.157  29.936  0.782 0.0000000000
106541  -44.832  30.897  12.691 0.0000000000
106542  -45.622  30.953  12.730 0.0000000000
106544  -47.820  31.572  13.021 0.0000000000
106551  -44.269  30.606  12.424 0.0000000000
106552  -46.327  30.752  12.352 0.0000000000
106564  -47.881  31.198  11.412 0.0000000000
106565  -48.710  31.353  11.568 0.0000000000
106566  -50.202  31.351  11.415 0.0000000000
106567  -50.990  31.456  11.115 0.0000000000
106578  -47.722  31.104  10.684 0.0000000000
106581  -50.374  31.261  10.527 0.0000000000
106593  -45.047  30.623  9.755 0.0000000000
106599  -52.486  31.441  9.052 0.0000000000
106607  -46.082  31.321  8.960 0.0000000000
106609  -51.493  30.895  8.750 0.0000000000
106610  -52.154  30.696  8.246 0.0000000000
106618  -43.559  30.493  7.898 0.0000000000
106619  -44.046  30.836  8.132 0.0000000000
106623  -52.963  30.628  7.537 0.0000000000
106640  -51.013  30.262  5.465 0.0000000000
106649  -43.246  31.046  4.555 0.0000000000
106650  -46.723  30.717  3.833 0.0000000000
106652  -48.290  30.592  4.562 0.0000000000
106655  -51.783  29.953  4.753 0.0000000000
106656  -52.455  30.327  4.965 0.0000000000
106660  -44.400  30.700  3.003 0.0000000000
106693  -51.345  30.465  1.278 0.0000000000
106741  -42.342  29.760  -4.093 0.0000000000
107296  -46.535  31.609  13.014 0.0000000000
107298  -48.862  31.973  13.260 0.0000000000
107299  -49.224  32.281  13.230 0.0000000000
107306  -44.354  31.153  12.720 0.0000000000
107307  -48.613  31.645  12.918 0.0000000000
107320  -51.690  31.670  10.541 0.0000000000
107332  -49.101  31.233  9.121 0.0000000000
107342  -49.941  31.129  8.647 0.0000000000
107344  -53.317  31.937  7.947 0.0000000000
107351  -46.226  31.594  7.571 0.0000000000
107355  -50.880  30.851  8.071 0.0000000000
107356  -53.154  31.175  7.810 0.0000000000
107357  -53.386  31.619  7.231 0.0000000000
107360  -44.212  31.258  6.790 0.0000000000
107363  -47.709  31.519  6.528 0.0000000000
107371  -46.880  31.331  5.453 0.0000000000
107373  -48.401  31.217  5.858 0.0000000000
107375  -53.061  30.866  5.479 0.0000000000
107379  -43.951  31.209  4.094 0.0000000000
107381  -45.635  31.334  4.699 0.0000000000
107383  -47.517  31.045  4.940 0.0000000000
107392  -46.114  31.065  4.075 0.0000000000
107394  -52.422  30.753  3.635 0.0000000000
107444  -47.292  31.562  -1.526 0.0000000000
107446  -49.321  30.802  -0.753 0.0000000000
108025  -47.890  32.623  13.603 0.0000000000
108026  -48.634  32.447  13.500 0.0000000000
108032  -44.881  31.720  12.567 0.0000000000
108033  -45.577  31.858  12.764 0.0000000000
108034  -49.854  32.250  12.744 0.0000000000
108041  -50.571  32.047  12.132 0.0000000000
108042  -51.242  31.907  11.357 0.0000000000
108050  -51.955  32.058  10.633 0.0000000000
108059  -51.884  32.679  10.264 0.0000000000
108070  -53.040  32.196  8.682 0.0000000000
108079  -53.396  32.139  6.583 0.0000000000
108080  -52.493  32.505  5.195 0.0000000000
108087  -52.700  31.794  4.800 0.0000000000
108156  -43.129  32.302  -1.694 0.0000000000
108805  -47.163  34.051  13.397 0.0000000000
108807  -48.389  33.172  13.602 0.0000000000
108815  -49.737  32.871  12.755 0.0000000000
108822  -49.651  33.510  12.462 0.0000000000
108888  -47.612  33.512  1.450 0.0000000000
108889  -48.458  33.260  1.215 0.0000000000
108920  -47.183  33.051  -0.220 0.0000000000
108921  -48.066  32.802  -0.224 0.0000000000
109568  -46.238  35.257  13.373 0.0000000000
109569  -46.797  35.016  13.453 0.0000000000
109571  -48.699  33.682  13.367 0.0000000000
109577  -48.227  34.688  13.261 0.0000000000
109612  -52.255  33.949  8.381 0.0000000000
109630  -50.342  34.938  5.818 0.0000000000
109689  -45.304  33.803  0.732 0.0000000000
110348  -46.370  35.718  13.409 0.0000000000
110349  -46.992  35.520  13.406 0.0000000000
110356  -47.231  35.947  13.201 0.0000000000
110403  -52.417  35.034  6.165 0.0000000000
111092  -45.971  36.241  13.251 0.0000000000
111104  -47.371  36.769  12.389 0.0000000000
111105  -48.044  36.772  12.164 0.0000000000
111112  -46.453  37.016  11.333 0.0000000000
111114  -48.902  36.610  10.917 0.0000000000
111166  -45.839  37.059  4.275 0.0000000000
111720  -44.617  36.896  12.463 0.0000000000
111721  -46.739  36.685  12.526 0.0000000000
111728  -44.951  37.115  12.157 0.0000000000
111740  -47.832  37.640  11.413 0.0000000000
111754  -44.386  37.288  9.734 0.0000000000
111755  -45.454  37.281  9.629 0.0000000000
111768  -50.055  37.246  8.481 0.0000000000
112414  -48.808  38.835  10.784 0.0000000000
112415  -49.053  38.888  10.750 0.0000000000
112429  -49.222  39.050  10.330 0.0000000000
112451  -51.606  38.019  6.317 0.0000000000
112568  -49.126  38.699  -4.331 0.0000000000
112574  -48.036  38.629  -6.574 0.0000000000
113098  -49.090  39.670  10.136 0.0000000000
113202  -48.167  39.080  -6.149 0.0000000000
113740  -51.267  39.663  1.051 0.0000000000
113747  -49.604  40.245  -2.757 0.0000000000
113750  -48.924  40.344  -3.754 0.0000000000
113751  -49.401  39.978  -3.423 0.0000000000
114257  -47.528  42.250  9.330 0.0000000000
114324  -49.733  41.681  1.521 0.0000000000
114330  -50.198  41.261  -0.406 0.0000000000
114359  -45.386  41.270  -3.522 0.0000000000
114374  -46.852  40.881  -4.346 0.0000000000
114958  -45.980  42.779  -0.682 0.0000000000
114961  -48.697  42.747  -0.182 0.0000000000
115600  -45.880  44.406  8.261 0.0000000000
115639  -48.389  43.232  1.696 0.0000000000
115664  -44.342  43.880  0.560 0.0000000000
115683  -44.491  43.316  -0.071 0.0000000000
116240  -44.435  44.900  7.165 0.0000000000
116246  -41.111  44.816  5.069 0.0000000000
116270  -47.003  44.844  2.185 0.0000000000
116296  -46.872  44.477  1.025 0.0000000000
116874  -43.050  45.394  6.129 0.0000000000
116886  -35.195  45.344  3.421 0.0000000000
116889  -37.717  45.126  4.077 0.0000000000
116898  -45.382  45.861  2.741 0.0000000000
117427  -38.646  46.511  4.715 0.0000000000
117436  -36.295  46.483  3.682 0.0000000000
117441  -45.347  46.750  3.826 0.0000000000
117913  -44.653  47.660  7.374 0.0000000000
117926  -39.159  48.063  5.307 0.0000000000
117935  -38.862  47.266  5.027 0.0000000000
117948  -44.264  47.506  4.161 0.0000000000
118443  -43.377  49.163  7.379 0.0000000000
118444  -43.992  48.699  7.410 0.0000000000
118445  -44.356  48.795  7.217 0.0000000000
118454  -44.645  48.805  6.847 0.0000000000
118461  -38.910  48.570  5.126 0.0000000000
118463  -40.543  49.614  6.301 0.0000000000
118464  -44.348  49.202  5.871 0.0000000000
118972  -44.237  49.322  7.076 0.0000000000
118981  -42.333  50.261  7.109 0.0000000000
118983  -43.790  49.862  7.020 0.0000000000
118991  -40.210  50.102  6.074 0.0000000000
119500  -41.405  50.890  6.756 0.0000000000
119501  -41.985  50.927  7.040 0.0000000000
119503  -43.215  50.397  6.943 0.0000000000
127979  -49.324  31.255  10.412 0.0000000000
129150  -45.367  31.486  7.558 0.0000000000
130901  -47.817  23.153  -0.327 0.0000000000
131013  -45.745  32.569  -1.048 0.0000000000
131133  -47.197  30.900  11.239 0.0000000000
131900  -40.310  48.801  6.060 0.0000000000
131951  -40.513  51.536  5.959 0.0000000000
132265  -46.179  29.831  2.479 0.0000000000
132587  -44.836  30.368  2.583 0.0000000000
133272  -49.296  33.292  13.090 0.0000000000
133567  -39.915  28.380  9.969 0.0000000000
135051  -51.469  30.949  1.677 0.0000000000
135233  -47.333  38.659  9.617 0.0000000000
139596  -45.728  41.853  7.886 0.0000000000
140058  -48.359  31.188  9.548 0.0000000000
140440  -46.101  32.719  12.820 0.0000000000
140672  -44.867  31.483  5.115 0.0000000000
141681  -42.633  30.797  5.154 0.0000000000
142232  -41.804  29.285  2.465 0.0000000000
144412  -44.785  48.206  7.137 0.0000000000
145557  -35.657  44.202  3.526 0.0000000000
146291  -48.980  42.527  1.351 0.0000000000
146476  -45.956  31.595  6.925 0.0000000000
147017  -49.552  41.355  -1.378 0.0000000000
147032  -53.390  31.386  6.605 0.0000000000
147353  -47.901  41.562  -2.427 0.0000000000
147950  -45.203  48.235  5.852 0.0000000000
148194  -52.289  30.213  3.356 0.0000000000
148212  -44.239  44.208  0.933 0.0000000000
148885  -49.484  31.355  11.591 0.0000000000
148904  -46.232  27.311  -0.532 0.0000000000
148988  -45.466  42.387  -1.147 0.0000000000
149073  -48.355  40.418  10.033 0.0000000000
149629  -44.062  47.986  7.410 0.0000000000
150540  -52.551  34.039  7.499 0.0000000000
151010  -41.511  29.807  3.536 0.0000000000
151723  -42.189  48.973  6.963 0.0000000000
152005  -46.107  23.482  -1.644 0.0000000000
152372  -45.179  31.067  12.795 0.0000000000
152904  -39.641  44.626  4.481 0.0000000000
153233  -48.420  37.295  -5.215 0.0000000000
153504  -41.806  45.062  5.391 0.0000000000
153785  -47.127  31.478  13.043 0.0000000000
154355  -43.705  30.434  8.437 0.0000000000
