#!ascii label  , from subject sub-v1s14x0051568_ses-1 vox2ras=TkReg
2046
9714  -47.832  -64.853  -40.669 0.1000000015
9735  -47.575  -65.122  -41.416 0.1000000015
7927  -45.763  -67.122  -41.949 0.1000000015
8835  -46.594  -66.113  -42.206 0.1000000015
8854  -46.156  -66.296  -42.950 0.1000000015
9754  -46.886  -65.614  -42.755 0.1000000015
7037  -44.837  -66.985  -44.087 0.1000000015
138021  -46.226  -65.593  -44.242 0.1000000015
8884  -45.466  -66.098  -44.406 0.1000000015
144854  -44.822  -66.163  -44.986 0.1000000015
9784  -46.665  -65.079  -44.820 0.1000000015
127441  -44.344  -66.033  -45.506 0.1000000015
137688  -43.127  -66.946  -45.916 0.1000000015
126935  -45.629  -65.281  -45.513 0.1000000015
11687  -46.095  -63.652  -46.387 0.1000000015
126928  -42.892  -66.578  -46.361 0.1000000015
9809  -43.525  -65.589  -46.313 0.1000000015
127613  -43.373  -66.083  -46.222 0.1000000015
137639  -49.195  -62.502  -40.389 0.1000000015
10666  -48.347  -64.100  -40.458 0.1000000015
11602  -48.767  -63.212  -40.195 0.1000000015
11603  -49.046  -62.808  -41.090 0.1000000015
11607  -48.719  -63.461  -41.658 0.1000000015
10677  -47.785  -64.734  -42.081 0.1000000015
10691  -48.379  -64.074  -42.219 0.1000000015
9771  -47.315  -65.124  -43.212 0.1000000015
10702  -48.454  -63.929  -43.098 0.1000000015
10714  -48.257  -64.075  -43.954 0.1000000015
10712  -46.963  -64.603  -45.357 0.1000000015
14439  -48.217  -60.544  -44.335 0.1000000015
14476  -48.364  -59.987  -46.696 0.1000000015
14494  -47.887  -60.239  -47.113 0.1000000015
14495  -48.713  -60.411  -47.531 0.1000000015
127892  -47.070  -62.379  -46.742 0.1000000015
127747  -46.834  -63.108  -46.565 0.1000000015
127474  -47.080  -63.649  -46.284 0.1000000015
127483  -46.665  -64.291  -45.931 0.1000000015
10743  -45.267  -64.438  -46.248 0.1000000015
126938  -45.501  -65.012  -45.896 0.1000000015
13409  -49.698  -61.334  -38.576 0.1000000015
13423  -50.025  -60.570  -39.923 0.2000000030
138326  -50.067  -60.278  -39.030 0.2000000030
12481  -49.457  -61.944  -39.104 0.1000000015
14393  -50.430  -59.951  -40.567 0.1000000015
13438  -49.840  -61.294  -40.616 0.1000000015
13422  -49.684  -61.280  -39.598 0.1000000015
13439  -50.239  -60.634  -40.849 0.1000000015
12509  -49.525  -62.066  -40.867 0.1000000015
20574  -47.629  -54.056  -38.638 0.1000000015
128251  -47.636  -54.811  -39.167 0.1000000015
13480  -50.167  -61.322  -41.941 0.1000000015
148983  -49.513  -62.357  -42.140 0.1000000015
11619  -48.866  -63.389  -42.405 0.1000000015
18658  -47.557  -56.039  -39.735 0.1000000015
18667  -47.478  -56.209  -40.972 0.1000000015
151270  -47.451  -56.244  -41.942 0.1000000015
17652  -47.792  -56.580  -42.890 0.1000000015
144061  -48.215  -57.538  -43.233 0.1000000015
16567  -48.786  -58.403  -43.775 0.1000000015
12536  -49.774  -62.098  -42.690 0.1000000015
12547  -49.677  -62.432  -43.403 0.1000000015
10713  -47.629  -64.416  -44.671 0.1000000015
17638  -47.513  -56.812  -42.094 0.1000000015
140738  -47.632  -57.797  -42.144 0.1000000015
15486  -49.333  -59.271  -44.355 0.1000000015
14441  -49.815  -59.687  -45.421 0.1000000015
15504  -50.608  -59.300  -45.524 0.1000000015
14497  -49.950  -60.766  -46.969 0.1000000015
11647  -48.449  -63.719  -44.590 0.1000000015
147607  -48.122  -63.835  -45.248 0.1000000015
15469  -48.504  -59.325  -43.211 0.1000000015
14440  -48.994  -60.154  -44.538 0.1000000015
14460  -49.044  -60.229  -45.577 0.1000000015
14461  -49.964  -60.148  -46.034 0.1000000015
129696  -49.519  -62.035  -46.707 0.1000000015
127486  -48.762  -62.632  -46.523 0.1000000015
14477  -49.253  -60.111  -46.808 0.1000000015
14496  -49.354  -60.444  -47.309 0.1000000015
144910  -48.321  -62.516  -46.832 0.1000000015
126940  -48.258  -63.448  -45.900 0.1000000015
15424  -50.648  -58.943  -39.055 0.1000000015
14368  -50.375  -59.699  -38.395 0.2000000030
13410  -50.029  -60.635  -38.098 0.1000000015
147655  -50.561  -59.801  -36.524 0.2000000030
13398  -50.412  -60.494  -36.324 0.2000000030
15434  -50.652  -59.121  -40.153 0.1000000015
22492  -46.528  -52.773  -36.905 0.1000000015
21511  -46.734  -53.477  -37.307 0.1000000015
14408  -50.614  -60.189  -41.611 0.1000000015
129910  -50.530  -60.783  -42.259 0.1000000015
14425  -50.744  -60.598  -43.287 0.1000000015
147458  -47.571  -55.392  -40.786 0.1000000015
18678  -47.610  -55.956  -42.652 0.1000000015
12548  -50.104  -61.805  -43.354 0.1000000015
18688  -47.939  -55.955  -43.106 0.1000000015
131571  -48.348  -56.538  -43.652 0.1000000015
16585  -49.852  -57.877  -44.908 0.1000000015
16598  -51.001  -58.395  -45.482 0.1000000015
128781  -50.601  -60.228  -45.444 0.1000000015
145432  -50.255  -61.601  -45.275 0.1000000015
12560  -49.648  -62.558  -44.203 0.1000000015
11689  -49.393  -62.390  -46.159 0.1000000015
144999  -48.723  -63.334  -45.312 0.1000000015
18641  -51.607  -56.257  -38.188 0.1000000015
138914  -51.458  -56.701  -37.571 0.1000000015
17607  -51.508  -57.087  -38.499 0.1000000015
129286  -51.326  -57.435  -37.629 0.1000000015
15414  -51.014  -58.219  -37.451 0.2000000030
15382  -50.928  -58.387  -36.643 0.2000000030
15413  -50.719  -58.889  -38.026 0.2000000030
15381  -50.709  -59.254  -36.248 0.2000000030
17617  -51.471  -57.125  -39.521 0.1000000015
16533  -50.942  -58.498  -40.721 0.1000000015
134056  -51.121  -58.613  -41.798 0.1000000015
150520  -47.232  -52.727  -37.616 0.1000000015
149907  -47.933  -53.558  -39.330 0.1000000015
21541  -48.072  -53.328  -40.257 0.1000000015
22523  -48.312  -52.569  -40.417 0.1000000015
130289  -50.792  -59.310  -41.193 0.1000000015
129350  -50.963  -60.048  -42.750 0.1000000015
22452  -45.471  -52.057  -36.131 0.1000000015
142938  -45.964  -51.298  -36.424 0.1000000015
21525  -47.808  -53.336  -38.756 0.1000000015
20594  -47.859  -54.059  -39.780 0.1000000015
19658  -47.789  -55.516  -42.718 0.1000000015
19659  -47.792  -55.325  -42.584 0.1000000015
18689  -48.640  -56.299  -43.667 0.1000000015
18703  -50.314  -56.894  -44.096 0.1000000015
16569  -51.324  -58.492  -44.299 0.1000000015
15470  -51.308  -59.289  -43.408 0.1000000015
18701  -49.163  -56.714  -44.192 0.1000000015
17671  -50.790  -57.098  -44.856 0.1000000015
16599  -51.176  -58.644  -45.148 0.1000000015
146152  -51.325  -59.150  -44.377 0.1000000015
14442  -50.858  -60.366  -44.418 0.1000000015
22451  -44.676  -52.067  -35.884 0.1000000015
23474  -43.640  -51.420  -35.848 0.1000000015
23492  -43.440  -51.887  -36.365 0.1000000015
24469  -43.094  -51.094  -35.983 0.1000000015
20595  -51.614  -54.567  -38.874 0.1000000015
134572  -51.652  -55.206  -39.068 0.1000000015
19581  -51.326  -55.456  -37.375 0.1000000015
17590  -51.273  -57.130  -36.967 0.1000000015
17563  -51.135  -57.018  -36.515 0.2000000030
20620  -51.519  -54.780  -39.737 0.1000000015
145333  -51.536  -56.424  -39.869 0.1000000015
18659  -51.639  -56.520  -38.958 0.1000000015
16463  -51.026  -57.690  -36.386 0.2000000030
20619  -50.837  -54.186  -40.688 0.1000000015
19641  -51.572  -55.539  -39.733 0.1000000015
26323  -44.784  -48.854  -35.982 0.1000000015
24470  -45.553  -50.522  -36.265 0.1000000015
25391  -45.801  -49.748  -36.653 0.1000000015
24471  -46.395  -50.416  -36.975 0.1000000015
23511  -47.301  -51.443  -37.669 0.1000000015
134488  -47.579  -51.994  -37.982 0.1000000015
152110  -47.973  -51.882  -38.756 0.1000000015
19640  -51.042  -55.072  -40.595 0.1000000015
17625  -51.297  -57.265  -40.520 0.1000000015
149185  -51.149  -57.924  -41.190 0.1000000015
23510  -46.715  -51.320  -37.094 0.1000000015
21556  -48.177  -53.121  -41.116 0.1000000015
20634  -48.075  -54.131  -41.897 0.1000000015
19650  -47.970  -54.836  -42.354 0.1000000015
17639  -50.894  -57.034  -42.220 0.1000000015
26322  -43.977  -48.515  -35.579 0.1000000015
20633  -47.804  -54.239  -41.863 0.1000000015
19649  -47.783  -54.914  -42.310 0.1000000015
19660  -48.464  -55.191  -42.684 0.1000000015
19661  -49.695  -55.671  -42.681 0.1000000015
18690  -50.343  -56.560  -43.003 0.1000000015
16549  -51.173  -57.790  -42.485 0.1000000015
25378  -44.441  -49.819  -35.686 0.1000000015
24456  -44.104  -50.484  -35.585 0.1000000015
25377  -43.699  -49.926  -35.502 0.1000000015
24455  -43.497  -50.680  -35.664 0.1000000015
24454  -43.011  -49.947  -35.488 0.1000000015
25389  -41.586  -49.490  -36.411 0.1000000015
24478  -42.307  -50.667  -37.273 0.1000000015
19600  -51.580  -55.610  -38.014 0.1000000015
21558  -51.422  -53.907  -39.867 0.1000000015
22534  -51.294  -52.498  -39.755 0.1000000015
129169  -51.490  -54.130  -38.332 0.1000000015
18599  -51.128  -55.926  -36.776 0.1000000015
21557  -50.618  -53.145  -40.731 0.1000000015
22533  -50.911  -52.482  -40.389 0.1000000015
20559  -51.266  -54.933  -37.330 0.1000000015
18585  -51.050  -56.633  -36.371 0.1000000015
150984  -49.577  -51.943  -41.262 0.1000000015
136444  -45.437  -49.171  -36.468 0.1000000015
24479  -47.230  -50.643  -37.803 0.1000000015
23528  -47.782  -51.219  -38.467 0.1000000015
22541  -49.577  -52.612  -41.318 0.1000000015
20636  -50.125  -54.506  -41.546 0.1000000015
18584  -50.980  -56.224  -36.260 0.1000000015
18583  -50.613  -56.428  -35.682 0.2000000030
25392  -45.915  -49.024  -37.059 0.1000000015
22510  -48.222  -52.171  -39.533 0.1000000015
22532  -48.586  -52.290  -41.002 0.1000000015
21573  -48.434  -53.178  -41.381 0.1000000015
20635  -48.784  -54.216  -42.187 0.1000000015
19651  -49.511  -54.902  -42.258 0.1000000015
26321  -43.303  -48.187  -35.330 0.1000000015
26320  -42.647  -48.562  -35.313 0.1000000015
148409  -42.102  -48.718  -35.415 0.1000000015
26319  -41.508  -48.455  -35.496 0.1000000015
25375  -41.849  -49.152  -35.689 0.1000000015
26339  -41.160  -48.833  -36.061 0.1000000015
26348  -40.962  -49.045  -37.002 0.1000000015
23560  -50.364  -51.171  -41.013 0.1000000015
23554  -50.840  -51.604  -40.411 0.1000000015
23545  -51.148  -51.712  -39.624 0.1000000015
24542  -50.195  -50.628  -41.262 0.1000000015
132139  -51.320  -53.116  -40.017 0.1000000015
22524  -51.397  -52.572  -39.042 0.1000000015
135566  -51.384  -54.445  -37.753 0.1000000015
22542  -50.248  -52.007  -40.989 0.1000000015
145413  -51.423  -53.347  -38.556 0.1000000015
19565  -51.126  -55.360  -36.951 0.1000000015
23553  -48.809  -51.342  -41.024 0.1000000015
23559  -49.690  -51.262  -41.272 0.1000000015
22494  -51.082  -53.270  -37.603 0.1000000015
27284  -44.447  -47.997  -35.913 0.1000000015
26340  -45.492  -48.439  -36.724 0.1000000015
151057  -46.284  -49.602  -37.224 0.1000000015
25404  -47.408  -49.883  -38.496 0.1000000015
23529  -48.225  -51.362  -39.482 0.1000000015
23544  -48.501  -51.581  -40.496 0.1000000015
134053  -48.669  -50.807  -40.900 0.1000000015
146316  -48.981  -52.046  -41.273 0.1000000015
21498  -51.177  -54.252  -37.330 0.1000000015
19564  -51.039  -55.550  -36.596 0.1000000015
27283  -43.929  -47.543  -35.600 0.1000000015
24493  -48.099  -50.721  -39.256 0.1000000015
21574  -48.769  -53.246  -41.652 0.1000000015
20532  -50.370  -55.116  -35.866 0.1000000015
27269  -43.219  -47.339  -35.256 0.1000000015
27268  -42.446  -47.253  -35.044 0.1000000015
26302  -41.979  -48.020  -35.186 0.1000000015
28343  -40.225  -46.635  -35.285 0.1000000015
27281  -40.558  -47.435  -35.432 0.1000000015
29532  -39.537  -45.866  -36.373 0.1000000015
25438  -50.375  -49.991  -41.257 0.1000000015
24527  -50.607  -50.656  -40.806 0.1000000015
133765  -50.886  -50.147  -40.589 0.1000000015
25437  -49.605  -49.661  -41.532 0.1000000015
24512  -51.056  -51.073  -39.577 0.1000000015
148605  -49.065  -49.999  -41.358 0.1000000015
26370  -48.562  -48.712  -41.438 0.1000000015
23531  -51.188  -51.719  -39.056 0.1000000015
22495  -51.231  -52.647  -38.378 0.1000000015
24526  -48.590  -50.079  -41.038 0.1000000015
153723  -44.156  -46.926  -35.780 0.1000000015
136415  -46.810  -49.795  -37.752 0.1000000015
24510  -48.349  -50.621  -40.266 0.1000000015
145642  -48.235  -49.831  -40.476 0.1000000015
25424  -48.323  -49.320  -41.027 0.1000000015
23495  -50.846  -52.234  -37.702 0.1000000015
141096  -50.863  -54.348  -36.740 0.1000000015
28344  -43.760  -46.596  -35.486 0.1000000015
27300  -44.543  -47.161  -36.137 0.1000000015
27318  -45.533  -47.598  -37.109 0.1000000015
137715  -46.469  -49.012  -37.713 0.1000000015
26357  -46.652  -48.391  -38.378 0.1000000015
24509  -47.978  -49.969  -39.461 0.1000000015
22475  -50.616  -52.886  -36.962 0.1000000015
28329  -43.024  -46.543  -34.996 0.1000000015
29498  -41.930  -45.756  -34.253 0.1000000015
28328  -42.189  -46.504  -34.681 0.1000000015
29482  -40.886  -45.064  -33.945 0.1000000015
28327  -41.305  -46.426  -34.479 0.1000000015
29496  -40.540  -45.380  -34.414 0.1000000015
138875  -39.790  -46.037  -35.637 0.1000000015
136946  -40.066  -44.923  -34.879 0.1000000015
152987  -47.988  -47.452  -41.230 0.1000000015
26376  -48.225  -47.939  -41.336 0.1000000015
27359  -48.632  -47.945  -41.670 0.1000000015
25425  -50.779  -49.407  -40.949 0.1000000015
151779  -47.446  -47.243  -40.455 0.1000000015
24511  -51.040  -50.492  -39.943 0.1000000015
27335  -46.789  -47.866  -39.016 0.1000000015
26358  -47.221  -48.548  -39.291 0.1000000015
26364  -47.641  -48.323  -40.209 0.1000000015
26369  -48.044  -48.554  -40.923 0.1000000015
24495  -51.040  -50.774  -39.282 0.1000000015
29518  -44.125  -45.678  -35.616 0.1000000015
28345  -44.357  -46.396  -35.949 0.1000000015
27319  -45.904  -47.249  -37.817 0.1000000015
25413  -47.510  -49.315  -39.130 0.1000000015
25420  -47.852  -49.126  -40.123 0.1000000015
23513  -50.990  -51.560  -38.523 0.1000000015
29517  -43.512  -45.762  -35.068 0.1000000015
21496  -50.417  -53.580  -36.481 0.1000000015
128483  -42.818  -45.782  -34.557 0.1000000015
30673  -42.630  -44.957  -34.044 0.1000000015
30665  -42.047  -44.315  -33.663 0.1000000015
31918  -41.432  -43.690  -33.610 0.1000000015
145606  -40.765  -43.896  -33.919 0.1000000015
33103  -40.887  -42.507  -33.673 0.1000000015
34252  -40.614  -41.805  -33.943 0.1000000015
154027  -40.117  -44.225  -34.811 0.1000000015
26377  -49.391  -48.798  -41.672 0.1000000015
132164  -50.179  -49.354  -41.442 0.1000000015
26378  -50.323  -48.776  -41.361 0.1000000015
26371  -50.725  -48.636  -40.822 0.1000000015
29533  -44.606  -45.591  -36.276 0.1000000015
138412  -45.755  -46.429  -37.904 0.1000000015
28380  -46.203  -46.751  -38.525 0.1000000015
28405  -47.142  -46.664  -40.077 0.1000000015
30674  -43.323  -44.447  -34.140 0.1000000015
29500  -43.959  -44.942  -35.157 0.1000000015
130610  -44.460  -44.818  -35.827 0.1000000015
28363  -44.818  -46.351  -36.574 0.1000000015
28364  -45.317  -46.302  -37.248 0.1000000015
27334  -46.367  -47.594  -38.411 0.1000000015
30666  -42.933  -44.093  -33.710 0.1000000015
31919  -42.342  -43.513  -33.465 0.1000000015
33105  -42.600  -42.784  -33.213 0.1000000015
33104  -41.589  -42.846  -33.372 0.1000000015
33087  -42.015  -42.194  -32.851 0.1000000015
34253  -41.242  -42.004  -33.226 0.1000000015
150620  -41.387  -40.776  -32.584 0.1000000015
35327  -40.967  -41.113  -33.238 0.1000000015
130676  -40.605  -40.411  -33.628 0.1000000015
28411  -47.395  -45.950  -40.786 0.1000000015
27358  -48.182  -47.145  -41.555 0.1000000015
27368  -48.588  -47.047  -41.961 0.1000000015
130437  -49.860  -48.183  -41.651 0.1000000015
27369  -49.136  -46.864  -42.169 0.1000000015
29574  -46.879  -45.616  -40.022 0.1000000015
27344  -46.679  -47.130  -39.188 0.1000000015
31940  -43.657  -43.755  -34.048 0.1000000015
30675  -43.852  -44.270  -34.627 0.1000000015
31920  -43.214  -43.303  -33.558 0.1000000015
34229  -42.414  -41.567  -32.432 0.1000000015
35312  -40.969  -40.289  -32.864 0.1000000015
37373  -40.695  -38.737  -32.840 0.1000000015
28419  -47.879  -46.191  -41.425 0.1000000015
28432  -48.655  -46.223  -42.156 0.1000000015
28397  -46.562  -46.199  -39.259 0.1000000015
30690  -44.385  -44.102  -35.279 0.1000000015
30705  -44.891  -43.893  -36.067 0.1000000015
29534  -45.107  -45.542  -36.974 0.1000000015
29548  -45.559  -45.493  -37.822 0.1000000015
33106  -43.481  -42.659  -33.290 0.1000000015
33088  -42.902  -42.174  -32.801 0.1000000015
35314  -42.044  -40.811  -32.072 0.1000000015
35313  -41.472  -40.159  -32.215 0.1000000015
37374  -41.399  -38.832  -32.119 0.1000000015
38453  -41.279  -38.032  -32.444 0.1000000015
29578  -47.208  -45.038  -40.679 0.1000000015
29565  -45.858  -44.926  -38.601 0.1000000015
30743  -46.291  -44.406  -39.138 0.1000000015
138319  -46.747  -44.733  -39.917 0.1000000015
33116  -44.702  -42.782  -34.222 0.1000000015
31942  -45.030  -42.907  -34.991 0.1000000015
138345  -45.324  -44.736  -37.331 0.1000000015
150721  -45.600  -44.636  -37.987 0.1000000015
31921  -43.982  -43.048  -33.871 0.1000000015
35296  -42.099  -39.944  -31.697 0.1000000015
37375  -42.101  -38.245  -31.940 0.1000000015
38455  -42.702  -37.628  -32.444 0.1000000015
38454  -41.874  -37.591  -32.398 0.1000000015
32000  -45.990  -43.336  -37.902 0.1000000015
31960  -45.347  -43.117  -35.725 0.1000000015
31980  -45.491  -43.311  -36.524 0.1000000015
151962  -45.628  -43.454  -37.224 0.1000000015
33107  -44.285  -42.497  -33.473 0.1000000015
34211  -43.513  -41.025  -31.748 0.1000000015
35297  -42.835  -40.460  -31.647 0.1000000015
139751  -42.875  -38.779  -31.684 0.1000000015
38456  -43.523  -37.848  -32.250 0.1000000015
137312  -45.048  -42.382  -33.711 0.1000000015
34231  -44.068  -41.570  -32.180 0.1000000015
144111  -44.435  -40.961  -31.570 0.1000000015
140110  -43.845  -40.179  -31.370 0.1000000015
36341  -42.896  -39.601  -31.500 0.1000000015
37357  -43.583  -38.384  -31.767 0.1000000015
38457  -44.318  -37.566  -32.479 0.1000000015
38436  -44.760  -38.045  -31.793 0.1000000015
150010  -44.813  -41.473  -32.006 0.1000000015
36343  -44.460  -39.615  -31.327 0.1000000015
36342  -43.787  -39.155  -31.449 0.1000000015
37359  -45.015  -38.707  -31.472 0.1000000015
8822  -46.991  -66.028  -41.384 0.1000000015
149234  -46.044  -66.652  -42.299 0.1000000015
8836  -47.242  -65.456  -42.087 0.1000000015
7947  -45.472  -66.733  -43.395 0.1000000015
8871  -45.866  -66.140  -43.751 0.1000000015
7978  -44.862  -66.629  -44.429 0.1000000015
10701  -47.789  -64.557  -43.621 0.1000000015
134085  -48.614  -63.529  -40.979 0.1000000015
10678  -48.219  -64.257  -41.368 0.1000000015
12523  -49.493  -62.262  -41.560 0.1000000015
10690  -47.879  -64.586  -42.790 0.1000000015
139970  -49.057  -63.278  -43.099 0.1000000015
11633  -48.788  -63.518  -43.818 0.1000000015
127750  -47.224  -61.358  -46.965 0.1000000015
127654  -47.844  -62.016  -47.005 0.1000000015
146834  -46.688  -62.024  -46.795 0.1000000015
13458  -49.837  -61.614  -41.401 0.1000000015
140602  -47.727  -54.686  -40.355 0.1000000015
15487  -50.523  -58.563  -45.465 0.1000000015
16586  -50.845  -57.676  -45.205 0.1000000015
15505  -50.871  -59.230  -45.461 0.1000000015
13545  -49.627  -61.532  -47.197 0.1000000015
14479  -50.296  -60.682  -46.348 0.1000000015
11648  -49.199  -63.084  -44.602 0.1000000015
13525  -50.396  -61.101  -45.904 0.1000000015
11666  -49.300  -62.734  -45.518 0.1000000015
16506  -51.102  -58.049  -38.506 0.1000000015
15397  -50.725  -59.132  -37.098 0.2000000030
131639  -51.283  -57.666  -39.269 0.1000000015
13493  -50.497  -61.193  -43.807 0.1000000015
19639  -47.637  -54.663  -41.627 0.1000000015
17670  -50.070  -56.984  -44.854 0.1000000015
16587  -51.092  -57.843  -45.118 0.1000000015
13508  -50.535  -61.046  -44.890 0.1000000015
12561  -50.157  -61.886  -44.279 0.1000000015
16519  -51.201  -57.803  -40.152 0.1000000015
20618  -47.834  -53.884  -41.098 0.1000000015
23476  -45.116  -51.336  -35.903 0.1000000015
131769  -47.992  -55.759  -42.944 0.1000000015
150383  -48.736  -55.819  -43.233 0.1000000015
150519  -49.534  -56.365  -43.557 0.1000000015
17654  -50.740  -57.178  -43.656 0.1000000015
15488  -51.185  -59.855  -43.863 0.1000000015
22450  -43.997  -52.051  -35.919 0.1000000015
21542  -51.532  -53.474  -39.147 0.1000000015
131409  -51.611  -55.241  -38.505 0.1000000015
19620  -51.686  -55.811  -38.856 0.1000000015
19653  -51.214  -55.906  -40.721 0.1000000015
136162  -50.925  -56.937  -35.879 0.2000000030
18680  -51.201  -56.757  -41.068 0.1000000015
21575  -49.747  -53.605  -41.484 0.1000000015
19652  -50.471  -55.363  -41.605 0.1000000015
145578  -51.127  -57.421  -41.474 0.1000000015
20544  -50.853  -55.040  -36.416 0.1000000015
27266  -40.851  -47.013  -34.832 0.1000000015
26338  -40.591  -48.351  -36.557 0.1000000015
23558  -49.095  -51.049  -41.248 0.1000000015
27267  -41.572  -47.192  -34.899 0.1000000015
27280  -40.062  -47.154  -35.862 0.1000000015
31939  -40.363  -43.599  -34.455 0.1000000015
133972  -40.565  -41.009  -33.990 0.1000000015
28379  -46.053  -45.832  -38.567 0.1000000015
19480  -54.746  -55.108  -30.010 0.5000000000
13271  -49.388  -60.922  -25.521 0.5000000000
14218  -49.883  -60.152  -25.416 0.5000000000
21416  -55.192  -53.824  -30.537 0.5000000000
19479  -54.275  -55.403  -30.429 0.5000000000
18523  -53.858  -56.102  -30.204 0.5000000000
15257  -49.636  -59.344  -25.782 0.5000000000
22366  -55.346  -52.149  -30.169 0.5000000000
131364  -55.397  -52.966  -30.341 0.5000000000
20458  -54.673  -54.646  -30.653 0.5000000000
16317  -50.216  -58.100  -26.470 0.5000000000
21430  -55.209  -53.163  -31.158 0.5000000000
22382  -55.364  -52.369  -30.983 0.5000000000
20472  -54.691  -53.926  -31.207 0.5000000000
128846  -54.039  -54.061  -31.545 0.4000000060
143535  -48.269  -58.973  -27.266 0.5000000000
16338  -47.910  -58.829  -27.796 0.5000000000
17444  -47.860  -57.971  -27.904 0.5000000000
136528  -47.290  -57.751  -28.540 0.5000000000
19466  -46.835  -55.565  -29.813 0.5000000000
18512  -47.316  -56.095  -29.208 0.5000000000
20441  -46.674  -54.726  -30.373 0.4000000060
22376  -46.716  -52.601  -30.891 0.4000000060
12349  -52.339  -61.902  -24.063 0.1000000015
132007  -50.193  -61.016  -25.149 0.5000000000
21401  -55.406  -53.579  -29.641 0.5000000000
20446  -55.136  -54.440  -29.858 0.5000000000
19473  -54.476  -55.808  -29.762 0.5000000000
18516  -53.433  -56.676  -29.813 0.4000000060
15258  -50.482  -59.499  -25.545 0.5000000000
130037  -55.344  -52.704  -29.456 0.5000000000
23399  -55.019  -51.375  -30.186 0.5000000000
24384  -54.011  -50.360  -29.954 0.5000000000
24385  -54.648  -50.659  -30.426 0.5000000000
152887  -53.891  -49.952  -30.318 0.4000000060
23414  -55.309  -51.693  -30.814 0.5000000000
22399  -55.137  -52.524  -31.610 0.4000000060
154388  -54.599  -53.111  -31.774 0.4000000060
24397  -55.182  -50.932  -31.108 0.3000000119
20470  -53.127  -54.506  -31.365 0.6999999881
19477  -52.460  -55.848  -30.476 0.5000000000
25298  -54.291  -50.030  -30.637 0.3000000119
24396  -54.844  -50.063  -31.243 0.3000000119
23430  -55.244  -51.681  -31.626 0.3000000119
20457  -52.312  -55.092  -30.862 0.6000000238
18514  -51.207  -56.285  -29.258 0.6000000238
17447  -51.027  -57.173  -27.909 0.6000000238
16316  -49.423  -58.522  -26.340 0.5000000000
15295  -48.401  -59.531  -26.919 0.3000000119
152935  -55.134  -50.392  -31.611 0.3000000119
22398  -53.495  -53.003  -31.948 0.4000000060
21415  -52.100  -54.143  -31.084 0.5000000000
19470  -51.067  -55.734  -29.697 0.6000000238
18502  -49.590  -56.360  -28.598 0.6000000238
17445  -48.550  -57.471  -27.609 0.5000000000
23443  -55.077  -51.252  -32.497 0.4000000060
22413  -54.124  -52.442  -32.326 0.4000000060
21429  -52.831  -53.574  -31.572 0.5000000000
20456  -51.383  -54.663  -30.567 0.5000000000
19469  -49.434  -55.736  -29.162 0.5000000000
19463  -48.644  -56.099  -28.818 0.5000000000
17465  -47.813  -57.194  -28.288 0.5000000000
23451  -54.796  -50.786  -33.176 0.4000000060
23441  -53.890  -51.626  -32.858 0.4000000060
22412  -53.376  -52.223  -32.353 0.5000000000
21414  -50.960  -53.644  -30.802 0.5000000000
21413  -49.802  -53.505  -30.444 0.4000000060
19468  -48.556  -55.514  -29.277 0.5000000000
19462  -47.983  -55.904  -29.061 0.5000000000
23440  -53.173  -51.474  -32.695 0.4000000060
23429  -52.517  -51.916  -32.114 0.5000000000
22380  -50.227  -52.914  -30.845 0.5000000000
20442  -47.368  -54.715  -29.890 0.4000000060
19467  -47.691  -55.427  -29.453 0.5000000000
23427  -50.875  -51.633  -31.692 0.5000000000
23413  -49.093  -51.899  -30.897 0.4000000060
21411  -47.647  -53.136  -30.332 0.4000000060
21410  -46.833  -53.154  -30.597 0.4000000060
134445  -50.044  -51.312  -31.523 0.3000000119
23412  -48.550  -51.349  -30.980 0.4000000060
153636  -47.916  -51.366  -30.858 0.3000000119
23425  -47.478  -51.017  -31.213 0.3000000119
23424  -46.839  -51.536  -31.380 0.3000000119
13244  -52.531  -62.080  -22.399 0.1000000015
12340  -52.195  -62.408  -23.186 0.1000000015
13254  -53.303  -61.291  -23.786 0.1000000015
13253  -52.760  -61.792  -23.402 0.1000000015
13262  -52.472  -61.288  -24.730 0.4000000060
154483  -52.256  -60.915  -25.083 0.4000000060
13260  -51.375  -61.947  -24.564 0.4000000060
128358  -51.072  -61.148  -24.884 0.5000000000
14220  -51.863  -60.459  -25.333 0.4000000060
147997  -51.247  -59.721  -25.495 0.5000000000
14219  -50.753  -60.301  -25.230 0.5000000000
20439  -55.398  -54.203  -28.948 0.5000000000
150426  -55.020  -55.134  -29.133 0.5000000000
18517  -54.116  -56.569  -29.558 0.4000000060
16319  -52.054  -58.804  -26.506 0.5000000000
16295  -51.217  -59.027  -25.897 0.5000000000
23389  -54.976  -51.888  -29.316 0.5000000000
146510  -53.747  -50.617  -29.264 0.5000000000
23398  -54.445  -51.089  -29.520 0.5000000000
17448  -52.252  -57.677  -28.134 0.6000000238
25297  -53.437  -49.768  -29.895 0.4000000060
25307  -53.868  -49.423  -30.653 0.2000000030
26249  -53.650  -48.621  -30.860 0.2000000030
25308  -54.423  -49.549  -31.145 0.3000000119
24412  -55.151  -49.896  -32.177 0.4000000060
25319  -54.766  -49.270  -31.762 0.3000000119
26259  -54.050  -48.246  -31.501 0.3000000119
26260  -54.634  -48.480  -32.139 0.4000000060
26261  -55.059  -48.954  -32.565 0.3000000119
24427  -55.171  -50.406  -32.824 0.4000000060
24426  -53.663  -50.914  -33.255 0.4000000060
25335  -55.202  -49.560  -33.182 0.3000000119
25348  -54.472  -49.775  -34.156 0.3000000119
24434  -53.372  -50.251  -33.591 0.3000000119
23439  -52.248  -51.220  -32.420 0.4000000060
25346  -53.073  -49.582  -33.876 0.3000000119
24423  -50.861  -50.331  -32.362 0.3000000119
24409  -49.579  -50.658  -31.567 0.4000000060
140168  -48.796  -50.660  -31.305 0.3000000119
25345  -52.052  -49.340  -33.602 0.2000000030
26291  -51.760  -48.696  -33.764 0.2000000030
25331  -49.619  -49.143  -32.221 0.3000000119
24408  -48.343  -50.171  -31.412 0.3000000119
27257  -51.924  -48.122  -34.099 0.1000000015
26290  -51.032  -48.120  -33.539 0.2000000030
29536  -54.532  -45.410  -36.149 0.1000000015
139070  -53.672  -60.774  -24.162 0.1000000015
153388  -52.844  -61.486  -24.211 0.1000000015
14205  -53.209  -60.975  -24.717 0.2000000030
15261  -53.379  -60.158  -25.942 0.5000000000
14204  -52.792  -60.667  -25.377 0.4000000060
15259  -52.019  -59.532  -25.911 0.4000000060
141054  -55.391  -54.706  -28.343 0.5000000000
18518  -54.722  -56.199  -28.815 0.4000000060
17469  -54.099  -57.507  -28.615 0.4000000060
16341  -52.914  -58.290  -27.761 0.5000000000
15276  -52.726  -59.324  -26.571 0.5000000000
22358  -54.739  -52.116  -28.510 0.5000000000
22359  -55.138  -52.506  -28.771 0.5000000000
21398  -55.371  -53.284  -28.640 0.4000000060
148432  -52.686  -58.733  -27.071 0.4000000060
25288  -53.057  -50.100  -29.162 0.4000000060
24375  -53.302  -50.680  -28.661 0.4000000060
23388  -54.508  -51.589  -28.869 0.5000000000
25296  -52.533  -49.312  -29.463 0.4000000060
153725  -53.560  -50.254  -29.560 0.5000000000
151568  -52.509  -48.635  -29.878 0.3000000119
26248  -52.920  -48.168  -30.481 0.3000000119
27216  -53.490  -47.991  -31.053 0.2000000030
28282  -52.232  -46.871  -30.911 0.1000000015
27229  -53.694  -47.513  -31.614 0.3000000119
28294  -52.888  -46.628  -31.534 0.1000000015
28295  -53.649  -46.865  -31.992 0.2000000030
27240  -54.245  -47.391  -32.266 0.2000000030
27241  -54.833  -47.849  -32.679 0.2000000030
26278  -55.238  -48.724  -33.372 0.2000000030
27259  -55.511  -47.788  -33.854 0.2000000030
25364  -55.094  -48.917  -34.829 0.2000000030
25362  -54.194  -49.354  -34.521 0.2000000030
26294  -55.392  -48.462  -34.230 0.2000000030
26308  -54.766  -48.652  -35.204 0.1000000015
136578  -53.507  -48.800  -34.636 0.2000000030
26292  -52.720  -48.881  -34.161 0.2000000030
26328  -55.404  -47.931  -35.710 0.1000000015
26325  -54.412  -48.477  -35.245 0.1000000015
27272  -53.127  -47.680  -34.917 0.1000000015
27271  -52.119  -47.462  -34.477 0.1000000015
27304  -54.807  -47.848  -36.034 0.1000000015
28366  -55.166  -47.315  -36.334 0.1000000015
153474  -53.072  -47.069  -35.038 0.1000000015
141204  -55.097  -46.539  -36.532 0.1000000015
29522  -54.514  -46.586  -36.021 0.1000000015
30710  -55.836  -45.105  -37.337 0.1000000015
138719  -56.733  -43.962  -38.201 0.1000000015
14206  -53.799  -60.442  -24.847 0.3000000119
135122  -53.913  -60.101  -25.618 0.3000000119
16297  -55.427  -58.229  -25.147 0.3000000119
16296  -54.970  -58.683  -25.891 0.3000000119
15278  -53.921  -59.699  -26.354 0.3000000119
15260  -52.729  -60.001  -25.985 0.4000000060
139522  -55.476  -56.699  -26.983 0.3000000119
16322  -54.917  -58.275  -26.728 0.3000000119
15296  -53.837  -59.185  -27.068 0.5000000000
16320  -53.230  -58.984  -27.154 0.5000000000
129331  -55.516  -54.739  -27.476 0.4000000060
19458  -55.568  -55.472  -27.303 0.5000000000
17450  -55.060  -57.236  -27.568 0.4000000060
17470  -54.702  -57.067  -28.338 0.4000000060
16342  -53.601  -58.537  -27.651 0.5000000000
24367  -52.699  -50.771  -28.105 0.4000000060
23381  -54.211  -51.720  -28.243 0.4000000060
22355  -55.033  -52.724  -28.086 0.5000000000
25286  -51.341  -49.595  -28.662 0.4000000060
24366  -51.800  -50.261  -28.308 0.4000000060
23380  -53.473  -51.284  -28.114 0.5000000000
25295  -51.721  -49.298  -29.086 0.4000000060
25285  -50.557  -49.384  -28.473 0.4000000060
26223  -50.287  -48.820  -28.783 0.3000000119
26232  -51.748  -48.671  -29.440 0.3000000119
27202  -51.353  -47.851  -29.831 0.3000000119
28281  -51.491  -46.498  -30.705 0.1000000015
28293  -51.984  -46.029  -31.261 0.1000000015
28306  -53.308  -46.106  -32.144 0.1000000015
137616  -54.635  -47.266  -32.739 0.2000000030
29477  -53.846  -45.666  -32.739 0.1000000015
27258  -55.137  -47.466  -33.248 0.2000000030
28308  -54.587  -46.646  -33.027 0.2000000030
153566  -55.397  -47.410  -33.667 0.2000000030
28319  -55.642  -47.132  -34.184 0.1000000015
27288  -56.110  -47.862  -35.518 0.1000000015
143841  -56.108  -47.608  -35.484 0.1000000015
27306  -55.797  -47.594  -36.251 0.1000000015
28367  -55.775  -46.941  -36.941 0.1000000015
144181  -56.304  -47.225  -36.711 0.1000000015
28382  -56.449  -46.702  -37.380 0.1000000015
30728  -56.649  -45.391  -38.095 0.1000000015
29570  -57.596  -45.323  -38.600 0.1000000015
30746  -57.273  -44.948  -38.623 0.1000000015
33198  -58.062  -42.993  -39.843 0.1000000015
33199  -58.568  -42.692  -39.918 0.1000000015
34357  -58.539  -41.775  -40.166 0.1000000015
152236  -58.200  -40.657  -39.655 0.1000000015
150534  -55.381  -58.531  -24.485 0.3000000119
15244  -55.083  -59.039  -23.987 0.2000000030
17415  -56.123  -56.780  -25.416 0.3000000119
18470  -55.799  -55.921  -26.625 0.4000000060
19431  -55.809  -55.451  -25.839 0.3000000119
23379  -52.818  -51.408  -27.426 0.3000000119
22353  -53.655  -51.970  -27.408 0.3000000119
149859  -55.100  -53.504  -26.996 0.4000000060
133854  -55.476  -54.762  -26.071 0.3000000119
136598  -51.156  -50.638  -27.654 0.3000000119
129499  -51.968  -51.004  -27.570 0.3000000119
21392  -54.577  -53.375  -26.618 0.4000000060
20434  -55.101  -54.031  -26.384 0.4000000060
20427  -54.987  -54.594  -25.640 0.3000000119
26217  -49.736  -49.165  -28.266 0.3000000119
25279  -50.864  -49.957  -28.154 0.3000000119
26222  -49.397  -48.438  -28.647 0.3000000119
27196  -49.390  -47.746  -29.069 0.3000000119
26231  -50.858  -48.418  -29.262 0.3000000119
27201  -50.551  -47.614  -29.695 0.3000000119
27213  -51.012  -47.061  -30.231 0.2000000030
28280  -50.808  -46.212  -30.414 0.1000000015
29464  -51.084  -44.803  -30.805 0.1000000015
30642  -52.259  -44.248  -31.599 0.1000000015
29466  -52.440  -44.826  -31.882 0.1000000015
31898  -52.878  -44.366  -32.063 0.1000000015
29487  -54.581  -45.735  -33.341 0.2000000030
30667  -54.691  -44.841  -33.528 0.2000000030
29488  -55.280  -45.731  -33.964 0.2000000030
29506  -56.000  -46.207  -34.679 0.1000000015
30679  -55.787  -44.923  -34.471 0.1000000015
143647  -56.506  -46.491  -35.388 0.1000000015
27289  -56.341  -47.468  -36.200 0.1000000015
29523  -56.957  -45.715  -35.785 0.1000000015
143997  -56.852  -46.646  -36.004 0.1000000015
27307  -56.843  -46.988  -36.923 0.1000000015
28368  -57.472  -46.347  -37.136 0.1000000015
27323  -57.189  -46.432  -37.641 0.1000000015
28400  -57.694  -45.833  -38.211 0.1000000015
30747  -57.855  -44.213  -39.231 0.1000000015
33200  -59.197  -42.389  -39.555 0.1000000015
32031  -59.108  -43.350  -39.442 0.1000000015
149361  -59.085  -41.877  -39.593 0.1000000015
34345  -59.440  -41.998  -38.804 0.1000000015
34344  -58.761  -41.377  -39.448 0.1000000015
34336  -58.965  -41.336  -38.158 0.1000000015
35391  -57.645  -40.153  -37.863 0.1000000015
35392  -58.301  -40.686  -38.558 0.1000000015
36413  -57.046  -39.524  -37.416 0.1000000015
16265  -55.906  -58.220  -23.004 0.2000000030
15231  -55.295  -59.041  -22.949 0.2000000030
17386  -56.443  -57.415  -23.004 0.2000000030
17398  -56.334  -56.943  -24.554 0.3000000119
137539  -56.582  -56.068  -23.551 0.2000000030
18441  -56.384  -56.167  -24.216 0.3000000119
18452  -56.258  -56.180  -24.943 0.3000000119
22349  -53.237  -52.616  -26.664 0.3000000119
22350  -54.148  -52.708  -26.984 0.3000000119
20428  -55.475  -55.175  -25.433 0.3000000119
23378  -51.213  -51.327  -27.036 0.3000000119
23371  -51.980  -51.781  -26.823 0.3000000119
21391  -53.691  -53.283  -26.307 0.3000000119
21386  -54.237  -53.993  -25.838 0.3000000119
24364  -49.553  -50.158  -27.252 0.3000000119
24357  -49.878  -50.897  -26.920 0.3000000119
21385  -53.063  -53.918  -25.760 0.3000000119
131743  -54.317  -54.685  -25.275 0.2000000030
25276  -48.433  -49.128  -27.317 0.2000000030
25277  -49.234  -49.508  -27.607 0.2000000030
26216  -48.905  -48.889  -28.044 0.3000000119
27195  -48.809  -47.691  -28.739 0.3000000119
28264  -49.093  -47.036  -29.189 0.3000000119
27200  -49.801  -47.287  -29.525 0.3000000119
28272  -49.670  -46.286  -29.638 0.2000000030
29438  -49.417  -45.411  -29.384 0.2000000030
29452  -50.023  -45.402  -29.926 0.1000000015
30624  -50.466  -44.606  -30.122 0.1000000015
31855  -51.674  -43.593  -30.381 0.1000000015
31822  -52.267  -43.238  -28.822 0.1000000015
30595  -53.998  -43.851  -27.899 0.1000000015
31856  -52.617  -43.279  -30.441 0.1000000015
31841  -53.458  -43.205  -29.846 0.1000000015
154323  -54.321  -43.880  -28.235 0.1000000015
128346  -54.805  -44.271  -27.853 0.1000000015
149340  -56.051  -45.174  -26.854 0.1000000015
150396  -52.864  -43.844  -31.696 0.1000000015
31876  -53.028  -43.477  -31.250 0.1000000015
149792  -54.015  -43.249  -30.337 0.1000000015
31824  -54.533  -43.796  -28.730 0.1000000015
138487  -55.749  -44.671  -27.948 0.1000000015
30582  -56.205  -45.149  -27.320 0.1000000015
30656  -53.475  -44.554  -32.560 0.1000000015
31900  -54.048  -43.617  -32.362 0.1000000015
29486  -54.087  -44.677  -33.086 0.1000000015
30668  -55.190  -44.387  -33.853 0.1000000015
29507  -56.417  -45.346  -35.077 0.1000000015
29524  -57.343  -46.132  -36.459 0.1000000015
30711  -57.927  -45.512  -36.849 0.1000000015
28384  -57.766  -45.972  -37.766 0.1000000015
29553  -58.419  -45.402  -38.116 0.1000000015
30729  -59.191  -44.571  -38.026 0.1000000015
32023  -59.298  -43.966  -38.738 0.1000000015
33187  -59.638  -42.925  -38.578 0.1000000015
154178  -59.598  -41.817  -37.783 0.1000000015
19404  -56.115  -55.240  -22.125 0.2000000030
19413  -56.303  -55.888  -23.808 0.2000000030
19419  -56.126  -55.829  -24.569 0.3000000119
19432  -56.022  -55.713  -25.210 0.3000000119
19390  -55.377  -54.930  -21.751 0.2000000030
19405  -56.788  -55.203  -22.236 0.2000000030
134953  -55.969  -55.752  -24.216 0.2000000030
19418  -55.705  -55.524  -24.868 0.3000000119
135622  -51.104  -51.936  -26.560 0.3000000119
22347  -51.419  -52.502  -26.281 0.3000000119
21389  -51.740  -53.199  -25.996 0.3000000119
21384  -52.090  -53.848  -25.671 0.3000000119
23369  -49.443  -51.428  -26.266 0.3000000119
22346  -50.567  -52.411  -26.127 0.3000000119
21383  -51.250  -53.682  -25.459 0.3000000119
20424  -51.609  -54.239  -25.082 0.3000000119
20426  -53.441  -54.529  -25.255 0.3000000119
26209  -47.950  -49.428  -26.530 0.2000000030
140896  -49.163  -50.636  -26.526 0.3000000119
20409  -53.826  -55.071  -24.677 0.2000000030
20410  -54.928  -55.170  -24.893 0.2000000030
26215  -48.172  -48.396  -27.816 0.2000000030
26214  -47.610  -48.522  -27.014 0.2000000030
27192  -48.182  -47.619  -28.270 0.3000000119
28263  -48.446  -46.876  -28.690 0.3000000119
28271  -48.962  -46.142  -29.028 0.2000000030
29421  -48.258  -45.957  -28.462 0.2000000030
29422  -48.825  -45.287  -28.774 0.2000000030
30608  -49.343  -44.631  -29.067 0.2000000030
31839  -50.829  -43.586  -28.892 0.1000000015
31878  -54.703  -43.304  -31.905 0.1000000015
145478  -55.506  -43.518  -30.057 0.1000000015
31844  -56.297  -43.932  -29.410 0.1000000015
31901  -54.896  -43.491  -32.780 0.1000000015
31859  -55.521  -43.296  -31.256 0.1000000015
31860  -56.391  -43.489  -30.540 0.1000000015
31902  -56.272  -43.271  -32.717 0.1000000015
128991  -57.161  -43.250  -32.214 0.1000000015
31924  -55.339  -43.689  -33.465 0.1000000015
31925  -56.162  -43.454  -33.631 0.1000000015
131080  -57.039  -43.219  -33.215 0.1000000015
31926  -57.914  -43.278  -33.804 0.1000000015
31944  -56.569  -43.749  -34.443 0.1000000015
30680  -56.302  -44.374  -34.701 0.1000000015
31945  -57.505  -43.526  -34.764 0.1000000015
139720  -58.343  -43.559  -35.230 0.1000000015
31966  -57.848  -43.964  -35.734 0.1000000015
30695  -57.561  -44.956  -36.161 0.1000000015
30696  -58.301  -44.544  -36.463 0.1000000015
30712  -58.806  -44.810  -37.427 0.1000000015
32006  -59.767  -43.660  -37.804 0.1000000015
143034  -55.886  -53.580  -21.630 0.3000000119
19388  -53.814  -54.774  -21.894 0.3000000119
136720  -54.204  -55.296  -22.363 0.3000000119
19412  -54.822  -55.624  -23.145 0.2000000030
19417  -55.394  -55.607  -24.151 0.2000000030
19402  -53.396  -55.088  -22.421 0.3000000119
19411  -53.565  -55.429  -23.128 0.3000000119
19416  -54.273  -55.497  -24.005 0.3000000119
22345  -49.723  -52.240  -25.946 0.3000000119
21377  -50.244  -53.742  -24.527 0.3000000119
20397  -51.732  -54.724  -23.648 0.3000000119
19415  -53.198  -55.356  -24.010 0.3000000119
24350  -47.890  -50.720  -25.653 0.2000000030
23362  -48.916  -51.965  -25.603 0.3000000119
22340  -49.099  -52.948  -24.429 0.3000000119
25269  -47.503  -49.910  -25.818 0.2000000030
138900  -47.006  -48.273  -26.465 0.2000000030
27186  -46.964  -47.642  -27.033 0.2000000030
27191  -47.579  -47.619  -27.662 0.2000000030
29408  -47.590  -45.717  -27.842 0.3000000119
30593  -48.238  -44.895  -28.080 0.2000000030
131625  -58.441  -43.380  -34.558 0.1000000015
31967  -58.811  -43.874  -35.914 0.1000000015
31986  -59.160  -44.216  -36.669 0.1000000015
22320  -57.465  -51.934  -22.199 0.1000000015
142941  -55.383  -51.745  -22.628 0.2000000030
22303  -55.406  -52.796  -22.034 0.3000000119
21360  -54.259  -53.225  -21.882 0.3000000119
21359  -53.422  -53.530  -21.843 0.3000000119
21358  -52.618  -53.783  -22.023 0.3000000119
20395  -50.267  -53.839  -23.879 0.3000000119
20392  -51.312  -54.265  -22.956 0.3000000119
147605  -47.722  -51.892  -24.695 0.3000000119
22339  -48.428  -52.644  -23.992 0.3000000119
141147  -49.129  -53.039  -23.749 0.3000000119
20396  -50.539  -53.785  -23.256 0.3000000119
23357  -46.796  -51.132  -24.543 0.2000000030
25263  -46.909  -49.677  -25.434 0.2000000030
26207  -46.677  -48.369  -25.839 0.1000000015
28254  -47.078  -46.585  -27.433 0.2000000030
141655  -46.268  -47.064  -26.085 0.1000000015
28249  -46.565  -46.875  -26.728 0.2000000030
29407  -47.078  -45.481  -27.186 0.2000000030
143575  -46.642  -46.063  -26.905 0.2000000030
22317  -53.479  -52.568  -22.210 0.3000000119
22316  -52.550  -52.939  -22.131 0.3000000119
22315  -51.299  -52.775  -22.380 0.3000000119
21356  -50.956  -53.490  -22.621 0.3000000119
22327  -47.952  -52.222  -23.519 0.3000000119
21355  -50.085  -53.234  -22.887 0.3000000119
23347  -47.254  -51.773  -23.641 0.2000000030
24342  -46.237  -50.548  -24.341 0.2000000030
24341  -45.745  -49.760  -24.368 0.1000000015
27179  -45.730  -47.837  -25.110 0.1000000015
28243  -45.906  -46.552  -25.797 0.1000000015
29388  -46.056  -45.511  -26.057 0.1000000015
29396  -46.613  -45.380  -26.612 0.1000000015
23333  -52.310  -51.590  -22.639 0.3000000119
24322  -51.819  -50.830  -23.023 0.2000000030
132999  -51.964  -52.467  -22.308 0.3000000119
22314  -50.588  -52.634  -22.520 0.3000000119
23328  -47.651  -51.654  -22.873 0.2000000030
22311  -48.274  -52.199  -22.993 0.3000000119
22313  -49.734  -52.500  -22.655 0.3000000119
24316  -46.371  -50.428  -22.822 0.2000000030
23327  -46.794  -51.194  -23.097 0.2000000030
25234  -45.246  -49.009  -22.923 0.1000000015
25245  -45.434  -49.645  -23.364 0.1000000015
26171  -45.550  -48.512  -22.551 0.1000000015
26196  -44.734  -48.279  -23.742 0.1000000015
26197  -44.968  -48.410  -24.212 0.1000000015
28242  -45.309  -47.092  -25.116 0.1000000015
27175  -44.567  -47.477  -24.177 0.1000000015
29379  -44.720  -46.275  -24.819 0.1000000015
29387  -45.470  -46.171  -25.503 0.1000000015
141280  -45.413  -45.368  -25.430 0.1000000015
24321  -50.840  -51.037  -22.899 0.2000000030
24320  -49.931  -50.997  -22.663 0.2000000030
23331  -50.296  -51.797  -22.530 0.2000000030
24318  -48.126  -51.028  -22.465 0.2000000030
23330  -49.414  -51.714  -22.543 0.2000000030
25236  -47.494  -49.728  -22.533 0.1000000015
24317  -47.247  -50.668  -22.588 0.2000000030
133508  -46.076  -49.175  -22.512 0.1000000015
27165  -44.529  -47.881  -23.280 0.1000000015
142880  -44.756  -45.230  -24.771 0.1000000015
30524  -45.460  -44.486  -25.169 0.1000000015
27155  -44.609  -47.359  -22.677 0.1000000015
133343  -44.238  -47.046  -23.272 0.1000000015
29369  -43.866  -45.758  -23.575 0.1000000015
143211  -44.145  -45.059  -24.047 0.1000000015
28214  -44.771  -46.705  -22.099 0.1000000015
28213  -44.120  -46.412  -22.516 0.1000000015
28212  -43.662  -45.750  -22.831 0.1000000015
19472  -52.592  -56.362  -30.106 0.4000000060
146114  -53.666  -55.515  -30.696 0.5000000000
148532  -54.272  -54.557  -31.167 0.5000000000
18522  -53.134  -56.157  -30.380 0.4000000060
20471  -53.723  -54.890  -31.161 0.5000000000
19478  -53.067  -55.404  -30.904 0.6000000238
18504  -52.425  -57.237  -28.940 0.5000000000
17485  -53.716  -57.132  -29.209 0.4000000060
14217  -49.135  -60.112  -25.842 0.5000000000
17484  -53.037  -57.185  -29.323 0.4000000060
19471  -51.917  -56.222  -29.874 0.5000000000
16318  -51.182  -58.241  -26.604 0.5000000000
132868  -52.485  -56.747  -29.593 0.6000000238
17432  -49.675  -57.758  -26.831 0.5000000000
15256  -48.919  -59.371  -26.281 0.3000000119
15294  -47.985  -59.670  -27.660 0.5000000000
17434  -51.524  -57.678  -27.487 0.5000000000
154370  -49.418  -62.238  -25.319 0.5000000000
17433  -50.606  -57.631  -27.082 0.5000000000
21441  -54.016  -53.298  -31.897 0.4000000060
16315  -48.685  -58.721  -26.772 0.4000000060
17464  -47.094  -56.909  -28.903 0.5000000000
19475  -46.327  -55.458  -30.559 0.4000000060
20452  -47.093  -53.914  -30.274 0.4000000060
23410  -46.856  -52.097  -30.958 0.3000000119
22377  -47.223  -52.464  -30.637 0.4000000060
18515  -52.932  -56.660  -29.903 0.4000000060
19476  -51.659  -55.485  -30.308 0.6000000238
137810  -55.255  -50.761  -31.989 0.4000000060
22414  -54.799  -52.112  -32.146 0.4000000060
150926  -53.564  -53.713  -31.670 0.5000000000
18513  -50.367  -55.971  -29.172 0.6000000238
18503  -51.174  -56.710  -28.654 0.6000000238
150629  -51.869  -56.751  -29.187 0.6000000238
17466  -51.772  -57.175  -28.536 0.6000000238
17446  -50.012  -57.256  -27.500 0.5000000000
17431  -48.924  -57.972  -26.916 0.5000000000
21428  -51.855  -53.179  -31.334 0.5000000000
20445  -50.177  -55.408  -29.564 0.6000000238
20455  -50.802  -55.078  -30.027 0.5000000000
18483  -49.340  -56.941  -27.839 0.5000000000
18484  -50.288  -56.786  -28.232 0.5000000000
18501  -48.577  -56.719  -28.248 0.5000000000
138905  -49.242  -57.465  -27.267 0.5000000000
23442  -54.477  -51.518  -32.745 0.4000000060
22397  -52.660  -52.700  -31.814 0.5000000000
141108  -50.366  -54.338  -30.269 0.5000000000
20444  -49.284  -55.107  -29.579 0.4000000060
139741  -49.985  -54.830  -29.850 0.5000000000
18500  -47.850  -56.464  -28.709 0.5000000000
23450  -54.219  -50.918  -33.307 0.4000000060
24437  -55.040  -50.129  -33.651 0.3000000119
22396  -51.649  -52.266  -31.612 0.5000000000
22381  -50.934  -52.715  -31.203 0.5000000000
20454  -49.208  -54.259  -29.970 0.4000000060
20443  -48.335  -54.829  -29.660 0.5000000000
23428  -51.739  -51.602  -31.960 0.5000000000
22379  -49.347  -52.625  -30.656 0.4000000060
20453  -48.024  -53.989  -29.991 0.4000000060
21412  -48.689  -53.268  -30.285 0.4000000060
24410  -50.413  -50.848  -31.888 0.4000000060
24424  -51.845  -50.526  -32.691 0.4000000060
22395  -50.088  -52.077  -31.180 0.4000000060
22378  -48.209  -52.193  -30.588 0.4000000060
19464  -55.298  -55.429  -28.137 0.5000000000
18505  -54.286  -56.962  -28.963 0.4000000060
16340  -52.176  -58.189  -27.240 0.5000000000
130986  -53.990  -51.174  -28.785 0.5000000000
17467  -52.910  -57.680  -28.545 0.5000000000
26233  -53.143  -48.991  -30.205 0.3000000119
26250  -54.268  -48.919  -31.338 0.3000000119
27230  -54.309  -47.924  -32.070 0.3000000119
26277  -55.085  -48.340  -32.811 0.3000000119
24435  -54.032  -50.343  -33.770 0.3000000119
24436  -54.484  -50.346  -33.658 0.3000000119
24425  -52.851  -50.745  -32.982 0.3000000119
25349  -55.073  -49.295  -34.125 0.2000000030
25347  -53.837  -49.782  -34.132 0.3000000119
25334  -52.427  -50.051  -33.307 0.3000000119
26293  -53.669  -49.242  -34.427 0.2000000030
25332  -50.406  -49.671  -32.414 0.3000000119
25318  -49.946  -50.064  -31.980 0.4000000060
25317  -49.006  -49.831  -31.630 0.4000000060
130798  -50.461  -49.135  -32.705 0.3000000119
26275  -50.037  -48.269  -32.856 0.2000000030
26306  -52.860  -48.266  -34.573 0.2000000030
27256  -51.113  -47.207  -33.894 0.2000000030
29521  -53.609  -45.615  -35.554 0.1000000015
29537  -55.442  -45.894  -36.896 0.1000000015
20437  -55.431  -54.045  -28.036 0.4000000060
16343  -54.291  -58.507  -27.457 0.4000000060
16356  -53.339  -58.012  -28.158 0.5000000000
24374  -52.618  -50.295  -28.628 0.4000000060
26247  -52.145  -47.995  -30.037 0.2000000030
27215  -52.928  -47.425  -31.008 0.2000000030
27214  -51.755  -47.305  -30.407 0.1000000015
28307  -54.052  -46.678  -32.478 0.2000000030
27242  -55.332  -48.056  -33.309 0.2000000030
25363  -54.617  -49.141  -34.697 0.2000000030
26307  -54.178  -48.889  -34.862 0.2000000030
27273  -55.745  -47.837  -34.791 0.1000000015
26309  -55.367  -48.382  -35.213 0.1000000015
26327  -55.052  -48.231  -35.575 0.1000000015
141802  -53.730  -48.447  -34.943 0.2000000030
26342  -55.214  -47.833  -35.898 0.1000000015
27287  -54.541  -48.071  -35.543 0.1000000015
27286  -53.956  -48.127  -35.235 0.1000000015
28348  -53.757  -47.435  -35.357 0.1000000015
28333  -52.341  -46.723  -34.744 0.1000000015
27321  -56.081  -47.231  -36.886 0.1000000015
136250  -53.903  -46.727  -35.571 0.1000000015
28347  -53.035  -46.370  -35.167 0.1000000015
29551  -56.227  -46.193  -37.539 0.1000000015
32021  -57.409  -43.957  -38.824 0.1000000015
15243  -54.316  -59.825  -24.929 0.3000000119
15262  -54.427  -59.474  -25.791 0.3000000119
17397  -55.893  -57.481  -25.104 0.3000000119
15263  -54.912  -59.070  -24.951 0.3000000119
17414  -55.531  -57.663  -25.906 0.3000000119
16321  -54.410  -59.065  -26.630 0.3000000119
17435  -55.300  -57.422  -26.807 0.3000000119
18485  -55.272  -56.292  -27.693 0.3000000119
18463  -55.814  -56.707  -26.238 0.3000000119
16344  -54.830  -57.902  -27.356 0.3000000119
21396  -55.254  -53.394  -27.691 0.4000000060
20435  -55.482  -54.503  -26.738 0.4000000060
19447  -55.639  -55.118  -26.645 0.4000000060
22354  -54.497  -52.334  -27.756 0.4000000060
21395  -54.830  -52.971  -27.327 0.4000000060
26224  -51.062  -49.067  -28.952 0.3000000119
27197  -50.041  -48.120  -29.158 0.3000000119
29454  -51.262  -45.632  -30.871 0.1000000015
130976  -52.531  -45.609  -31.786 0.1000000015
29476  -53.019  -45.147  -32.269 0.1000000015
28318  -55.154  -46.758  -33.552 0.1000000015
28334  -56.105  -47.210  -35.049 0.1000000015
28350  -56.489  -47.206  -35.767 0.1000000015
28351  -56.825  -46.907  -36.465 0.1000000015
28383  -56.824  -46.504  -37.718 0.1000000015
29552  -56.786  -46.204  -37.976 0.1000000015
28399  -57.139  -46.104  -38.198 0.1000000015
30748  -58.208  -44.649  -39.111 0.1000000015
32022  -58.777  -44.153  -39.257 0.1000000015
16264  -55.623  -58.398  -23.776 0.2000000030
16280  -55.820  -57.862  -24.482 0.2000000030
15230  -54.689  -59.651  -23.390 0.2000000030
18464  -56.076  -56.064  -25.707 0.3000000119
22352  -52.838  -52.007  -26.871 0.3000000119
149335  -50.588  -50.991  -27.163 0.3000000119
25278  -50.039  -49.737  -27.919 0.3000000119
28273  -50.312  -46.756  -30.006 0.1000000015
30641  -51.595  -44.161  -31.090 0.1000000015
29453  -50.619  -45.423  -30.418 0.1000000015
29465  -51.787  -45.000  -31.427 0.1000000015
31875  -52.271  -43.679  -31.148 0.1000000015
31899  -53.404  -43.913  -32.232 0.1000000015
18424  -56.792  -56.461  -22.842 0.2000000030
137851  -56.522  -56.701  -23.700 0.2000000030
16281  -56.190  -57.611  -23.765 0.3000000119
23370  -50.339  -51.633  -26.591 0.3000000119
22348  -52.300  -52.575  -26.453 0.3000000119
21390  -52.660  -53.275  -26.153 0.3000000119
25270  -48.739  -49.896  -26.780 0.3000000119
28279  -50.264  -45.995  -30.113 0.1000000015
30623  -49.821  -44.788  -29.620 0.1000000015
31854  -50.900  -43.834  -29.814 0.1000000015
129009  -51.521  -43.412  -29.394 0.1000000015
145723  -52.138  -43.225  -29.741 0.1000000015
31823  -53.175  -43.501  -28.268 0.1000000015
31840  -52.918  -43.193  -29.316 0.1000000015
128104  -53.833  -43.537  -28.750 0.1000000015
31857  -53.353  -43.274  -30.714 0.1000000015
31842  -54.124  -43.413  -29.433 0.1000000015
30596  -55.388  -44.033  -28.830 0.1000000015
30581  -55.538  -44.812  -27.227 0.1000000015
145610  -53.439  -43.633  -31.799 0.1000000015
31877  -53.856  -43.343  -31.387 0.1000000015
31843  -54.716  -43.497  -29.657 0.1000000015
31858  -54.702  -43.271  -30.813 0.1000000015
30610  -56.182  -44.479  -28.591 0.1000000015
29423  -56.926  -45.479  -27.361 0.1000000015
31922  -53.854  -43.996  -32.742 0.1000000015
31923  -54.508  -43.940  -33.192 0.1000000015
31943  -55.809  -43.937  -34.185 0.1000000015
31965  -56.960  -44.383  -35.318 0.1000000015
29538  -58.139  -45.569  -37.429 0.1000000015
19391  -56.396  -54.628  -21.733 0.2000000030
19403  -55.205  -55.366  -22.276 0.2000000030
139309  -56.088  -55.644  -23.140 0.2000000030
20381  -54.650  -54.537  -21.617 0.3000000119
21388  -50.885  -53.079  -25.791 0.3000000119
20408  -52.846  -54.910  -24.657 0.3000000119
22343  -50.058  -52.947  -25.562 0.3000000119
21382  -50.457  -53.524  -25.212 0.3000000119
20407  -51.994  -54.700  -24.549 0.3000000119
24356  -48.558  -50.465  -26.191 0.3000000119
23368  -48.684  -51.137  -25.931 0.3000000119
28255  -47.789  -46.739  -28.111 0.3000000119
30609  -50.092  -44.079  -29.244 0.1000000015
31820  -50.235  -43.773  -28.286 0.2000000030
30611  -57.058  -44.602  -28.849 0.1000000015
137245  -55.521  -43.304  -32.298 0.1000000015
31879  -56.360  -43.293  -31.702 0.1000000015
131729  -55.598  -43.397  -33.026 0.1000000015
134456  -56.965  -43.375  -34.003 0.1000000015
21347  -54.898  -53.771  -21.555 0.3000000119
154500  -56.316  -54.079  -21.525 0.3000000119
21346  -54.002  -54.063  -21.559 0.3000000119
20393  -52.815  -54.607  -22.272 0.3000000119
19410  -52.602  -55.119  -23.399 0.3000000119
20398  -52.145  -54.739  -22.860 0.3000000119
21381  -49.742  -53.309  -24.875 0.3000000119
20406  -51.237  -54.406  -24.341 0.3000000119
21376  -49.666  -53.457  -24.151 0.3000000119
129243  -50.914  -54.235  -23.672 0.3000000119
23361  -48.120  -51.605  -25.305 0.3000000119
23360  -47.376  -51.310  -24.979 0.3000000119
24349  -46.942  -50.492  -25.150 0.2000000030
146851  -48.428  -52.351  -24.760 0.3000000119
30576  -47.711  -44.767  -27.332 0.2000000030
149518  -48.424  -44.309  -27.351 0.2000000030
137402  -48.932  -44.198  -27.789 0.2000000030
22306  -58.113  -51.962  -21.719 0.1000000015
129064  -54.321  -51.603  -22.706 0.2000000030
22318  -54.535  -52.396  -22.280 0.3000000119
129085  -51.944  -54.202  -22.430 0.3000000119
152501  -51.452  -53.890  -22.532 0.3000000119
23358  -47.185  -51.667  -24.314 0.3000000119
25262  -46.338  -49.815  -24.918 0.2000000030
26203  -46.546  -49.089  -25.339 0.2000000030
27185  -46.622  -47.679  -26.299 0.1000000015
27180  -46.261  -47.766  -25.692 0.1000000015
28248  -46.293  -46.217  -26.391 0.2000000030
23334  -53.286  -51.523  -22.693 0.3000000119
146700  -52.698  -52.218  -22.371 0.3000000119
21363  -48.643  -52.581  -23.380 0.3000000119
150152  -45.688  -50.139  -23.824 0.2000000030
25261  -45.901  -49.155  -24.787 0.1000000015
26201  -45.505  -48.508  -24.677 0.1000000015
147713  -45.388  -49.556  -23.948 0.1000000015
24315  -45.815  -50.201  -23.177 0.1000000015
23332  -51.286  -51.876  -22.523 0.3000000119
23329  -48.544  -51.704  -22.599 0.2000000030
24331  -50.432  -50.365  -23.067 0.2000000030
24319  -49.036  -50.985  -22.523 0.2000000030
135699  -46.909  -49.031  -22.531 0.1000000015
28237  -44.157  -46.491  -23.905 0.1000000015
13299  -47.882  -61.476  -27.830 0.3000000119
12378  -47.837  -62.849  -27.720 0.3000000119
9559  -46.658  -64.759  -29.177 0.2000000030
9573  -45.615  -64.679  -30.217 0.2000000030
11464  -47.694  -63.620  -28.126 0.4000000060
10509  -47.623  -63.894  -28.404 0.3000000119
14259  -47.730  -60.700  -28.309 0.4000000060
11477  -47.589  -63.645  -28.619 0.3000000119
9560  -47.132  -65.030  -28.367 0.3000000119
12389  -47.636  -62.691  -28.928 0.4000000060
10523  -47.362  -64.318  -29.026 0.3000000119
154085  -46.406  -64.802  -30.082 0.2000000030
149516  -47.494  -60.421  -28.954 0.4000000060
13316  -47.689  -61.840  -28.693 0.4000000060
12411  -47.622  -63.198  -29.838 0.4000000060
15310  -47.532  -59.612  -28.436 0.4000000060
139290  -47.438  -58.592  -28.380 0.4000000060
12401  -47.622  -62.766  -29.458 0.4000000060
135872  -47.497  -63.918  -29.868 0.3000000119
9575  -46.618  -64.810  -30.940 0.3000000119
13326  -47.630  -62.114  -29.401 0.4000000060
10539  -47.337  -64.234  -30.782 0.4000000060
16355  -46.910  -58.381  -28.959 0.4000000060
129260  -47.567  -61.472  -29.942 0.4000000060
148186  -47.871  -63.163  -31.404 0.3000000119
16354  -46.772  -57.651  -29.084 0.4000000060
128753  -47.113  -59.897  -30.013 0.4000000060
146726  -47.436  -60.606  -29.626 0.4000000060
13350  -47.685  -61.549  -30.801 0.4000000060
16372  -46.483  -58.149  -29.761 0.4000000060
13337  -47.861  -62.198  -31.186 0.3000000119
17483  -46.511  -57.117  -29.571 0.4000000060
15336  -46.727  -59.074  -30.374 0.4000000060
14285  -47.463  -60.724  -30.467 0.4000000060
138052  -47.893  -61.612  -31.571 0.4000000060
15346  -46.882  -59.046  -31.253 0.4000000060
15337  -47.202  -59.900  -30.885 0.4000000060
14305  -47.640  -60.780  -31.463 0.4000000060
13351  -48.184  -62.074  -32.046 0.3000000119
133029  -46.239  -57.338  -30.384 0.4000000060
15347  -47.392  -59.779  -31.734 0.4000000060
14306  -48.171  -61.303  -32.373 0.3000000119
12436  -48.407  -62.590  -32.537 0.2000000030
18521  -46.294  -56.350  -30.191 0.3000000119
16383  -46.441  -58.231  -30.808 0.4000000060
147268  -46.133  -56.733  -30.884 0.4000000060
16394  -46.743  -58.206  -31.838 0.4000000060
15353  -47.663  -59.479  -32.461 0.4000000060
14320  -47.858  -60.358  -32.364 0.4000000060
13367  -48.561  -61.959  -32.868 0.2000000030
136908  -48.651  -61.377  -33.151 0.2000000030
140509  -49.233  -62.179  -33.834 0.3000000119
129659  -46.264  -54.794  -30.864 0.3000000119
18520  -46.117  -56.046  -31.000 0.3000000119
18535  -46.250  -56.580  -31.613 0.3000000119
15354  -48.183  -59.887  -33.003 0.3000000119
14330  -49.074  -60.897  -33.679 0.2000000030
14321  -48.446  -60.695  -33.024 0.2000000030
13379  -49.010  -61.768  -33.543 0.2000000030
11549  -49.263  -62.973  -34.149 0.2000000030
20451  -46.388  -53.949  -30.846 0.3000000119
142079  -46.202  -55.852  -31.594 0.3000000119
16395  -47.473  -58.623  -32.600 0.4000000060
15356  -48.741  -60.163  -33.458 0.1000000015
21409  -46.207  -53.672  -31.698 0.3000000119
19501  -46.225  -55.294  -32.075 0.3000000119
18547  -47.262  -56.678  -33.077 0.2000000030
153924  -48.159  -58.268  -33.439 0.2000000030
13380  -49.457  -61.443  -34.151 0.1000000015
11557  -49.458  -63.049  -34.791 0.2000000030
19515  -46.879  -54.948  -32.932 0.2000000030
19516  -47.449  -55.832  -33.399 0.2000000030
17511  -48.369  -57.450  -33.858 0.1000000015
140310  -49.317  -59.852  -34.007 0.1000000015
14338  -49.887  -60.789  -34.639 0.1000000015
13388  -49.737  -61.499  -34.593 0.1000000015
22394  -46.544  -52.315  -31.360 0.2000000030
20483  -46.287  -54.332  -32.258 0.3000000119
24407  -47.722  -50.170  -31.549 0.2000000030
130944  -46.470  -51.917  -31.835 0.1000000015
22411  -46.325  -52.703  -31.975 0.3000000119
20495  -47.286  -54.177  -33.456 0.2000000030
18548  -48.048  -56.623  -33.828 0.1000000015
16424  -49.836  -59.036  -34.547 0.1000000015
13394  -49.980  -61.575  -35.007 0.1000000015
24406  -47.077  -50.674  -31.719 0.2000000030
22423  -46.606  -52.653  -32.785 0.2000000030
21453  -46.908  -53.411  -33.182 0.2000000030
19532  -47.766  -54.971  -33.845 0.1000000015
19517  -48.057  -55.790  -34.037 0.1000000015
17526  -48.902  -57.044  -34.376 0.1000000015
17527  -49.691  -57.547  -34.728 0.1000000015
15363  -49.933  -59.929  -34.619 0.1000000015
13389  -50.143  -60.880  -34.990 0.1000000015
12472  -49.944  -62.272  -35.954 0.1000000015
138806  -46.805  -51.883  -33.156 0.1000000015
21454  -47.657  -53.489  -33.835 0.2000000030
20512  -47.907  -54.160  -34.037 0.1000000015
18566  -48.711  -56.156  -34.470 0.1000000015
17541  -50.453  -57.252  -35.295 0.1000000015
16425  -50.369  -59.086  -35.000 0.1000000015
15372  -50.562  -59.534  -35.641 0.1000000015
12466  -50.131  -61.640  -35.621 0.1000000015
136691  -49.403  -62.773  -37.540 0.1000000015
20513  -48.399  -54.528  -34.458 0.1000000015
17542  -50.784  -57.688  -35.562 0.1000000015
13404  -50.222  -60.907  -36.925 0.1000000015
13403  -49.884  -61.440  -37.495 0.1000000015
16443  -50.865  -58.072  -35.787 0.1000000015
30556  -48.225  -44.108  -26.644 0.2000000030
25316  -48.249  -49.643  -31.681 0.2000000030
24422  -47.308  -49.976  -31.987 0.1000000015
23448  -46.738  -51.165  -32.774 0.1000000015
24433  -47.022  -50.479  -33.173 0.1000000015
22435  -48.023  -52.917  -34.198 0.1000000015
138984  -47.352  -51.865  -33.734 0.1000000015
21469  -48.391  -53.619  -34.512 0.1000000015
19534  -49.222  -55.573  -34.964 0.1000000015
12473  -50.107  -61.614  -36.464 0.1000000015
13395  -50.289  -60.892  -35.541 0.1000000015
16442  -50.636  -58.922  -35.457 0.1000000015
19551  -50.077  -55.699  -35.501 0.1000000015
11478  -47.656  -63.205  -28.535 0.3000000119
12377  -47.751  -62.438  -28.248 0.4000000060
130767  -47.543  -63.705  -29.041 0.3000000119
129127  -47.586  -63.273  -29.044 0.3000000119
145856  -47.037  -64.531  -29.999 0.3000000119
14272  -47.597  -61.236  -29.160 0.4000000060
11505  -47.645  -63.486  -30.695 0.3000000119
132620  -47.257  -59.805  -29.229 0.4000000060
13336  -47.666  -62.336  -30.186 0.4000000060
12412  -47.778  -62.815  -30.809 0.3000000119
15321  -46.860  -59.081  -29.511 0.4000000060
12448  -48.798  -62.455  -33.291 0.2000000030
17499  -46.509  -57.298  -32.004 0.3000000119
12449  -49.476  -61.953  -34.237 0.2000000030
20469  -46.134  -54.555  -31.483 0.3000000119
142058  -46.344  -56.081  -32.082 0.3000000119
16407  -48.576  -59.351  -33.511 0.2000000030
14331  -49.571  -60.649  -34.259 0.1000000015
17500  -47.169  -57.588  -32.701 0.4000000060
19502  -46.735  -55.935  -32.659 0.2000000030
17510  -47.775  -57.319  -33.391 0.2000000030
16408  -49.092  -58.783  -34.049 0.1000000015
12465  -49.812  -62.247  -35.162 0.1000000015
17512  -48.972  -57.902  -34.184 0.1000000015
21440  -46.429  -53.468  -32.433 0.3000000119
14339  -50.312  -59.962  -35.090 0.1000000015
24421  -46.962  -50.409  -32.444 0.1000000015
22424  -47.309  -52.634  -33.611 0.1000000015
19533  -48.498  -55.317  -34.444 0.1000000015
17528  -50.238  -58.174  -34.972 0.1000000015
12475  -49.761  -62.180  -36.949 0.1000000015
18567  -49.690  -56.540  -35.013 0.1000000015
11582  -49.246  -62.647  -38.600 0.1000000015
20530  -48.919  -54.222  -35.037 0.1000000015
133050  -47.911  -52.189  -34.225 0.1000000015
10458  -49.938  -63.929  -24.151 0.3000000119
10473  -49.527  -64.267  -24.331 0.2000000030
8597  -49.292  -65.926  -24.395 0.3000000119
137737  -48.714  -64.514  -25.034 0.2000000030
13273  -50.555  -61.911  -24.864 0.4000000060
11433  -50.094  -63.333  -24.610 0.2000000030
12357  -49.996  -62.533  -24.956 0.4000000060
11447  -49.089  -63.670  -25.072 0.3000000119
150589  -48.882  -66.316  -25.180 0.2000000030
13272  -49.710  -61.732  -25.228 0.4000000060
10472  -48.964  -64.072  -24.940 0.2000000030
9532  -48.125  -64.866  -25.938 0.2000000030
7688  -47.656  -67.127  -25.003 0.1000000015
8627  -48.793  -66.298  -26.111 0.2000000030
146259  -47.707  -67.182  -25.677 0.1000000015
11457  -48.258  -63.601  -26.339 0.3000000119
9496  -46.887  -66.839  -24.758 0.1000000015
8644  -47.881  -65.134  -26.861 0.2000000030
8626  -46.511  -67.046  -26.101 0.1000000015
152292  -46.327  -66.980  -26.779 0.1000000015
7716  -47.410  -67.447  -26.408 0.1000000015
7730  -46.894  -67.312  -28.374 0.1000000015
10498  -45.684  -64.806  -27.423 0.1000000015
8625  -46.216  -66.262  -27.145 0.1000000015
8642  -46.480  -67.151  -27.707 0.1000000015
10508  -45.619  -64.884  -28.370 0.1000000015
9541  -45.959  -65.419  -27.686 0.1000000015
154343  -48.909  -61.837  -25.691 0.3000000119
10489  -48.044  -64.027  -26.802 0.2000000030
8657  -47.652  -65.126  -27.559 0.2000000030
8643  -48.425  -66.530  -27.307 0.2000000030
148034  -48.220  -67.001  -28.058 0.2000000030
9548  -45.909  -65.159  -28.456 0.1000000015
11476  -45.312  -64.474  -29.199 0.1000000015
154296  -48.416  -61.703  -26.435 0.2000000030
12368  -48.249  -62.678  -26.537 0.3000000119
9530  -47.768  -64.079  -27.655 0.2000000030
8667  -47.471  -65.823  -28.148 0.2000000030
134412  -46.288  -65.221  -28.478 0.1000000015
10521  -44.988  -64.163  -30.072 0.1000000015
132925  -45.565  -64.821  -29.055 0.1000000015
11465  -47.920  -63.471  -27.321 0.3000000119
9543  -47.653  -64.127  -27.998 0.3000000119
14233  -48.558  -60.214  -26.483 0.2000000030
8665  -46.491  -65.460  -28.169 0.1000000015
10522  -45.393  -64.596  -29.798 0.1000000015
9558  -46.079  -64.918  -29.454 0.1000000015
10547  -45.304  -64.327  -31.154 0.1000000015
13300  -48.005  -62.092  -27.308 0.2000000030
9574  -45.976  -64.929  -30.624 0.1000000015
11510  -45.329  -64.268  -31.564 0.1000000015
9585  -45.585  -64.643  -31.034 0.1000000015
14244  -48.243  -61.125  -26.867 0.2000000030
9586  -45.999  -65.001  -31.468 0.1000000015
9587  -46.693  -65.110  -31.924 0.1000000015
132672  -45.632  -64.025  -32.999 0.1000000015
10555  -45.684  -64.600  -32.256 0.1000000015
9593  -45.702  -64.706  -31.751 0.1000000015
9594  -46.242  -65.117  -32.283 0.1000000015
11511  -47.726  -63.834  -31.622 0.3000000119
9608  -46.638  -65.504  -33.495 0.1000000015
142909  -48.720  -60.933  -26.052 0.3000000119
12356  -49.083  -62.883  -25.402 0.2000000030
10500  -47.809  -63.818  -27.646 0.3000000119
9557  -45.739  -64.835  -29.270 0.1000000015
10538  -45.292  -64.413  -30.585 0.1000000015
9550  -47.510  -64.688  -28.007 0.2000000030
10490  -48.262  -64.271  -25.893 0.2000000030
8655  -46.673  -66.809  -28.361 0.1000000015
11523  -45.317  -64.101  -32.065 0.1000000015
9607  -46.140  -64.968  -32.631 0.1000000015
12435  -45.069  -63.364  -32.414 0.1000000015
10571  -46.110  -64.821  -33.129 0.1000000015
10548  -47.265  -64.645  -31.626 0.2000000030
8704  -47.068  -66.109  -33.686 0.1000000015
8719  -47.113  -66.360  -34.608 0.1000000015
8705  -47.574  -66.168  -33.908 0.2000000030
8730  -46.828  -66.554  -35.358 0.1000000015
10557  -48.064  -64.694  -32.916 0.2000000030
9610  -47.589  -65.798  -33.536 0.2000000030
8731  -47.373  -66.609  -35.226 0.2000000030
9620  -48.229  -65.678  -34.037 0.1000000015
7807  -47.026  -67.053  -35.917 0.1000000015
134503  -48.273  -65.985  -34.690 0.2000000030
10581  -48.670  -64.492  -34.153 0.1000000015
151341  -47.673  -64.353  -32.061 0.2000000030
10572  -48.277  -64.895  -33.485 0.1000000015
8732  -48.017  -66.468  -35.222 0.1000000015
9629  -48.424  -65.733  -35.352 0.1000000015
10549  -48.099  -64.024  -32.487 0.2000000030
130389  -48.609  -65.107  -34.712 0.1000000015
11524  -48.489  -63.907  -33.247 0.1000000015
12423  -48.035  -62.661  -31.707 0.2000000030
11512  -48.151  -63.222  -32.146 0.2000000030
137142  -48.530  -63.188  -32.940 0.2000000030
145756  -49.064  -63.614  -34.301 0.1000000015
11539  -48.792  -63.766  -33.823 0.1000000015
11540  -48.968  -62.964  -33.633 0.1000000015
10589  -48.866  -64.682  -35.614 0.1000000015
10556  -47.479  -64.932  -32.392 0.1000000015
9596  -47.529  -65.401  -33.040 0.1000000015
12347  -50.879  -62.852  -24.378 0.2000000030
9499  -49.690  -64.997  -23.612 0.1000000015
149063  -54.629  -59.546  -24.257 0.2000000030
14188  -54.281  -60.360  -22.821 0.1000000015
20394  -57.316  -54.617  -21.704 0.1000000015
16230  -56.101  -58.315  -21.451 0.1000000015
136282  -56.700  -55.700  -22.827 0.1000000015
16247  -56.158  -58.050  -22.343 0.1000000015
20384  -57.801  -53.867  -21.404 0.2000000030
19392  -57.771  -54.523  -21.291 0.1000000015
17317  -56.815  -57.617  -20.213 0.1000000015
20383  -57.120  -54.084  -21.577 0.2000000030
19406  -57.232  -55.198  -21.967 0.1000000015
17356  -57.392  -56.457  -21.355 0.1000000015
17368  -57.048  -56.707  -22.028 0.1000000015
17355  -56.793  -57.425  -21.260 0.1000000015
14195  -54.212  -60.244  -23.970 0.1000000015
17367  -56.612  -57.406  -22.183 0.1000000015
18425  -57.289  -55.940  -22.196 0.1000000015
21348  -56.846  -53.498  -21.694 0.2000000030
16215  -55.716  -58.882  -20.457 0.1000000015
16216  -56.314  -58.211  -20.613 0.1000000015
19377  -58.069  -55.114  -20.688 0.1000000015
11435  -51.021  -63.330  -23.520 0.1000000015
142639  -50.474  -64.027  -23.584 0.1000000015
24333  -52.314  -49.655  -23.252 0.1000000015
24323  -52.893  -50.622  -23.056 0.1000000015
24324  -54.141  -50.534  -23.172 0.1000000015
23335  -55.226  -50.793  -23.089 0.1000000015
146052  -57.503  -50.638  -22.291 0.1000000015
25250  -54.011  -49.189  -23.265 0.1000000015
25251  -54.968  -49.167  -23.337 0.1000000015
25253  -56.223  -49.657  -22.996 0.1000000015
25222  -57.610  -49.998  -21.554 0.1000000015
24334  -53.523  -49.645  -23.267 0.1000000015
24335  -54.609  -49.569  -23.386 0.1000000015
23350  -56.758  -50.181  -22.775 0.1000000015
152975  -57.327  -50.301  -22.315 0.1000000015
24293  -58.233  -50.651  -20.376 0.1000000015
25228  -56.981  -49.176  -21.673 0.1000000015
150372  -53.400  -48.865  -22.990 0.1000000015
26191  -56.164  -49.009  -22.820 0.1000000015
25239  -56.719  -49.387  -22.539 0.1000000015
25249  -52.998  -49.043  -23.243 0.1000000015
136517  -57.262  -49.830  -22.156 0.1000000015
24302  -57.823  -50.205  -20.560 0.1000000015
25247  -50.607  -49.537  -23.362 0.1000000015
27172  -55.345  -47.898  -22.598 0.1000000015
26190  -55.534  -48.731  -22.959 0.1000000015
26177  -56.519  -48.661  -22.292 0.1000000015
26188  -53.936  -48.303  -22.826 0.1000000015
26187  -52.400  -48.647  -23.031 0.1000000015
135554  -50.844  -48.738  -23.504 0.1000000015
25238  -49.568  -49.989  -23.039 0.1000000015
30577  -49.076  -44.063  -26.992 0.1000000015
31801  -49.922  -44.093  -26.744 0.1000000015
26185  -50.571  -48.195  -23.454 0.1000000015
150409  -49.335  -49.023  -23.302 0.1000000015
142191  -47.980  -50.323  -22.502 0.1000000015
30555  -47.241  -44.655  -26.741 0.1000000015
30594  -48.919  -44.573  -28.453 0.1000000015
31808  -49.689  -43.951  -27.589 0.1000000015
30537  -48.530  -43.968  -25.776 0.1000000015
30559  -51.696  -44.220  -26.437 0.1000000015
30578  -50.505  -43.893  -27.438 0.1000000015
30558  -50.851  -44.248  -26.580 0.1000000015
26189  -54.790  -48.497  -22.929 0.1000000015
27147  -56.147  -48.005  -22.081 0.1000000015
150809  -56.609  -48.666  -21.691 0.1000000015
154456  -50.895  -43.599  -28.063 0.1000000015
130867  -57.265  -51.055  -22.617 0.1000000015
137578  -57.847  -51.223  -22.056 0.1000000015
23336  -56.292  -50.907  -22.962 0.1000000015
24332  -51.240  -50.103  -23.223 0.1000000015
24336  -55.498  -49.583  -23.410 0.1000000015
23314  -58.354  -50.773  -21.013 0.1000000015
24308  -57.913  -50.404  -21.456 0.1000000015
150584  -52.138  -48.836  -23.276 0.1000000015
26186  -51.438  -48.415  -23.311 0.1000000015
30579  -51.485  -43.881  -27.322 0.1000000015
26274  -49.146  -48.366  -32.422 0.1000000015
27239  -49.146  -47.650  -32.798 0.1000000015
154067  -49.726  -47.626  -33.033 0.1000000015
11400  -49.277  -63.070  -22.514 0.1000000015
11418  -48.776  -63.779  -22.881 0.1000000015
153584  -49.605  -64.964  -22.852 0.1000000015
12327  -49.866  -62.487  -22.227 0.1000000015
12337  -47.890  -63.291  -23.258 0.1000000015
128776  -50.280  -64.457  -22.619 0.1000000015
13242  -49.373  -61.214  -22.366 0.1000000015
11401  -50.168  -63.504  -22.409 0.1000000015
146290  -48.530  -60.689  -22.793 0.1000000015
153158  -49.681  -60.206  -22.288 0.1000000015
13243  -50.472  -61.855  -21.952 0.1000000015
15216  -49.543  -59.342  -22.374 0.1000000015
14186  -50.293  -60.769  -21.989 0.1000000015
9428  -49.563  -65.481  -19.226 0.1000000015
10373  -49.995  -64.947  -18.957 0.1000000015
13225  -47.370  -61.849  -19.459 0.1000000015
129049  -46.520  -61.836  -19.850 0.1000000015
129316  -46.941  -61.067  -19.551 0.1000000015
15176  -46.633  -59.471  -19.608 0.1000000015
10436  -50.289  -64.957  -22.582 0.1000000015
15175  -45.919  -59.839  -19.977 0.1000000015
16194  -46.805  -58.521  -19.604 0.1000000015
14185  -49.020  -60.051  -22.617 0.1000000015
15215  -48.813  -59.068  -22.726 0.1000000015
9483  -48.997  -65.869  -23.538 0.1000000015
16211  -45.306  -58.303  -20.182 0.1000000015
139121  -46.121  -57.179  -20.544 0.1000000015
18405  -47.196  -56.610  -21.509 0.1000000015
16243  -48.621  -58.108  -22.690 0.1000000015
17365  -49.095  -57.586  -22.170 0.1000000015
16244  -49.373  -58.389  -22.370 0.1000000015
147768  -50.214  -59.722  -22.019 0.1000000015
8596  -48.292  -66.543  -24.500 0.1000000015
16210  -44.485  -58.669  -20.443 0.1000000015
18404  -46.548  -56.536  -21.822 0.1000000015
17351  -48.655  -57.009  -21.706 0.1000000015
17352  -49.485  -57.293  -21.504 0.1000000015
10372  -49.226  -64.555  -18.962 0.1000000015
11347  -48.319  -63.854  -19.222 0.1000000015
13226  -48.188  -62.011  -19.132 0.1000000015
132947  -50.802  -62.824  -22.155 0.1000000015
12328  -51.138  -62.948  -22.538 0.1000000015
11402  -50.415  -63.894  -22.935 0.1000000015
14167  -47.222  -60.159  -19.395 0.1000000015
14160  -47.867  -60.965  -19.155 0.1000000015
9484  -49.824  -65.033  -22.938 0.1000000015
18389  -47.172  -56.798  -20.725 0.1000000015
18406  -48.060  -56.688  -21.109 0.1000000015
16245  -50.085  -58.729  -22.046 0.1000000015
143761  -47.817  -56.976  -20.437 0.1000000015
18390  -48.534  -57.007  -20.389 0.1000000015
18407  -49.027  -56.874  -20.983 0.1000000015
17366  -49.864  -57.866  -21.904 0.1000000015
10374  -50.510  -64.768  -18.510 0.1000000015
136924  -49.797  -64.149  -18.541 0.1000000015
9421  -51.472  -65.025  -17.725 0.1000000015
133855  -51.120  -65.263  -16.976 0.1000000015
12329  -51.883  -62.533  -22.346 0.1000000015
11334  -49.074  -63.467  -18.850 0.1000000015
12294  -49.749  -63.123  -18.444 0.1000000015
151703  -51.242  -62.138  -21.732 0.1000000015
12339  -51.495  -62.914  -23.063 0.1000000015
129050  -49.070  -62.400  -18.775 0.1000000015
14178  -51.106  -61.365  -21.594 0.1000000015
11419  -50.889  -63.514  -23.121 0.1000000015
15163  -48.015  -59.840  -19.080 0.1000000015
15177  -47.409  -59.167  -19.320 0.1000000015
17334  -47.339  -57.227  -20.177 0.1000000015
17309  -47.076  -57.728  -19.786 0.1000000015
16195  -47.633  -58.244  -19.415 0.1000000015
18374  -49.400  -57.091  -20.269 0.1000000015
18408  -49.873  -57.127  -20.818 0.1000000015
17310  -47.952  -57.466  -19.831 0.1000000015
17311  -48.887  -57.367  -19.684 0.1000000015
10353  -51.971  -64.345  -17.437 0.1000000015
12319  -51.549  -62.381  -21.916 0.1000000015
11335  -50.467  -63.817  -18.110 0.1000000015
11318  -51.980  -63.830  -17.478 0.1000000015
10333  -52.281  -64.318  -16.568 0.1000000015
142795  -51.947  -64.345  -15.066 0.1000000015
14179  -51.792  -60.862  -21.164 0.1000000015
13235  -51.768  -61.836  -21.449 0.1000000015
12320  -52.184  -62.063  -21.736 0.1000000015
12295  -50.507  -62.610  -17.984 0.1000000015
11317  -51.145  -63.599  -17.678 0.1000000015
132832  -50.939  -60.253  -21.615 0.1000000015
10448  -50.494  -64.519  -23.404 0.1000000015
132552  -48.771  -61.377  -18.817 0.1000000015
152549  -49.727  -62.419  -18.425 0.1000000015
17353  -50.280  -57.552  -21.304 0.1000000015
15203  -50.780  -59.155  -21.670 0.1000000015
14161  -48.641  -60.425  -18.792 0.1000000015
17312  -49.779  -57.329  -19.556 0.1000000015
16178  -48.190  -58.862  -19.076 0.1000000015
16196  -48.460  -57.996  -19.261 0.1000000015
142713  -52.604  -63.822  -17.103 0.1000000015
15204  -51.521  -59.648  -21.238 0.1000000015
12348  -51.654  -62.500  -23.940 0.1000000015
18391  -50.250  -57.167  -20.101 0.1000000015
17354  -51.052  -57.783  -21.070 0.1000000015
16179  -48.952  -58.594  -18.858 0.1000000015
129628  -49.229  -60.833  -18.549 0.1000000015
15164  -48.737  -59.493  -18.765 0.1000000015
16229  -52.090  -59.043  -20.861 0.1000000015
14180  -52.505  -60.911  -20.806 0.1000000015
16212  -51.824  -58.077  -20.736 0.1000000015
12281  -51.635  -63.015  -17.373 0.1000000015
138484  -50.741  -57.297  -19.334 0.1000000015
17335  -50.662  -57.331  -20.645 0.1000000015
17336  -51.443  -57.503  -20.393 0.1000000015
16180  -49.672  -58.320  -18.548 0.1000000015
17291  -50.073  -57.631  -18.844 0.1000000015
13209  -49.651  -61.662  -18.407 0.1000000015
15165  -49.422  -59.191  -18.445 0.1000000015
16167  -50.137  -58.911  -18.121 0.1000000015
14162  -49.273  -60.071  -18.446 0.1000000015
15205  -52.286  -60.139  -20.809 0.1000000015
15190  -52.914  -60.567  -20.525 0.1000000015
17313  -51.740  -57.292  -19.481 0.1000000015
17337  -52.341  -57.698  -20.088 0.1000000015
12268  -52.451  -62.582  -17.104 0.1000000015
17274  -51.176  -57.855  -18.063 0.1000000015
17292  -51.463  -57.423  -18.661 0.1000000015
16181  -50.417  -58.094  -18.257 0.1000000015
152533  -50.761  -57.580  -18.608 0.1000000015
14151  -49.848  -60.696  -18.229 0.1000000015
134122  -53.601  -60.125  -20.242 0.1000000015
16213  -52.644  -58.549  -20.356 0.1000000015
17293  -52.363  -57.386  -18.587 0.1000000015
17314  -52.825  -57.414  -19.293 0.1000000015
12282  -52.690  -63.365  -17.108 0.1000000015
15157  -50.716  -59.541  -17.753 0.1000000015
13210  -50.515  -61.408  -17.925 0.1000000015
16214  -54.161  -59.272  -19.832 0.1000000015
135911  -51.369  -62.043  -17.510 0.1000000015
10314  -51.850  -64.719  -15.864 0.1000000015
13188  -50.749  -61.501  -14.791 0.1000000015
12255  -51.439  -62.634  -14.689 0.1000000015
11279  -52.193  -63.811  -14.709 0.1000000015
144040  -51.305  -63.443  -14.769 0.1000000015
12301  -47.732  -62.633  -19.398 0.1000000015
16193  -45.992  -58.850  -19.853 0.1000000015
17308  -46.185  -57.889  -20.045 0.1000000015
17332  -45.365  -57.546  -20.466 0.1000000015
17333  -46.733  -57.273  -20.267 0.1000000015
18388  -46.423  -56.697  -21.122 0.1000000015
18423  -47.819  -56.779  -21.959 0.1000000015
17364  -48.282  -57.347  -22.397 0.1000000015
16263  -48.065  -58.745  -23.121 0.1000000015
12302  -48.385  -62.897  -19.134 0.1000000015
16227  -50.584  -58.201  -21.594 0.1000000015
17290  -49.280  -57.805  -19.080 0.1000000015
16228  -51.312  -58.586  -21.242 0.1000000015
134011  -50.981  -57.193  -20.001 0.1000000015
16168  -50.920  -58.626  -17.797 0.1000000015
136876  -52.830  -59.661  -20.411 0.1000000015
12254  -50.301  -62.506  -15.079 0.1000000015
8815  -35.785  -67.218  -41.891 0.1000000015
7903  -36.252  -67.263  -41.355 0.1000000015
126901  -34.675  -69.482  -47.668 0.1000000015
126902  -34.523  -68.960  -46.492 0.1000000015
147324  -35.092  -68.552  -45.565 0.1000000015
7029  -35.085  -67.984  -44.760 0.1000000015
7923  -35.307  -67.642  -42.328 0.1000000015
134965  -35.966  -69.717  -47.097 0.1000000015
5489  -37.969  -70.493  -47.600 0.1000000015
5497  -38.561  -70.326  -48.417 0.1000000015
9730  -36.802  -66.007  -41.393 0.1000000015
8800  -36.660  -66.600  -40.861 0.1000000015
8801  -37.092  -66.317  -40.189 0.1000000015
8831  -36.339  -66.285  -42.516 0.1000000015
138768  -35.155  -67.425  -44.041 0.1000000015
7942  -35.219  -67.212  -43.175 0.1000000015
8830  -35.749  -66.837  -42.474 0.1000000015
7866  -36.904  -66.988  -40.047 0.1000000015
7050  -35.776  -69.046  -46.158 0.1000000015
7922  -34.600  -68.171  -42.814 0.1000000015
7012  -33.612  -68.559  -44.466 0.1000000015
150518  -36.839  -69.315  -46.200 0.1000000015
5471  -38.606  -70.045  -47.167 0.1000000015
154300  -38.596  -70.173  -47.718 0.1000000015
5498  -39.371  -69.946  -48.600 0.1000000015
12460  -41.666  -62.380  -35.447 0.1000000015
11561  -40.708  -63.419  -36.611 0.1000000015
12469  -41.926  -62.880  -36.063 0.1000000015
9708  -37.120  -65.929  -40.785 0.1000000015
9686  -37.575  -65.763  -39.976 0.1000000015
9670  -37.772  -65.803  -38.909 0.1000000015
10628  -38.722  -64.981  -38.023 0.1000000015
10612  -39.330  -64.483  -37.563 0.1000000015
11571  -40.118  -63.918  -37.264 0.1000000015
154154  -37.182  -65.743  -41.244 0.1000000015
9671  -38.268  -65.436  -38.482 0.1000000015
133571  -37.256  -65.656  -41.787 0.1000000015
8788  -37.342  -66.464  -39.337 0.1000000015
8866  -35.900  -66.829  -43.599 0.1000000015
8847  -35.908  -66.582  -43.039 0.1000000015
6241  -37.294  -69.771  -46.534 0.1000000015
12461  -42.457  -62.354  -35.534 0.1000000015
13391  -42.125  -61.702  -35.022 0.1000000015
10648  -38.821  -65.167  -38.891 0.1000000015
10629  -39.420  -64.807  -38.412 0.1000000015
140408  -39.923  -64.422  -37.964 0.1000000015
9687  -38.202  -65.437  -39.371 0.1000000015
9709  -38.238  -65.368  -40.324 0.1000000015
134030  -35.936  -67.261  -44.245 0.1000000015
7976  -36.168  -68.075  -44.959 0.1000000015
150411  -37.199  -68.638  -45.381 0.1000000015
6222  -37.873  -69.284  -45.906 0.1000000015
9750  -36.992  -65.885  -42.532 0.1000000015
12468  -41.202  -62.902  -36.014 0.1000000015
8849  -37.191  -66.352  -43.499 0.1000000015
11560  -40.116  -63.601  -36.363 0.1000000015
9732  -38.462  -65.347  -41.217 0.1000000015
9731  -37.934  -65.407  -41.751 0.1000000015
12459  -40.990  -62.481  -35.258 0.1000000015
8832  -39.277  -65.944  -42.847 0.1000000015
8817  -40.209  -65.852  -41.723 0.1000000015
153091  -41.577  -66.509  -41.629 0.1000000015
11572  -40.960  -63.731  -37.252 0.1000000015
10649  -39.565  -65.230  -39.243 0.1000000015
10665  -38.884  -65.310  -39.793 0.1000000015
9733  -39.364  -65.495  -41.328 0.1000000015
9710  -39.642  -65.500  -40.270 0.1000000015
9753  -39.511  -65.670  -42.136 0.1000000015
9734  -40.763  -65.983  -41.041 0.1000000015
9688  -40.338  -65.461  -39.539 0.1000000015
10613  -40.637  -64.316  -37.858 0.1000000015
10630  -40.299  -64.902  -38.624 0.1000000015
9689  -41.075  -65.386  -39.047 0.1000000015
130436  -38.917  -65.347  -40.608 0.1000000015
131766  -40.649  -66.353  -42.302 0.1000000015
137734  -40.088  -65.699  -40.961 0.1000000015
5500  -39.069  -70.386  -49.228 0.1000000015
6996  -35.191  -68.488  -42.379 0.1000000015
7000  -45.217  -67.722  -42.122 0.1000000015
7017  -45.058  -67.033  -43.732 0.1000000015
7056  -44.493  -67.251  -44.284 0.1000000015
7078  -44.290  -66.886  -44.758 0.1000000015
7704  -46.998  -67.231  -25.414 0.1000000015
7705  -48.332  -66.826  -25.449 0.1000000015
7715  -47.083  -67.499  -27.381 0.1000000015
7717  -48.111  -66.874  -26.386 0.1000000015
7731  -47.604  -67.275  -28.230 0.1000000015
7744  -47.246  -67.107  -28.782 0.1000000015
7745  -48.048  -66.944  -28.841 0.2000000030
7756  -47.499  -66.639  -28.853 0.2000000030
7941  -34.407  -67.881  -43.731 0.1000000015
7959  -34.422  -68.057  -44.516 0.1000000015
7965  -45.259  -66.587  -43.990 0.1000000015
8609  -49.247  -65.744  -25.185 0.2000000030
8656  -48.250  -66.142  -28.267 0.2000000030
8666  -47.049  -66.084  -27.959 0.2000000030
8720  -47.779  -66.373  -34.464 0.2000000030
8750  -47.553  -66.809  -35.899 0.1000000015
8816  -36.283  -66.556  -41.775 0.1000000015
8818  -41.053  -66.280  -41.664 0.1000000015
8821  -46.297  -66.651  -41.703 0.1000000015
8833  -39.962  -66.001  -42.414 0.1000000015
8848  -36.598  -66.301  -43.167 0.1000000015
9407  -51.733  -65.015  -16.785 0.1000000015
9474  -50.663  -65.083  -22.780 0.1000000015
9475  -50.881  -65.181  -23.130 0.1000000015
9487  -51.128  -65.178  -23.185 0.1000000015
9513  -49.298  -64.816  -24.354 0.3000000119
9514  -49.908  -64.541  -23.940 0.1000000015
9531  -47.898  -64.309  -26.901 0.2000000030
9542  -46.507  -65.904  -27.877 0.1000000015
9544  -47.737  -64.339  -27.582 0.2000000030
9549  -47.552  -64.246  -28.316 0.3000000119
9711  -40.503  -65.755  -40.347 0.1000000015
9752  -38.672  -65.484  -42.161 0.1000000015
9768  -37.437  -65.927  -43.068 0.1000000015
9770  -46.571  -65.623  -43.481 0.1000000015
9785  -47.065  -65.098  -44.014 0.1000000015
9810  -44.656  -65.150  -46.123 0.1000000015
10315  -52.450  -64.195  -15.727 0.1000000015
10352  -51.286  -64.437  -18.001 0.1000000015
10437  -50.623  -65.087  -22.920 0.1000000015
10438  -50.985  -65.178  -22.979 0.1000000015
10447  -49.704  -64.584  -22.698 0.1000000015
10471  -48.439  -63.947  -25.761 0.2000000030
10499  -47.691  -63.822  -28.056 0.4000000060
10590  -49.055  -64.057  -34.790 0.1000000015
10762  -49.236  -62.378  -46.456 0.1000000015
11278  -51.348  -64.264  -14.929 0.1000000015
11434  -50.561  -63.745  -23.727 0.1000000015
11553  -40.665  -63.095  -35.782 0.1000000015
11608  -49.175  -62.843  -41.897 0.1000000015
11620  -49.356  -62.768  -42.653 0.1000000015
11634  -49.326  -62.999  -43.687 0.1000000015
11667  -49.682  -62.218  -45.881 0.1000000015
11688  -48.894  -62.883  -46.018 0.1000000015
12457  -49.577  -62.225  -34.541 0.2000000030
12496  -49.461  -61.914  -40.066 0.1000000015
12581  -49.795  -62.274  -45.116 0.1000000015
12582  -50.065  -61.733  -45.996 0.1000000015
12601  -46.383  -62.622  -46.673 0.1000000015
12602  -49.212  -61.856  -47.221 0.1000000015
12603  -49.738  -61.941  -46.475 0.1000000015
13241  -48.975  -62.170  -22.509 0.1000000015
13274  -51.843  -61.255  -24.843 0.4000000060
13459  -50.244  -61.007  -41.433 0.1000000015
13479  -49.817  -61.805  -42.046 0.1000000015
13543  -48.269  -61.023  -47.405 0.1000000015
13544  -49.104  -61.105  -47.571 0.1000000015
13550  -49.716  -61.755  -46.867 0.1000000015
14221  -53.415  -60.484  -25.351 0.2000000030
14243  -48.110  -60.450  -27.337 0.3000000119
14344  -50.350  -60.291  -35.388 0.1000000015
14350  -50.500  -60.060  -35.885 0.2000000030
14357  -50.429  -60.028  -37.269 0.1000000015
14383  -50.339  -59.762  -39.539 0.1000000015
14443  -51.112  -59.520  -44.903 0.1000000015
14459  -48.119  -60.378  -45.246 0.1000000015
14478  -49.881  -60.404  -46.620 0.1000000015
15277  -53.347  -59.597  -26.547 0.4000000060
15452  -51.074  -59.381  -42.265 0.1000000015
15517  -50.286  -60.081  -45.784 0.1000000015
16294  -50.332  -58.716  -25.979 0.5000000000
16339  -48.378  -58.281  -27.335 0.4000000060
16357  -53.878  -58.046  -28.138 0.4000000060
16389  -47.224  -59.026  -31.970 0.4000000060
16396  -47.964  -59.125  -33.047 0.3000000119
16462  -50.846  -58.630  -36.030 0.1000000015
16492  -51.152  -57.712  -36.976 0.2000000030
16505  -50.950  -58.313  -39.663 0.1000000015
16566  -48.133  -58.637  -42.644 0.1000000015
16568  -51.150  -57.725  -44.079 0.1000000015
17449  -54.475  -57.773  -27.966 0.4000000060
17468  -53.472  -57.598  -28.687 0.5000000000
17492  -46.293  -57.392  -31.274 0.4000000060
17543  -50.993  -57.316  -36.069 0.2000000030
17653  -48.992  -57.200  -44.285 0.1000000015
18511  -46.761  -56.387  -29.507 0.5000000000
18536  -46.626  -56.703  -32.378 0.3000000119
18619  -51.412  -56.047  -37.433 0.1000000015
18679  -50.730  -56.216  -41.856 0.1000000015
18702  -49.817  -56.833  -44.353 0.1000000015
19389  -54.607  -55.070  -21.874 0.3000000119
19401  -52.850  -55.062  -22.769 0.3000000119
19414  -52.418  -55.053  -24.071 0.3000000119
19488  -46.152  -55.326  -31.251 0.3000000119
19489  -54.138  -55.049  -30.914 0.5000000000
19552  -50.766  -55.691  -36.071 0.1000000015
19599  -47.402  -55.597  -38.819 0.1000000015
20380  -53.291  -54.225  -21.811 0.3000000119
20382  -55.539  -54.304  -21.526 0.3000000119
20423  -50.874  -53.989  -24.830 0.3000000119
20425  -52.463  -54.408  -25.224 0.3000000119
20494  -46.685  -54.062  -32.845 0.2000000030
20514  -48.902  -54.892  -34.865 0.1000000015
20545  -51.077  -54.971  -36.897 0.1000000015
20558  -46.985  -54.145  -37.724 0.1000000015
20575  -51.534  -54.931  -37.971 0.1000000015
21357  -51.780  -53.394  -22.268 0.3000000119
21364  -49.814  -53.409  -23.508 0.3000000119
21393  -55.385  -54.004  -27.191 0.4000000060
21497  -50.894  -53.693  -37.054 0.1000000015
21512  -47.435  -53.405  -38.042 0.1000000015
21526  -51.350  -53.718  -37.970 0.1000000015
21540  -48.098  -52.951  -39.441 0.1000000015
21555  -48.021  -53.742  -41.571 0.1000000015
22312  -48.927  -52.359  -22.805 0.3000000119
22319  -56.469  -51.866  -22.467 0.1000000015
22328  -49.334  -52.926  -23.144 0.3000000119
22338  -47.758  -52.175  -24.165 0.3000000119
22342  -49.300  -52.681  -25.207 0.3000000119
22472  -44.400  -52.774  -36.207 0.1000000015
22493  -47.806  -52.645  -38.544 0.1000000015
23305  -58.231  -51.166  -19.657 0.1000000015
23337  -57.939  -50.774  -21.750 0.1000000015
23346  -46.649  -51.280  -23.890 0.2000000030
23348  -55.153  -50.047  -23.408 0.1000000015
23349  -55.943  -50.086  -23.312 0.1000000015
23411  -47.372  -51.742  -30.850 0.3000000119
23426  -49.345  -51.322  -31.237 0.4000000060
23438  -46.629  -51.227  -32.062 0.2000000030
23449  -47.099  -51.216  -33.487 0.1000000015
23475  -44.218  -51.274  -35.709 0.1000000015
23493  -46.272  -52.056  -36.624 0.1000000015
24325  -57.601  -50.343  -21.948 0.1000000015
24330  -46.209  -50.677  -23.498 0.2000000030
24337  -56.063  -49.757  -23.235 0.1000000015
24365  -50.329  -50.387  -27.571 0.3000000119
24395  -48.095  -50.735  -31.125 0.3000000119
24411  -51.322  -51.045  -32.185 0.4000000060
24457  -44.764  -50.552  -35.792 0.1000000015
24467  -41.958  -50.135  -36.791 0.1000000015
24492  -47.744  -50.480  -38.650 0.1000000015
24528  -50.966  -50.890  -40.165 0.1000000015
24541  -49.554  -50.400  -41.381 0.1000000015
25235  -45.840  -49.686  -22.752 0.1000000015
25240  -56.979  -49.145  -22.029 0.1000000015
25244  -45.057  -48.967  -23.694 0.1000000015
25248  -51.449  -49.130  -23.416 0.1000000015
25252  -55.721  -49.402  -23.255 0.1000000015
25259  -45.365  -49.099  -24.280 0.1000000015
25287  -52.156  -49.777  -28.881 0.4000000060
25315  -47.801  -49.331  -32.057 0.1000000015
25333  -51.305  -49.724  -32.923 0.3000000119
25376  -42.535  -49.266  -35.460 0.1000000015
25379  -45.146  -49.778  -36.095 0.1000000015
25390  -42.302  -49.914  -35.872 0.1000000015
25403  -46.981  -49.165  -38.446 0.1000000015
25421  -51.047  -49.851  -39.994 0.1000000015
25436  -48.883  -49.449  -41.450 0.1000000015
26164  -56.615  -48.589  -21.953 0.1000000015
26170  -44.923  -48.211  -22.786 0.1000000015
26176  -56.005  -48.203  -22.482 0.1000000015
26182  -44.815  -48.521  -23.252 0.1000000015
26202  -46.127  -48.463  -25.206 0.1000000015
26208  -47.202  -49.030  -26.059 0.2000000030
26221  -48.652  -48.252  -28.344 0.3000000119
26258  -48.579  -48.951  -32.076 0.1000000015
26273  -48.537  -48.160  -32.625 0.1000000015
26276  -51.093  -48.903  -33.264 0.3000000119
26303  -42.713  -47.892  -35.194 0.1000000015
26318  -40.827  -48.148  -35.705 0.1000000015
26326  -54.860  -48.212  -35.562 0.1000000015
26349  -46.073  -48.169  -37.579 0.1000000015
27176  -45.125  -47.909  -24.628 0.1000000015
27282  -41.152  -47.765  -35.177 0.1000000015
27299  -40.268  -47.721  -36.145 0.1000000015
27301  -44.990  -47.850  -36.426 0.1000000015
27305  -55.547  -47.512  -36.366 0.1000000015
27322  -56.599  -46.861  -37.214 0.1000000015
27345  -47.253  -47.633  -39.848 0.1000000015
27350  -47.767  -47.728  -40.773 0.1000000015
27360  -49.190  -47.733  -41.899 0.1000000015
28230  -43.899  -46.345  -23.196 0.1000000015
28326  -40.653  -46.198  -34.588 0.1000000015
28349  -54.566  -47.460  -35.826 0.1000000015
28362  -39.751  -46.600  -36.085 0.1000000015
29378  -44.263  -45.785  -24.257 0.1000000015
29483  -41.588  -45.067  -33.881 0.1000000015
29497  -41.075  -45.707  -34.090 0.1000000015
29499  -43.392  -45.053  -34.541 0.1000000015
29516  -40.095  -45.758  -35.015 0.1000000015
29566  -46.355  -45.260  -39.276 0.1000000015
29569  -57.083  -45.730  -38.385 0.1000000015
29571  -58.155  -45.334  -38.671 0.1000000015
30625  -51.083  -44.169  -30.515 0.1000000015
30663  -40.517  -44.517  -34.273 0.1000000015
30664  -41.124  -44.444  -33.775 0.1000000015
30706  -45.285  -44.018  -36.909 0.1000000015
30724  -45.545  -43.997  -37.667 0.1000000015
30742  -45.869  -44.109  -38.406 0.1000000015
30749  -58.697  -44.763  -38.724 0.1000000015
31819  -49.508  -44.100  -28.416 0.1000000015
31941  -44.356  -43.420  -34.631 0.1000000015
31959  -44.808  -43.441  -35.344 0.1000000015
32030  -58.415  -43.706  -39.535 0.1000000015
33089  -43.777  -42.099  -32.833 0.1000000015
33115  -40.489  -42.695  -34.294 0.1000000015
34210  -42.779  -41.108  -32.000 0.1000000015
34228  -41.638  -41.444  -32.662 0.1000000015
34230  -43.233  -41.607  -32.333 0.1000000015
36340  -42.105  -39.123  -31.678 0.1000000015
36360  -41.057  -39.536  -32.494 0.1000000015
36361  -41.585  -39.513  -31.961 0.1000000015
36377  -40.626  -39.662  -33.217 0.1000000015
37358  -44.299  -38.551  -31.606 0.1000000015
37376  -42.937  -38.149  -31.970 0.1000000015
38435  -44.094  -38.032  -31.929 0.1000000015
39493  -44.797  -37.087  -32.990 0.1000000015
126934  -44.998  -65.563  -45.580 0.1000000015
126941  -47.585  -62.967  -46.633 0.1000000015
126942  -47.516  -64.029  -45.697 0.1000000015
126943  -49.486  -62.166  -46.480 0.1000000015
126944  -48.608  -61.812  -47.249 0.1000000015
127322  -48.216  -63.103  -46.439 0.1000000015
127601  -49.227  -62.184  -46.813 0.1000000015
127666  -44.115  -65.735  -45.912 0.1000000015
127818  -46.188  -64.931  -45.532 0.1000000015
127957  -45.741  -65.561  -45.021 0.1000000015
128590  -51.332  -58.572  -43.031 0.1000000015
128958  -47.517  -55.475  -42.101 0.1000000015
129691  -43.303  -49.134  -35.389 0.1000000015
131130  -48.901  -50.560  -41.196 0.1000000015
131385  -37.627  -65.522  -41.009 0.1000000015
132932  -40.836  -43.194  -33.817 0.1000000015
133949  -45.527  -67.097  -42.664 0.1000000015
133961  -47.677  -46.939  -40.968 0.1000000015
134547  -49.566  -62.033  -38.044 0.1000000015
134618  -46.528  -51.914  -32.414 0.1000000015
134722  -51.248  -56.537  -36.903 0.1000000015
135494  -44.910  -44.758  -36.588 0.1000000015
135497  -36.662  -65.978  -41.999 0.1000000015
136090  -52.389  -47.529  -30.568 0.2000000030
138330  -45.118  -47.038  -36.811 0.1000000015
138407  -44.534  -39.080  -31.404 0.1000000015
138426  -46.966  -52.054  -37.274 0.1000000015
140148  -50.274  -61.385  -42.729 0.1000000015
141034  -50.563  -56.382  -28.785 0.6000000238
141971  -44.056  -49.265  -35.562 0.1000000015
143088  -47.944  -67.148  -27.269 0.1000000015
143270  -45.930  -47.248  -25.565 0.1000000015
143527  -49.727  -61.025  -47.313 0.1000000015
143717  -50.303  -61.141  -36.100 0.1000000015
144107  -46.579  -49.860  -22.549 0.1000000015
144950  -43.664  -66.275  -45.834 0.1000000015
144973  -48.859  -62.261  -46.966 0.1000000015
144975  -45.973  -64.498  -46.030 0.1000000015
145302  -49.700  -63.884  -22.609 0.1000000015
145628  -49.517  -61.888  -46.978 0.1000000015
146047  -49.839  -60.793  -39.078 0.2000000030
146424  -48.158  -50.070  -26.180 0.2000000030
146707  -47.158  -59.091  -28.869 0.4000000060
147090  -47.736  -63.500  -46.226 0.1000000015
147788  -51.683  -57.426  -28.055 0.6000000238
147916  -49.331  -62.430  -34.067 0.2000000030
148906  -50.060  -61.351  -46.742 0.1000000015
149590  -50.251  -64.227  -23.751 0.3000000119
149654  -47.444  -65.103  -42.589 0.1000000015
149924  -47.237  -66.293  -34.103 0.1000000015
150273  -42.883  -50.468  -35.747 0.1000000015
150428  -46.715  -67.273  -26.596 0.1000000015
150784  -47.972  -63.170  -19.339 0.1000000015
150858  -52.986  -53.203  -22.019 0.3000000119
151242  -50.884  -52.179  -31.419 0.5000000000
151534  -49.630  -58.300  -34.499 0.1000000015
151546  -45.506  -46.934  -37.388 0.1000000015
151910  -46.403  -53.058  -31.204 0.3000000119
152763  -55.785  -55.500  -25.351 0.3000000119
152821  -50.655  -54.101  -24.230 0.3000000119
152859  -51.884  -63.314  -14.614 0.1000000015
153011  -54.248  -48.925  -23.089 0.1000000015
153152  -48.643  -50.405  -22.608 0.2000000030
153309  -48.537  -63.048  -46.225 0.1000000015
153410  -50.550  -59.431  -37.687 0.2000000030
154069  -58.474  -44.965  -37.016 0.1000000015
154084  -50.650  -58.373  -35.360 0.1000000015
154126  -47.640  -55.337  -39.719 0.1000000015
154151  -45.653  -49.131  -22.682 0.1000000015
154152  -48.756  -60.087  -47.312 0.1000000015
154341  -49.360  -62.883  -43.176 0.1000000015
154501  -46.607  -56.947  -20.649 0.1000000015
