#!ascii label  , from subject sub-v1s14x0051568_ses-1 vox2ras=TkReg
292
151109  -33.385  -8.389  -44.622 0.0000000000
151368  -31.202  -4.937  -48.374 0.0000000000
142549  -27.231  4.984  -47.642 0.0000000000
135267  -30.825  2.438  -48.789 0.0000000000
78989  -32.396  -0.406  -46.483 0.0000000000
76889  -34.933  -3.165  -44.062 0.0000000000
150253  -26.755  7.299  -47.320 0.0000000000
81127  -31.617  1.259  -48.522 0.0000000000
136479  -30.671  -1.273  -50.311 0.0000000000
71679  -33.283  -7.106  -47.208 0.0000000000
74833  -33.203  -4.474  -46.538 0.0000000000
73727  -34.927  -5.674  -44.160 0.0000000000
64855  -29.873  -13.200  -44.535 0.0000000000
69498  -32.154  -9.675  -47.065 0.0000000000
90795  -30.685  11.725  -46.798 0.0000000000
89920  -30.228  10.322  -47.078 0.0000000000
88076  -30.116  8.813  -47.238 0.0000000000
133269  -30.153  7.298  -47.077 0.0000000000
85150  -30.966  5.716  -47.693 0.0000000000
84185  -28.381  3.932  -48.776 0.0000000000
84189  -32.811  4.361  -48.670 0.0000000000
83178  -33.656  3.380  -47.785 0.0000000000
82146  -33.268  2.779  -46.257 0.0000000000
79993  -33.627  0.721  -43.742 0.0000000000
76915  -31.764  -2.587  -47.837 0.0000000000
76887  -33.717  -2.044  -44.869 0.0000000000
79019  -30.130  -0.771  -51.334 0.0000000000
77980  -29.267  -1.577  -51.409 0.0000000000
71654  -33.772  -7.323  -45.549 0.0000000000
72666  -34.061  -6.470  -45.493 0.0000000000
71641  -34.183  -6.920  -44.700 0.0000000000
137134  -31.297  -16.586  -42.257 0.0000000000
61344  -31.439  -16.446  -42.513 0.0000000000
62558  -31.063  -15.860  -43.204 0.0000000000
70613  -31.218  -8.803  -47.575 0.0000000000
69496  -30.665  -10.420  -47.186 0.0000000000
88982  -29.755  9.557  -46.935 0.0000000000
86129  -27.273  6.417  -47.041 0.0000000000
87178  -28.622  7.226  -46.804 0.0000000000
135804  -28.622  5.660  -47.134 0.0000000000
86131  -30.539  6.497  -47.316 0.0000000000
85149  -29.335  5.293  -47.370 0.0000000000
83192  -29.062  3.224  -49.011 0.0000000000
84187  -30.804  4.111  -48.447 0.0000000000
83194  -31.426  3.295  -48.680 0.0000000000
83196  -33.408  3.858  -48.464 0.0000000000
82171  -32.016  2.526  -48.825 0.0000000000
150770  -32.153  0.760  -47.490 0.0000000000
81112  -32.455  1.299  -47.168 0.0000000000
81107  -32.521  1.046  -46.112 0.0000000000
81108  -32.863  1.507  -45.541 0.0000000000
80025  -32.879  0.691  -45.211 0.0000000000
74859  -30.768  -4.212  -48.741 0.0000000000
130186  -30.715  -3.308  -49.155 0.0000000000
74861  -31.214  -3.987  -48.466 0.0000000000
75878  -34.359  -3.530  -44.671 0.0000000000
75884  -33.451  -3.158  -45.706 0.0000000000
76888  -34.309  -2.628  -44.455 0.0000000000
78971  -33.983  -0.971  -43.964 0.0000000000
130629  -35.272  -2.238  -43.285 0.0000000000
65961  -31.515  -13.051  -42.868 0.0000000000
65984  -30.268  -12.500  -45.161 0.0000000000
67087  -31.516  -11.891  -44.044 0.0000000000
67101  -31.999  -11.150  -44.436 0.0000000000
81138  -29.589  1.013  -49.795 0.0000000000
82170  -31.337  1.809  -48.825 0.0000000000
80047  -30.351  0.430  -49.486 0.0000000000
147332  -30.761  -0.042  -48.988 0.0000000000
78995  -31.493  -1.045  -48.060 0.0000000000
72706  -32.358  -6.155  -47.753 0.0000000000
74846  -32.545  -4.942  -47.341 0.0000000000
73754  -33.368  -5.447  -46.729 0.0000000000
73740  -34.302  -4.902  -44.951 0.0000000000
73728  -35.017  -4.843  -44.342 0.0000000000
64829  -31.513  -14.060  -42.736 0.0000000000
142696  -31.163  -6.094  -48.269 0.0000000000
71678  -32.028  -7.492  -47.892 0.0000000000
70599  -32.661  -8.764  -46.810 0.0000000000
69464  -32.949  -9.001  -45.135 0.0000000000
135917  -31.248  12.888  -47.744 0.0000000000
89909  -28.480  10.271  -46.265 0.0000000000
89911  -30.066  10.973  -46.553 0.0000000000
134963  -30.812  10.350  -47.762 0.0000000000
88999  -30.904  9.624  -48.136 0.0000000000
88077  -30.780  8.808  -47.875 0.0000000000
87167  -28.961  8.035  -46.716 0.0000000000
136816  -30.501  8.048  -47.423 0.0000000000
87190  -31.136  7.976  -48.005 0.0000000000
87180  -31.676  7.264  -48.275 0.0000000000
86132  -31.382  6.493  -47.824 0.0000000000
86140  -32.099  6.533  -48.391 0.0000000000
84171  -29.177  4.481  -47.867 0.0000000000
84172  -30.244  4.888  -47.852 0.0000000000
85161  -31.346  4.935  -48.256 0.0000000000
86141  -33.011  6.167  -48.784 0.0000000000
150662  -34.426  5.725  -48.636 0.0000000000
84162  -34.265  4.787  -46.651 0.0000000000
135515  -32.334  1.880  -48.651 0.0000000000
82152  -33.258  2.682  -47.280 0.0000000000
76945  -30.434  -2.720  -51.105 0.0000000000
76931  -30.895  -2.558  -48.978 0.0000000000
77954  -31.916  -1.724  -47.613 0.0000000000
75911  -32.563  -3.978  -47.136 0.0000000000
76904  -32.927  -2.695  -46.204 0.0000000000
78982  -32.699  -0.658  -45.752 0.0000000000
154204  -33.530  -0.481  -44.368 0.0000000000
79994  -34.219  0.217  -43.253 0.0000000000
68316  -31.684  -11.033  -46.393 0.0000000000
133294  -32.604  -9.840  -45.308 0.0000000000
69447  -33.177  -9.561  -43.489 0.0000000000
70569  -33.376  -8.148  -45.419 0.0000000000
71640  -33.746  -7.716  -44.639 0.0000000000
71628  -34.262  -7.420  -43.757 0.0000000000
71627  -33.665  -8.215  -43.911 0.0000000000
61329  -32.246  -16.123  -40.988 0.0000000000
61345  -31.957  -16.335  -41.961 0.0000000000
85148  -27.750  5.602  -47.209 0.0000000000
143286  -28.223  4.778  -47.675 0.0000000000
82189  -29.045  1.952  -49.699 0.0000000000
83212  -28.544  2.745  -49.720 0.0000000000
82168  -29.621  2.489  -49.173 0.0000000000
83193  -30.213  3.194  -48.605 0.0000000000
83195  -32.586  3.397  -48.694 0.0000000000
78996  -31.941  -0.097  -47.410 0.0000000000
80032  -32.323  0.468  -46.740 0.0000000000
80024  -32.578  0.140  -45.842 0.0000000000
73777  -30.967  -4.749  -48.524 0.0000000000
74860  -31.001  -4.411  -48.557 0.0000000000
147541  -31.568  -4.855  -48.071 0.0000000000
76875  -34.766  -2.375  -43.843 0.0000000000
153695  -35.298  -2.862  -43.581 0.0000000000
65973  -31.160  -12.707  -43.765 0.0000000000
142591  -29.066  0.491  -50.518 0.0000000000
80056  -29.779  0.135  -50.454 0.0000000000
79006  -30.364  -0.400  -49.892 0.0000000000
79007  -30.851  -0.767  -49.011 0.0000000000
77965  -30.889  -1.651  -49.094 0.0000000000
150718  -32.982  -6.523  -47.443 0.0000000000
73764  -32.888  -5.859  -47.359 0.0000000000
72695  -33.491  -6.330  -46.980 0.0000000000
72667  -34.413  -6.086  -44.713 0.0000000000
72684  -34.145  -5.631  -45.292 0.0000000000
141052  -34.547  -5.415  -44.690 0.0000000000
73717  -35.511  -5.218  -43.630 0.0000000000
61343  -29.843  -16.830  -41.578 0.0000000000
63672  -31.769  -15.163  -42.605 0.0000000000
140599  -32.106  -14.356  -42.288 0.0000000000
71688  -31.515  -6.943  -48.077 0.0000000000
69509  -31.384  -9.644  -47.350 0.0000000000
70614  -32.041  -8.846  -47.375 0.0000000000
69483  -32.577  -9.594  -46.229 0.0000000000
90794  -30.066  11.600  -45.977 0.0000000000
91715  -31.154  12.567  -46.981 0.0000000000
89910  -29.437  10.277  -46.502 0.0000000000
136337  -30.715  11.079  -47.349 0.0000000000
136533  -31.106  11.063  -48.155 0.0000000000
88066  -29.356  8.789  -46.800 0.0000000000
88983  -30.449  9.599  -47.497 0.0000000000
128513  -27.670  7.157  -46.887 0.0000000000
151279  -29.421  7.412  -46.841 0.0000000000
87179  -30.914  7.272  -47.604 0.0000000000
143451  -28.183  3.330  -49.671 0.0000000000
83191  -27.372  3.657  -49.896 0.0000000000
84186  -29.645  3.952  -48.380 0.0000000000
84188  -31.877  4.172  -48.636 0.0000000000
135033  -32.195  4.879  -48.570 0.0000000000
85163  -32.920  5.207  -48.742 0.0000000000
128330  -33.800  5.490  -48.804 0.0000000000
84190  -33.619  4.713  -48.561 0.0000000000
84173  -34.128  4.304  -47.956 0.0000000000
153826  -34.306  4.496  -47.283 0.0000000000
81113  -32.865  1.963  -46.537 0.0000000000
83172  -33.511  3.292  -46.820 0.0000000000
83167  -33.546  3.566  -45.920 0.0000000000
81096  -33.269  1.473  -44.553 0.0000000000
81079  -33.623  1.517  -43.607 0.0000000000
76944  -29.940  -3.126  -50.809 0.0000000000
75924  -31.241  -3.242  -48.476 0.0000000000
77953  -31.385  -1.918  -48.295 0.0000000000
76895  -33.309  -2.359  -45.518 0.0000000000
146289  -32.808  -1.968  -45.962 0.0000000000
77940  -33.096  -1.409  -45.399 0.0000000000
78983  -33.062  -0.372  -45.056 0.0000000000
77930  -33.578  -1.186  -44.628 0.0000000000
78956  -34.417  -0.608  -43.422 0.0000000000
78941  -34.788  -0.285  -42.801 0.0000000000
68296  -32.575  -10.422  -43.703 0.0000000000
68302  -32.354  -10.441  -44.875 0.0000000000
69446  -32.808  -9.685  -44.414 0.0000000000
80055  -29.482  -0.160  -51.246 0.0000000000
77981  -30.056  -1.545  -51.651 0.0000000000
77982  -30.475  -1.829  -51.356 0.0000000000
71665  -33.287  -7.826  -46.479 0.0000000000
128505  -33.747  -6.860  -46.410 0.0000000000
140742  -34.642  -6.477  -43.976 0.0000000000
72656  -35.245  -6.035  -43.444 0.0000000000
72643  -34.899  -6.828  -43.166 0.0000000000
130369  -30.662  -16.757  -41.976 0.0000000000
62545  -31.644  -16.047  -42.582 0.0000000000
62546  -32.506  -15.521  -42.125 0.0000000000
70612  -30.327  -8.659  -47.454 0.0000000000
152804  -29.753  -9.267  -47.160 0.0000000000
149319  -30.479  -9.514  -47.356 0.0000000000
69497  -31.576  -10.302  -47.132 0.0000000000
90793  -29.100  11.021  -45.884 0.0000000000
88968  -28.929  9.527  -46.552 0.0000000000
86130  -28.244  6.396  -46.932 0.0000000000
149415  -29.428  6.429  -46.978 0.0000000000
151147  -30.149  5.759  -47.333 0.0000000000
150162  -33.320  3.127  -48.472 0.0000000000
80040  -31.682  0.658  -47.981 0.0000000000
81120  -32.318  1.302  -48.083 0.0000000000
128542  -33.146  2.215  -45.504 0.0000000000
75923  -30.194  -3.141  -49.690 0.0000000000
133506  -30.717  -3.778  -48.906 0.0000000000
75910  -31.854  -3.540  -47.771 0.0000000000
74823  -34.010  -4.210  -45.133 0.0000000000
74822  -33.547  -3.980  -45.774 0.0000000000
75885  -33.820  -3.546  -45.244 0.0000000000
76896  -33.834  -2.873  -45.068 0.0000000000
77931  -34.173  -1.787  -44.216 0.0000000000
77913  -34.683  -1.503  -43.528 0.0000000000
78957  -34.918  -0.957  -43.049 0.0000000000
78942  -35.343  -0.847  -42.505 0.0000000000
77914  -35.300  -1.547  -42.903 0.0000000000
64856  -30.546  -13.119  -44.336 0.0000000000
65985  -30.968  -12.411  -44.760 0.0000000000
67100  -31.418  -11.720  -45.101 0.0000000000
67088  -32.116  -11.316  -43.399 0.0000000000
82169  -30.160  1.768  -49.233 0.0000000000
81126  -30.615  1.156  -49.004 0.0000000000
80048  -30.948  0.570  -48.577 0.0000000000
80039  -31.230  -0.113  -48.246 0.0000000000
73778  -31.649  -5.536  -48.060 0.0000000000
73763  -32.174  -5.517  -47.715 0.0000000000
72683  -33.826  -5.968  -46.161 0.0000000000
151125  -33.733  -4.954  -45.754 0.0000000000
74813  -34.560  -4.300  -44.652 0.0000000000
74814  -35.101  -3.982  -44.213 0.0000000000
75864  -35.647  -3.594  -43.553 0.0000000000
74804  -35.649  -4.423  -43.698 0.0000000000
141358  -29.627  -17.001  -40.392 0.0000000000
64842  -30.350  -14.133  -43.909 0.0000000000
63683  -30.388  -15.301  -43.670 0.0000000000
63684  -30.991  -14.749  -43.278 0.0000000000
64843  -30.994  -13.657  -43.508 0.0000000000
64830  -32.023  -13.518  -42.225 0.0000000000
141777  -30.968  -5.303  -48.448 0.0000000000
71689  -31.785  -6.294  -48.058 0.0000000000
153651  -32.024  -6.938  -47.990 0.0000000000
130325  -32.520  -6.947  -47.741 0.0000000000
132466  -31.862  -8.198  -47.698 0.0000000000
71664  -32.645  -7.911  -47.422 0.0000000000
91710  -30.653  12.301  -46.177 0.0000000000
90804  -31.144  11.933  -47.731 0.0000000000
135533  -31.057  10.307  -48.543 0.0000000000
89004  -31.129  9.558  -48.896 0.0000000000
138611  -31.050  9.050  -48.508 0.0000000000
87166  -27.940  7.980  -46.813 0.0000000000
140734  -29.792  8.068  -46.936 0.0000000000
88089  -31.280  8.510  -48.525 0.0000000000
88090  -31.595  7.949  -48.599 0.0000000000
87205  -32.127  7.729  -48.898 0.0000000000
84184  -27.099  4.352  -48.824 0.0000000000
85162  -31.969  5.713  -48.327 0.0000000000
85151  -34.387  5.080  -48.392 0.0000000000
84174  -34.651  4.982  -47.557 0.0000000000
151061  -34.641  5.215  -46.938 0.0000000000
82158  -32.870  2.577  -48.601 0.0000000000
149215  -33.332  2.702  -48.092 0.0000000000
82151  -32.889  2.022  -47.915 0.0000000000
84161  -33.869  4.037  -46.887 0.0000000000
82137  -33.424  2.570  -44.741 0.0000000000
143571  -29.955  -2.252  -51.382 0.0000000000
76930  -30.673  -2.214  -50.256 0.0000000000
147454  -30.371  -2.763  -49.857 0.0000000000
77946  -32.163  -1.083  -47.081 0.0000000000
145789  -31.895  -4.299  -47.752 0.0000000000
75896  -32.481  -3.061  -47.016 0.0000000000
75897  -33.072  -3.553  -46.391 0.0000000000
76903  -32.412  -2.049  -46.827 0.0000000000
77939  -32.574  -1.262  -46.204 0.0000000000
80012  -33.312  0.305  -44.426 0.0000000000
78955  -33.804  -0.150  -43.836 0.0000000000
68336  -31.330  -10.887  -46.969 0.0000000000
68337  -32.001  -10.412  -46.731 0.0000000000
67116  -31.871  -11.100  -45.506 0.0000000000
68317  -32.235  -10.459  -45.917 0.0000000000
69465  -33.236  -8.924  -44.129 0.0000000000
70585  -33.026  -8.675  -46.063 0.0000000000
72717  -31.220  -5.402  -48.319 0.0000000000
150746  -30.306  -2.101  -51.542 0.0000000000
