#!ascii label  , from subject sub-v1s14x0051568_ses-1 vox2ras=TkReg
813
141358  -29.627  -17.001  -40.392 0.4285714328
130170  -30.069  -17.094  -42.682 0.2857142985
61343  -29.843  -16.830  -41.578 0.4285714328
137134  -31.297  -16.586  -42.257 0.4285714328
61345  -31.957  -16.335  -41.961 0.4285714328
61365  -30.401  -16.940  -43.278 0.2857142985
61344  -31.439  -16.446  -42.513 0.4285714328
62546  -32.506  -15.521  -42.125 0.4285714328
63683  -30.388  -15.301  -43.670 0.4285714328
63672  -31.769  -15.163  -42.605 0.4285714328
64843  -30.994  -13.657  -43.508 0.4285714328
65961  -31.515  -13.051  -42.868 0.4285714328
65984  -30.268  -12.500  -45.161 0.5714285970
65973  -31.160  -12.707  -43.765 0.5714285970
67088  -32.116  -11.316  -43.399 0.2857142985
67100  -31.418  -11.720  -45.101 0.7142857313
67101  -31.999  -11.150  -44.436 0.7142857313
68296  -32.575  -10.422  -43.703 0.7142857313
69447  -33.177  -9.561  -43.489 0.4285714328
69465  -33.236  -8.924  -44.129 0.5714285970
133294  -32.604  -9.840  -45.308 0.5714285970
69464  -32.949  -9.001  -45.135 0.5714285970
151109  -33.385  -8.389  -44.622 0.5714285970
71627  -33.665  -8.215  -43.911 0.4285714328
71654  -33.772  -7.323  -45.549 0.5714285970
140742  -34.642  -6.477  -43.976 0.5714285970
71665  -33.287  -7.826  -46.479 0.7142857313
71641  -34.183  -6.920  -44.700 0.7142857313
72667  -34.413  -6.086  -44.713 0.7142857313
73727  -34.927  -5.674  -44.160 0.5714285970
70614  -32.041  -8.846  -47.375 0.5714285970
128505  -33.747  -6.860  -46.410 0.8571428657
141052  -34.547  -5.415  -44.690 0.7142857313
73728  -35.017  -4.843  -44.342 0.5714285970
71679  -33.283  -7.106  -47.208 0.7142857313
130325  -32.520  -6.947  -47.741 0.5714285970
74823  -34.010  -4.210  -45.133 0.7142857313
72683  -33.826  -5.968  -46.161 0.7142857313
73740  -34.302  -4.902  -44.951 0.7142857313
75878  -34.359  -3.530  -44.671 0.5714285970
151125  -33.733  -4.954  -45.754 0.7142857313
73754  -33.368  -5.447  -46.729 0.5714285970
76896  -33.834  -2.873  -45.068 0.7142857313
74833  -33.203  -4.474  -46.538 0.7142857313
74822  -33.547  -3.980  -45.774 0.7142857313
75884  -33.451  -3.158  -45.706 0.7142857313
76887  -33.717  -2.044  -44.869 0.7142857313
75897  -33.072  -3.553  -46.391 0.7142857313
74846  -32.545  -4.942  -47.341 0.5714285970
77930  -33.578  -1.186  -44.628 0.5714285970
154204  -33.530  -0.481  -44.368 0.5714285970
75896  -32.481  -3.061  -47.016 0.8571428657
75911  -32.563  -3.978  -47.136 0.8571428657
78983  -33.062  -0.372  -45.056 0.7142857313
78982  -32.699  -0.658  -45.752 0.7142857313
76904  -32.927  -2.695  -46.204 0.8571428657
146289  -32.808  -1.968  -45.962 0.7142857313
80032  -32.323  0.468  -46.740 0.8571428657
80025  -32.879  0.691  -45.211 0.5714285970
77946  -32.163  -1.083  -47.081 0.8571428657
76903  -32.412  -2.049  -46.827 0.8571428657
77939  -32.574  -1.262  -46.204 0.8571428657
150770  -32.153  0.760  -47.490 0.8571428657
81112  -32.455  1.299  -47.168 0.8571428657
135515  -32.334  1.880  -48.651 0.8571428657
78989  -32.396  -0.406  -46.483 0.8571428657
81120  -32.318  1.302  -48.083 0.8571428657
81127  -31.617  1.259  -48.522 1.0000000000
135267  -30.825  2.438  -48.789 1.0000000000
83192  -29.062  3.224  -49.011 0.7142857313
82170  -31.337  1.809  -48.825 1.0000000000
82169  -30.160  1.768  -49.233 1.0000000000
84172  -30.244  4.888  -47.852 1.0000000000
143286  -28.223  4.778  -47.675 0.8571428657
135804  -28.622  5.660  -47.134 0.8571428657
140734  -29.792  8.068  -46.936 0.8571428657
151279  -29.421  7.412  -46.841 0.8571428657
133269  -30.153  7.298  -47.077 1.0000000000
88983  -30.449  9.599  -47.497 0.8571428657
88076  -30.116  8.813  -47.238 0.8571428657
88982  -29.755  9.557  -46.935 0.5714285970
89920  -30.228  10.322  -47.078 0.7142857313
136533  -31.106  11.063  -48.155 0.5714285970
89911  -30.066  10.973  -46.553 0.5714285970
89910  -29.437  10.277  -46.502 0.5714285970
90793  -29.100  11.021  -45.884 0.4285714328
90795  -30.685  11.725  -46.798 0.4285714328
135917  -31.248  12.888  -47.744 0.4285714328
90786  -30.141  12.150  -45.548 0.2857142985
91706  -29.737  12.548  -45.052 0.2857142985
90785  -29.378  11.847  -45.385 0.2857142985
61356  -30.715  -16.852  -42.840 0.2857142985
70569  -33.376  -8.148  -45.419 0.5714285970
76895  -33.309  -2.359  -45.518 0.7142857313
77940  -33.096  -1.409  -45.399 0.7142857313
80024  -32.578  0.140  -45.842 0.8571428657
81107  -32.521  1.046  -46.112 0.8571428657
82151  -32.889  2.022  -47.915 0.8571428657
83193  -30.213  3.194  -48.605 0.8571428657
93588  -29.981  13.882  -44.272 0.1428571492
141997  -30.151  -17.141  -43.219 0.2857142985
62557  -30.361  -16.424  -43.565 0.2857142985
61357  -30.936  -16.562  -43.029 0.2857142985
62558  -31.063  -15.860  -43.204 0.4285714328
140599  -32.106  -14.356  -42.288 0.4285714328
64856  -30.546  -13.119  -44.336 0.4285714328
64830  -32.023  -13.518  -42.225 0.4285714328
64855  -29.873  -13.200  -44.535 0.5714285970
65985  -30.968  -12.411  -44.760 0.5714285970
67115  -31.223  -11.519  -45.959 0.2857142985
68302  -32.354  -10.441  -44.875 0.7142857313
69446  -32.808  -9.685  -44.414 0.4285714328
68337  -32.001  -10.412  -46.731 0.5714285970
72643  -34.899  -6.828  -43.166 0.4285714328
69483  -32.577  -9.594  -46.229 0.7142857313
70599  -32.661  -8.764  -46.810 0.7142857313
71640  -33.746  -7.716  -44.639 0.7142857313
72666  -34.061  -6.470  -45.493 0.7142857313
72684  -34.145  -5.631  -45.292 0.7142857313
71664  -32.645  -7.911  -47.422 0.5714285970
76889  -34.933  -3.165  -44.062 0.5714285970
150718  -32.982  -6.523  -47.443 0.5714285970
74814  -35.101  -3.982  -44.213 0.5714285970
76888  -34.309  -2.628  -44.455 0.5714285970
78996  -31.941  -0.097  -47.410 1.0000000000
82158  -32.870  2.577  -48.601 1.0000000000
80048  -30.948  0.570  -48.577 1.0000000000
82168  -29.621  2.489  -49.173 0.8571428657
84185  -28.381  3.932  -48.776 0.7142857313
84186  -29.645  3.952  -48.380 1.0000000000
84187  -30.804  4.111  -48.447 1.0000000000
84171  -29.177  4.481  -47.867 0.7142857313
85149  -29.335  5.293  -47.370 0.8571428657
149415  -29.428  6.429  -46.978 1.0000000000
86131  -30.539  6.497  -47.316 1.0000000000
88968  -28.929  9.527  -46.552 0.5714285970
136337  -30.715  11.079  -47.349 0.7142857313
89909  -28.480  10.271  -46.265 0.4285714328
91710  -30.653  12.301  -46.177 0.2857142985
91715  -31.154  12.567  -46.981 0.4285714328
90804  -31.144  11.933  -47.731 0.4285714328
91707  -30.503  12.817  -45.569 0.2857142985
68316  -31.684  -11.033  -46.393 0.4285714328
90794  -30.066  11.600  -45.977 0.4285714328
130369  -30.662  -16.757  -41.976 0.4285714328
60259  -29.298  -17.015  -42.288 0.2857142985
61329  -32.246  -16.123  -40.988 0.4285714328
61364  -29.928  -17.011  -43.484 0.2857142985
62545  -31.644  -16.047  -42.582 0.4285714328
63691  -29.704  -14.394  -44.095 0.2857142985
63684  -30.991  -14.749  -43.278 0.4285714328
64829  -31.513  -14.060  -42.736 0.4285714328
64842  -30.350  -14.133  -43.909 0.4285714328
65999  -30.733  -12.020  -45.579 0.2857142985
67087  -31.516  -11.891  -44.044 0.4285714328
67116  -31.871  -11.100  -45.506 0.5714285970
68317  -32.235  -10.459  -45.917 0.5714285970
71628  -34.262  -7.420  -43.757 0.4285714328
72656  -35.245  -6.035  -43.444 0.5714285970
72695  -33.491  -6.330  -46.980 0.5714285970
74813  -34.560  -4.300  -44.652 0.5714285970
75885  -33.820  -3.546  -45.244 0.7142857313
73764  -32.888  -5.859  -47.359 0.7142857313
77954  -31.916  -1.724  -47.613 0.8571428657
80040  -31.682  0.658  -47.981 1.0000000000
88066  -29.356  8.789  -46.800 0.8571428657
91705  -28.800  12.312  -44.798 0.2857142985
92662  -30.181  13.330  -44.942 0.2857142985
91701  -29.173  13.120  -44.366 0.1428571492
153956  -29.910  -15.645  -43.894 0.2857142985
93611  -28.825  14.913  -50.162 0.2857142985
94589  -28.762  15.738  -49.873 0.1428571492
93608  -30.711  14.087  -48.312 0.2857142985
93612  -29.504  14.405  -49.705 0.2857142985
94590  -29.356  15.201  -49.381 0.1428571492
95515  -28.829  16.573  -49.545 0.1428571492
93604  -31.034  14.261  -47.327 0.1428571492
134683  -31.180  13.606  -47.797 0.2857142985
93603  -30.389  14.855  -48.013 0.1428571492
148474  -29.598  13.707  -50.009 0.2857142985
90839  -29.952  11.122  -51.685 0.2857142985
138024  -30.052  12.077  -50.565 0.2857142985
94585  -29.266  15.993  -49.028 0.1428571492
92672  -30.876  13.302  -48.462 0.2857142985
139879  -31.120  10.975  -49.000 0.2857142985
147889  -30.244  13.729  -49.238 0.2857142985
89014  -31.175  10.053  -50.407 0.1428571492
90823  -30.622  11.614  -49.743 0.2857142985
91733  -30.061  12.816  -49.945 0.2857142985
94586  -29.784  15.431  -48.526 0.1428571492
91734  -30.674  12.325  -49.204 0.2857142985
92679  -30.585  12.945  -49.085 0.2857142985
89016  -32.325  9.429  -50.984 0.1428571492
89015  -31.689  9.651  -50.678 0.1428571492
89951  -30.790  10.754  -50.188 0.4285714328
88090  -31.595  7.949  -48.599 0.2857142985
138611  -31.050  9.050  -48.508 0.4285714328
135533  -31.057  10.307  -48.543 0.2857142985
87206  -32.875  7.618  -49.094 0.1428571492
88099  -31.754  8.505  -49.178 0.2857142985
88089  -31.280  8.510  -48.525 0.5714285970
88999  -30.904  9.624  -48.136 0.7142857313
87191  -32.531  7.034  -48.744 0.1428571492
87205  -32.127  7.729  -48.898 0.1428571492
134963  -30.812  10.350  -47.762 0.4285714328
87190  -31.136  7.976  -48.005 0.4285714328
86141  -33.011  6.167  -48.784 0.2857142985
86140  -32.099  6.533  -48.391 0.7142857313
136816  -30.501  8.048  -47.423 0.7142857313
151147  -30.149  5.759  -47.333 0.8571428657
86132  -31.382  6.493  -47.824 0.8571428657
150662  -34.426  5.725  -48.636 0.2857142985
86142  -34.035  6.262  -48.908 0.2857142985
87179  -30.914  7.272  -47.604 0.7142857313
87167  -28.961  8.035  -46.716 0.5714285970
85162  -31.969  5.713  -48.327 0.7142857313
85152  -34.792  5.651  -48.111 0.1428571492
80055  -29.482  -0.160  -51.246 0.5714285970
81126  -30.615  1.156  -49.004 0.8571428657
81138  -29.589  1.013  -49.795 0.4285714328
82189  -29.045  1.952  -49.699 0.5714285970
84188  -31.877  4.172  -48.636 0.8571428657
84174  -34.651  4.982  -47.557 0.2857142985
135033  -32.195  4.879  -48.570 0.8571428657
151061  -34.641  5.215  -46.938 0.4285714328
84190  -33.619  4.713  -48.561 0.7142857313
85163  -32.920  5.207  -48.742 0.7142857313
141476  -29.483  -0.766  -51.485 0.2857142985
80047  -30.351  0.430  -49.486 0.5714285970
80056  -29.779  0.135  -50.454 0.5714285970
83194  -31.426  3.295  -48.680 0.8571428657
85161  -31.346  4.935  -48.256 0.8571428657
84173  -34.128  4.304  -47.956 0.4285714328
83196  -33.408  3.858  -48.464 0.8571428657
84189  -32.811  4.361  -48.670 0.8571428657
84162  -34.265  4.787  -46.651 0.4285714328
74860  -31.001  -4.411  -48.557 0.7142857313
75923  -30.194  -3.141  -49.690 0.4285714328
74861  -31.214  -3.987  -48.466 0.7142857313
76915  -31.764  -2.587  -47.837 0.8571428657
147454  -30.371  -2.763  -49.857 0.5714285970
77982  -30.475  -1.829  -51.356 0.5714285970
77980  -29.267  -1.577  -51.409 0.4285714328
77965  -30.889  -1.651  -49.094 0.8571428657
136479  -30.671  -1.273  -50.311 0.5714285970
79019  -30.130  -0.771  -51.334 0.5714285970
147332  -30.761  -0.042  -48.988 0.7142857313
79006  -30.364  -0.400  -49.892 0.5714285970
82152  -33.258  2.682  -47.280 0.7142857313
150162  -33.320  3.127  -48.472 0.7142857313
83195  -32.586  3.397  -48.694 0.8571428657
153850  -33.697  4.042  -45.216 0.2857142985
83172  -33.511  3.292  -46.820 0.4285714328
84161  -33.869  4.037  -46.887 0.5714285970
72706  -32.358  -6.155  -47.753 0.4285714328
151368  -31.202  -4.937  -48.374 0.4285714328
74859  -30.768  -4.212  -48.741 0.4285714328
78995  -31.493  -1.045  -48.060 0.8571428657
81113  -32.865  1.963  -46.537 0.7142857313
150365  -33.374  2.904  -45.470 0.2857142985
82146  -33.268  2.779  -46.257 0.5714285970
153651  -32.024  -6.938  -47.990 0.4285714328
142696  -31.163  -6.094  -48.269 0.5714285970
147541  -31.568  -4.855  -48.071 0.5714285970
81108  -32.863  1.507  -45.541 0.4285714328
82137  -33.424  2.570  -44.741 0.4285714328
128542  -33.146  2.215  -45.504 0.4285714328
69509  -31.384  -9.644  -47.350 0.5714285970
74804  -35.649  -4.423  -43.698 0.4285714328
78956  -34.417  -0.608  -43.422 0.4285714328
79994  -34.219  0.217  -43.253 0.4285714328
80012  -33.312  0.305  -44.426 0.4285714328
65962  -32.096  -12.560  -42.249 0.1428571492
76875  -34.766  -2.375  -43.843 0.4285714328
77913  -34.683  -1.503  -43.528 0.4285714328
67077  -32.316  -11.613  -42.459 0.1428571492
68289  -33.165  -10.184  -42.650 0.1428571492
70557  -34.096  -8.200  -43.160 0.2857142985
73707  -36.890  -4.766  -42.356 0.2857142985
76863  -36.919  -3.173  -42.089 0.2857142985
75865  -36.368  -3.576  -42.825 0.2857142985
75852  -36.303  -2.788  -42.515 0.2857142985
73718  -36.157  -4.798  -43.022 0.2857142985
76862  -35.783  -2.204  -42.706 0.2857142985
130629  -35.272  -2.238  -43.285 0.4285714328
67063  -32.791  -12.142  -41.453 0.1428571492
67078  -32.908  -11.018  -42.034 0.1428571492
65974  -31.687  -12.119  -43.063 0.1428571492
68278  -33.856  -9.803  -42.022 0.2857142985
142872  -33.673  -9.364  -42.740 0.2857142985
145519  -35.767  -6.739  -42.137 0.2857142985
72623  -36.833  -5.676  -41.803 0.2857142985
72645  -36.107  -6.077  -42.263 0.2857142985
73706  -36.396  -5.376  -42.497 0.2857142985
149123  -33.484  -10.483  -41.826 0.1428571492
130756  -35.585  -8.249  -41.334 0.2857142985
68279  -34.131  -10.399  -41.231 0.2857142985
70539  -35.065  -7.907  -42.083 0.2857142985
69420  -34.237  -9.085  -42.221 0.2857142985
62533  -32.146  -16.016  -42.154 0.2857142985
64814  -32.783  -14.116  -41.913 0.1428571492
65947  -33.175  -13.377  -41.375 0.1428571492
60234  -30.317  -17.094  -39.675 0.2857142985
60233  -29.472  -17.455  -39.392 0.2857142985
63660  -32.595  -14.909  -42.216 0.2857142985
61307  -31.133  -16.763  -40.030 0.1428571492
60212  -29.322  -17.854  -38.727 0.1428571492
69421  -34.534  -9.496  -41.550 0.2857142985
71595  -35.680  -7.385  -41.788 0.2857142985
73694  -37.334  -4.977  -41.736 0.2857142985
74795  -37.051  -3.980  -42.378 0.2857142985
73717  -35.511  -5.218  -43.630 0.4285714328
75864  -35.647  -3.594  -43.553 0.4285714328
76876  -35.781  -2.896  -43.085 0.2857142985
77899  -35.816  -1.511  -42.289 0.2857142985
130186  -30.715  -3.308  -49.155 0.7142857313
78957  -34.918  -0.957  -43.049 0.4285714328
79007  -30.851  -0.767  -49.011 0.5714285970
78971  -33.983  -0.971  -43.964 0.4285714328
149988  -33.550  3.378  -44.973 0.2857142985
83167  -33.546  3.566  -45.920 0.5714285970
86130  -28.244  6.396  -46.932 0.7142857313
83178  -33.656  3.380  -47.785 0.7142857313
84155  -33.816  4.414  -45.892 0.2857142985
85150  -30.966  5.716  -47.693 0.8571428657
90812  -31.027  11.731  -48.699 0.2857142985
95510  -29.611  16.194  -48.117 0.1428571492
89005  -31.512  9.389  -49.661 0.1428571492
92688  -29.276  13.421  -50.705 0.2857142985
128822  -31.854  -16.460  -40.196 0.1428571492
60248  -28.969  -16.955  -41.112 0.2857142985
132459  -32.708  -15.821  -41.691 0.1428571492
67065  -34.072  -11.381  -40.696 0.1428571492
133303  -34.782  -10.779  -40.576 0.1428571492
130327  -33.629  -8.835  -43.358 0.2857142985
70538  -34.476  -8.381  -42.458 0.2857142985
71613  -35.270  -7.154  -42.451 0.2857142985
71612  -34.642  -7.627  -42.811 0.2857142985
143434  -37.429  -4.361  -41.870 0.2857142985
71689  -31.785  -6.294  -48.058 0.5714285970
72644  -35.514  -6.400  -42.716 0.2857142985
73776  -30.624  -4.979  -48.588 0.2857142985
77900  -36.299  -2.160  -42.149 0.2857142985
78926  -35.867  -0.780  -41.810 0.2857142985
75910  -31.854  -3.540  -47.771 0.5714285970
76944  -29.940  -3.126  -50.809 0.4285714328
78942  -35.343  -0.847  -42.505 0.4285714328
80054  -28.955  0.062  -51.069 0.2857142985
77981  -30.056  -1.545  -51.651 0.5714285970
77931  -34.173  -1.787  -44.216 0.4285714328
79979  -34.623  0.552  -42.551 0.1428571492
81079  -33.623  1.517  -43.607 0.4285714328
79993  -33.627  0.721  -43.742 0.4285714328
82122  -33.579  2.298  -43.869 0.1428571492
85138  -34.767  5.760  -47.134 0.2857142985
86133  -34.713  6.390  -47.784 0.1428571492
92666  -31.060  13.127  -46.302 0.2857142985
85164  -34.512  6.296  -48.514 0.1428571492
87207  -34.132  7.073  -48.725 0.1428571492
86154  -33.427  6.974  -48.926 0.1428571492
147173  -30.552  15.020  -47.247 0.1428571492
87180  -31.676  7.264  -48.275 0.5714285970
89946  -31.144  10.251  -49.463 0.2857142985
88114  -32.128  9.075  -49.964 0.1428571492
89957  -30.611  10.488  -51.189 0.2857142985
130747  -31.142  9.908  -51.237 0.1428571492
148738  -33.128  -15.942  -40.654 0.1428571492
149401  -33.464  -12.683  -40.945 0.1428571492
89026  -31.575  9.629  -51.836 0.1428571492
60249  -30.485  -16.722  -40.802 0.2857142985
61328  -31.381  -16.456  -41.191 0.1428571492
147371  -32.631  -15.695  -41.974 0.1428571492
68288  -32.591  -10.865  -42.827 0.1428571492
145789  -31.895  -4.299  -47.752 0.5714285970
73763  -32.174  -5.517  -47.715 0.4285714328
78955  -33.804  -0.150  -43.836 0.4285714328
149215  -33.332  2.702  -48.092 0.7142857313
80039  -31.230  -0.113  -48.246 0.8571428657
82171  -32.016  2.526  -48.825 0.8571428657
88077  -30.780  8.808  -47.875 0.7142857313
91724  -30.994  12.517  -48.497 0.2857142985
65946  -32.491  -13.133  -41.733 0.1428571492
69498  -32.154  -9.675  -47.065 0.5714285970
153695  -35.298  -2.862  -43.581 0.4285714328
92669  -31.294  13.415  -47.088 0.2857142985
77953  -31.385  -1.918  -48.295 0.8571428657
93607  -30.032  14.643  -48.899 0.2857142985
93618  -29.024  14.170  -50.470 0.2857142985
90834  -30.293  11.329  -50.782 0.2857142985
133166  -29.499  12.656  -50.986 0.2857142985
143938  -30.096  15.588  -47.635 0.1428571492
145706  -30.933  10.891  -49.588 0.2857142985
89004  -31.129  9.558  -48.896 0.2857142985
130980  -32.461  8.321  -49.440 0.1428571492
88098  -31.316  8.943  -49.008 0.2857142985
128330  -33.800  5.490  -48.804 0.5714285970
85151  -34.387  5.080  -48.392 0.4285714328
142591  -29.066  0.491  -50.518 0.4285714328
153826  -34.306  4.496  -47.283 0.5714285970
73777  -30.967  -4.749  -48.524 0.5714285970
133506  -30.717  -3.778  -48.906 0.4285714328
75924  -31.241  -3.242  -48.476 0.7142857313
76931  -30.895  -2.558  -48.978 0.7142857313
76945  -30.434  -2.720  -51.105 0.4285714328
76930  -30.673  -2.214  -50.256 0.5714285970
143571  -29.955  -2.252  -51.382 0.4285714328
76943  -28.988  -2.593  -50.921 0.2857142985
73778  -31.649  -5.536  -48.060 0.5714285970
141777  -30.968  -5.303  -48.448 0.5714285970
81096  -33.269  1.473  -44.553 0.4285714328
83143  -33.640  3.184  -44.139 0.2857142985
151481  -36.152  -4.131  -43.243 0.2857142985
78941  -34.788  -0.285  -42.801 0.4285714328
69430  -34.011  -8.768  -42.771 0.2857142985
74794  -36.569  -4.252  -42.797 0.2857142985
73705  -35.813  -5.623  -42.914 0.2857142985
77914  -35.300  -1.547  -42.903 0.4285714328
142688  -33.498  -11.929  -40.868 0.1428571492
67064  -33.437  -11.188  -41.288 0.1428571492
72622  -36.316  -6.718  -41.563 0.2857142985
70527  -34.837  -8.699  -41.783 0.2857142985
60214  -31.111  -17.221  -39.032 0.1428571492
60213  -30.140  -17.658  -38.721 0.1428571492
61308  -31.674  -16.836  -39.514 0.1428571492
61309  -32.283  -16.654  -39.568 0.1428571492
62513  -33.599  -15.539  -41.457 0.1428571492
93599  -30.812  14.784  -46.493 0.1428571492
128513  -27.670  7.157  -46.887 0.5714285970
85148  -27.750  5.602  -47.209 0.4285714328
86129  -27.273  6.417  -47.041 0.4285714328
142549  -27.231  4.984  -47.642 0.4285714328
87178  -28.622  7.226  -46.804 0.4285714328
83191  -27.372  3.657  -49.896 0.4285714328
84184  -27.099  4.352  -48.824 0.4285714328
83212  -28.544  2.745  -49.720 0.5714285970
76850  -38.181  -2.741  -40.678 0.1428571492
76848  -36.932  -2.290  -41.592 0.1428571492
77884  -36.397  -1.477  -41.632 0.1428571492
76826  -39.788  -3.090  -39.744 0.1428571492
135385  -38.659  -3.154  -40.377 0.1428571492
76835  -40.252  -2.131  -39.731 0.1428571492
76833  -38.738  -2.476  -40.196 0.1428571492
77874  -40.170  -1.254  -39.978 0.1428571492
149438  -38.053  -4.911  -40.852 0.1428571492
74773  -38.729  -3.885  -40.402 0.1428571492
76829  -42.373  -3.054  -39.820 0.1428571492
75833  -39.098  -3.350  -40.021 0.1428571492
76865  -44.414  -2.660  -42.512 0.1428571492
137750  -42.682  -2.110  -40.494 0.1428571492
77888  -43.515  -1.866  -41.654 0.1428571492
64854  -29.204  -13.090  -44.529 0.2857142985
71576  -36.721  -7.288  -40.842 0.1428571492
139011  -37.830  -6.257  -40.536 0.1428571492
72602  -37.101  -6.395  -41.027 0.1428571492
73677  -37.568  -5.462  -41.104 0.1428571492
74761  -39.817  -4.334  -39.656 0.1428571492
73663  -38.804  -5.587  -39.920 0.1428571492
75827  -41.225  -3.618  -39.429 0.1428571492
152879  -39.112  -4.312  -39.982 0.1428571492
75834  -42.773  -3.578  -39.947 0.1428571492
74786  -44.352  -4.230  -41.939 0.1428571492
74805  -44.929  -4.171  -43.509 0.1428571492
76852  -43.951  -2.793  -41.561 0.1428571492
63690  -28.882  -13.972  -44.087 0.2857142985
63681  -28.520  -14.632  -43.678 0.2857142985
70528  -36.346  -8.138  -40.701 0.1428571492
70513  -37.143  -7.951  -40.306 0.1428571492
71577  -37.484  -7.085  -40.440 0.1428571492
138906  -38.400  -6.151  -40.134 0.1428571492
135421  -40.296  -5.101  -39.461 0.1428571492
73667  -42.997  -4.995  -39.897 0.1428571492
74785  -43.946  -4.357  -41.188 0.1428571492
74775  -43.503  -4.760  -40.528 0.1428571492
75867  -45.060  -3.699  -43.872 0.1428571492
75866  -44.802  -3.374  -43.128 0.1428571492
69422  -35.222  -9.148  -41.154 0.1428571492
69396  -36.793  -8.950  -40.079 0.1428571492
148014  -38.555  -7.635  -39.691 0.1428571492
70499  -38.444  -8.321  -39.633 0.1428571492
140299  -41.449  -6.827  -39.563 0.1428571492
72603  -38.280  -6.920  -40.000 0.1428571492
73666  -41.844  -5.923  -39.503 0.1428571492
73664  -39.695  -5.916  -39.502 0.1428571492
133890  -42.243  -5.119  -39.542 0.1428571492
73720  -44.643  -4.823  -43.282 0.1428571492
73695  -43.737  -5.315  -41.218 0.1428571492
73721  -44.951  -4.735  -43.952 0.1428571492
73729  -44.677  -5.468  -44.032 0.1428571492
69412  -36.135  -9.760  -40.221 0.1428571492
69410  -34.915  -9.920  -40.887 0.1428571492
132975  -39.070  -8.945  -39.474 0.1428571492
146856  -38.312  -9.025  -39.600 0.1428571492
71568  -39.844  -7.432  -39.413 0.1428571492
72624  -42.834  -6.885  -40.946 0.1428571492
71571  -42.099  -7.046  -39.893 0.1428571492
72605  -42.996  -6.265  -40.427 0.1428571492
140639  -43.582  -5.924  -41.746 0.1428571492
142399  -42.662  -5.888  -39.825 0.1428571492
73709  -44.377  -4.862  -42.456 0.1428571492
73679  -43.276  -5.582  -40.423 0.1428571492
69398  -39.721  -9.571  -39.597 0.1428571492
149826  -38.716  -9.835  -39.552 0.1428571492
69397  -37.693  -9.456  -39.665 0.1428571492
70514  -41.569  -8.356  -40.339 0.1428571492
69399  -40.590  -9.193  -39.822 0.1428571492
143104  -42.410  -7.560  -41.056 0.1428571492
71570  -41.694  -7.718  -39.939 0.1428571492
72657  -43.658  -6.354  -43.386 0.1428571492
133962  -43.200  -6.567  -41.852 0.1428571492
70501  -40.519  -8.456  -39.591 0.1428571492
71566  -37.905  -7.733  -39.964 0.1428571492
72596  -40.356  -6.765  -39.393 0.1428571492
73730  -45.331  -5.036  -44.651 0.1428571492
75879  -45.328  -3.647  -44.578 0.1428571492
74796  -44.661  -4.156  -42.719 0.1428571492
75828  -42.093  -3.627  -39.555 0.1428571492
75844  -43.773  -3.549  -40.997 0.1428571492
74784  -37.502  -3.725  -41.721 0.1428571492
77886  -37.638  -2.118  -40.819 0.1428571492
63682  -29.267  -15.165  -43.843 0.2857142985
73719  -44.165  -5.585  -43.088 0.1428571492
72669  -44.621  -6.392  -44.405 0.1428571492
74815  -45.516  -4.347  -44.854 0.1428571492
76891  -45.162  -2.900  -44.721 0.1428571492
143451  -28.183  3.330  -49.671 0.4285714328
133013  -44.620  -2.501  -43.374 0.1428571492
75853  -44.454  -3.463  -42.197 0.1428571492
77876  -42.065  -1.703  -40.305 0.1428571492
77902  -43.645  -1.503  -42.413 0.1428571492
77885  -37.038  -1.430  -40.916 0.1428571492
87166  -27.940  7.980  -46.813 0.4285714328
90846  -29.689  10.926  -52.609 0.1428571492
90838  -29.376  11.728  -52.273 0.1428571492
76849  -37.572  -2.960  -41.351 0.1428571492
71596  -36.117  -7.552  -41.233 0.1428571492
70512  -35.905  -8.952  -40.651 0.1428571492
69411  -35.528  -9.599  -40.657 0.1428571492
79980  -35.330  0.000  -42.035 0.1428571492
148996  -37.828  -4.116  -41.430 0.1428571492
75843  -38.080  -3.582  -40.999 0.1428571492
76834  -39.257  -2.691  -39.920 0.1428571492
76827  -40.766  -2.901  -39.543 0.1428571492
76836  -41.392  -2.167  -39.757 0.1428571492
77872  -38.411  -1.926  -40.306 0.1428571492
73678  -38.208  -5.528  -40.496 0.1428571492
74760  -38.619  -4.759  -40.354 0.1428571492
74772  -38.182  -4.299  -40.929 0.1428571492
75825  -39.390  -3.764  -39.869 0.1428571492
76837  -42.923  -2.824  -40.313 0.1428571492
75835  -43.313  -3.519  -40.449 0.1428571492
75826  -40.254  -3.662  -39.581 0.1428571492
76851  -43.277  -2.300  -40.944 0.1428571492
129356  -39.327  -4.957  -39.767 0.1428571492
74762  -40.777  -4.361  -39.416 0.1428571492
143757  -42.545  -4.317  -39.688 0.1428571492
74763  -41.736  -4.365  -39.432 0.1428571492
136516  -43.574  -4.073  -40.626 0.1428571492
147512  -38.925  -6.413  -39.720 0.1428571492
72595  -39.051  -7.198  -39.597 0.1428571492
136627  -41.336  -5.149  -39.397 0.1428571492
73665  -40.864  -5.956  -39.397 0.1428571492
73708  -43.963  -5.452  -42.117 0.1428571492
71567  -39.275  -8.058  -39.478 0.1428571492
72597  -42.176  -6.493  -39.725 0.1428571492
147031  -39.556  -6.744  -39.489 0.1428571492
70500  -39.900  -8.744  -39.467 0.1428571492
71569  -40.759  -7.702  -39.523 0.1428571492
72625  -43.349  -6.134  -41.054 0.1428571492
70502  -41.120  -8.441  -39.862 0.1428571492
152283  -27.394  -18.180  -39.288 0.1428571492
60231  -27.981  -17.748  -39.574 0.1428571492
60230  -26.242  -17.844  -39.912 0.1428571492
132968  -28.771  -17.374  -40.001 0.1428571492
60247  -27.989  -17.286  -40.598 0.1428571492
60258  -28.484  -16.919  -41.737 0.1428571492
146226  -28.886  -16.980  -42.594 0.1428571492
61342  -28.225  -16.722  -42.150 0.1428571492
62544  -28.519  -16.154  -43.061 0.1428571492
61354  -28.787  -16.816  -42.874 0.1428571492
62556  -29.636  -16.305  -43.724 0.1428571492
61341  -27.412  -16.435  -41.762 0.1428571492
62543  -27.698  -15.474  -42.634 0.1428571492
62555  -28.902  -15.789  -43.531 0.1428571492
63679  -27.003  -13.614  -43.185 0.1428571492
64840  -27.498  -13.129  -43.738 0.1428571492
64853  -28.483  -12.896  -44.399 0.1428571492
64841  -28.159  -13.554  -43.931 0.1428571492
65982  -28.742  -12.217  -44.974 0.2857142985
65983  -29.518  -12.270  -45.257 0.1428571492
65998  -30.000  -11.991  -45.777 0.1428571492
67114  -30.451  -11.650  -46.144 0.2857142985
70612  -30.327  -8.659  -47.454 0.4285714328
71678  -32.028  -7.492  -47.892 0.4285714328
71688  -31.515  -6.943  -48.077 0.4285714328
82188  -28.061  2.434  -50.004 0.2857142985
83211  -27.664  3.143  -50.262 0.2857142985
85146  -25.935  5.942  -47.445 0.2857142985
131511  -26.538  6.431  -47.299 0.2857142985
150253  -26.755  7.299  -47.320 0.4285714328
67099  -28.327  -11.640  -45.102 0.1428571492
65997  -28.975  -11.724  -45.460 0.2857142985
60257  -27.536  -16.957  -41.242 0.1428571492
62532  -27.160  -15.774  -42.044 0.1428571492
63671  -27.345  -14.527  -42.874 0.1428571492
64852  -27.896  -12.746  -44.194 0.1428571492
65981  -28.051  -12.160  -44.640 0.1428571492
67112  -28.644  -11.267  -45.465 0.2857142985
67113  -29.761  -11.550  -46.055 0.2857142985
135375  -29.226  -11.384  -45.773 0.2857142985
67127  -28.936  -10.987  -45.785 0.2857142985
67128  -29.482  -11.158  -46.149 0.2857142985
67130  -30.933  -11.314  -46.582 0.2857142985
69497  -31.576  -10.302  -47.132 0.4285714328
149319  -30.479  -9.514  -47.356 0.4285714328
70611  -29.452  -8.615  -47.175 0.2857142985
81137  -28.602  1.437  -49.916 0.2857142985
83210  -26.864  3.529  -50.682 0.2857142985
84170  -26.416  4.994  -47.867 0.2857142985
84169  -25.767  5.116  -47.866 0.2857142985
85147  -26.831  5.699  -47.334 0.2857142985
67129  -30.115  -11.320  -46.491 0.2857142985
81136  -27.798  2.124  -50.066 0.2857142985
82187  -27.285  2.982  -50.516 0.2857142985
83209  -26.247  3.731  -50.810 0.2857142985
84183  -26.215  4.469  -48.918 0.2857142985
83190  -26.558  3.951  -50.114 0.2857142985
84182  -25.585  4.687  -48.230 0.2857142985
82185  -25.928  3.307  -50.828 0.2857142985
83208  -25.794  3.622  -50.441 0.2857142985
70613  -31.218  -8.803  -47.575 0.4285714328
132466  -31.862  -8.198  -47.698 0.4285714328
61363  -29.267  -16.719  -43.356 0.1428571492
68336  -31.330  -10.887  -46.969 0.4285714328
153585  -29.490  -11.729  -45.707 0.1428571492
63680  -27.773  -14.087  -43.456 0.1428571492
153728  -27.302  -17.312  -40.585 0.1428571492
61353  -27.999  -16.294  -42.457 0.1428571492
62542  -26.821  -14.962  -42.268 0.1428571492
62554  -28.166  -15.124  -43.206 0.1428571492
152804  -29.753  -9.267  -47.160 0.4285714328
69496  -30.665  -10.420  -47.186 0.4285714328
83189  -26.073  4.102  -49.819 0.2857142985
72705  -29.991  -6.874  -47.859 0.2857142985
71687  -30.767  -6.934  -48.039 0.2857142985
93638  -28.437  14.709  -53.467 0.1428571492
92721  -28.849  14.061  -54.178 0.1428571492
91767  -28.665  13.170  -52.513 0.1428571492
91758  -29.142  12.511  -51.904 0.1428571492
93637  -28.508  15.103  -53.455 0.1428571492
92699  -28.904  13.234  -51.572 0.1428571492
92687  -28.639  13.921  -51.274 0.1428571492
95532  -27.427  16.377  -51.962 0.1428571492
72716  -30.617  -5.977  -48.298 0.2857142985
73775  -29.892  -5.141  -48.547 0.2857142985
90833  -29.693  11.891  -51.337 0.1428571492
91768  -28.942  12.482  -52.917 0.1428571492
93625  -27.987  14.937  -52.556 0.1428571492
94606  -27.704  15.621  -52.271 0.1428571492
93626  -28.173  14.420  -51.869 0.1428571492
94598  -28.268  15.428  -50.730 0.1428571492
93617  -28.435  14.645  -51.005 0.1428571492
71677  -31.135  -7.851  -47.819 0.2857142985
92708  -28.451  13.901  -53.118 0.1428571492
144077  -28.376  13.781  -52.134 0.1428571492
94623  -28.516  15.569  -53.204 0.1428571492
91773  -28.720  13.298  -53.616 0.1428571492
81134  -26.589  2.570  -50.419 0.1428571492
143561  -27.148  2.680  -50.495 0.1428571492
82186  -26.599  3.303  -50.827 0.1428571492
84167  -24.105  4.590  -47.433 0.1428571492
147894  -24.042  5.533  -47.507 0.1428571492
81135  -27.664  1.719  -49.961 0.1428571492
85145  -23.591  6.193  -47.692 0.1428571492
86126  -23.904  6.725  -48.839 0.1428571492
87188  -24.364  7.299  -50.114 0.2857142985
75922  -29.473  -2.949  -49.677 0.1428571492
140546  -28.334  -0.076  -49.868 0.1428571492
141383  -28.553  0.484  -50.195 0.1428571492
142299  -27.040  1.519  -49.778 0.1428571492
81133  -25.826  2.729  -50.173 0.1428571492
141909  -25.194  5.765  -47.599 0.1428571492
86128  -26.036  6.793  -47.510 0.1428571492
87176  -24.913  7.048  -49.016 0.1428571492
87177  -26.440  8.219  -48.100 0.2857142985
89907  -26.715  10.168  -46.246 0.2857142985
89906  -25.979  10.057  -46.372 0.2857142985
90792  -27.951  10.882  -45.795 0.2857142985
91700  -28.189  12.712  -44.251 0.1428571492
142902  -25.643  7.634  -50.120 0.2857142985
87165  -27.074  8.189  -47.145 0.2857142985
88065  -28.454  8.786  -46.678 0.2857142985
88063  -26.616  9.054  -47.426 0.2857142985
88981  -26.063  9.628  -47.898 0.2857142985
88967  -27.997  9.570  -46.551 0.2857142985
88965  -26.303  9.779  -46.967 0.2857142985
90784  -28.245  11.658  -45.301 0.1428571492
89896  -26.420  10.506  -45.690 0.2857142985
92663  -30.884  13.648  -45.614 0.1428571492
134074  -30.582  14.060  -44.972 0.1428571492
88964  -25.565  9.967  -47.340 0.1428571492
141609  -24.434  10.061  -47.447 0.1428571492
149392  -27.429  11.322  -45.425 0.1428571492
89897  -27.104  10.747  -45.762 0.2857142985
90783  -26.740  11.221  -45.153 0.1428571492
86125  -23.170  6.723  -48.279 0.2857142985
149453  -26.169  10.732  -45.161 0.1428571492
91699  -27.409  12.249  -44.091 0.1428571492
86113  -21.123  6.304  -45.398 0.1428571492
129001  -34.512  6.155  -46.113 0.1428571492
83160  -33.727  3.982  -44.454 0.1428571492
79018  -28.679  -0.669  -51.083 0.1428571492
80046  -26.880  0.710  -49.234 0.1428571492
132919  -34.426  5.426  -46.345 0.1428571492
81124  -25.529  2.362  -48.876 0.1428571492
82166  -25.180  2.987  -48.647 0.1428571492
83188  -25.466  3.721  -48.791 0.1428571492
83177  -24.581  3.897  -47.786 0.1428571492
130025  -24.757  5.264  -47.609 0.1428571492
85144  -22.961  6.017  -47.313 0.1428571492
86127  -25.326  6.617  -47.761 0.1428571492
86139  -23.517  7.063  -49.240 0.2857142985
148070  -26.228  8.106  -49.447 0.1428571492
88088  -25.734  8.696  -49.959 0.1428571492
88075  -26.179  8.921  -48.721 0.2857142985
88980  -25.375  9.681  -48.556 0.1428571492
132777  -26.247  11.067  -44.320 0.1428571492
89895  -25.782  10.267  -45.657 0.2857142985
90780  -27.398  11.770  -44.887 0.1428571492
91704  -27.970  12.186  -44.716 0.1428571492
84149  -33.977  4.797  -44.932 0.1428571492
84156  -34.043  5.041  -45.843 0.1428571492
85132  -34.300  5.567  -45.466 0.1428571492
89908  -27.538  10.246  -46.244 0.2857142985
148557  -27.335  7.656  -46.988 0.2857142985
77979  -28.575  -1.577  -50.682 0.1428571492
141784  -28.468  0.935  -50.020 0.1428571492
147716  -33.956  3.853  -43.606 0.1428571492
128970  -25.855  7.516  -48.392 0.1428571492
82167  -25.478  3.161  -49.964 0.1428571492
81125  -26.262  1.727  -49.409 0.1428571492
84168  -24.982  4.453  -47.924 0.1428571492
130191  -24.436  6.323  -47.724 0.1428571492
80053  -27.732  0.743  -49.676 0.1428571492
79016  -27.499  -0.120  -49.325 0.1428571492
87189  -24.924  8.162  -50.465 0.2857142985
88064  -27.520  8.864  -46.808 0.2857142985
88966  -27.097  9.617  -46.657 0.2857142985
93595  -30.862  14.483  -45.623 0.1428571492
88087  -24.901  9.024  -50.093 0.1428571492
67097  -27.192  -10.941  -44.744 0.1428571492
67111  -28.280  -10.794  -45.510 0.1428571492
68333  -28.589  -10.468  -45.895 0.1428571492
68301  -26.757  -10.259  -44.810 0.1428571492
69482  -26.670  -9.213  -45.295 0.1428571492
69494  -27.352  -9.302  -45.712 0.1428571492
133095  -27.848  -10.166  -45.615 0.1428571492
70596  -27.180  -8.461  -46.000 0.1428571492
68332  -28.174  -9.750  -46.055 0.1428571492
68334  -29.159  -10.748  -46.146 0.1428571492
142932  -28.470  -9.272  -46.455 0.1428571492
147259  -29.719  -9.984  -46.978 0.1428571492
70610  -28.706  -8.640  -46.816 0.1428571492
69508  -29.125  -9.355  -46.797 0.1428571492
71661  -26.533  -7.883  -45.819 0.1428571492
71663  -27.673  -8.249  -46.404 0.1428571492
71675  -29.122  -7.724  -47.299 0.1428571492
72704  -29.317  -6.756  -47.668 0.1428571492
74858  -30.403  -4.220  -48.855 0.1428571492
87187  -23.303  7.627  -49.486 0.1428571492
68335  -29.752  -10.773  -46.656 0.1428571492
67086  -26.764  -11.416  -44.217 0.1428571492
68315  -27.102  -9.858  -45.252 0.1428571492
74871  -30.504  -3.667  -49.068 0.1428571492
71676  -30.119  -7.791  -47.577 0.1428571492
135569  -27.544  -10.552  -45.187 0.1428571492
67098  -27.944  -11.135  -45.142 0.1428571492
69495  -28.981  -10.104  -46.402 0.1428571492
69462  -25.691  -9.165  -44.622 0.1428571492
70597  -27.816  -8.970  -46.222 0.1428571492
70598  -28.154  -8.648  -46.532 0.1428571492
71662  -27.081  -7.766  -46.242 0.1428571492
71674  -28.243  -8.017  -46.788 0.1428571492
71653  -25.937  -7.941  -45.342 0.1428571492
67085  -26.043  -11.226  -43.896 0.1428571492
60232  -28.712  -17.800  -39.107 0.1428571492
61355  -29.514  -17.152  -43.093 0.1428571492
62534  -33.142  -15.384  -41.822 0.1428571492
70498  -37.687  -8.555  -39.847 0.1428571492
70585  -33.026  -8.675  -46.063 0.7142857313
71578  -42.291  -7.329  -40.409 0.1428571492
72604  -42.552  -6.672  -40.145 0.1428571492
72647  -43.589  -6.118  -42.541 0.1428571492
72717  -31.220  -5.402  -48.319 0.5714285970
74771  -37.739  -4.658  -41.338 0.1428571492
74774  -43.162  -4.204  -40.143 0.1428571492
74806  -45.209  -4.265  -44.230 0.1428571492
74857  -29.694  -4.339  -48.764 0.1428571492
75845  -44.153  -3.668  -41.539 0.1428571492
76828  -41.692  -2.931  -39.588 0.1428571492
76838  -43.495  -2.968  -40.814 0.1428571492
76864  -44.007  -2.119  -42.173 0.1428571492
88097  -24.133  8.887  -50.060 0.1428571492
128413  -34.484  6.909  -48.225 0.1428571492
135099  -28.211  14.343  -52.645 0.1428571492
136689  -42.228  -2.421  -39.974 0.1428571492
138827  -44.990  -3.067  -43.964 0.1428571492
139669  -40.072  -8.093  -39.435 0.1428571492
148635  -30.548  -11.045  -46.879 0.2857142985
148935  -45.434  -3.362  -45.163 0.1428571492
149198  -44.133  -4.857  -41.751 0.1428571492
150746  -30.306  -2.101  -51.542 0.5714285970
150872  -36.607  -2.625  -42.096 0.2857142985
154052  -43.172  -1.196  -41.918 0.1428571492
