#!ascii label  , from subject sub-v1s14x0051568_ses-1 vox2ras=TkReg
1775
133665  15.242  -38.918  36.219 0.0000000000
70346  53.338  -11.665  6.148 0.0000000000
55093  36.808  -25.123  20.691 0.0000000000
55057  49.264  -25.523  24.519 0.0000000000
48640  27.430  -31.098  24.515 0.0000000000
49564  24.376  -30.879  37.378 0.0000000000
81030  56.888  -2.022  -2.050 0.0000000000
77970  61.421  -5.198  5.760 0.0000000000
144765  49.031  -16.015  14.852 0.0000000000
82215  58.339  -1.022  -9.790 0.0000000000
52913  33.861  -26.909  25.851 0.0000000000
45317  19.222  -34.459  36.973 0.0000000000
80991  58.064  -2.056  2.038 0.0000000000
77018  54.791  -5.712  2.348 0.0000000000
71412  53.962  -11.426  10.928 0.0000000000
143460  58.804  -9.318  10.667 0.0000000000
70296  48.781  -12.612  11.094 0.0000000000
55129  45.600  -24.981  18.142 0.0000000000
52958  43.150  -27.211  22.300 0.0000000000
52840  29.539  -27.064  28.827 0.0000000000
51699  30.694  -28.790  34.870 0.0000000000
48545  25.936  -30.845  31.022 0.0000000000
135763  21.077  -34.245  31.100 0.0000000000
146094  30.700  -27.546  21.897 0.0000000000
137412  60.972  0.273  -2.693 0.0000000000
84329  62.032  0.727  1.261 0.0000000000
73769  58.465  -8.542  6.185 0.0000000000
70217  49.576  -11.576  16.293 0.0000000000
58775  51.221  -21.932  19.211 0.0000000000
79112  58.390  -3.275  -6.174 0.0000000000
84416  62.086  1.005  -7.535 0.0000000000
85492  63.184  3.186  -10.936 0.0000000000
52860  32.494  -26.669  28.374 0.0000000000
42079  16.953  -36.760  36.482 0.0000000000
45267  17.638  -33.683  40.636 0.0000000000
43196  15.497  -36.233  40.053 0.0000000000
78025  53.595  -4.750  0.706 0.0000000000
72479  53.519  -10.389  12.950 0.0000000000
73674  55.719  -9.075  13.681 0.0000000000
36595  10.959  -42.204  38.409 0.0000000000
69187  48.630  -13.745  8.782 0.0000000000
55131  37.621  -25.547  18.285 0.0000000000
53032  40.796  -26.732  18.745 0.0000000000
137487  39.859  -25.892  21.443 0.0000000000
50789  29.332  -29.489  27.031 0.0000000000
49659  29.182  -30.333  29.882 0.0000000000
48608  26.753  -31.095  27.455 0.0000000000
50812  29.622  -29.045  23.331 0.0000000000
52917  30.465  -27.631  25.249 0.0000000000
49570  27.209  -29.615  36.686 0.0000000000
82144  58.885  -0.894  -2.299 0.0000000000
133961  61.492  1.312  -0.702 0.0000000000
83262  58.965  -0.037  -0.356 0.0000000000
79009  59.695  -3.634  4.198 0.0000000000
80972  61.255  -1.791  4.026 0.0000000000
71486  52.613  -10.913  4.165 0.0000000000
73793  54.840  -8.868  4.055 0.0000000000
71454  56.117  -10.066  6.006 0.0000000000
141427  45.918  -13.671  13.526 0.0000000000
143484  46.411  -11.870  14.093 0.0000000000
66659  49.617  -13.936  15.569 0.0000000000
144160  47.623  -25.935  21.457 0.0000000000
56319  48.311  -23.509  18.563 0.0000000000
56270  50.262  -24.206  21.288 0.0000000000
79087  55.423  -3.892  -4.151 0.0000000000
143959  55.930  -3.555  -5.818 0.0000000000
80068  58.206  -2.552  -3.864 0.0000000000
82168  60.231  -1.333  -4.186 0.0000000000
85519  61.600  2.758  -12.796 0.0000000000
83384  61.399  0.519  -10.901 0.0000000000
85469  62.399  2.114  -8.975 0.0000000000
81120  61.196  -1.371  -9.680 0.0000000000
140662  35.652  -26.580  23.018 0.0000000000
139866  38.821  -25.793  23.757 0.0000000000
53983  37.227  -26.595  25.348 0.0000000000
47368  21.923  -32.459  37.413 0.0000000000
48440  23.459  -30.642  40.495 0.0000000000
47334  20.694  -31.935  40.584 0.0000000000
80054  54.874  -3.317  -1.729 0.0000000000
155428  56.884  -1.948  0.344 0.0000000000
79047  55.364  -3.292  0.596 0.0000000000
79031  55.993  -3.981  2.080 0.0000000000
77997  58.003  -4.887  4.123 0.0000000000
70318  53.626  -12.021  8.581 0.0000000000
71426  56.799  -10.773  8.652 0.0000000000
72486  56.147  -10.510  11.313 0.0000000000
61021  48.728  -19.119  13.969 0.0000000000
57392  51.169  -23.327  25.100 0.0000000000
37720  13.612  -40.709  35.415 0.0000000000
147553  14.218  -39.235  38.858 0.0000000000
37692  12.746  -40.848  38.429 0.0000000000
69231  50.561  -12.735  5.929 0.0000000000
141817  50.693  -13.023  8.774 0.0000000000
70275  51.230  -12.084  11.399 0.0000000000
71371  51.248  -10.592  13.512 0.0000000000
54119  42.382  -25.873  17.214 0.0000000000
52990  44.232  -26.800  20.047 0.0000000000
51819  46.597  -27.789  23.555 0.0000000000
54004  41.688  -26.563  24.842 0.0000000000
51793  44.921  -27.795  25.878 0.0000000000
53922  30.752  -25.963  30.140 0.0000000000
52788  32.065  -26.544  33.574 0.0000000000
51715  30.141  -28.020  32.478 0.0000000000
49601  28.537  -30.369  33.633 0.0000000000
48500  25.122  -30.737  33.692 0.0000000000
47461  24.008  -31.671  28.088 0.0000000000
133031  22.849  -31.935  31.007 0.0000000000
47392  22.445  -32.650  34.173 0.0000000000
137276  20.357  -34.347  34.268 0.0000000000
143829  18.062  -36.053  34.116 0.0000000000
42111  16.250  -37.572  33.742 0.0000000000
130810  35.152  -24.807  18.240 0.0000000000
54106  32.130  -26.667  17.976 0.0000000000
52995  33.825  -26.794  20.393 0.0000000000
131156  32.900  -27.132  23.980 0.0000000000
53985  31.077  -26.703  27.005 0.0000000000
82118  63.203  -0.033  -0.389 0.0000000000
82102  59.926  -0.529  2.115 0.0000000000
139978  53.587  -7.550  2.253 0.0000000000
75999  56.761  -6.943  4.413 0.0000000000
75971  59.650  -6.811  5.740 0.0000000000
73750  59.195  -9.108  8.269 0.0000000000
74910  60.495  -7.797  7.808 0.0000000000
70299  45.171  -12.230  11.218 0.0000000000
71373  48.633  -10.662  13.978 0.0000000000
72435  50.531  -10.048  16.334 0.0000000000
58822  48.552  -21.611  16.250 0.0000000000
60982  50.961  -19.324  17.162 0.0000000000
58735  52.250  -21.984  22.335 0.0000000000
60954  52.793  -19.300  19.683 0.0000000000
63353  51.970  -17.159  17.566 0.0000000000
66630  52.756  -14.554  18.154 0.0000000000
70158  52.583  -11.276  18.758 0.0000000000
80132  58.689  -2.366  -8.181 0.0000000000
81079  60.986  -2.071  -6.785 0.0000000000
83326  62.109  -0.295  -5.324 0.0000000000
52859  33.234  -26.966  28.511 0.0000000000
40963  16.047  -37.763  36.619 0.0000000000
42067  16.365  -36.820  37.914 0.0000000000
40952  15.899  -37.595  37.648 0.0000000000
72457  53.237  -9.593  14.291 0.0000000000
73658  54.525  -8.905  14.564 0.0000000000
34405  9.319  -43.764  36.954 0.0000000000
55109  37.217  -25.080  19.738 0.0000000000
149677  38.568  -25.671  20.248 0.0000000000
54047  38.193  -25.368  20.884 0.0000000000
49707  28.790  -30.150  25.350 0.0000000000
48606  28.414  -30.794  27.188 0.0000000000
131733  27.499  -31.037  25.933 0.0000000000
145416  28.721  -29.772  22.030 0.0000000000
133751  28.639  -30.263  23.754 0.0000000000
50798  29.478  -29.253  25.220 0.0000000000
147079  25.752  -29.908  36.843 0.0000000000
130242  25.422  -29.856  38.131 0.0000000000
81029  57.735  -1.517  -1.904 0.0000000000
82135  58.731  -0.689  -1.537 0.0000000000
82136  58.029  -1.017  -1.326 0.0000000000
79000  60.171  -4.035  4.741 0.0000000000
79990  61.267  -3.105  4.740 0.0000000000
71473  52.948  -11.119  4.904 0.0000000000
72560  54.604  -10.422  5.225 0.0000000000
71471  54.960  -10.790  6.019 0.0000000000
64423  47.958  -16.039  13.257 0.0000000000
66692  47.918  -14.697  14.112 0.0000000000
154392  47.951  -13.995  14.459 0.0000000000
65538  49.385  -15.402  15.133 0.0000000000
148112  48.704  -25.853  22.488 0.0000000000
55081  48.900  -24.996  21.381 0.0000000000
55069  49.814  -24.985  22.697 0.0000000000
80061  56.383  -2.847  -2.656 0.0000000000
79086  56.294  -3.693  -4.146 0.0000000000
80060  57.143  -2.522  -2.875 0.0000000000
148029  58.481  -1.929  -3.321 0.0000000000
82256  59.737  -0.440  -12.192 0.0000000000
81141  60.473  -1.099  -10.878 0.0000000000
81140  61.037  -1.139  -10.326 0.0000000000
132142  60.477  -1.535  -10.156 0.0000000000
150191  34.505  -26.987  24.116 0.0000000000
136111  36.667  -26.620  24.696 0.0000000000
52911  35.633  -26.891  25.705 0.0000000000
45299  20.366  -33.667  37.135 0.0000000000
47359  21.272  -32.373  38.855 0.0000000000
46323  19.808  -33.295  38.754 0.0000000000
46281  17.215  -33.295  42.502 0.0000000000
46279  18.686  -32.684  42.547 0.0000000000
79067  53.398  -4.045  -1.797 0.0000000000
135633  54.650  -3.356  -0.501 0.0000000000
132395  54.099  -3.734  -0.384 0.0000000000
78019  54.487  -5.285  1.897 0.0000000000
78023  55.289  -4.311  1.760 0.0000000000
78018  55.732  -4.731  2.387 0.0000000000
78005  57.566  -4.504  3.532 0.0000000000
77004  56.596  -5.589  3.627 0.0000000000
70290  54.158  -11.743  10.000 0.0000000000
71420  54.799  -11.583  9.598 0.0000000000
71398  55.292  -10.810  11.262 0.0000000000
144515  53.397  -4.126  -2.635 0.0000000000
37697  13.535  -40.644  37.311 0.0000000000
36600  12.427  -41.659  37.098 0.0000000000
69220  49.707  -13.066  6.280 0.0000000000
69206  50.868  -12.936  7.858 0.0000000000
150261  49.451  -13.536  7.534 0.0000000000
69169  47.807  -13.372  9.748 0.0000000000
69167  49.640  -13.244  9.646 0.0000000000
70295  49.726  -12.617  11.040 0.0000000000
71403  50.786  -11.747  12.076 0.0000000000
70260  50.061  -11.646  12.344 0.0000000000
54138  40.144  -25.730  16.566 0.0000000000
133070  42.063  -26.928  21.091 0.0000000000
53011  42.811  -26.874  19.681 0.0000000000
52975  44.201  -27.076  20.976 0.0000000000
52956  45.607  -27.494  22.071 0.0000000000
51829  44.897  -27.778  22.867 0.0000000000
53994  39.568  -25.896  24.989 0.0000000000
132443  40.581  -25.916  23.853 0.0000000000
133531  40.804  -26.189  25.874 0.0000000000
52908  43.364  -27.264  26.365 0.0000000000
52887  46.625  -27.546  26.352 0.0000000000
53923  30.266  -26.154  29.703 0.0000000000
52805  30.581  -26.500  31.472 0.0000000000
140169  29.556  -27.637  31.068 0.0000000000
48543  27.760  -30.988  30.630 0.0000000000
49627  29.034  -30.406  31.823 0.0000000000
155266  27.524  -30.747  32.493 0.0000000000
49603  26.510  -30.564  33.780 0.0000000000
48512  25.149  -30.782  32.314 0.0000000000
47502  23.845  -32.067  26.358 0.0000000000
45382  20.764  -34.019  29.417 0.0000000000
150597  22.323  -32.584  29.647 0.0000000000
46381  21.955  -32.980  31.216 0.0000000000
47409  22.683  -32.251  32.677 0.0000000000
46374  21.639  -33.505  32.617 0.0000000000
46361  21.318  -33.654  34.461 0.0000000000
45363  20.464  -34.710  32.435 0.0000000000
42101  16.798  -37.173  34.151 0.0000000000
56338  34.981  -24.301  16.990 0.0000000000
55180  33.619  -24.781  16.436 0.0000000000
52999  30.082  -27.565  20.845 0.0000000000
53016  31.613  -26.990  19.656 0.0000000000
54084  33.227  -26.702  19.156 0.0000000000
52980  32.313  -27.209  21.166 0.0000000000
52963  33.188  -27.163  22.323 0.0000000000
52964  32.027  -27.275  22.793 0.0000000000
51794  29.931  -27.808  26.837 0.0000000000
143740  30.465  -27.422  26.093 0.0000000000
53970  30.203  -26.669  27.644 0.0000000000
53952  30.675  -25.978  28.528 0.0000000000
52781  31.244  -27.147  34.160 0.0000000000
39830  13.527  -38.757  40.660 0.0000000000
42040  13.945  -37.140  41.358 0.0000000000
149929  62.759  1.072  -2.145 0.0000000000
84345  61.882  1.369  0.062 0.0000000000
84343  63.001  0.770  -0.393 0.0000000000
150425  62.470  0.342  0.546 0.0000000000
82108  62.370  -0.258  1.674 0.0000000000
81000  57.037  -2.044  1.009 0.0000000000
82111  58.066  -0.979  0.784 0.0000000000
80990  58.831  -1.734  2.300 0.0000000000
82084  62.712  -1.088  3.560 0.0000000000
73783  56.798  -8.733  5.253 0.0000000000
73792  55.594  -8.383  4.277 0.0000000000
75981  57.380  -7.400  5.064 0.0000000000
75980  58.147  -7.126  5.242 0.0000000000
75972  59.235  -7.377  5.986 0.0000000000
72503  57.890  -10.090  9.521 0.0000000000
148959  58.107  -9.930  8.524 0.0000000000
73722  58.983  -9.329  9.881 0.0000000000
70282  44.059  -12.229  11.731 0.0000000000
70235  47.753  -11.559  15.023 0.0000000000
71362  47.315  -10.959  13.990 0.0000000000
141320  48.795  -10.805  15.465 0.0000000000
72450  49.808  -9.979  15.236 0.0000000000
71337  49.985  -10.519  16.360 0.0000000000
134763  44.504  -24.674  16.297 0.0000000000
56336  45.907  -24.058  16.956 0.0000000000
57509  49.704  -22.575  18.609 0.0000000000
57529  48.576  -22.622  17.645 0.0000000000
58805  49.674  -21.497  17.467 0.0000000000
59937  49.719  -20.309  16.308 0.0000000000
59910  51.092  -20.636  18.233 0.0000000000
57435  51.717  -22.765  23.566 0.0000000000
62099  53.237  -18.633  20.351 0.0000000000
62116  52.622  -18.162  18.657 0.0000000000
64381  53.210  -16.716  19.054 0.0000000000
65507  52.557  -15.411  17.936 0.0000000000
65497  53.609  -15.520  19.688 0.0000000000
79124  57.436  -3.487  -6.056 0.0000000000
80120  58.317  -2.660  -7.545 0.0000000000
80130  60.289  -2.528  -8.030 0.0000000000
80106  59.736  -2.835  -6.686 0.0000000000
82151  60.641  -0.745  -3.770 0.0000000000
82167  61.454  -0.905  -4.952 0.0000000000
132691  61.668  -0.032  -3.852 0.0000000000
84373  62.920  0.447  -4.265 0.0000000000
86426  62.528  3.435  -11.669 0.0000000000
84427  62.178  1.590  -8.336 0.0000000000
84415  62.697  1.451  -7.751 0.0000000000
141238  62.688  1.098  -7.089 0.0000000000
52896  33.362  -26.852  26.575 0.0000000000
52894  35.289  -26.895  26.650 0.0000000000
131979  33.988  -26.891  28.054 0.0000000000
44310  18.049  -35.232  36.808 0.0000000000
45287  18.078  -34.108  38.981 0.0000000000
44298  17.204  -35.480  38.337 0.0000000000
44271  16.596  -34.542  40.567 0.0000000000
44259  15.667  -34.644  41.851 0.0000000000
141766  53.256  -5.278  1.014 0.0000000000
76035  53.321  -6.035  1.452 0.0000000000
71383  53.885  -10.789  12.188 0.0000000000
71399  54.691  -10.677  11.953 0.0000000000
72466  54.372  -9.867  13.276 0.0000000000
73657  55.349  -8.742  14.407 0.0000000000
35482  11.281  -42.566  36.728 0.0000000000
35483  10.571  -42.993  36.337 0.0000000000
34392  9.457  -43.243  38.971 0.0000000000
67949  48.257  -13.861  8.124 0.0000000000
69153  47.252  -12.949  10.313 0.0000000000
54122  39.796  -25.986  17.346 0.0000000000
54080  39.139  -26.069  18.909 0.0000000000
140886  40.040  -26.439  20.086 0.0000000000
134326  41.789  -26.819  21.898 0.0000000000
50778  29.561  -28.595  27.615 0.0000000000
142566  29.375  -28.543  29.961 0.0000000000
146143  29.404  -29.712  28.674 0.0000000000
134534  28.142  -31.124  28.786 0.0000000000
152335  26.409  -30.980  29.662 0.0000000000
141455  19.966  -35.141  31.040 0.0000000000
44377  18.681  -35.578  30.117 0.0000000000
51839  29.434  -28.412  21.130 0.0000000000
51830  30.095  -27.914  22.435 0.0000000000
52948  30.548  -27.636  23.580 0.0000000000
51812  30.197  -28.051  24.363 0.0000000000
51795  30.167  -28.086  25.975 0.0000000000
50681  28.878  -29.219  36.383 0.0000000000
83280  60.150  0.062  -2.278 0.0000000000
84356  61.517  1.186  -1.460 0.0000000000
83271  59.967  0.361  -1.354 0.0000000000
84347  60.162  0.711  -0.520 0.0000000000
83253  60.489  0.890  1.090 0.0000000000
80005  59.230  -2.752  3.352 0.0000000000
80982  59.272  -2.012  2.993 0.0000000000
79997  60.815  -2.616  4.185 0.0000000000
79989  62.830  -2.302  4.378 0.0000000000
149252  53.397  -9.599  3.324 0.0000000000
153298  53.649  -9.863  3.796 0.0000000000
72559  55.507  -9.853  5.297 0.0000000000
73771  57.076  -9.315  5.856 0.0000000000
74883  59.995  -8.433  10.367 0.0000000000
149362  44.435  -13.040  13.002 0.0000000000
70254  44.857  -11.990  12.774 0.0000000000
67879  46.135  -13.013  14.052 0.0000000000
67864  48.281  -13.087  15.131 0.0000000000
144585  49.785  -13.000  15.963 0.0000000000
55106  46.614  -25.042  19.347 0.0000000000
56305  47.117  -24.306  18.762 0.0000000000
56289  48.274  -24.302  19.788 0.0000000000
56288  49.059  -23.999  20.147 0.0000000000
57482  51.253  -23.054  20.329 0.0000000000
146950  53.871  -3.709  -4.618 0.0000000000
79115  54.399  -3.226  -5.437 0.0000000000
131870  55.088  -3.872  -4.734 0.0000000000
79098  56.824  -3.704  -4.768 0.0000000000
79113  58.083  -3.379  -5.386 0.0000000000
80096  59.430  -2.729  -5.400 0.0000000000
81055  58.937  -1.995  -3.966 0.0000000000
82152  59.918  -0.970  -3.464 0.0000000000
83396  60.123  0.044  -12.772 0.0000000000
140728  61.242  0.683  -11.852 0.0000000000
84444  61.818  2.258  -10.331 0.0000000000
85481  62.767  2.437  -9.627 0.0000000000
134409  61.546  1.441  -10.012 0.0000000000
83364  61.514  0.925  -9.327 0.0000000000
143889  61.625  -0.228  -8.327 0.0000000000
54048  36.568  -25.820  21.893 0.0000000000
55073  37.574  -25.536  22.040 0.0000000000
54020  37.253  -25.877  23.275 0.0000000000
140474  37.531  -26.169  24.623 0.0000000000
141895  38.658  -26.307  26.266 0.0000000000
135979  23.288  -31.630  37.779 0.0000000000
49547  24.324  -30.381  39.016 0.0000000000
48462  22.840  -31.550  38.712 0.0000000000
48442  21.924  -31.260  40.768 0.0000000000
47336  19.273  -32.528  41.159 0.0000000000
47313  20.357  -31.909  42.441 0.0000000000
80053  55.639  -2.786  -1.421 0.0000000000
81022  56.457  -2.146  -1.106 0.0000000000
81015  55.774  -2.634  -0.594 0.0000000000
80043  55.871  -2.728  0.220 0.0000000000
80024  56.750  -2.733  1.319 0.0000000000
79049  54.003  -4.100  0.346 0.0000000000
79039  55.649  -3.649  1.340 0.0000000000
80015  57.009  -3.007  2.063 0.0000000000
79019  57.815  -3.779  3.207 0.0000000000
77996  58.744  -4.610  4.272 0.0000000000
77983  59.922  -4.760  5.042 0.0000000000
70327  53.619  -11.962  7.627 0.0000000000
71440  55.554  -11.150  7.296 0.0000000000
71428  55.090  -11.584  8.743 0.0000000000
71418  56.334  -10.908  9.640 0.0000000000
155111  57.633  -9.837  11.311 0.0000000000
72476  56.381  -9.905  12.139 0.0000000000
73708  57.306  -9.667  11.964 0.0000000000
73688  58.614  -8.917  12.072 0.0000000000
63373  49.176  -17.466  14.623 0.0000000000
56219  50.197  -24.428  25.024 0.0000000000
79102  52.672  -3.308  -4.445 0.0000000000
79078  53.985  -4.000  -3.203 0.0000000000
79077  54.724  -3.684  -2.535 0.0000000000
84437  58.497  1.232  -9.983 0.0000000000
83365  58.143  0.493  -9.410 0.0000000000
38794  14.678  -39.613  35.611 0.0000000000
39854  15.042  -38.949  37.299 0.0000000000
134394  14.075  -40.122  36.979 0.0000000000
38764  13.699  -39.853  38.765 0.0000000000
38757  12.612  -39.884  40.644 0.0000000000
36594  11.688  -41.651  38.596 0.0000000000
133253  51.724  -11.945  5.208 0.0000000000
70348  50.952  -12.306  5.045 0.0000000000
129773  51.944  -12.133  5.967 0.0000000000
70328  52.692  -12.339  7.391 0.0000000000
70319  52.929  -12.359  8.925 0.0000000000
69164  52.728  -12.309  9.790 0.0000000000
69185  50.043  -13.300  9.046 0.0000000000
69149  50.956  -12.813  10.201 0.0000000000
70292  52.509  -12.082  10.635 0.0000000000
71401  52.360  -11.279  12.267 0.0000000000
71370  52.042  -10.544  13.429 0.0000000000
72458  52.386  -9.710  14.506 0.0000000000
54117  44.147  -25.737  17.814 0.0000000000
53031  41.871  -26.672  18.413 0.0000000000
54078  43.758  -26.467  18.892 0.0000000000
54076  45.165  -25.904  19.252 0.0000000000
54044  45.904  -26.511  20.725 0.0000000000
54030  47.107  -26.677  21.850 0.0000000000
52923  48.128  -26.791  23.774 0.0000000000
54018  39.401  -25.718  22.492 0.0000000000
54016  40.954  -26.001  23.072 0.0000000000
52942  42.408  -26.876  23.560 0.0000000000
140888  42.541  -26.902  26.081 0.0000000000
52927  43.159  -27.239  24.778 0.0000000000
52926  43.973  -27.684  24.374 0.0000000000
51810  45.711  -27.918  24.652 0.0000000000
52906  47.179  -27.548  25.168 0.0000000000
53991  48.430  -26.267  25.919 0.0000000000
147882  31.975  -25.965  30.554 0.0000000000
53907  31.721  -26.030  32.102 0.0000000000
52789  30.565  -27.355  32.906 0.0000000000
50702  30.734  -28.616  34.012 0.0000000000
142439  29.491  -29.542  31.406 0.0000000000
49600  29.838  -29.758  33.413 0.0000000000
50695  29.557  -29.733  34.707 0.0000000000
49581  27.452  -29.924  35.076 0.0000000000
130189  26.482  -29.934  35.496 0.0000000000
48484  24.475  -30.842  35.407 0.0000000000
48623  25.626  -31.626  26.542 0.0000000000
48610  24.879  -31.503  27.825 0.0000000000
153766  24.711  -31.164  29.269 0.0000000000
47463  22.153  -32.581  28.133 0.0000000000
47443  23.583  -31.604  29.638 0.0000000000
132277  24.193  -31.000  31.038 0.0000000000
48514  23.667  -31.413  32.023 0.0000000000
48494  23.522  -31.618  33.831 0.0000000000
146008  23.331  -31.747  35.774 0.0000000000
46354  21.928  -32.837  35.832 0.0000000000
46355  21.245  -33.415  35.918 0.0000000000
44320  19.563  -34.714  35.245 0.0000000000
44355  19.743  -35.087  32.757 0.0000000000
44346  19.091  -35.276  33.992 0.0000000000
43232  18.319  -35.719  35.331 0.0000000000
43233  17.529  -36.577  35.153 0.0000000000
42102  16.504  -37.571  34.887 0.0000000000
142479  15.878  -38.071  34.969 0.0000000000
39871  15.019  -38.971  35.121 0.0000000000
38795  13.995  -40.078  35.029 0.0000000000
56359  35.961  -24.672  16.839 0.0000000000
55133  36.352  -24.905  18.489 0.0000000000
55111  35.844  -24.995  19.508 0.0000000000
54124  33.475  -25.726  17.763 0.0000000000
54082  34.755  -25.896  19.751 0.0000000000
130645  35.595  -25.876  20.806 0.0000000000
52962  34.415  -26.864  21.909 0.0000000000
52945  34.300  -26.987  23.447 0.0000000000
52933  33.204  -26.982  24.855 0.0000000000
132052  30.982  -27.167  23.928 0.0000000000
149646  31.960  -26.943  25.168 0.0000000000
52897  32.485  -26.802  26.486 0.0000000000
53967  31.926  -26.415  27.901 0.0000000000
53951  31.463  -25.935  29.048 0.0000000000
40929  14.803  -37.857  39.660 0.0000000000
43173  14.624  -35.675  41.970 0.0000000000
130707  62.991  1.025  -0.826 0.0000000000
147518  57.744  -1.116  0.075 0.0000000000
83250  59.191  -0.059  0.999 0.0000000000
83248  60.808  0.661  1.735 0.0000000000
82094  60.342  -0.935  2.812 0.0000000000
83232  61.822  -0.130  2.614 0.0000000000
83237  62.505  -0.126  2.092 0.0000000000
76029  52.971  -7.077  1.748 0.0000000000
76027  54.516  -6.449  2.466 0.0000000000
73810  54.376  -8.554  3.388 0.0000000000
74960  54.944  -7.429  3.242 0.0000000000
77005  55.851  -6.043  3.368 0.0000000000
76992  57.040  -6.012  4.218 0.0000000000
76975  59.070  -5.688  5.106 0.0000000000
76973  60.441  -5.505  5.408 0.0000000000
71439  56.294  -10.672  6.802 0.0000000000
72532  57.957  -9.862  7.449 0.0000000000
73760  58.465  -9.248  6.897 0.0000000000
74894  60.147  -8.352  9.327 0.0000000000
73749  59.799  -8.569  7.812 0.0000000000
74911  59.861  -7.951  7.078 0.0000000000
74921  60.449  -7.380  6.853 0.0000000000
151148  61.349  -6.248  6.509 0.0000000000
69171  45.382  -13.078  9.775 0.0000000000
70298  46.919  -12.463  11.162 0.0000000000
70264  46.093  -11.696  12.655 0.0000000000
70263  46.984  -11.630  12.516 0.0000000000
150759  48.604  -11.662  12.361 0.0000000000
71387  49.272  -10.838  13.404 0.0000000000
72460  50.637  -9.821  14.996 0.0000000000
73651  51.885  -9.315  16.018 0.0000000000
56334  47.192  -23.542  17.332 0.0000000000
59950  48.788  -20.252  15.194 0.0000000000
61004  49.660  -19.073  15.383 0.0000000000
63372  49.766  -17.477  15.245 0.0000000000
141791  50.612  -23.989  23.796 0.0000000000
57452  51.556  -23.350  22.127 0.0000000000
57481  51.915  -22.594  20.817 0.0000000000
59875  52.559  -21.173  21.038 0.0000000000
59897  52.121  -20.671  19.388 0.0000000000
60969  51.987  -19.551  18.568 0.0000000000
62126  51.537  -17.892  17.285 0.0000000000
64408  50.517  -16.474  16.051 0.0000000000
65529  50.811  -15.591  16.250 0.0000000000
142114  50.907  -13.871  16.455 0.0000000000
154194  51.650  -12.570  17.100 0.0000000000
67806  53.748  -14.091  20.453 0.0000000000
136429  52.664  -12.840  18.300 0.0000000000
69052  51.689  -11.865  17.461 0.0000000000
71294  51.666  -10.706  17.810 0.0000000000
155409  57.782  0.136  -8.790 0.0000000000
81123  58.639  -1.579  -9.393 0.0000000000
80139  60.031  -2.292  -8.833 0.0000000000
81104  60.911  -2.086  -8.562 0.0000000000
82194  61.724  -0.556  -7.509 0.0000000000
81067  60.846  -1.925  -5.922 0.0000000000
82178  61.731  -0.851  -5.836 0.0000000000
83338  62.134  -0.126  -6.191 0.0000000000
84390  63.051  0.617  -5.218 0.0000000000
52839  32.132  -26.370  30.100 0.0000000000
39861  15.771  -38.316  36.213 0.0000000000
40964  15.620  -38.340  37.009 0.0000000000
73660  52.886  -9.182  14.994 0.0000000000
73659  53.701  -9.022  14.742 0.0000000000
130781  36.826  -24.987  20.122 0.0000000000
55092  37.414  -25.120  20.585 0.0000000000
155831  37.730  -25.197  21.088 0.0000000000
49708  27.964  -30.855  25.254 0.0000000000
49693  28.384  -30.663  25.952 0.0000000000
48632  27.156  -31.251  25.245 0.0000000000
49724  28.324  -30.554  24.518 0.0000000000
136302  24.747  -30.706  36.865 0.0000000000
49562  25.841  -29.799  37.624 0.0000000000
49563  25.049  -30.138  37.484 0.0000000000
81021  57.356  -1.567  -1.199 0.0000000000
77982  60.883  -4.518  5.194 0.0000000000
78998  61.584  -3.742  5.159 0.0000000000
77981  61.936  -4.422  5.515 0.0000000000
152873  53.370  -11.335  5.486 0.0000000000
71457  54.092  -11.115  5.942 0.0000000000
64422  48.422  -16.401  13.835 0.0000000000
65544  48.166  -15.615  13.937 0.0000000000
65543  48.671  -15.978  14.297 0.0000000000
65539  48.704  -15.231  14.568 0.0000000000
155675  49.590  -16.080  15.194 0.0000000000
55065  48.974  -25.828  23.754 0.0000000000
55070  49.212  -25.617  22.977 0.0000000000
55064  49.695  -25.150  23.696 0.0000000000
151247  57.564  -1.934  -2.488 0.0000000000
81154  59.851  -0.920  -11.425 0.0000000000
81142  59.525  -1.305  -10.705 0.0000000000
81143  58.843  -1.341  -10.090 0.0000000000
52932  34.229  -26.982  24.968 0.0000000000
133146  35.109  -26.940  25.165 0.0000000000
52912  34.707  -26.916  25.822 0.0000000000
45300  19.686  -33.923  37.427 0.0000000000
46337  20.135  -33.451  37.905 0.0000000000
45285  19.543  -33.770  38.121 0.0000000000
79057  53.434  -3.953  -0.949 0.0000000000
133767  55.028  -4.997  2.150 0.0000000000
77017  55.444  -5.476  2.695 0.0000000000
78007  56.097  -5.131  3.081 0.0000000000
70291  53.333  -11.896  10.343 0.0000000000
71411  54.873  -11.237  10.452 0.0000000000
140567  54.571  -10.978  11.220 0.0000000000
36604  12.517  -41.760  36.090 0.0000000000
69221  49.027  -13.385  6.005 0.0000000000
67980  48.505  -13.736  6.583 0.0000000000
67979  49.275  -13.485  6.808 0.0000000000
67963  48.769  -13.766  7.408 0.0000000000
69152  48.261  -12.969  10.336 0.0000000000
69151  49.201  -12.989  10.340 0.0000000000
70276  50.290  -12.119  11.585 0.0000000000
70277  49.291  -11.981  11.790 0.0000000000
52977  42.762  -27.013  21.658 0.0000000000
52976  43.356  -27.191  21.088 0.0000000000
131329  43.645  -27.400  21.699 0.0000000000
52957  44.564  -27.533  21.867 0.0000000000
149452  43.876  -27.621  22.495 0.0000000000
53981  39.498  -25.954  25.835 0.0000000000
53993  40.244  -25.959  25.476 0.0000000000
53980  40.209  -26.043  26.262 0.0000000000
51768  29.806  -26.678  29.707 0.0000000000
51752  29.620  -27.163  30.508 0.0000000000
51769  29.438  -27.552  29.783 0.0000000000
48544  26.815  -30.926  30.881 0.0000000000
48525  27.441  -30.859  31.647 0.0000000000
48526  26.396  -30.825  31.667 0.0000000000
48511  25.926  -30.759  32.348 0.0000000000
48527  25.555  -30.812  31.675 0.0000000000
45375  20.946  -34.208  30.187 0.0000000000
46389  21.562  -33.667  30.690 0.0000000000
46382  21.585  -33.637  31.606 0.0000000000
154845  21.939  -33.010  31.974 0.0000000000
45362  20.981  -34.085  32.040 0.0000000000
136733  20.902  -34.044  32.999 0.0000000000
52982  30.543  -27.436  21.151 0.0000000000
154374  30.918  -27.079  19.962 0.0000000000
52998  31.125  -27.158  20.502 0.0000000000
52997  32.030  -27.118  20.513 0.0000000000
52981  31.411  -27.301  21.364 0.0000000000
139509  32.176  -27.273  21.908 0.0000000000
52965  31.276  -27.405  22.316 0.0000000000
52862  29.653  -27.206  28.011 0.0000000000
52880  29.926  -27.061  27.397 0.0000000000
52861  29.892  -26.655  28.147 0.0000000000
53936  30.035  -26.191  28.905 0.0000000000
51698  30.985  -27.958  34.458 0.0000000000
39827  12.738  -38.941  41.846 0.0000000000
40916  12.883  -38.042  42.152 0.0000000000
83287  61.811  0.428  -3.176 0.0000000000
132246  63.102  0.719  -2.755 0.0000000000
84362  62.361  0.953  -2.613 0.0000000000
84336  61.815  1.168  0.826 0.0000000000
84335  62.419  1.045  0.616 0.0000000000
84328  62.367  0.580  0.893 0.0000000000
83245  62.295  0.035  1.523 0.0000000000
80023  57.439  -2.453  1.626 0.0000000000
80998  58.444  -1.393  1.570 0.0000000000
73770  57.645  -8.796  5.800 0.0000000000
132160  57.322  -8.176  5.256 0.0000000000
74932  57.954  -7.972  5.514 0.0000000000
74931  58.682  -7.698  5.755 0.0000000000
72493  58.383  -9.776  10.166 0.0000000000
72502  58.598  -9.731  9.309 0.0000000000
70218  48.835  -11.483  15.926 0.0000000000
71353  48.045  -10.904  14.978 0.0000000000
71352  49.503  -10.399  15.695 0.0000000000
142140  49.837  -11.079  16.574 0.0000000000
147271  45.328  -24.799  17.277 0.0000000000
147739  45.265  -24.409  16.527 0.0000000000
56322  46.126  -24.448  17.660 0.0000000000
58776  50.457  -22.253  18.883 0.0000000000
58791  50.019  -21.827  18.230 0.0000000000
59911  50.351  -21.035  17.864 0.0000000000
58790  50.789  -21.490  18.530 0.0000000000
62081  53.509  -18.210  21.267 0.0000000000
63335  53.353  -17.928  19.806 0.0000000000
63341  53.521  -17.171  19.769 0.0000000000
64380  53.583  -16.313  19.720 0.0000000000
80109  56.909  -2.848  -6.814 0.0000000000
80108  57.919  -3.007  -6.818 0.0000000000
80107  58.885  -2.960  -6.953 0.0000000000
130760  59.181  -2.985  -6.127 0.0000000000
83288  61.116  -0.149  -3.455 0.0000000000
84367  62.676  0.542  -3.353 0.0000000000
86410  62.877  3.293  -10.898 0.0000000000
86425  63.086  3.622  -11.678 0.0000000000
84443  63.539  2.346  -11.162 0.0000000000
84406  63.322  1.220  -7.106 0.0000000000
52879  32.742  -26.750  27.405 0.0000000000
52878  33.720  -26.853  27.356 0.0000000000
133845  33.275  -26.816  27.990 0.0000000000
134800  17.269  -36.126  36.805 0.0000000000
44297  17.781  -35.158  37.694 0.0000000000
43211  17.241  -35.834  37.564 0.0000000000
43203  16.224  -36.375  38.726 0.0000000000
43202  16.656  -35.725  38.887 0.0000000000
43195  16.071  -35.856  39.565 0.0000000000
44272  15.890  -34.836  40.929 0.0000000000
43181  15.698  -35.604  40.512 0.0000000000
77026  52.647  -5.639  0.841 0.0000000000
72478  54.299  -10.384  12.606 0.0000000000
34396  9.401  -43.513  38.038 0.0000000000
55151  37.152  -25.254  17.467 0.0000000000
54102  38.567  -25.876  18.131 0.0000000000
146858  38.283  -25.785  18.808 0.0000000000
54046  39.085  -25.750  20.797 0.0000000000
136866  39.309  -26.004  19.924 0.0000000000
52994  40.503  -26.546  20.765 0.0000000000
52978  41.223  -26.743  21.312 0.0000000000
54045  40.624  -26.340  21.577 0.0000000000
50768  29.482  -28.829  28.479 0.0000000000
131719  29.407  -29.622  27.931 0.0000000000
48607  27.673  -30.982  27.333 0.0000000000
48586  28.317  -30.921  27.899 0.0000000000
48587  27.397  -31.036  28.147 0.0000000000
137365  27.070  -31.063  29.096 0.0000000000
48588  26.405  -31.090  28.271 0.0000000000
50821  29.343  -29.080  22.461 0.0000000000
141472  29.063  -29.077  21.562 0.0000000000
51831  29.662  -28.406  22.016 0.0000000000
51838  29.894  -27.906  21.561 0.0000000000
51823  29.890  -28.399  22.876 0.0000000000
51822  30.275  -27.912  23.440 0.0000000000
155436  30.025  -28.394  23.664 0.0000000000
136112  29.248  -29.505  26.082 0.0000000000
154420  29.792  -28.758  25.836 0.0000000000
130141  29.784  -28.533  26.683 0.0000000000
49569  28.020  -29.660  35.989 0.0000000000
138093  28.032  -29.057  37.060 0.0000000000
82143  59.655  -0.651  -2.670 0.0000000000
82134  59.402  -0.300  -1.872 0.0000000000
82125  58.535  -0.614  -0.812 0.0000000000
133054  59.575  0.237  -0.680 0.0000000000
83261  59.636  0.347  -0.039 0.0000000000
84338  60.307  0.879  0.298 0.0000000000
79999  59.259  -3.283  3.790 0.0000000000
79998  59.895  -2.830  3.918 0.0000000000
149860  62.410  -2.947  5.055 0.0000000000
71491  52.267  -10.596  3.419 0.0000000000
135308  53.119  -10.246  3.797 0.0000000000
155615  55.194  -10.423  5.603 0.0000000000
72558  56.418  -9.521  5.546 0.0000000000
72547  56.815  -9.926  6.279 0.0000000000
139667  45.075  -13.516  13.133 0.0000000000
67889  45.534  -12.849  13.538 0.0000000000
66694  46.568  -13.817  13.972 0.0000000000
66673  48.808  -13.792  15.132 0.0000000000
67865  47.631  -13.295  14.659 0.0000000000
67850  49.003  -13.046  15.572 0.0000000000
54055  47.340  -25.561  20.648 0.0000000000
55091  47.103  -25.109  20.040 0.0000000000
55090  47.821  -24.920  20.265 0.0000000000
55080  49.734  -24.768  21.761 0.0000000000
56271  49.450  -24.468  20.889 0.0000000000
56287  49.976  -23.930  20.410 0.0000000000
56269  50.813  -23.713  20.763 0.0000000000
147775  54.443  -3.955  -4.178 0.0000000000
80084  56.995  -3.368  -4.101 0.0000000000
79097  57.343  -3.602  -5.272 0.0000000000
80083  57.687  -3.266  -4.524 0.0000000000
80082  58.723  -2.810  -4.739 0.0000000000
81028  58.278  -1.552  -2.583 0.0000000000
81037  59.113  -1.363  -3.153 0.0000000000
82238  61.083  -0.106  -11.509 0.0000000000
83385  60.624  -0.139  -12.200 0.0000000000
142162  61.518  1.661  -10.978 0.0000000000
82214  61.428  -0.673  -9.889 0.0000000000
83373  61.486  0.260  -10.057 0.0000000000
144910  61.539  0.032  -9.190 0.0000000000
82204  61.589  -0.929  -9.090 0.0000000000
54035  36.129  -26.084  22.407 0.0000000000
54034  36.953  -25.815  22.484 0.0000000000
54021  36.471  -26.177  23.192 0.0000000000
53996  38.018  -26.226  25.413 0.0000000000
53982  37.675  -26.621  26.046 0.0000000000
47367  22.661  -32.026  37.158 0.0000000000
47357  22.423  -31.962  38.012 0.0000000000
47346  20.912  -32.098  39.745 0.0000000000
140251  21.975  -31.466  40.064 0.0000000000
48443  21.294  -31.643  41.128 0.0000000000
48433  21.863  -31.129  41.601 0.0000000000
48419  21.197  -31.611  41.969 0.0000000000
45277  17.853  -33.887  39.813 0.0000000000
46311  18.992  -33.100  39.945 0.0000000000
46312  18.326  -33.406  40.305 0.0000000000
80044  55.008  -2.984  -0.928 0.0000000000
80034  55.171  -2.976  -0.183 0.0000000000
80033  56.512  -2.455  0.607 0.0000000000
80025  56.011  -2.937  1.028 0.0000000000
78032  53.242  -4.477  0.056 0.0000000000
79041  54.161  -4.492  1.016 0.0000000000
79038  56.373  -3.358  1.676 0.0000000000
79030  56.739  -3.738  2.327 0.0000000000
79029  57.429  -3.460  2.601 0.0000000000
79020  57.066  -4.042  3.044 0.0000000000
79011  58.251  -4.133  3.800 0.0000000000
77995  59.466  -4.346  4.460 0.0000000000
77984  59.188  -4.981  4.885 0.0000000000
70317  54.360  -11.841  8.200 0.0000000000
71410  55.820  -10.905  10.486 0.0000000000
71419  55.492  -11.261  9.641 0.0000000000
72495  56.714  -10.616  10.516 0.0000000000
72485  56.948  -10.087  11.292 0.0000000000
146105  54.970  -10.111  12.590 0.0000000000
72487  55.535  -10.336  11.986 0.0000000000
72477  55.664  -9.908  12.594 0.0000000000
73690  56.938  -9.300  12.720 0.0000000000
73689  57.761  -9.126  12.426 0.0000000000
74860  58.938  -8.524  12.866 0.0000000000
62167  48.655  -18.276  13.439 0.0000000000
63382  48.694  -17.325  13.811 0.0000000000
62154  48.988  -18.291  14.268 0.0000000000
79089  52.327  -3.650  -3.934 0.0000000000
79088  53.335  -3.891  -4.116 0.0000000000
131012  52.890  -4.113  -3.357 0.0000000000
79066  54.117  -3.828  -2.167 0.0000000000
80062  55.522  -3.199  -2.398 0.0000000000
83374  58.310  0.229  -10.442 0.0000000000
38782  14.146  -40.163  36.026 0.0000000000
38781  14.690  -39.615  36.635 0.0000000000
37698  12.882  -41.008  37.622 0.0000000000
37691  13.358  -40.498  38.153 0.0000000000
38765  13.099  -40.375  38.836 0.0000000000
38761  13.042  -39.978  39.635 0.0000000000
37683  12.564  -40.694  39.208 0.0000000000
35479  10.822  -42.702  37.453 0.0000000000
36601  11.630  -42.049  37.542 0.0000000000
70359  52.202  -11.512  4.646 0.0000000000
133348  51.352  -11.824  4.418 0.0000000000
69245  50.139  -12.605  4.911 0.0000000000
69230  51.342  -12.389  5.650 0.0000000000
155818  51.403  -12.539  6.218 0.0000000000
70329  51.947  -12.458  6.740 0.0000000000
69204  52.399  -12.625  8.306 0.0000000000
69184  51.554  -12.855  8.534 0.0000000000
69183  52.162  -12.702  9.203 0.0000000000
67948  49.090  -13.733  8.181 0.0000000000
69186  49.359  -13.569  8.937 0.0000000000
69150  50.105  -12.917  10.305 0.0000000000
70293  51.320  -12.540  10.732 0.0000000000
70310  51.856  -12.590  10.140 0.0000000000
150664  51.844  -12.255  10.897 0.0000000000
70274  52.224  -11.836  11.512 0.0000000000
71386  50.785  -11.143  12.768 0.0000000000
71385  51.759  -10.949  12.816 0.0000000000
72469  51.774  -9.999  13.962 0.0000000000
54135  42.834  -25.410  16.490 0.0000000000
55149  43.696  -25.082  16.514 0.0000000000
54118  43.405  -25.737  17.312 0.0000000000
54100  40.271  -26.399  17.957 0.0000000000
54099  41.153  -26.460  17.867 0.0000000000
53010  43.569  -26.765  19.506 0.0000000000
53030  42.876  -26.684  18.857 0.0000000000
54077  44.346  -26.470  19.323 0.0000000000
54096  44.425  -25.946  18.579 0.0000000000
54058  44.866  -26.449  19.806 0.0000000000
54057  45.550  -26.125  20.011 0.0000000000
52955  46.553  -27.340  22.276 0.0000000000
133128  46.827  -27.540  22.926 0.0000000000
54015  47.937  -26.818  23.045 0.0000000000
52939  47.435  -27.381  23.433 0.0000000000
54019  38.080  -25.744  23.342 0.0000000000
54032  38.338  -25.562  22.422 0.0000000000
145571  38.800  -25.675  23.082 0.0000000000
54005  41.114  -26.067  24.396 0.0000000000
149784  41.203  -26.182  23.734 0.0000000000
52943  41.625  -26.584  23.284 0.0000000000
52929  41.714  -26.575  24.043 0.0000000000
52889  44.238  -27.578  26.623 0.0000000000
149737  43.197  -27.244  25.574 0.0000000000
154974  43.723  -27.579  25.140 0.0000000000
51801  44.416  -27.776  25.137 0.0000000000
51811  44.910  -27.883  24.463 0.0000000000
155364  45.132  -27.866  25.120 0.0000000000
151332  47.086  -27.404  25.854 0.0000000000
52905  47.745  -26.934  25.671 0.0000000000
53921  31.476  -25.928  30.414 0.0000000000
53913  31.753  -25.951  31.246 0.0000000000
53914  30.991  -25.932  30.942 0.0000000000
52798  30.194  -27.115  32.081 0.0000000000
51708  30.845  -27.679  33.695 0.0000000000
130870  30.504  -28.329  33.239 0.0000000000
146862  29.372  -29.529  30.250 0.0000000000
50736  29.439  -28.931  30.696 0.0000000000
155535  29.357  -29.599  30.792 0.0000000000
49611  28.840  -30.470  32.766 0.0000000000
49610  29.636  -29.856  32.495 0.0000000000
156122  29.270  -30.179  33.298 0.0000000000
153535  29.920  -29.725  34.074 0.0000000000
49591  29.216  -30.030  34.077 0.0000000000
49579  28.880  -29.880  34.784 0.0000000000
49592  28.304  -30.051  34.453 0.0000000000
48491  25.806  -30.570  34.262 0.0000000000
49593  26.575  -30.264  34.619 0.0000000000
49582  25.787  -30.313  35.122 0.0000000000
49583  25.162  -30.491  35.653 0.0000000000
49594  24.997  -30.643  34.711 0.0000000000
47481  24.318  -31.804  27.154 0.0000000000
48590  24.651  -31.356  28.702 0.0000000000
154382  24.090  -31.492  28.739 0.0000000000
47484  21.998  -32.609  27.354 0.0000000000
46408  21.637  -32.936  28.508 0.0000000000
47429  22.622  -32.295  30.262 0.0000000000
47444  22.839  -31.984  29.445 0.0000000000
47428  23.250  -31.731  30.292 0.0000000000
48547  24.039  -31.193  30.271 0.0000000000
47418  23.603  -31.449  31.125 0.0000000000
48529  24.086  -31.041  31.613 0.0000000000
47419  23.080  -31.730  31.665 0.0000000000
47400  22.584  -32.469  33.359 0.0000000000
47399  23.026  -31.879  33.205 0.0000000000
47391  22.906  -32.027  34.029 0.0000000000
48486  23.413  -31.698  34.685 0.0000000000
47382  22.801  -32.188  34.910 0.0000000000
47375  22.600  -32.373  35.757 0.0000000000
47383  22.234  -32.762  35.014 0.0000000000
45344  20.731  -33.962  34.695 0.0000000000
135926  21.144  -33.668  35.135 0.0000000000
45332  20.634  -33.881  35.466 0.0000000000
45333  19.956  -34.133  35.770 0.0000000000
45345  20.158  -34.293  34.958 0.0000000000
134908  19.220  -35.573  31.112 0.0000000000
44366  19.896  -35.182  31.845 0.0000000000
43255  17.983  -36.251  33.375 0.0000000000
43254  18.564  -35.813  33.715 0.0000000000
43242  18.604  -35.663  34.610 0.0000000000
140027  17.831  -35.974  35.621 0.0000000000
43243  17.920  -36.056  34.809 0.0000000000
146076  17.038  -36.959  34.764 0.0000000000
40981  15.787  -37.971  34.194 0.0000000000
39881  14.820  -38.954  34.153 0.0000000000
38805  14.478  -39.543  34.589 0.0000000000
39882  14.153  -39.335  33.700 0.0000000000
55154  34.717  -24.705  17.480 0.0000000000
55153  35.691  -24.772  18.024 0.0000000000
55134  35.757  -24.873  18.815 0.0000000000
55112  35.121  -25.193  19.114 0.0000000000
54125  32.607  -26.056  17.426 0.0000000000
54105  32.959  -26.418  18.304 0.0000000000
53014  33.354  -26.834  19.889 0.0000000000
54083  33.974  -26.394  19.581 0.0000000000
54063  34.402  -26.419  20.219 0.0000000000
52979  34.436  -26.685  20.912 0.0000000000
54050  35.128  -26.359  21.305 0.0000000000
150789  32.703  -27.245  23.237 0.0000000000
131478  34.055  -26.989  22.754 0.0000000000
52946  33.500  -27.148  23.308 0.0000000000
133441  33.777  -27.073  24.111 0.0000000000
52936  30.419  -27.729  24.413 0.0000000000
52935  30.656  -27.414  24.522 0.0000000000
52899  31.062  -26.855  26.089 0.0000000000
52915  31.441  -26.945  25.569 0.0000000000
52898  31.642  -26.818  26.340 0.0000000000
143108  32.191  -26.870  25.750 0.0000000000
53984  31.862  -26.675  27.115 0.0000000000
149806  31.338  -26.378  27.596 0.0000000000
53935  30.684  -25.944  29.351 0.0000000000
153893  31.263  -25.917  29.762 0.0000000000
53934  31.838  -25.975  29.850 0.0000000000
53902  32.200  -26.296  32.647 0.0000000000
48451  23.768  -30.689  39.500 0.0000000000
49546  24.837  -29.893  39.322 0.0000000000
49534  24.925  -29.842  40.218 0.0000000000
39843  14.748  -38.941  38.304 0.0000000000
40943  15.058  -38.149  38.787 0.0000000000
39834  14.532  -38.656  39.264 0.0000000000
42035  13.747  -36.875  42.177 0.0000000000
42034  14.268  -36.411  41.655 0.0000000000
43174  14.133  -36.189  42.483 0.0000000000
44246  14.963  -34.994  42.999 0.0000000000
43161  14.922  -35.747  43.014 0.0000000000
130339  62.213  1.231  -1.837 0.0000000000
84344  62.274  1.364  -0.882 0.0000000000
83260  62.985  0.374  -0.440 0.0000000000
81014  57.158  -1.647  -0.313 0.0000000000
82110  58.811  -0.729  1.238 0.0000000000
135162  58.724  -0.521  0.644 0.0000000000
82109  59.418  -0.434  1.520 0.0000000000
83249  59.985  0.209  1.488 0.0000000000
83240  60.482  0.122  2.066 0.0000000000
80973  60.420  -2.119  3.660 0.0000000000
80981  60.028  -1.691  3.131 0.0000000000
80980  60.837  -1.385  3.351 0.0000000000
82092  62.153  -0.564  3.120 0.0000000000
82091  62.946  -0.783  2.993 0.0000000000
83231  62.165  -0.111  2.473 0.0000000000
150684  62.835  -0.648  2.501 0.0000000000
82100  62.634  -0.499  2.335 0.0000000000
152735  53.047  -7.700  2.068 0.0000000000
74974  52.128  -7.242  1.290 0.0000000000
76028  53.801  -6.707  2.114 0.0000000000
76018  54.308  -7.277  2.715 0.0000000000
72582  54.094  -9.375  3.778 0.0000000000
73811  53.664  -8.846  3.069 0.0000000000
74942  56.142  -7.644  4.324 0.0000000000
74943  55.508  -7.549  3.781 0.0000000000
76016  55.393  -6.839  3.328 0.0000000000
76000  55.948  -6.836  3.943 0.0000000000
76993  56.394  -6.260  3.965 0.0000000000
75979  58.884  -6.932  5.473 0.0000000000
76976  58.404  -6.196  5.068 0.0000000000
75978  59.161  -6.353  5.303 0.0000000000
76974  59.729  -6.039  5.382 0.0000000000
76966  60.334  -6.350  5.843 0.0000000000
71427  56.152  -10.939  7.883 0.0000000000
72531  58.662  -9.538  7.842 0.0000000000
73759  59.054  -8.911  7.472 0.0000000000
74901  60.664  -7.801  8.854 0.0000000000
74902  60.187  -8.287  8.499 0.0000000000
75960  60.974  -6.942  7.413 0.0000000000
69155  44.834  -12.677  10.493 0.0000000000
69154  45.717  -12.739  10.547 0.0000000000
149130  46.466  -12.769  10.640 0.0000000000
141874  46.051  -12.326  11.223 0.0000000000
70247  46.021  -11.825  13.698 0.0000000000
70253  45.575  -11.849  13.104 0.0000000000
70252  46.394  -11.586  13.396 0.0000000000
71374  47.735  -10.911  13.669 0.0000000000
71389  47.405  -11.177  13.084 0.0000000000
70262  47.841  -11.637  12.457 0.0000000000
71388  48.330  -10.995  13.047 0.0000000000
70261  49.240  -11.384  12.663 0.0000000000
72471  49.985  -10.048  14.468 0.0000000000
72449  50.548  -9.875  15.720 0.0000000000
72448  51.307  -9.668  15.524 0.0000000000
72434  51.191  -9.743  16.242 0.0000000000
56304  47.893  -23.945  19.042 0.0000000000
56320  47.651  -23.670  18.154 0.0000000000
58806  48.894  -21.877  17.174 0.0000000000
57546  48.171  -22.358  16.911 0.0000000000
59939  48.409  -21.036  15.461 0.0000000000
59938  48.969  -20.666  15.972 0.0000000000
60983  50.348  -19.833  16.732 0.0000000000
60992  49.965  -19.410  16.032 0.0000000000
62141  50.070  -18.372  15.758 0.0000000000
62128  50.580  -18.928  16.435 0.0000000000
56237  50.210  -24.453  24.151 0.0000000000
56218  50.739  -23.839  24.556 0.0000000000
57436  51.408  -23.357  22.962 0.0000000000
57451  51.877  -22.725  22.666 0.0000000000
57467  51.971  -22.685  21.762 0.0000000000
58747  52.301  -21.937  21.395 0.0000000000
60939  52.936  -19.597  20.532 0.0000000000
59874  52.723  -20.479  21.549 0.0000000000
59885  52.729  -20.399  20.727 0.0000000000
59886  52.430  -21.002  20.166 0.0000000000
60940  52.616  -20.167  19.917 0.0000000000
59909  51.763  -20.264  18.682 0.0000000000
60955  52.302  -19.833  19.170 0.0000000000
62117  52.065  -18.090  18.016 0.0000000000
63354  51.395  -17.118  16.964 0.0000000000
63364  50.899  -17.192  16.394 0.0000000000
64397  51.142  -16.386  16.593 0.0000000000
64396  51.756  -16.355  17.131 0.0000000000
66631  52.245  -14.684  17.469 0.0000000000
66644  51.718  -14.930  17.037 0.0000000000
67835  51.682  -14.035  17.002 0.0000000000
67836  51.321  -13.121  16.749 0.0000000000
69067  51.900  -13.202  17.163 0.0000000000
66616  53.784  -15.141  20.401 0.0000000000
66610  53.916  -14.786  21.391 0.0000000000
69050  52.972  -13.011  19.180 0.0000000000
69032  52.841  -12.125  18.922 0.0000000000
69033  52.338  -11.931  18.145 0.0000000000
70177  51.939  -11.197  17.962 0.0000000000
70196  51.046  -11.257  17.345 0.0000000000
71280  52.324  -10.727  18.488 0.0000000000
131243  55.118  -3.577  -5.452 0.0000000000
80097  54.755  -2.737  -5.844 0.0000000000
80110  55.375  -3.089  -6.091 0.0000000000
81106  58.324  -1.816  -8.681 0.0000000000
81124  58.046  -1.169  -9.070 0.0000000000
81105  59.117  -2.084  -8.836 0.0000000000
80118  60.390  -2.593  -7.195 0.0000000000
81091  61.059  -2.153  -7.694 0.0000000000
81090  61.534  -1.464  -7.215 0.0000000000
81054  59.704  -2.089  -4.651 0.0000000000
80095  60.172  -2.322  -5.529 0.0000000000
81053  60.678  -1.608  -5.013 0.0000000000
82179  61.274  -1.389  -5.603 0.0000000000
83337  62.647  0.329  -5.729 0.0000000000
84372  63.413  0.475  -4.742 0.0000000000
83412  60.658  1.007  -13.373 0.0000000000
84479  61.017  1.917  -13.615 0.0000000000
130792  32.452  -26.840  29.080 0.0000000000
42091  16.590  -37.420  36.069 0.0000000000
149319  16.853  -36.478  37.331 0.0000000000
42080  16.468  -37.150  37.025 0.0000000000
42058  15.849  -37.096  38.538 0.0000000000
72467  53.587  -9.876  13.650 0.0000000000
73676  54.056  -9.442  14.076 0.0000000000
55132  37.058  -25.062  18.885 0.0000000000
54081  38.462  -25.764  19.535 0.0000000000
54060  37.894  -25.356  20.067 0.0000000000
154070  28.820  -30.194  25.995 0.0000000000
138602  28.819  -30.365  26.609 0.0000000000
48621  28.023  -30.912  26.609 0.0000000000
48622  27.089  -31.089  26.671 0.0000000000
49751  28.923  -29.858  22.960 0.0000000000
49737  29.225  -29.590  23.780 0.0000000000
49723  29.024  -29.777  24.493 0.0000000000
140744  26.449  -29.814  36.352 0.0000000000
50682  27.119  -29.346  37.553 0.0000000000
49561  26.483  -29.709  37.159 0.0000000000
50674  26.047  -29.657  38.329 0.0000000000
50654  26.181  -29.525  39.099 0.0000000000
82145  58.295  -1.075  -1.922 0.0000000000
79008  60.444  -3.356  4.385 0.0000000000
78999  60.823  -3.730  4.884 0.0000000000
152810  53.295  -10.694  4.419 0.0000000000
71472  53.711  -10.807  5.049 0.0000000000
71455  55.616  -10.496  6.028 0.0000000000
65545  47.560  -15.254  13.431 0.0000000000
66693  47.044  -14.549  13.759 0.0000000000
67877  47.348  -13.938  14.200 0.0000000000
66674  48.480  -14.335  14.683 0.0000000000
66658  49.754  -14.836  15.442 0.0000000000
54028  48.448  -25.649  21.790 0.0000000000
54042  48.112  -25.267  21.026 0.0000000000
137060  49.150  -25.312  22.185 0.0000000000
56254  50.509  -24.344  22.314 0.0000000000
80071  55.894  -3.511  -3.346 0.0000000000
80070  56.705  -3.173  -3.445 0.0000000000
80069  57.445  -2.874  -3.635 0.0000000000
81038  57.833  -2.187  -3.133 0.0000000000
82239  60.509  -0.646  -11.560 0.0000000000
82227  61.176  -0.502  -10.788 0.0000000000
52944  35.086  -26.883  23.617 0.0000000000
54022  35.987  -26.664  23.952 0.0000000000
52931  35.142  -26.933  24.443 0.0000000000
52930  35.855  -26.850  24.889 0.0000000000
52910  36.463  -26.805  25.457 0.0000000000
46336  20.767  -33.118  37.579 0.0000000000
47369  21.307  -32.705  37.972 0.0000000000
46322  20.613  -32.923  38.383 0.0000000000
46309  20.453  -32.723  39.263 0.0000000000
47347  20.209  -32.425  40.087 0.0000000000
45256  17.385  -33.503  41.334 0.0000000000
46303  17.982  -32.974  41.129 0.0000000000
79056  54.252  -3.602  -1.180 0.0000000000
79048  54.685  -3.557  0.159 0.0000000000
139490  53.933  -5.196  1.380 0.0000000000
78024  54.628  -4.714  1.514 0.0000000000
78017  56.432  -4.426  2.674 0.0000000000
78006  56.836  -4.816  3.318 0.0000000000
77998  57.240  -5.180  3.984 0.0000000000
70309  53.499  -11.990  9.464 0.0000000000
70308  54.283  -11.853  9.109 0.0000000000
73673  56.581  -8.905  13.488 0.0000000000
37708  13.635  -40.723  36.388 0.0000000000
37709  13.023  -41.171  36.733 0.0000000000
69219  51.131  -12.759  6.889 0.0000000000
69207  50.111  -13.040  7.088 0.0000000000
130047  49.968  -13.365  8.213 0.0000000000
69168  48.671  -13.468  9.567 0.0000000000
70294  50.619  -12.593  10.908 0.0000000000
54137  41.029  -25.648  16.497 0.0000000000
52992  42.392  -26.957  20.306 0.0000000000
53012  41.839  -26.902  19.449 0.0000000000
52991  43.345  -26.947  20.353 0.0000000000
52974  45.260  -27.075  21.255 0.0000000000
51828  46.040  -27.759  22.875 0.0000000000
54007  38.868  -25.871  24.536 0.0000000000
137399  39.669  -25.834  24.047 0.0000000000
54006  40.370  -25.928  24.657 0.0000000000
53992  40.990  -26.090  25.174 0.0000000000
51792  45.850  -27.759  26.177 0.0000000000
148560  30.224  -26.421  30.544 0.0000000000
52806  29.847  -27.010  31.284 0.0000000000
133524  29.793  -27.800  31.709 0.0000000000
48542  28.571  -30.874  30.282 0.0000000000
49642  29.105  -30.280  30.819 0.0000000000
48524  28.437  -30.804  31.229 0.0000000000
48509  28.256  -30.737  32.183 0.0000000000
49612  27.986  -30.639  33.054 0.0000000000
49602  27.494  -30.376  33.976 0.0000000000
48499  27.097  -30.659  33.136 0.0000000000
130559  26.269  -30.702  33.041 0.0000000000
133291  24.901  -30.803  32.934 0.0000000000
47482  23.358  -32.001  27.212 0.0000000000
46409  21.075  -33.540  28.789 0.0000000000
46397  21.773  -33.016  29.327 0.0000000000
46398  21.418  -33.639  29.774 0.0000000000
46388  21.978  -32.928  30.269 0.0000000000
148725  22.437  -32.548  30.912 0.0000000000
47420  22.536  -32.381  31.807 0.0000000000
136732  22.235  -32.776  32.641 0.0000000000
46367  21.973  -32.967  33.446 0.0000000000
46360  21.844  -33.143  34.298 0.0000000000
46368  21.473  -33.613  33.619 0.0000000000
45356  20.257  -34.602  33.454 0.0000000000
43244  17.487  -36.696  34.068 0.0000000000
42110  16.708  -37.141  33.302 0.0000000000
55179  34.293  -24.428  16.548 0.0000000000
55155  33.902  -24.970  17.235 0.0000000000
53017  30.597  -27.036  19.337 0.0000000000
53034  31.466  -26.906  18.598 0.0000000000
53033  32.384  -26.856  18.890 0.0000000000
53015  32.622  -26.943  19.780 0.0000000000
52996  32.970  -27.019  20.628 0.0000000000
133964  33.632  -26.965  21.261 0.0000000000
147195  32.875  -27.158  21.450 0.0000000000
51802  30.379  -27.602  25.905 0.0000000000
52900  30.243  -27.289  26.742 0.0000000000
53986  30.420  -26.965  26.989 0.0000000000
53969  30.686  -26.361  27.755 0.0000000000
53953  30.251  -26.288  28.198 0.0000000000
39835  13.829  -39.209  39.685 0.0000000000
40930  14.187  -38.345  40.138 0.0000000000
40921  13.744  -37.941  41.016 0.0000000000
40915  13.387  -37.599  41.886 0.0000000000
136602  62.665  1.131  -0.120 0.0000000000
84334  62.708  0.785  0.240 0.0000000000
81005  62.470  -0.145  0.559 0.0000000000
81007  57.466  -1.611  0.492 0.0000000000
80999  57.760  -1.766  1.242 0.0000000000
82103  59.068  -0.931  1.968 0.0000000000
80971  62.211  -1.610  4.142 0.0000000000
80979  61.709  -1.089  3.627 0.0000000000
73828  53.206  -8.317  2.341 0.0000000000
73784  55.933  -8.941  5.029 0.0000000000
148244  56.228  -8.284  4.782 0.0000000000
74933  56.738  -7.832  4.903 0.0000000000
75998  57.585  -6.554  4.727 0.0000000000
144218  57.525  -10.426  8.878 0.0000000000
73735  59.161  -9.259  9.086 0.0000000000
70300  44.342  -12.283  11.195 0.0000000000
70236  47.046  -11.859  14.530 0.0000000000
70246  46.785  -11.397  13.966 0.0000000000
70245  47.461  -11.190  14.441 0.0000000000
71361  47.926  -10.826  14.312 0.0000000000
71360  48.634  -10.638  14.758 0.0000000000
72461  49.279  -10.335  14.633 0.0000000000
72451  49.177  -10.353  15.161 0.0000000000
57495  49.400  -23.110  19.057 0.0000000000
57511  48.211  -23.105  18.092 0.0000000000
57510  48.878  -22.954  18.460 0.0000000000
58792  49.213  -22.150  17.993 0.0000000000
59924  49.293  -21.112  16.714 0.0000000000
59923  50.014  -20.677  17.094 0.0000000000
59922  50.750  -20.239  17.456 0.0000000000
155006  51.134  -23.349  24.504 0.0000000000
57414  51.567  -22.839  24.544 0.0000000000
58722  52.072  -22.113  24.188 0.0000000000
136708  52.145  -22.057  23.257 0.0000000000
62109  52.425  -18.981  18.862 0.0000000000
62108  52.949  -18.451  19.397 0.0000000000
63342  53.076  -17.611  19.148 0.0000000000
151384  52.653  -17.180  18.327 0.0000000000
64387  52.317  -16.294  17.774 0.0000000000
64386  52.871  -16.126  18.436 0.0000000000
65506  53.002  -15.282  18.608 0.0000000000
150801  53.374  -15.187  19.164 0.0000000000
148209  56.575  -3.404  -6.174 0.0000000000
135459  59.000  -2.711  -7.693 0.0000000000
80131  59.473  -2.525  -8.198 0.0000000000
80119  59.639  -2.743  -7.479 0.0000000000
80105  60.372  -2.508  -6.337 0.0000000000
148079  60.842  -1.014  -4.418 0.0000000000
83306  61.286  -0.542  -4.142 0.0000000000
83305  61.907  -0.240  -4.497 0.0000000000
83325  62.558  0.170  -4.809 0.0000000000
83304  62.283  0.234  -3.957 0.0000000000
86427  61.826  3.034  -11.877 0.0000000000
86444  62.248  3.511  -12.323 0.0000000000
86443  62.851  3.965  -12.371 0.0000000000
85504  63.360  3.250  -11.804 0.0000000000
84426  62.801  2.013  -8.382 0.0000000000
151683  63.913  1.095  -7.515 0.0000000000
52895  34.249  -26.892  26.616 0.0000000000
52877  34.595  -26.899  27.445 0.0000000000
44296  18.530  -34.770  37.332 0.0000000000
45301  19.030  -34.183  37.777 0.0000000000
45302  18.379  -34.541  38.205 0.0000000000
44287  17.671  -34.837  38.621 0.0000000000
44280  17.483  -34.528  39.426 0.0000000000
139225  16.748  -36.117  38.125 0.0000000000
44288  16.978  -35.028  39.018 0.0000000000
45278  17.186  -34.171  40.166 0.0000000000
45268  16.904  -33.886  40.961 0.0000000000
45257  16.739  -33.672  41.967 0.0000000000
45240  16.089  -34.119  43.082 0.0000000000
78026  52.885  -4.998  0.464 0.0000000000
77019  54.089  -5.852  2.026 0.0000000000
71400  53.515  -11.235  11.669 0.0000000000
140231  54.116  -10.975  11.574 0.0000000000
72465  55.301  -9.658  13.200 0.0000000000
73675  54.877  -9.260  13.855 0.0000000000
36605  11.858  -42.165  36.472 0.0000000000
35491  11.271  -42.631  35.830 0.0000000000
145210  9.792  -43.479  36.251 0.0000000000
35480  10.036  -43.240  37.240 0.0000000000
35476  10.150  -42.864  38.410 0.0000000000
54101  39.423  -26.143  18.047 0.0000000000
148924  39.893  -26.492  18.573 0.0000000000
54079  39.952  -26.538  19.335 0.0000000000
53013  40.729  -26.787  19.806 0.0000000000
52993  41.442  -26.889  20.457 0.0000000000
52959  42.332  -26.881  22.630 0.0000000000
51779  29.505  -27.841  28.241 0.0000000000
130168  29.388  -28.119  29.106 0.0000000000
50755  29.422  -29.333  29.358 0.0000000000
147403  29.218  -30.237  29.156 0.0000000000
49682  28.961  -30.382  27.504 0.0000000000
149824  28.984  -30.540  28.471 0.0000000000
48563  28.705  -30.844  29.387 0.0000000000
48564  27.952  -31.168  29.718 0.0000000000
150221  27.055  -31.010  30.052 0.0000000000
48565  26.222  -30.920  30.307 0.0000000000
131082  20.150  -34.598  29.563 0.0000000000
45376  20.478  -34.816  30.574 0.0000000000
45369  20.569  -34.799  31.502 0.0000000000
44376  19.558  -35.162  30.174 0.0000000000
144696  29.705  -27.943  20.790 0.0000000000
52983  30.267  -27.738  21.920 0.0000000000
52966  30.583  -27.651  22.639 0.0000000000
52967  30.350  -27.828  22.786 0.0000000000
139791  30.359  -27.755  25.129 0.0000000000
50805  29.804  -28.960  24.301 0.0000000000
51803  30.080  -28.333  25.198 0.0000000000
155164  30.246  -28.031  25.584 0.0000000000
51788  29.773  -27.754  27.466 0.0000000000
83278  61.602  0.918  -2.305 0.0000000000
83279  60.803  0.667  -1.870 0.0000000000
83270  60.756  1.014  -1.049 0.0000000000
84346  60.928  1.176  -0.212 0.0000000000
84337  61.111  1.207  0.606 0.0000000000
84330  61.311  1.066  1.321 0.0000000000
80013  58.539  -2.573  2.744 0.0000000000
80004  59.790  -2.329  3.362 0.0000000000
79996  61.753  -2.389  4.459 0.0000000000
72583  52.653  -9.876  3.089 0.0000000000
72574  53.899  -10.159  4.362 0.0000000000
72573  54.733  -9.664  4.527 0.0000000000
73785  55.329  -9.151  4.624 0.0000000000
73705  59.304  -8.843  11.212 0.0000000000
148505  59.332  -8.960  10.358 0.0000000000
67903  43.854  -12.833  12.422 0.0000000000
69133  44.379  -12.326  12.438 0.0000000000
67891  44.599  -12.465  12.906 0.0000000000
69125  45.322  -12.188  13.300 0.0000000000
69116  46.583  -12.458  14.238 0.0000000000
67878  46.893  -13.206  14.297 0.0000000000
69106  47.140  -12.632  14.573 0.0000000000
69105  47.640  -12.405  14.991 0.0000000000
69089  48.443  -12.172  15.427 0.0000000000
69088  49.181  -12.253  16.044 0.0000000000
55107  45.828  -25.293  18.880 0.0000000000
55128  46.385  -24.728  18.434 0.0000000000
55105  47.510  -24.666  19.495 0.0000000000
55089  48.638  -24.713  20.537 0.0000000000
56303  48.807  -23.668  19.210 0.0000000000
56302  49.658  -23.546  19.642 0.0000000000
57483  50.475  -23.360  19.951 0.0000000000
57493  50.901  -22.708  19.539 0.0000000000
79100  54.467  -3.678  -4.931 0.0000000000
79099  55.913  -3.913  -4.979 0.0000000000
79114  56.653  -3.665  -5.534 0.0000000000
147795  58.771  -3.065  -5.555 0.0000000000
81036  59.601  -1.569  -3.860 0.0000000000
83289  60.411  -0.373  -3.045 0.0000000000
133819  60.146  0.557  -13.359 0.0000000000
84469  61.125  1.407  -12.858 0.0000000000
153846  61.183  1.040  -12.379 0.0000000000
84456  61.459  1.890  -11.979 0.0000000000
85505  61.984  2.824  -11.038 0.0000000000
85493  63.089  2.993  -10.196 0.0000000000
85494  62.541  2.714  -10.276 0.0000000000
85482  62.061  2.227  -9.653 0.0000000000
84436  61.778  1.636  -9.080 0.0000000000
137344  61.687  0.887  -8.448 0.0000000000
83355  61.774  0.342  -7.719 0.0000000000
55083  36.677  -25.522  21.311 0.0000000000
55082  37.352  -25.266  21.279 0.0000000000
149417  37.049  -25.580  21.800 0.0000000000
54033  37.643  -25.697  22.721 0.0000000000
54009  36.897  -26.174  23.948 0.0000000000
147950  37.567  -25.919  23.887 0.0000000000
54008  38.170  -25.874  24.179 0.0000000000
135893  38.253  -25.951  24.845 0.0000000000
53995  38.792  -25.948  25.341 0.0000000000
52893  36.319  -26.866  26.339 0.0000000000
153534  36.984  -26.769  25.936 0.0000000000
52892  37.178  -26.816  26.587 0.0000000000
48641  26.456  -31.571  24.613 0.0000000000
48469  23.845  -31.382  37.169 0.0000000000
49555  24.430  -30.690  38.162 0.0000000000
48461  23.633  -30.978  38.624 0.0000000000
48452  23.023  -30.939  39.450 0.0000000000
47358  22.041  -31.887  38.789 0.0000000000
48441  22.497  -31.002  40.211 0.0000000000
148614  23.222  -30.755  41.489 0.0000000000
46324  19.225  -33.394  39.312 0.0000000000
46310  19.690  -32.915  39.610 0.0000000000
47335  19.944  -32.152  40.896 0.0000000000
47324  18.997  -32.484  41.870 0.0000000000
47323  19.684  -32.021  41.728 0.0000000000
47322  20.525  -31.845  41.465 0.0000000000
80052  56.166  -2.569  -1.912 0.0000000000
81008  56.406  -2.201  -0.146 0.0000000000
155648  53.530  -4.062  -0.303 0.0000000000
79040  54.774  -3.938  1.017 0.0000000000
80014  57.768  -2.814  2.304 0.0000000000
133965  57.973  -3.145  2.919 0.0000000000
79018  58.592  -3.382  3.377 0.0000000000
79010  58.959  -3.856  4.035 0.0000000000
70337  53.944  -11.702  6.769 0.0000000000
70326  54.371  -11.741  7.408 0.0000000000
71441  54.994  -11.582  7.740 0.0000000000
135805  55.911  -11.135  8.795 0.0000000000
72504  57.181  -10.573  9.642 0.0000000000
72494  57.583  -10.134  10.506 0.0000000000
72484  58.206  -9.687  10.975 0.0000000000
73707  58.024  -9.428  11.693 0.0000000000
73706  58.594  -9.250  11.335 0.0000000000
73687  59.528  -8.566  12.136 0.0000000000
64433  48.255  -16.764  13.248 0.0000000000
64421  48.895  -16.651  14.400 0.0000000000
55049  48.910  -25.897  25.268 0.0000000000
55056  49.795  -24.930  24.558 0.0000000000
56201  50.190  -24.421  25.995 0.0000000000
79101  53.261  -3.298  -4.759 0.0000000000
79076  55.002  -3.791  -3.298 0.0000000000
143655  58.228  -0.322  -9.930 0.0000000000
38772  14.506  -39.575  37.577 0.0000000000
39844  14.245  -39.545  38.283 0.0000000000
134568  13.899  -40.026  37.852 0.0000000000
39836  13.186  -39.396  40.351 0.0000000000
37699  12.273  -41.386  38.004 0.0000000000
37693  12.188  -41.100  38.724 0.0000000000
38762  12.308  -40.561  40.078 0.0000000000
38753  11.980  -40.134  41.511 0.0000000000
70347  52.622  -11.714  5.511 0.0000000000
70338  52.615  -11.993  6.448 0.0000000000
134286  53.245  -11.928  6.877 0.0000000000
130935  53.076  -12.286  8.163 0.0000000000
69205  51.788  -12.710  7.608 0.0000000000
69166  50.450  -13.004  9.565 0.0000000000
69165  51.297  -12.874  9.414 0.0000000000
70273  53.085  -11.703  11.173 0.0000000000
139761  52.874  -11.444  11.800 0.0000000000
129944  53.117  -10.952  12.283 0.0000000000
71384  52.599  -10.737  12.928 0.0000000000
71402  51.540  -11.575  12.176 0.0000000000
72468  52.734  -10.071  13.648 0.0000000000
55148  44.412  -25.193  17.133 0.0000000000
55130  44.861  -25.385  17.909 0.0000000000
54121  40.650  -25.995  17.278 0.0000000000
54098  41.914  -26.316  17.734 0.0000000000
132723  42.670  -26.255  17.975 0.0000000000
54097  43.540  -26.141  18.250 0.0000000000
147529  45.220  -25.562  18.523 0.0000000000
54075  45.966  -25.658  19.508 0.0000000000
54056  46.488  -25.772  20.172 0.0000000000
54043  46.774  -26.211  21.069 0.0000000000
52973  46.223  -26.937  21.509 0.0000000000
54029  47.975  -26.326  22.340 0.0000000000
54014  48.576  -26.278  23.145 0.0000000000
54002  48.640  -26.306  24.418 0.0000000000
55072  38.006  -25.343  21.557 0.0000000000
55071  38.816  -25.564  21.614 0.0000000000
54017  40.083  -25.844  23.191 0.0000000000
54031  40.461  -25.964  22.333 0.0000000000
52960  41.408  -26.588  22.593 0.0000000000
143117  43.149  -27.229  23.051 0.0000000000
138558  41.601  -26.572  25.783 0.0000000000
52909  42.440  -26.873  25.243 0.0000000000
52928  42.431  -26.875  24.400 0.0000000000
52941  43.175  -27.236  23.929 0.0000000000
52940  43.924  -27.687  23.401 0.0000000000
51821  44.664  -27.851  23.766 0.0000000000
51820  45.607  -27.905  23.756 0.0000000000
51809  46.330  -27.904  24.215 0.0000000000
51800  45.767  -27.860  25.408 0.0000000000
144038  46.465  -27.840  24.895 0.0000000000
52925  47.138  -27.684  24.262 0.0000000000
52924  47.859  -27.027  24.644 0.0000000000
54003  48.364  -26.515  25.186 0.0000000000
53920  32.199  -26.179  31.105 0.0000000000
52796  31.638  -26.399  32.803 0.0000000000
52797  30.989  -26.526  32.355 0.0000000000
137393  31.183  -26.813  33.381 0.0000000000
51753  29.353  -27.990  30.569 0.0000000000
51729  29.543  -28.417  31.230 0.0000000000
50724  29.897  -28.821  31.998 0.0000000000
50711  30.177  -29.037  32.847 0.0000000000
147015  30.364  -29.206  33.639 0.0000000000
49590  30.308  -29.344  34.434 0.0000000000
50688  29.947  -29.300  35.233 0.0000000000
50689  29.036  -29.631  35.485 0.0000000000
49580  28.334  -29.843  35.162 0.0000000000
148751  27.123  -29.779  35.927 0.0000000000
49571  25.743  -29.974  35.968 0.0000000000
131826  25.230  -30.314  36.504 0.0000000000
48477  24.645  -30.786  36.193 0.0000000000
48633  26.421  -31.486  25.841 0.0000000000
138719  26.338  -31.324  26.815 0.0000000000
48609  25.781  -31.367  27.487 0.0000000000
48589  25.488  -31.228  28.418 0.0000000000
48566  25.688  -30.943  29.752 0.0000000000
133455  25.441  -30.897  30.449 0.0000000000
47483  22.673  -32.276  27.703 0.0000000000
133722  23.251  -31.906  28.078 0.0000000000
47445  22.259  -32.551  28.931 0.0000000000
47462  22.756  -32.118  28.521 0.0000000000
132133  23.527  -31.710  28.838 0.0000000000
48568  24.196  -31.320  29.326 0.0000000000
48546  24.730  -30.934  30.690 0.0000000000
155025  25.268  -30.863  31.087 0.0000000000
48528  24.740  -30.881  31.549 0.0000000000
48513  24.363  -30.954  32.384 0.0000000000
48501  24.398  -30.934  33.291 0.0000000000
47408  23.058  -31.782  32.389 0.0000000000
152379  23.726  -31.430  32.977 0.0000000000
48492  24.432  -30.894  34.085 0.0000000000
152292  24.306  -30.905  34.744 0.0000000000
48478  23.955  -31.069  35.947 0.0000000000
139242  23.760  -31.449  36.480 0.0000000000
48470  23.318  -31.772  36.803 0.0000000000
47376  22.288  -32.464  36.549 0.0000000000
46346  21.624  -32.894  36.645 0.0000000000
136738  21.650  -33.274  35.112 0.0000000000
45315  20.528  -33.771  36.306 0.0000000000
45316  19.820  -34.042  36.614 0.0000000000
44308  19.382  -34.622  36.113 0.0000000000
44345  19.540  -34.999  33.513 0.0000000000
43268  18.683  -35.880  32.490 0.0000000000
44356  19.071  -35.522  33.104 0.0000000000
44331  19.732  -34.761  34.310 0.0000000000
44332  19.122  -35.059  34.722 0.0000000000
43231  18.841  -35.163  35.503 0.0000000000
44309  18.687  -34.942  36.453 0.0000000000
44321  18.283  -35.525  36.036 0.0000000000
43221  17.757  -35.831  36.399 0.0000000000
43222  17.439  -36.411  36.027 0.0000000000
42090  17.006  -36.937  35.567 0.0000000000
40973  16.072  -37.929  35.705 0.0000000000
39870  15.635  -38.493  35.473 0.0000000000
39880  15.432  -38.507  34.574 0.0000000000
37732  13.378  -40.603  34.419 0.0000000000
134490  12.976  -41.024  34.899 0.0000000000
56337  35.531  -24.626  17.284 0.0000000000
55152  36.315  -24.886  17.585 0.0000000000
133757  36.925  -25.029  18.146 0.0000000000
55110  36.466  -24.942  19.396 0.0000000000
129690  36.297  -25.064  20.092 0.0000000000
55135  34.391  -25.304  18.224 0.0000000000
54104  33.752  -26.079  18.678 0.0000000000
54103  34.443  -25.819  19.044 0.0000000000
54061  35.587  -25.503  20.042 0.0000000000
55094  36.208  -25.451  20.714 0.0000000000
54049  35.945  -25.919  21.519 0.0000000000
54036  35.373  -26.525  22.149 0.0000000000
52961  34.832  -26.855  22.803 0.0000000000
151397  33.591  -26.950  25.357 0.0000000000
52947  31.123  -27.352  23.185 0.0000000000
140578  31.864  -27.091  23.761 0.0000000000
52916  31.027  -27.141  25.303 0.0000000000
52934  31.346  -27.024  24.673 0.0000000000
133312  32.301  -26.985  24.614 0.0000000000
156112  32.547  -26.940  25.229 0.0000000000
52914  33.040  -26.902  25.733 0.0000000000
53968  31.348  -26.007  28.191 0.0000000000
53950  31.905  -26.120  28.553 0.0000000000
53933  32.055  -26.210  29.159 0.0000000000
49554  24.816  -29.998  38.446 0.0000000000
49545  25.560  -29.712  39.639 0.0000000000
40953  15.365  -38.309  37.935 0.0000000000
40942  15.559  -37.745  38.435 0.0000000000
42059  15.359  -37.419  39.143 0.0000000000
40920  14.399  -37.514  40.506 0.0000000000
137294  14.960  -36.886  39.993 0.0000000000
43182  14.913  -36.067  40.873 0.0000000000
44260  15.229  -35.240  41.438 0.0000000000
44250  15.634  -34.504  42.671 0.0000000000
84355  62.829  1.125  -1.489 0.0000000000
82126  57.824  -1.036  -0.592 0.0000000000
82119  58.403  -0.610  0.006 0.0000000000
83255  59.023  0.010  0.346 0.0000000000
83254  59.775  0.379  0.697 0.0000000000
83247  61.505  0.703  1.765 0.0000000000
80989  59.612  -1.359  2.506 0.0000000000
82093  61.234  -0.550  2.950 0.0000000000
82101  60.644  -0.350  2.432 0.0000000000
83239  61.217  0.185  2.263 0.0000000000
83238  62.025  0.203  1.967 0.0000000000
83246  62.248  0.218  1.467 0.0000000000
76036  52.436  -6.439  1.133 0.0000000000
74962  53.898  -8.039  2.886 0.0000000000
74944  54.954  -8.105  3.673 0.0000000000
74961  54.519  -7.893  3.165 0.0000000000
76017  54.819  -6.819  2.966 0.0000000000
77006  55.040  -6.161  2.985 0.0000000000
76991  57.820  -5.709  4.404 0.0000000000
76990  58.534  -5.349  4.601 0.0000000000
140246  59.665  -5.394  5.148 0.0000000000
71456  54.802  -11.359  6.793 0.0000000000
143023  55.454  -10.907  6.585 0.0000000000
72518  57.454  -10.399  8.026 0.0000000000
72533  57.215  -10.255  7.088 0.0000000000
72546  57.674  -9.588  6.468 0.0000000000
154769  58.063  -9.050  6.338 0.0000000000
73721  59.591  -8.892  9.634 0.0000000000
73734  59.733  -8.803  8.755 0.0000000000
73758  59.446  -8.508  7.085 0.0000000000
74923  59.250  -8.079  6.435 0.0000000000
74922  59.832  -7.483  6.342 0.0000000000
139714  60.239  -6.957  6.240 0.0000000000
75970  60.883  -6.673  6.507 0.0000000000
76965  60.994  -5.924  6.122 0.0000000000
69170  46.334  -13.127  9.874 0.0000000000
70297  47.828  -12.554  11.089 0.0000000000
70266  44.495  -12.052  12.223 0.0000000000
138912  44.741  -11.970  11.815 0.0000000000
70281  45.564  -11.887  11.887 0.0000000000
71390  46.777  -11.403  13.083 0.0000000000
70280  46.480  -11.893  11.852 0.0000000000
70279  47.389  -11.983  11.773 0.0000000000
70278  48.301  -12.073  11.746 0.0000000000
141231  49.905  -11.049  12.922 0.0000000000
129786  50.212  -10.609  13.658 0.0000000000
71372  49.449  -10.446  14.053 0.0000000000
72470  50.860  -10.026  14.208 0.0000000000
72459  51.510  -9.776  14.753 0.0000000000
73661  52.084  -9.421  15.269 0.0000000000
56321  46.790  -24.020  17.982 0.0000000000
56335  46.552  -23.923  17.285 0.0000000000
57530  47.862  -23.012  17.487 0.0000000000
57531  47.471  -22.915  16.707 0.0000000000
60993  49.377  -19.855  15.599 0.0000000000
61005  49.016  -19.245  14.886 0.0000000000
62153  49.471  -18.314  14.998 0.0000000000
64415  49.361  -16.723  15.004 0.0000000000
137969  50.316  -24.494  23.296 0.0000000000
57415  51.129  -23.423  23.858 0.0000000000
141977  51.084  -23.778  22.444 0.0000000000
56253  51.008  -23.849  21.680 0.0000000000
57468  51.511  -23.290  21.216 0.0000000000
58760  51.620  -22.326  19.953 0.0000000000
58734  52.477  -21.166  23.007 0.0000000000
59865  52.757  -20.447  22.417 0.0000000000
58746  52.506  -21.199  21.955 0.0000000000
58759  52.203  -21.812  20.471 0.0000000000
58774  51.911  -21.525  19.634 0.0000000000
59898  51.474  -21.086  18.942 0.0000000000
60970  51.453  -19.686  17.964 0.0000000000
137597  51.977  -18.950  18.211 0.0000000000
62118  51.532  -18.747  17.568 0.0000000000
62127  51.033  -18.435  16.956 0.0000000000
62140  50.709  -18.019  16.328 0.0000000000
63365  50.297  -17.357  15.890 0.0000000000
64414  49.931  -16.627  15.510 0.0000000000
65530  50.025  -15.663  15.697 0.0000000000
66657  50.347  -14.630  16.038 0.0000000000
65519  51.439  -15.599  16.819 0.0000000000
66645  51.155  -14.780  16.595 0.0000000000
152753  50.256  -13.682  16.069 0.0000000000
67837  50.618  -12.965  16.301 0.0000000000
69068  50.934  -12.152  16.849 0.0000000000
65491  53.751  -15.897  20.280 0.0000000000
66622  53.572  -14.725  19.640 0.0000000000
66623  53.182  -14.559  18.909 0.0000000000
67814  53.343  -13.864  19.443 0.0000000000
67822  52.925  -13.745  18.571 0.0000000000
69051  52.156  -12.659  17.600 0.0000000000
70197  50.227  -11.486  16.797 0.0000000000
71316  50.335  -10.912  16.987 0.0000000000
71315  51.023  -10.577  17.287 0.0000000000
72418  51.134  -9.960  16.967 0.0000000000
71314  51.617  -10.188  17.647 0.0000000000
83366  58.027  -0.425  -9.285 0.0000000000
81122  59.590  -1.800  -9.673 0.0000000000
81121  60.642  -1.867  -9.362 0.0000000000
134083  61.307  -1.576  -9.011 0.0000000000
139489  61.556  -1.365  -8.228 0.0000000000
83347  61.929  0.190  -6.994 0.0000000000
144793  59.816  -2.753  -5.994 0.0000000000
81078  61.432  -1.457  -6.335 0.0000000000
82187  61.779  -0.736  -6.668 0.0000000000
84407  62.486  0.610  -6.673 0.0000000000
132622  62.952  1.011  -6.193 0.0000000000
38758  12.058  -40.495  40.841 0.0000000000
39831  12.871  -39.161  41.159 0.0000000000
40922  13.156  -38.401  41.550 0.0000000000
42028  13.969  -36.840  42.652 0.0000000000
42029  13.564  -37.524  42.403 0.0000000000
42039  14.503  -36.793  40.863 0.0000000000
42050  15.712  -36.677  39.363 0.0000000000
43154  15.394  -36.005  43.210 0.0000000000
43167  14.677  -35.624  42.667 0.0000000000
43194  16.589  -35.348  39.483 0.0000000000
43210  17.640  -35.658  37.071 0.0000000000
44245  15.697  -34.868  43.132 0.0000000000
44251  14.935  -34.952  42.409 0.0000000000
44281  16.843  -34.793  39.780 0.0000000000
44282  16.229  -35.117  40.090 0.0000000000
45247  16.135  -33.921  42.615 0.0000000000
45258  15.948  -34.015  42.132 0.0000000000
45269  16.259  -34.222  41.398 0.0000000000
45276  18.600  -33.674  39.530 0.0000000000
45286  18.940  -33.836  38.658 0.0000000000
45355  20.809  -33.998  33.904 0.0000000000
46291  18.248  -32.756  41.942 0.0000000000
46301  19.512  -32.722  40.410 0.0000000000
46302  18.778  -32.895  40.692 0.0000000000
46335  21.315  -32.879  37.288 0.0000000000
46347  20.958  -33.257  36.810 0.0000000000
47333  21.434  -31.755  40.317 0.0000000000
47345  21.676  -31.857  39.541 0.0000000000
48432  22.566  -30.878  41.130 0.0000000000
48453  22.382  -31.514  39.477 0.0000000000
48485  23.879  -31.213  35.156 0.0000000000
48493  23.892  -31.189  34.370 0.0000000000
48510  26.770  -30.766  32.395 0.0000000000
48567  24.826  -30.969  29.844 0.0000000000
48624  25.069  -31.655  27.063 0.0000000000
49524  24.310  -30.008  40.800 0.0000000000
49535  24.276  -30.172  39.931 0.0000000000
49553  25.466  -29.767  38.813 0.0000000000
49572  24.140  -30.991  36.678 0.0000000000
50673  26.476  -29.591  37.835 0.0000000000
51690  30.963  -28.089  35.238 0.0000000000
51799  46.512  -27.717  25.647 0.0000000000
52907  43.955  -27.603  25.796 0.0000000000
52954  47.339  -27.072  22.624 0.0000000000
52989  45.021  -26.746  20.443 0.0000000000
53908  31.234  -26.027  31.645 0.0000000000
53987  30.135  -26.980  27.214 0.0000000000
54059  39.794  -26.041  20.606 0.0000000000
54062  34.950  -26.079  20.530 0.0000000000
54120  41.506  -25.946  17.210 0.0000000000
55108  37.706  -25.463  19.234 0.0000000000
56236  50.842  -23.889  23.111 0.0000000000
57494  50.101  -22.934  19.270 0.0000000000
64375  53.763  -16.679  20.580 0.0000000000
65498  53.305  -15.857  19.091 0.0000000000
65518  52.029  -15.544  17.335 0.0000000000
66672  49.110  -14.604  15.116 0.0000000000
67823  52.410  -13.662  17.677 0.0000000000
69069  50.026  -12.219  16.383 0.0000000000
69117  45.888  -12.224  13.925 0.0000000000
70234  48.370  -11.368  15.369 0.0000000000
70265  45.155  -11.880  12.447 0.0000000000
70267  43.907  -12.408  12.083 0.0000000000
70283  43.371  -12.551  11.654 0.0000000000
71336  50.605  -10.415  16.759 0.0000000000
71338  49.319  -10.916  16.151 0.0000000000
71375  47.047  -11.154  13.575 0.0000000000
72436  49.990  -10.015  15.890 0.0000000000
73691  56.105  -9.481  12.994 0.0000000000
74969  52.504  -7.926  1.773 0.0000000000
79116  53.869  -3.254  -5.095 0.0000000000
83272  59.147  -0.117  -1.095 0.0000000000
83395  60.747  0.540  -12.744 0.0000000000
130644  25.526  -30.746  32.983 0.0000000000
131147  58.956  -8.683  6.796 0.0000000000
133865  63.214  -1.103  2.601 0.0000000000
133923  56.820  -10.660  7.671 0.0000000000
133969  51.092  -17.726  16.814 0.0000000000
134396  44.950  -12.746  13.223 0.0000000000
137872  26.035  -30.985  29.036 0.0000000000
139175  23.897  -31.128  37.822 0.0000000000
142154  21.799  -32.281  38.215 0.0000000000
142840  25.216  -31.043  29.181 0.0000000000
145108  18.665  -32.751  41.348 0.0000000000
145572  23.960  -31.131  33.710 0.0000000000
147304  48.616  -26.324  23.767 0.0000000000
148095  48.204  -13.731  14.871 0.0000000000
148133  55.575  -11.353  8.084 0.0000000000
148216  25.841  -30.674  33.559 0.0000000000
148311  42.795  -27.070  20.882 0.0000000000
148746  58.778  -9.572  8.603 0.0000000000
149261  41.065  -26.491  22.042 0.0000000000
149471  39.354  -25.763  23.322 0.0000000000
149833  22.800  -32.021  36.405 0.0000000000
149991  29.736  -27.763  20.171 0.0000000000
150315  30.426  -27.262  20.294 0.0000000000
150873  52.906  -19.880  21.219 0.0000000000
151791  52.292  -18.558  18.417 0.0000000000
152714  40.947  -26.206  22.544 0.0000000000
153664  44.879  -24.776  16.816 0.0000000000
153722  47.684  -27.308  24.013 0.0000000000
154765  35.220  -24.620  17.616 0.0000000000
