#!ascii label  , from subject sub-v1s14x0051568_ses-1 vox2ras=TkReg
317
79653  29.751  -3.352  -55.843 0.0000000000
73192  24.319  -9.630  -47.246 0.0000000000
85989  31.684  1.975  -54.256 0.0000000000
93672  26.978  11.034  -56.761 0.0000000000
152752  22.675  -10.823  -46.300 0.0000000000
138768  32.459  3.726  -60.140 0.0000000000
88781  30.210  5.553  -60.015 0.0000000000
78620  27.755  -4.368  -52.658 0.0000000000
76606  26.980  -6.398  -51.528 0.0000000000
134245  30.339  -4.513  -53.064 0.0000000000
80662  33.289  -2.349  -58.441 0.0000000000
147343  32.905  -5.379  -56.205 0.0000000000
82745  30.843  -0.722  -55.895 0.0000000000
83879  33.497  0.318  -59.322 0.0000000000
91851  28.914  8.726  -56.408 0.0000000000
91869  27.811  7.833  -60.366 0.0000000000
75485  26.835  -7.389  -48.661 0.0000000000
88765  31.072  5.207  -57.939 0.0000000000
89757  30.415  6.073  -57.786 0.0000000000
79638  28.760  -3.366  -53.858 0.0000000000
78643  29.303  -4.332  -53.753 0.0000000000
78642  29.706  -4.287  -54.463 0.0000000000
73184  23.858  -10.110  -46.659 0.0000000000
83850  32.008  0.734  -55.082 0.0000000000
83866  32.458  0.016  -56.772 0.0000000000
86006  33.033  1.989  -57.010 0.0000000000
87840  31.897  4.897  -61.391 0.0000000000
86955  33.434  3.255  -61.340 0.0000000000
145956  27.625  10.798  -54.614 0.0000000000
91834  28.911  8.562  -54.366 0.0000000000
92786  27.722  9.846  -57.368 0.0000000000
94554  26.056  11.848  -61.918 0.0000000000
93707  27.031  10.693  -62.048 0.0000000000
92809  26.889  8.898  -60.405 0.0000000000
93700  27.978  9.649  -61.352 0.0000000000
92817  28.473  8.906  -61.056 0.0000000000
77565  28.321  -5.543  -50.720 0.0000000000
76585  26.575  -7.226  -50.441 0.0000000000
70948  21.866  -11.755  -45.474 0.0000000000
153003  32.665  2.658  -56.663 0.0000000000
87808  31.798  4.219  -56.695 0.0000000000
87825  31.409  4.652  -60.167 0.0000000000
88794  30.637  5.896  -61.371 0.0000000000
149675  25.551  -5.965  -51.208 0.0000000000
77588  27.432  -5.226  -52.276 0.0000000000
78604  28.515  -5.123  -52.287 0.0000000000
131120  29.845  -4.354  -51.444 0.0000000000
80653  31.856  -2.735  -57.588 0.0000000000
78659  31.089  -4.220  -56.411 0.0000000000
79668  32.891  -4.095  -57.260 0.0000000000
142792  28.843  -2.153  -54.689 0.0000000000
82737  29.176  -1.030  -54.448 0.0000000000
81670  29.964  -1.996  -56.336 0.0000000000
82764  31.474  -1.399  -57.245 0.0000000000
82770  33.397  -1.086  -59.175 0.0000000000
82783  34.731  0.087  -60.277 0.0000000000
86019  33.180  2.678  -59.595 0.0000000000
139979  33.946  1.885  -61.030 0.0000000000
145635  29.772  7.613  -56.573 0.0000000000
93680  26.249  10.624  -58.459 0.0000000000
92794  27.275  9.484  -58.389 0.0000000000
151309  28.318  8.495  -58.403 0.0000000000
90798  29.005  7.186  -58.682 0.0000000000
89768  28.925  6.488  -60.034 0.0000000000
90824  29.860  7.611  -61.352 0.0000000000
74428  24.104  -9.130  -48.756 0.0000000000
75519  25.557  -7.450  -50.604 0.0000000000
78640  31.154  -4.978  -54.636 0.0000000000
79628  31.052  -4.014  -52.295 0.0000000000
88758  31.011  5.495  -56.637 0.0000000000
89751  30.679  5.993  -56.926 0.0000000000
79645  29.346  -3.327  -55.083 0.0000000000
79646  29.147  -3.760  -54.207 0.0000000000
78651  29.846  -3.992  -55.286 0.0000000000
69816  21.280  -12.280  -44.810 0.0000000000
84951  31.697  1.063  -54.395 0.0000000000
84964  32.772  1.053  -56.573 0.0000000000
134760  32.650  2.030  -56.172 0.0000000000
89773  32.239  6.306  -61.457 0.0000000000
88786  32.927  5.759  -61.379 0.0000000000
94502  27.230  11.165  -55.546 0.0000000000
92765  28.095  10.098  -54.583 0.0000000000
92776  28.010  10.049  -56.246 0.0000000000
93671  27.474  10.424  -56.867 0.0000000000
93701  27.315  10.008  -61.657 0.0000000000
93693  28.452  10.277  -60.895 0.0000000000
77564  29.061  -4.861  -50.097 0.0000000000
150369  27.788  -6.198  -50.173 0.0000000000
154452  22.867  -9.755  -47.797 0.0000000000
153590  32.049  3.730  -56.178 0.0000000000
87809  31.461  4.714  -56.484 0.0000000000
87820  30.771  5.367  -58.677 0.0000000000
87819  31.216  4.899  -58.932 0.0000000000
87826  30.744  5.192  -59.535 0.0000000000
87834  30.792  5.106  -60.564 0.0000000000
88788  30.332  5.601  -60.904 0.0000000000
94489  26.669  11.786  -55.150 0.0000000000
77577  26.034  -5.454  -51.514 0.0000000000
152559  27.152  -4.705  -52.341 0.0000000000
78631  29.744  -4.516  -53.576 0.0000000000
78618  29.047  -4.617  -52.979 0.0000000000
78603  29.325  -4.736  -52.267 0.0000000000
150366  28.941  -4.947  -51.328 0.0000000000
78602  30.135  -4.376  -52.267 0.0000000000
70960  22.035  -11.120  -46.170 0.0000000000
70959  22.714  -11.282  -45.729 0.0000000000
80652  32.803  -2.911  -57.929 0.0000000000
79669  32.362  -3.504  -57.425 0.0000000000
151722  33.639  -2.959  -58.181 0.0000000000
80616  28.571  -2.523  -53.881 0.0000000000
82735  30.729  -0.462  -55.084 0.0000000000
82736  29.923  -0.780  -54.781 0.0000000000
82747  29.535  -1.283  -55.121 0.0000000000
82756  30.287  -1.367  -56.198 0.0000000000
81669  30.721  -1.794  -56.967 0.0000000000
82755  31.083  -1.055  -56.681 0.0000000000
83872  33.219  0.372  -58.242 0.0000000000
83873  32.684  -0.409  -57.806 0.0000000000
82778  34.275  -0.159  -60.105 0.0000000000
83885  33.886  0.395  -60.132 0.0000000000
86939  32.528  3.483  -57.950 0.0000000000
86012  33.045  2.770  -58.514 0.0000000000
86944  32.618  3.448  -59.187 0.0000000000
86037  33.872  2.900  -61.543 0.0000000000
86030  34.665  1.907  -60.904 0.0000000000
91844  29.014  8.705  -55.312 0.0000000000
91843  29.443  8.112  -55.997 0.0000000000
91833  29.422  7.908  -54.900 0.0000000000
91850  29.394  8.058  -57.156 0.0000000000
94549  26.154  10.869  -61.553 0.0000000000
94550  25.560  11.678  -61.053 0.0000000000
93688  26.013  10.256  -59.500 0.0000000000
92801  26.378  9.499  -59.953 0.0000000000
91876  27.474  8.486  -60.740 0.0000000000
91864  27.318  8.348  -59.885 0.0000000000
91863  28.180  7.798  -59.306 0.0000000000
90803  28.632  6.948  -59.457 0.0000000000
90810  28.235  7.125  -60.129 0.0000000000
92816  29.143  9.070  -60.952 0.0000000000
91874  29.089  8.226  -61.160 0.0000000000
92815  29.864  9.015  -60.670 0.0000000000
91873  30.200  8.347  -61.085 0.0000000000
76607  26.277  -6.314  -51.446 0.0000000000
76596  25.727  -6.869  -51.137 0.0000000000
143063  26.464  -6.894  -51.139 0.0000000000
75504  26.386  -7.648  -49.602 0.0000000000
75486  26.198  -8.086  -48.863 0.0000000000
74427  25.485  -8.682  -49.059 0.0000000000
77619  32.573  -5.039  -56.439 0.0000000000
78649  31.143  -4.902  -55.580 0.0000000000
77605  31.944  -5.228  -55.103 0.0000000000
133378  30.572  5.668  -58.220 0.0000000000
88774  29.698  6.006  -59.508 0.0000000000
79639  28.221  -3.426  -53.215 0.0000000000
78632  28.734  -4.164  -53.274 0.0000000000
78630  30.486  -4.733  -53.982 0.0000000000
72066  23.032  -10.407  -46.788 0.0000000000
72053  23.451  -10.706  -45.986 0.0000000000
72052  24.352  -10.288  -45.922 0.0000000000
81689  33.830  -1.783  -59.057 0.0000000000
150183  34.216  -2.496  -58.615 0.0000000000
83851  31.360  0.252  -54.659 0.0000000000
83859  31.530  -0.051  -55.448 0.0000000000
82744  31.717  -0.373  -56.284 0.0000000000
83858  32.212  0.430  -55.916 0.0000000000
83865  32.892  0.447  -57.359 0.0000000000
84970  33.215  1.208  -57.585 0.0000000000
87824  32.122  4.191  -60.378 0.0000000000
86950  32.702  3.742  -61.008 0.0000000000
87839  32.674  4.612  -61.456 0.0000000000
87831  33.543  4.393  -61.418 0.0000000000
92775  28.556  9.375  -55.782 0.0000000000
92785  28.384  9.369  -56.892 0.0000000000
94553  26.659  11.356  -62.088 0.0000000000
93702  26.671  10.166  -61.561 0.0000000000
92818  27.392  9.217  -61.166 0.0000000000
131514  27.879  8.898  -61.141 0.0000000000
91875  28.122  8.277  -60.993 0.0000000000
93699  28.757  9.548  -60.889 0.0000000000
77566  27.619  -6.101  -51.230 0.0000000000
76595  27.103  -6.677  -50.877 0.0000000000
141016  27.197  -6.748  -50.111 0.0000000000
132032  27.547  -6.536  -49.454 0.0000000000
70972  22.269  -10.550  -46.705 0.0000000000
72078  22.604  -10.109  -47.287 0.0000000000
73193  23.425  -9.847  -47.477 0.0000000000
73202  24.139  -9.413  -48.065 0.0000000000
86000  32.044  2.759  -54.972 0.0000000000
85999  32.381  2.160  -55.481 0.0000000000
86925  32.356  2.943  -55.949 0.0000000000
86932  32.360  3.477  -56.883 0.0000000000
139118  32.133  4.049  -58.396 0.0000000000
87814  31.433  4.727  -57.290 0.0000000000
138506  31.593  4.607  -58.198 0.0000000000
87818  31.940  4.277  -59.322 0.0000000000
87833  31.406  4.813  -61.003 0.0000000000
88787  31.144  5.304  -61.363 0.0000000000
89774  31.665  6.780  -61.479 0.0000000000
94488  27.156  11.456  -54.613 0.0000000000
94512  26.286  11.583  -57.108 0.0000000000
77576  26.801  -5.778  -51.829 0.0000000000
77575  27.481  -5.836  -51.867 0.0000000000
78619  28.214  -4.974  -52.691 0.0000000000
77587  27.943  -5.437  -52.234 0.0000000000
77574  28.116  -5.597  -51.711 0.0000000000
80642  30.411  -2.592  -56.824 0.0000000000
79661  30.341  -3.396  -56.469 0.0000000000
79660  31.229  -3.342  -57.089 0.0000000000
146168  32.132  -4.243  -56.801 0.0000000000
78658  33.046  -4.658  -56.907 0.0000000000
79677  34.489  -3.367  -58.157 0.0000000000
78666  34.434  -4.310  -57.665 0.0000000000
77617  34.314  -5.461  -56.495 0.0000000000
80626  28.900  -2.889  -54.562 0.0000000000
80625  29.076  -2.391  -55.172 0.0000000000
81651  29.147  -1.694  -55.053 0.0000000000
81671  29.541  -2.131  -55.918 0.0000000000
80641  31.076  -2.482  -57.277 0.0000000000
81680  31.551  -1.969  -57.565 0.0000000000
81679  32.409  -2.175  -58.030 0.0000000000
82754  31.959  -0.782  -57.093 0.0000000000
82771  32.822  -1.003  -58.509 0.0000000000
81690  32.932  -1.659  -58.585 0.0000000000
81699  34.251  -1.036  -59.737 0.0000000000
82777  34.671  -0.532  -59.997 0.0000000000
86011  33.304  2.034  -58.006 0.0000000000
86018  33.426  2.002  -59.186 0.0000000000
86026  33.116  3.055  -60.553 0.0000000000
86025  33.596  2.043  -60.480 0.0000000000
84987  33.914  1.161  -60.651 0.0000000000
84986  34.318  1.399  -60.796 0.0000000000
149482  30.131  7.108  -56.631 0.0000000000
148043  26.495  11.009  -57.634 0.0000000000
94525  25.929  11.354  -58.025 0.0000000000
93679  27.003  10.368  -57.789 0.0000000000
92793  28.058  9.165  -57.961 0.0000000000
92800  26.901  9.055  -59.384 0.0000000000
92799  27.585  8.677  -58.919 0.0000000000
136858  28.694  8.677  -57.524 0.0000000000
91857  28.926  8.008  -58.210 0.0000000000
90797  29.479  7.479  -57.924 0.0000000000
89752  30.334  6.622  -57.204 0.0000000000
89758  29.836  6.740  -58.111 0.0000000000
89763  29.276  6.492  -59.037 0.0000000000
90819  28.386  7.543  -60.811 0.0000000000
90818  29.093  7.262  -61.151 0.0000000000
88789  29.681  6.038  -60.462 0.0000000000
89782  29.824  6.873  -61.368 0.0000000000
90823  30.516  7.162  -61.482 0.0000000000
75520  24.940  -7.544  -50.337 0.0000000000
75505  25.999  -7.775  -50.292 0.0000000000
75506  25.352  -8.053  -49.853 0.0000000000
74445  24.745  -8.755  -49.314 0.0000000000
141233  24.796  -9.161  -48.661 0.0000000000
78650  30.328  -4.161  -55.844 0.0000000000
78641  30.352  -4.681  -55.006 0.0000000000
78639  32.603  -5.075  -54.426 0.0000000000
78629  31.462  -4.672  -53.755 0.0000000000
78617  31.052  -4.444  -53.170 0.0000000000
79617  30.642  -3.892  -51.502 0.0000000000
75518  26.074  -7.343  -50.852 0.0000000000
76584  27.000  -7.017  -49.461 0.0000000000
77611  33.400  -5.570  -55.922 0.0000000000
77612  32.444  -5.324  -55.842 0.0000000000
77618  33.335  -5.212  -56.511 0.0000000000
78648  31.818  -4.892  -56.164 0.0000000000
78657  33.921  -4.806  -56.995 0.0000000000
78667  33.542  -4.331  -57.354 0.0000000000
80633  29.408  -2.584  -55.679 0.0000000000
80643  29.799  -2.643  -56.242 0.0000000000
81660  29.633  -1.646  -55.660 0.0000000000
81688  34.787  -1.847  -59.278 0.0000000000
82746  30.067  -1.074  -55.477 0.0000000000
82762  33.207  -0.414  -58.835 0.0000000000
82763  32.230  -1.335  -57.845 0.0000000000
82776  35.160  -0.445  -59.893 0.0000000000
83852  30.626  -0.129  -54.291 0.0000000000
83892  34.711  0.719  -60.536 0.0000000000
83893  34.296  0.585  -60.478 0.0000000000
84950  32.125  1.672  -54.912 0.0000000000
84957  32.420  1.336  -55.635 0.0000000000
84974  33.452  1.192  -58.692 0.0000000000
84981  33.595  1.094  -59.918 0.0000000000
86007  32.852  2.759  -57.464 0.0000000000
86031  34.102  2.341  -61.280 0.0000000000
86032  33.744  2.572  -61.223 0.0000000000
86926  32.003  3.542  -55.575 0.0000000000
86933  31.755  4.169  -55.923 0.0000000000
86948  35.065  2.572  -60.357 0.0000000000
86956  33.042  3.890  -61.454 0.0000000000
86961  33.695  3.423  -61.473 0.0000000000
87813  31.967  4.165  -57.527 0.0000000000
87832  32.168  4.409  -61.094 0.0000000000
87838  33.343  4.104  -61.517 0.0000000000
88757  31.150  5.144  -57.021 0.0000000000
88766  30.835  5.583  -57.447 0.0000000000
88773  30.314  5.637  -59.046 0.0000000000
88792  33.045  4.862  -61.561 0.0000000000
88793  32.185  5.382  -61.493 0.0000000000
89762  30.001  6.064  -58.590 0.0000000000
89769  28.620  6.906  -60.681 0.0000000000
89775  29.981  6.198  -61.175 0.0000000000
89776  29.230  6.555  -60.919 0.0000000000
89780  31.330  6.116  -61.534 0.0000000000
89781  30.552  6.502  -61.464 0.0000000000
90785  29.863  7.409  -55.852 0.0000000000
90791  29.899  7.280  -57.299 0.0000000000
90817  30.577  7.766  -61.290 0.0000000000
90822  31.062  6.787  -61.554 0.0000000000
129919  31.883  -4.915  -54.318 0.0000000000
134346  33.733  -0.372  -59.642 0.0000000000
137424  33.441  -3.678  -57.765 0.0000000000
138555  29.723  -4.389  -50.521 0.0000000000
145200  29.306  -2.024  -55.531 0.0000000000
145958  28.247  9.892  -55.319 0.0000000000
148538  29.679  -4.597  -52.893 0.0000000000
155116  31.815  -5.144  -55.674 0.0000000000
