#!ascii label  , from subject sub-v1s14x0051580_ses-1 vox2ras=TkReg
1409
75990  -25.384  -3.520  -44.088 0.5555555820
76840  -26.016  -3.303  -44.752 0.6666666865
76867  -27.977  -2.971  -45.946 0.7777777910
77763  -28.753  -3.404  -46.655 0.7777777910
77782  -27.783  -2.424  -48.163 0.8888888955
75156  -30.926  -4.929  -49.246 0.8888888955
75979  -24.167  -4.051  -42.662 0.5555555820
75989  -24.672  -3.133  -43.833 0.5555555820
139477  -24.954  -2.391  -44.888 0.6666666865
152170  -25.538  -2.295  -45.930 0.8888888955
76874  -28.720  -3.992  -47.915 0.8888888955
160785  -29.056  -3.591  -48.656 0.8888888955
77790  -30.152  -2.738  -49.254 1.0000000000
76892  -31.519  -3.924  -49.429 0.8888888955
141075  -31.639  -1.812  -50.120 1.0000000000
78712  -24.611  -1.734  -44.116 0.7777777910
78733  -25.206  -1.270  -45.873 1.0000000000
79692  -25.977  -0.157  -46.997 1.0000000000
78751  -27.059  -1.131  -48.212 1.0000000000
157946  -28.893  -0.562  -49.300 1.0000000000
79701  -26.891  -0.335  -48.241 1.0000000000
79713  -29.477  -0.512  -49.658 1.0000000000
79711  -27.851  0.142  -49.086 1.0000000000
79725  -29.470  0.295  -50.045 1.0000000000
79726  -30.033  -0.233  -50.096 1.0000000000
79729  -32.043  -0.868  -50.030 1.0000000000
80640  -29.392  1.079  -50.045 1.0000000000
80642  -30.751  0.018  -50.022 1.0000000000
80623  -32.130  0.033  -49.095 1.0000000000
80613  -30.958  1.088  -48.055 1.0000000000
80604  -32.054  1.100  -47.092 0.7777777910
81550  -25.015  1.301  -44.982 0.8888888955
79693  -26.497  -0.174  -47.659 1.0000000000
80639  -28.808  0.800  -50.042 1.0000000000
81584  -26.745  1.125  -47.772 1.0000000000
81598  -27.575  1.886  -50.143 1.0000000000
81591  -29.606  2.043  -49.868 1.0000000000
81585  -30.239  1.342  -48.239 1.0000000000
81575  -30.627  1.598  -47.334 1.0000000000
81565  -31.371  1.508  -46.786 1.0000000000
81552  -32.103  1.338  -46.375 0.8888888955
138980  -32.303  1.771  -45.550 1.0000000000
82582  -32.986  2.153  -44.953 0.7777777910
82567  -35.585  2.062  -44.076 0.7777777910
137462  -25.459  2.423  -45.597 0.5555555820
84558  -27.012  3.890  -46.833 0.7777777910
82603  -27.600  2.092  -46.829 0.8888888955
137787  -29.089  2.274  -48.923 1.0000000000
82625  -28.714  2.959  -50.064 1.0000000000
82604  -29.007  2.134  -47.482 0.8888888955
132105  -29.339  2.302  -47.292 1.0000000000
161497  -29.735  1.948  -47.399 1.0000000000
82580  -30.695  2.548  -45.743 1.0000000000
153378  -32.302  2.496  -45.080 0.8888888955
83597  -31.992  3.238  -45.044 1.0000000000
82564  -32.786  3.007  -44.728 0.8888888955
148880  -35.984  3.646  -43.452 0.7777777910
82569  -37.771  2.818  -44.125 0.6666666865
82550  -37.381  3.408  -43.787 0.6666666865
84538  -24.390  4.868  -45.065 0.4444444478
83608  -26.136  3.872  -46.371 0.7777777910
85569  -25.829  4.935  -46.335 0.6666666865
142925  -28.283  4.993  -47.677 0.7777777910
84560  -28.759  4.005  -47.477 0.8888888955
134568  -29.878  4.082  -46.952 0.8888888955
82594  -30.229  2.734  -46.292 1.0000000000
83609  -30.425  4.306  -46.636 1.0000000000
84551  -30.998  4.217  -45.936 1.0000000000
83583  -32.548  3.979  -44.732 1.0000000000
84531  -33.300  4.461  -44.237 0.8888888955
83568  -34.077  4.114  -43.855 0.7777777910
84519  -36.627  4.331  -43.443 0.7777777910
83587  -38.146  3.367  -44.524 0.5555555820
156200  -37.562  4.550  -43.879 0.7777777910
84532  -38.206  4.101  -44.813 0.6666666865
86505  -26.171  6.567  -46.901 0.6666666865
85579  -25.879  5.872  -46.553 0.6666666865
158763  -28.304  5.740  -47.907 0.7777777910
85581  -27.601  5.852  -47.672 0.7777777910
85583  -29.584  5.193  -47.690 0.8888888955
84550  -30.486  5.043  -46.933 0.8888888955
85570  -30.270  5.747  -47.177 1.0000000000
85571  -30.903  5.672  -46.432 1.0000000000
143093  -32.169  5.228  -44.999 1.0000000000
157615  -32.115  4.641  -45.042 0.8888888955
85530  -34.510  5.514  -43.200 0.8888888955
85531  -35.455  5.338  -43.041 0.8888888955
84518  -35.733  4.511  -43.287 0.7777777910
85529  -33.717  5.769  -43.559 0.8888888955
85517  -35.219  6.119  -42.794 0.7777777910
86474  -37.086  5.793  -43.579 0.7777777910
85548  -37.883  4.699  -44.396 0.7777777910
84552  -38.475  4.337  -46.562 0.6666666865
87380  -25.677  7.433  -46.742 0.6666666865
86498  -25.498  6.514  -46.368 0.5555555820
86507  -27.612  6.722  -47.774 0.7777777910
86508  -28.337  6.431  -47.971 0.8888888955
86510  -29.863  6.478  -47.446 0.8888888955
146547  -31.100  6.740  -46.050 1.0000000000
85559  -31.439  5.978  -45.723 1.0000000000
157844  -33.152  5.987  -43.971 1.0000000000
85545  -32.621  5.753  -44.562 0.8888888955
86457  -36.545  6.327  -43.139 0.7777777910
87354  -37.018  6.819  -43.583 0.7777777910
85572  -37.939  5.793  -45.761 0.6666666865
84562  -37.865  4.787  -47.785 0.5555555820
84574  -38.000  3.912  -47.961 0.5555555820
138728  -27.232  7.376  -47.661 0.7777777910
88226  -26.198  8.147  -47.263 0.6666666865
135669  -27.956  7.349  -47.923 0.8888888955
87381  -30.601  7.374  -46.496 1.0000000000
87373  -31.428  7.418  -45.468 1.0000000000
86471  -32.860  7.269  -43.790 0.8888888955
86472  -33.447  6.643  -43.483 0.8888888955
87339  -33.953  8.003  -42.603 0.8888888955
86473  -34.274  6.327  -43.011 0.8888888955
87342  -36.441  7.259  -43.008 0.7777777910
134194  -36.686  7.745  -43.456 0.7777777910
87366  -37.271  6.921  -44.408 0.7777777910
138517  -38.000  5.753  -46.679 0.5555555820
88174  -35.859  8.710  -42.673 0.7777777910
87376  -37.157  7.059  -45.392 0.5555555820
85595  -37.247  5.335  -48.287 0.5555555820
87365  -36.930  7.670  -44.814 0.6666666865
89863  -23.853  10.606  -45.550 0.4444444478
148172  -26.009  8.982  -47.220 0.5555555820
89055  -27.757  8.984  -47.916 0.7777777910
88230  -30.213  7.908  -46.776 1.0000000000
87399  -27.996  8.527  -47.983 0.8888888955
88217  -30.603  8.203  -46.221 1.0000000000
87363  -31.550  8.146  -44.818 0.8888888955
88195  -31.911  8.665  -44.224 0.8888888955
87352  -32.822  7.971  -43.468 0.8888888955
88183  -33.218  8.376  -42.916 0.8888888955
88173  -34.856  8.562  -42.493 0.8888888955
88184  -36.489  8.568  -43.410 0.6666666865
87384  -36.911  7.096  -46.350 0.5555555820
90776  -27.727  11.311  -47.836 0.6666666865
89889  -26.737  10.481  -47.816 0.6666666865
89878  -29.570  10.421  -46.538 0.7777777910
89025  -30.998  9.510  -45.167 0.8888888955
89864  -30.735  10.304  -45.532 0.7777777910
89865  -31.300  10.390  -44.966 0.7777777910
89013  -31.891  9.435  -44.141 0.8888888955
89857  -31.879  10.391  -44.291 0.7777777910
147975  -33.126  9.111  -42.824 0.8888888955
89849  -33.259  10.520  -42.870 0.7777777910
88992  -33.542  9.695  -42.625 0.7777777910
88993  -34.437  9.520  -42.441 0.6666666865
91627  -33.225  11.986  -43.370 0.6666666865
90723  -34.701  11.043  -42.426 0.6666666865
89842  -34.962  10.232  -42.391 0.6666666865
88995  -36.064  9.448  -42.798 0.5555555820
91614  -34.826  12.400  -42.563 0.6666666865
90724  -35.377  11.675  -42.536 0.5555555820
89850  -36.480  10.339  -44.069 0.5555555820
88208  -36.643  8.510  -45.238 0.4444444478
148478  -36.401  10.963  -43.585 0.5555555820
92533  -26.695  13.617  -47.322 0.3333333433
91659  -27.091  12.763  -47.591 0.3333333433
90777  -28.090  11.964  -47.748 0.5555555820
90778  -28.828  11.895  -47.220 0.6666666865
91646  -29.208  12.715  -47.006 0.5555555820
90764  -29.495  11.417  -46.605 0.7777777910
90751  -30.719  11.845  -45.649 0.7777777910
91640  -31.142  12.473  -45.483 0.6666666865
148310  -31.610  11.175  -44.812 0.6666666865
90752  -31.359  11.824  -45.206 0.6666666865
91626  -32.496  12.195  -44.199 0.6666666865
92494  -33.115  12.834  -43.783 0.6666666865
92495  -33.722  13.351  -43.366 0.6666666865
92477  -34.273  12.938  -42.841 0.6666666865
90725  -36.101  12.046  -42.836 0.5555555820
91616  -36.252  12.892  -42.977 0.5555555820
161167  -35.683  13.092  -42.754 0.6666666865
92535  -27.997  13.956  -47.400 0.4444444478
92523  -25.882  14.380  -46.729 0.4444444478
92534  -27.433  13.403  -47.496 0.4444444478
141083  -28.645  14.346  -47.293 0.5555555820
92536  -28.831  13.497  -47.265 0.5555555820
92524  -29.677  13.448  -46.747 0.6666666865
91647  -29.894  12.707  -46.466 0.6666666865
92516  -31.003  13.181  -45.732 0.6666666865
92507  -32.045  12.671  -44.858 0.6666666865
92508  -32.586  13.141  -44.481 0.6666666865
92509  -33.206  13.712  -44.045 0.6666666865
145249  -34.781  14.982  -43.527 0.6666666865
93362  -35.374  14.573  -43.304 0.5555555820
92479  -35.764  13.697  -42.982 0.6666666865
93393  -27.923  14.929  -47.353 0.4444444478
152062  -30.266  14.115  -46.545 0.6666666865
92526  -30.935  13.930  -46.054 0.6666666865
93382  -31.564  14.494  -45.951 0.6666666865
92517  -31.578  12.978  -45.317 0.6666666865
138406  -31.564  13.708  -45.613 0.6666666865
93373  -33.439  14.657  -44.406 0.6666666865
77773  -28.031  -2.915  -47.728 0.8888888955
78722  -24.880  -1.860  -45.255 1.0000000000
77771  -26.628  -1.560  -47.394 1.0000000000
160278  -27.921  -1.422  -48.490 1.0000000000
77795  -30.916  -2.174  -49.914 1.0000000000
85567  -24.752  5.655  -45.527 0.5555555820
84530  -32.661  4.885  -44.618 0.8888888955
147397  -25.064  7.955  -46.392 0.5555555820
89877  -25.271  10.486  -46.866 0.5555555820
87391  -27.562  8.263  -47.835 0.7777777910
87382  -30.963  7.568  -45.966 1.0000000000
87340  -34.710  7.676  -42.588 0.8888888955
148738  -24.189  11.230  -45.955 0.2222222239
148681  -31.001  11.109  -45.331 0.7777777910
89014  -36.494  9.149  -44.149 0.4444444478
143802  -30.113  14.975  -46.704 0.6666666865
86490  -24.489  6.455  -45.464 0.4444444478
88205  -24.493  8.060  -45.863 0.4444444478
92497  -36.665  13.664  -43.418 0.5555555820
91635  -36.835  12.048  -43.818 0.5555555820
93392  -26.954  14.525  -47.312 0.2222222239
93363  -36.250  14.438  -43.468 0.5555555820
75099  -24.137  -4.591  -42.455 0.5555555820
75981  -25.694  -4.411  -43.595 0.5555555820
76002  -28.099  -3.654  -45.446 0.5555555820
76856  -28.745  -3.640  -45.901 0.5555555820
76027  -30.112  -5.726  -49.076 0.7777777910
158591  -30.911  -5.861  -49.215 0.8888888955
141999  -23.434  -5.194  -41.904 0.5555555820
76875  -29.050  -4.542  -46.951 0.6666666865
76019  -28.942  -5.222  -47.888 0.6666666865
76026  -29.285  -5.559  -48.493 0.8888888955
76034  -32.174  -4.880  -49.380 0.7777777910
76893  -32.550  -4.024  -49.718 0.7777777910
77797  -32.449  -2.408  -50.084 0.8888888955
142340  -22.886  -4.056  -41.690 0.4444444478
77717  -24.310  -2.402  -43.376 0.5555555820
78772  -32.270  -1.558  -50.118 1.0000000000
147666  -23.874  -1.164  -43.161 0.2222222239
79662  -24.576  -1.179  -44.281 0.6666666865
79694  -33.063  -0.009  -48.156 0.8888888955
80605  -32.689  0.786  -46.840 0.6666666865
136526  -33.213  1.396  -45.354 0.7777777910
137622  -34.758  1.676  -44.520 0.6666666865
80580  -24.077  0.367  -43.884 0.5555555820
82563  -23.076  2.334  -44.102 0.4444444478
144404  -37.064  2.763  -43.783 0.5555555820
142998  -38.728  2.877  -46.736 0.5555555820
84536  -22.303  4.011  -44.979 0.2222222239
83610  -38.571  3.575  -46.137 0.5555555820
85558  -24.161  5.689  -45.053 0.4444444478
84563  -38.331  4.225  -47.303 0.5555555820
147270  -23.331  8.095  -44.417 0.3333333433
83640  -37.298  3.153  -49.175 0.5555555820
89033  -24.533  9.492  -46.121 0.4444444478
84583  -37.061  3.979  -49.133 0.4444444478
89855  -23.360  10.743  -45.003 0.3333333433
86512  -36.876  6.263  -47.977 0.5555555820
87375  -36.719  7.754  -45.784 0.4444444478
92532  -25.389  13.490  -46.600 0.3333333433
91658  -26.243  13.012  -47.211 0.3333333433
149281  -26.829  12.191  -47.651 0.4444444478
89026  -36.571  9.450  -45.125 0.4444444478
90744  -36.942  11.585  -44.527 0.4444444478
143564  -37.548  13.140  -44.476 0.2222222239
94211  -26.393  15.504  -46.972 0.3333333433
93394  -28.832  15.110  -47.250 0.6666666865
93389  -30.859  14.738  -46.349 0.6666666865
93383  -32.167  14.253  -45.454 0.6666666865
93384  -32.806  14.844  -45.227 0.6666666865
94199  -32.779  15.678  -45.580 0.6666666865
95034  -33.850  16.019  -44.854 0.6666666865
94190  -33.978  15.454  -44.399 0.6666666865
94178  -35.301  15.396  -43.662 0.6666666865
155282  -35.931  15.115  -43.626 0.4444444478
92498  -37.403  13.724  -43.947 0.3333333433
93395  -29.495  15.231  -47.005 0.5555555820
76825  -24.301  -3.166  -43.303 0.5555555820
76839  -25.158  -2.896  -44.584 0.6666666865
75980  -24.413  -3.748  -43.156 0.5555555820
148973  -24.879  -3.756  -43.555 0.6666666865
76841  -27.137  -3.865  -44.893 0.6666666865
136111  -26.866  -3.137  -45.429 0.7777777910
76855  -25.561  -2.648  -45.333 0.7777777910
77762  -27.520  -2.516  -46.737 0.8888888955
77788  -28.605  -2.257  -48.654 1.0000000000
158672  -27.222  -1.808  -48.062 1.0000000000
76883  -28.601  -3.279  -48.334 0.8888888955
77772  -27.210  -2.192  -47.439 1.0000000000
76891  -30.485  -3.785  -49.199 1.0000000000
76890  -29.508  -3.709  -49.003 0.8888888955
76033  -29.759  -4.686  -49.058 0.8888888955
75978  -23.494  -4.354  -42.006 0.4444444478
76824  -23.631  -3.786  -42.221 0.4444444478
140663  -24.047  -3.408  -42.776 0.5555555820
76838  -24.562  -2.605  -43.870 0.6666666865
77734  -24.808  -2.526  -44.407 0.6666666865
77746  -24.801  -2.146  -44.777 0.8888888955
77733  -24.691  -2.179  -44.264 0.5555555820
77761  -26.232  -2.141  -46.627 0.8888888955
76018  -29.121  -4.293  -48.529 0.8888888955
77791  -31.127  -3.036  -49.556 1.0000000000
77789  -29.474  -2.005  -49.129 1.0000000000
78762  -30.271  -1.682  -49.596 1.0000000000
76897  -31.986  -3.213  -50.047 1.0000000000
78771  -31.466  -1.087  -50.096 1.0000000000
78711  -24.413  -1.795  -43.666 0.5555555820
141919  -24.467  -1.374  -43.900 0.6666666865
157056  -24.720  -1.735  -44.609 0.8888888955
77732  -24.512  -2.243  -43.770 0.6666666865
77760  -25.305  -1.969  -45.978 1.0000000000
78732  -24.813  -1.261  -44.956 0.8888888955
79683  -25.011  -0.374  -45.358 0.8888888955
78744  -26.213  -0.893  -47.168 1.0000000000
80590  -24.307  0.383  -44.313 0.8888888955
80602  -25.352  0.705  -45.661 1.0000000000
79702  -27.540  -0.503  -48.571 1.0000000000
78760  -28.920  -1.226  -49.094 1.0000000000
78770  -30.893  -1.330  -50.112 1.0000000000
80621  -27.168  0.261  -48.585 1.0000000000
81590  -27.432  1.329  -49.309 1.0000000000
79727  -30.674  -0.516  -50.077 1.0000000000
79715  -32.521  -0.543  -49.474 0.8888888955
80632  -31.258  0.155  -49.484 1.0000000000
81601  -29.863  1.298  -49.943 1.0000000000
81600  -29.378  1.874  -50.111 1.0000000000
80631  -30.693  0.756  -48.821 1.0000000000
80622  -31.647  0.609  -48.467 1.0000000000
154004  -32.462  0.653  -47.764 0.8888888955
80592  -32.824  1.001  -45.990 0.7777777910
81563  -25.884  1.218  -45.940 1.0000000000
81561  -24.724  2.025  -44.827 0.5555555820
81534  -24.016  1.108  -44.069 0.6666666865
80603  -26.008  0.633  -46.583 1.0000000000
81548  -23.706  1.981  -44.129 0.5555555820
138217  -27.099  1.337  -48.531 1.0000000000
81583  -26.770  1.109  -46.971 0.8888888955
132108  -28.215  1.926  -48.231 1.0000000000
82615  -29.483  1.748  -48.619 1.0000000000
82616  -29.896  1.898  -47.519 1.0000000000
82605  -30.007  2.402  -46.862 1.0000000000
81551  -31.375  1.880  -45.987 1.0000000000
82565  -33.633  2.680  -44.494 0.8888888955
82566  -34.550  2.393  -44.248 0.7777777910
82548  -36.248  2.840  -43.669 0.6666666865
83594  -23.002  3.344  -44.509 0.5555555820
82592  -24.356  2.627  -44.710 0.5555555820
84547  -24.104  3.529  -44.746 0.6666666865
83607  -25.727  3.076  -45.895 0.6666666865
82593  -25.995  1.787  -45.926 0.7777777910
82602  -26.685  1.814  -46.542 0.7777777910
83618  -26.672  2.854  -46.469 0.7777777910
150079  -26.564  4.651  -46.743 0.6666666865
84559  -27.884  4.013  -47.300 0.8888888955
83619  -27.656  3.016  -46.902 0.8888888955
139263  -28.485  3.126  -47.241 0.8888888955
82613  -27.435  1.323  -47.434 0.8888888955
82614  -28.381  1.666  -47.389 1.0000000000
132106  -29.162  3.054  -47.348 0.8888888955
132104  -29.684  2.900  -46.924 1.0000000000
83596  -31.094  3.352  -45.386 1.0000000000
83584  -33.421  3.572  -44.330 0.8888888955
83569  -35.015  3.850  -43.591 0.8888888955
83585  -34.294  3.241  -43.991 0.7777777910
83570  -37.287  4.088  -43.664 0.6666666865
82570  -38.309  2.679  -44.784 0.5555555820
152121  -25.062  4.837  -45.630 0.5555555820
85544  -23.212  5.423  -44.284 0.3333333433
84529  -23.160  4.605  -44.388 0.3333333433
84548  -24.594  4.050  -45.188 0.4444444478
85580  -26.604  5.629  -46.982 0.6666666865
149459  -27.309  4.855  -47.216 0.7777777910
133543  -29.764  4.655  -47.377 0.8888888955
135858  -30.010  3.412  -46.623 1.0000000000
146393  -30.906  4.855  -46.401 1.0000000000
84517  -34.741  4.695  -43.405 0.7777777910
85533  -37.154  4.895  -43.605 0.7777777910
155987  -38.559  3.701  -46.859 0.5555555820
85582  -28.971  5.626  -47.948 0.8888888955
85560  -31.970  5.857  -45.179 1.0000000000
86483  -37.447  6.107  -44.127 0.7777777910
85547  -37.550  5.261  -43.968 0.7777777910
85573  -38.340  5.080  -46.196 0.6666666865
87371  -24.206  7.299  -45.363 0.4444444478
87393  -29.386  7.226  -47.575 0.8888888955
86491  -31.725  6.634  -45.354 1.0000000000
145594  -32.468  7.099  -44.366 0.8888888955
86456  -35.899  6.732  -42.785 0.7777777910
86493  -37.540  6.324  -45.044 0.6666666865
85585  -37.688  5.659  -47.490 0.5555555820
84573  -37.437  4.425  -48.495 0.5555555820
88214  -24.883  8.791  -46.340 0.5555555820
88227  -26.805  8.806  -47.644 0.6666666865
143662  -28.901  7.998  -47.664 0.8888888955
87374  -31.991  7.284  -44.847 1.0000000000
86454  -34.068  7.157  -42.815 0.8888888955
88175  -36.317  8.148  -42.932 0.8888888955
86500  -37.462  6.506  -45.982 0.6666666865
88172  -33.819  8.864  -42.541 0.8888888955
135189  -37.415  6.441  -46.929 0.5555555820
89043  -25.688  9.739  -47.107 0.5555555820
89044  -26.407  9.695  -47.578 0.5555555820
142984  -29.113  8.751  -47.308 1.0000000000
89045  -28.575  9.581  -47.407 0.7777777910
137527  -27.902  9.689  -47.799 0.7777777910
88207  -31.029  8.694  -45.089 0.8888888955
146037  -30.422  8.954  -46.174 0.7777777910
90775  -26.153  11.938  -47.375 0.5555555820
146326  -26.313  11.099  -47.612 0.5555555820
144896  -27.427  12.013  -47.825 0.4444444478
89891  -28.216  10.550  -47.597 0.6666666865
89892  -28.855  10.990  -47.123 0.6666666865
145166  -28.889  10.226  -47.109 0.7777777910
89888  -25.990  10.464  -47.446 0.7777777910
89879  -30.256  11.043  -45.947 0.7777777910
89036  -30.038  9.548  -46.345 0.7777777910
89001  -32.311  9.849  -43.723 0.7777777910
90733  -32.659  11.486  -43.728 0.6666666865
89841  -34.085  10.387  -42.481 0.6666666865
90722  -33.804  11.322  -42.690 0.6666666865
154323  -33.647  12.669  -43.186 0.6666666865
155761  -34.548  11.737  -42.542 0.6666666865
147897  -35.403  10.846  -42.510 0.5555555820
89003  -36.357  9.317  -43.297 0.5555555820
138781  -36.620  10.956  -44.401 0.4444444478
90735  -36.415  11.685  -43.326 0.5555555820
91660  -27.779  12.611  -47.687 0.5555555820
144692  -29.481  12.151  -46.686 0.6666666865
90765  -30.055  11.971  -46.191 0.7777777910
93360  -33.877  14.150  -43.595 0.6666666865
93346  -35.041  13.965  -42.893 0.6666666865
152477  -29.436  14.370  -46.981 0.6666666865
93372  -32.690  14.026  -44.775 0.6666666865
94200  -33.368  15.487  -44.983 0.6666666865
90762  -24.773  11.394  -46.574 0.3333333433
86489  -23.905  6.469  -44.950 0.4444444478
88204  -23.817  8.258  -45.197 0.4444444478
90745  -37.269  12.337  -44.454 0.3333333433
149201  -36.651  15.212  -43.813 0.3333333433
136867  -24.804  -4.481  -43.098 0.5555555820
75151  -30.906  -6.901  -48.974 0.6666666865
75968  -22.720  -4.776  -41.983 0.4444444478
75098  -22.361  -5.496  -42.408 0.5555555820
78763  -32.830  -1.216  -49.871 0.7777777910
131619  -21.463  -4.298  -41.609 0.3333333433
145242  -24.013  -2.958  -42.855 0.4444444478
159622  -33.852  1.082  -45.199 0.6666666865
79672  -24.356  -0.370  -44.128 0.7777777910
84537  -23.653  4.112  -44.588 0.3333333433
83581  -20.860  3.834  -45.107 0.1111111119
85543  -22.610  4.849  -44.259 0.1111111119
87362  -23.647  7.281  -44.747 0.4444444478
148314  -23.373  8.979  -44.746 0.3333333433
148311  -23.747  9.142  -45.314 0.3333333433
90763  -25.289  12.052  -46.857 0.3333333433
95035  -34.440  16.116  -44.449 0.6666666865
94179  -36.054  15.938  -43.862 0.4444444478
74181  -28.500  -6.860  -44.267 0.4444444478
73167  -30.226  -8.104  -43.606 0.2222222239
74179  -25.406  -6.091  -42.889 0.4444444478
74180  -26.261  -6.161  -43.311 0.4444444478
75114  -26.727  -4.904  -43.901 0.4444444478
158577  -27.494  -5.339  -44.172 0.4444444478
136324  -28.799  -6.203  -44.749 0.4444444478
75126  -29.104  -6.945  -45.285 0.4444444478
75127  -30.197  -8.346  -45.289 0.2222222239
76003  -28.815  -4.365  -45.537 0.4444444478
76004  -29.011  -5.467  -45.597 0.4444444478
76005  -29.010  -6.790  -45.868 0.4444444478
75128  -31.682  -7.617  -45.194 0.1111111119
157674  -31.947  -6.706  -44.652 0.1111111119
75135  -28.277  -8.039  -47.344 0.4444444478
74209  -30.317  -9.855  -47.006 0.3333333433
76857  -29.059  -4.334  -46.117 0.4444444478
76011  -28.939  -5.471  -46.327 0.4444444478
74208  -29.193  -8.947  -47.314 0.3333333433
134250  -31.348  -9.891  -47.595 0.3333333433
132935  -32.554  -7.630  -46.203 0.2222222239
74218  -28.868  -7.725  -48.095 0.4444444478
73191  -30.535  -9.192  -48.063 0.3333333433
75144  -28.407  -6.877  -47.826 0.4444444478
133288  -34.198  -8.667  -48.741 0.2222222239
151176  -35.352  -7.648  -48.455 0.1111111119
151223  -33.992  -5.095  -47.123 0.1111111119
134034  -33.947  -8.252  -49.101 0.3333333433
131742  -35.131  -7.579  -49.149 0.3333333433
135080  -33.086  -5.807  -49.361 0.4444444478
76035  -33.346  -4.932  -49.491 0.5555555820
131752  -34.041  -3.629  -49.701 0.6666666865
133255  -34.970  -3.743  -48.663 0.4444444478
77792  -33.776  -2.455  -49.825 0.6666666865
78736  -34.465  -1.438  -46.797 0.3333333433
143706  -33.547  -1.638  -49.668 0.6666666865
78735  -34.044  -0.486  -46.915 0.5555555820
79705  -33.396  -0.572  -48.579 0.6666666865
79674  -34.132  0.043  -46.024 0.5555555820
136476  -34.842  -0.145  -45.519 0.5555555820
79675  -34.594  -0.802  -46.132 0.4444444478
80582  -35.465  0.200  -45.037 0.3333333433
79685  -33.271  0.156  -47.355 0.5555555820
140441  -36.355  1.399  -44.217 0.4444444478
140433  -37.276  1.841  -44.137 0.5555555820
81537  -35.373  1.080  -44.637 0.4444444478
144941  -38.535  1.906  -45.213 0.4444444478
94198  -32.201  15.071  -45.812 0.5555555820
94206  -31.485  15.359  -46.224 0.5555555820
94207  -32.127  15.939  -46.062 0.5555555820
95050  -32.714  16.517  -45.854 0.5555555820
95051  -33.352  16.271  -45.326 0.5555555820
95900  -33.941  17.798  -45.246 0.5555555820
73150  -27.627  -6.759  -43.691 0.4444444478
74193  -29.782  -8.022  -44.556 0.2222222239
75991  -26.382  -4.051  -44.222 0.4444444478
75137  -30.959  -8.828  -45.917 0.2222222239
151224  -33.786  -8.388  -47.559 0.2222222239
159709  -33.425  -7.135  -46.880 0.1111111119
141509  -35.617  -6.228  -49.104 0.4444444478
151384  -35.821  -5.807  -48.879 0.3333333433
133354  -34.356  -6.149  -49.333 0.4444444478
78753  -34.024  -2.213  -49.315 0.6666666865
77783  -34.352  -2.537  -48.640 0.4444444478
81538  -37.008  0.801  -44.437 0.3333333433
136260  -38.058  1.886  -44.510 0.4444444478
82618  -38.427  2.215  -48.278 0.4444444478
95060  -31.340  16.380  -46.484 0.5555555820
95913  -30.858  17.241  -46.826 0.5555555820
75992  -28.229  -4.450  -44.962 0.4444444478
151602  -34.643  -3.552  -47.838 0.2222222239
95052  -34.079  16.804  -44.975 0.5555555820
73135  -24.943  -7.738  -42.365 0.4444444478
73149  -26.760  -6.998  -43.232 0.4444444478
72155  -27.525  -7.803  -43.319 0.4444444478
73152  -29.045  -8.042  -43.941 0.2222222239
72168  -29.632  -8.299  -43.790 0.2222222239
74168  -23.955  -6.419  -42.197 0.4444444478
74169  -24.780  -6.675  -42.487 0.4444444478
74194  -30.763  -7.782  -44.255 0.1111111119
75117  -31.116  -7.753  -44.615 0.1111111119
73168  -30.503  -7.844  -43.949 0.1111111119
75118  -32.310  -5.707  -44.275 0.1111111119
151200  -33.068  -6.184  -46.381 0.1111111119
160119  -33.403  -5.408  -46.564 0.1111111119
131743  -33.712  -3.888  -46.547 0.1111111119
151335  -34.507  -4.383  -47.517 0.1111111119
131734  -34.720  -2.687  -45.886 0.2222222239
139409  -35.175  -1.155  -45.678 0.1111111119
77764  -34.397  -2.435  -46.906 0.2222222239
80583  -36.827  -0.096  -44.788 0.2222222239
80585  -38.081  0.301  -45.019 0.2222222239
81540  -38.298  1.126  -44.953 0.3333333433
82595  -38.931  2.086  -47.068 0.4444444478
81593  -37.789  1.748  -49.444 0.3333333433
83630  -38.207  3.066  -48.108 0.4444444478
82644  -37.116  2.129  -49.872 0.3333333433
148607  -25.614  11.239  -47.192 0.4444444478
144111  -36.496  9.079  -45.823 0.3333333433
95885  -35.377  17.295  -44.489 0.5555555820
94215  -29.910  15.824  -46.985 0.5555555820
95059  -30.415  16.536  -46.926 0.5555555820
95061  -32.108  16.697  -46.275 0.5555555820
95915  -32.502  17.437  -46.118 0.5555555820
95916  -33.186  18.049  -45.766 0.5555555820
74178  -24.600  -5.521  -42.536 0.4444444478
137489  -25.507  -5.305  -43.147 0.4444444478
75150  -29.478  -6.726  -48.491 0.5555555820
75157  -32.005  -6.157  -49.298 0.6666666865
76898  -32.918  -3.285  -50.071 0.6666666865
80606  -33.419  0.363  -46.467 0.5555555820
81536  -34.464  1.096  -44.901 0.5555555820
82628  -37.524  2.372  -49.305 0.4444444478
89858  -36.605  10.307  -44.875 0.3333333433
139335  -27.389  -4.643  -44.443 0.4444444478
74225  -32.638  -7.789  -49.106 0.3333333433
74219  -30.077  -7.900  -48.268 0.3333333433
74191  -27.972  -6.031  -44.221 0.4444444478
74192  -29.145  -7.324  -44.626 0.4444444478
73165  -28.928  -7.552  -44.276 0.3333333433
75115  -29.176  -7.186  -44.951 0.4444444478
73166  -29.640  -7.993  -44.244 0.3333333433
73148  -25.775  -6.910  -42.849 0.4444444478
75101  -27.073  -5.846  -43.720 0.4444444478
160450  -26.958  -6.448  -43.482 0.4444444478
136425  -28.242  -5.267  -44.592 0.4444444478
75993  -28.873  -5.200  -45.059 0.4444444478
157774  -28.980  -6.103  -45.141 0.4444444478
157853  -29.337  -7.901  -45.422 0.4444444478
75136  -29.004  -8.538  -46.349 0.4444444478
75116  -29.777  -8.154  -44.852 0.2222222239
139509  -31.689  -6.646  -43.955 0.1111111119
131735  -32.694  -9.363  -47.964 0.3333333433
74220  -31.474  -8.431  -48.493 0.3333333433
151603  -31.973  -9.497  -47.075 0.2222222239
151336  -35.894  -6.799  -48.933 0.2222222239
132694  -35.663  -6.167  -48.219 0.1111111119
132630  -34.572  -6.831  -47.334 0.1111111119
133655  -33.684  -7.147  -49.334 0.3333333433
133446  -34.493  -4.893  -49.380 0.4444444478
77793  -34.445  -3.198  -49.312 0.4444444478
78746  -34.369  -1.964  -47.374 0.3333333433
151393  -35.451  -4.840  -48.908 0.4444444478
132761  -35.287  -4.825  -48.507 0.3333333433
79695  -33.664  -0.593  -47.867 0.5555555820
78752  -33.863  -1.410  -48.654 0.5555555820
80581  -34.849  0.552  -45.084 0.5555555820
153575  -35.513  -0.549  -45.346 0.3333333433
81566  -38.910  1.911  -46.225 0.4444444478
95899  -33.310  17.140  -45.574 0.5555555820
73151  -28.375  -7.500  -43.817 0.4444444478
160202  -30.620  17.727  -47.064 0.5555555820
73136  -26.240  -7.917  -42.720 0.4444444478
72156  -28.458  -8.256  -43.576 0.4444444478
72157  -29.158  -8.629  -43.601 0.2222222239
73134  -23.845  -7.655  -42.674 0.4444444478
157299  -22.416  -6.950  -42.940 0.4444444478
131733  -32.422  -6.114  -45.312 0.1111111119
66562  -25.990  -14.876  -40.947 0.1111111119
156172  -23.769  -11.540  -40.824 0.3333333433
68415  -24.960  -12.821  -41.166 0.2222222239
66573  -25.688  -14.314  -41.265 0.2222222239
66574  -26.429  -14.262  -41.128 0.1111111119
67508  -26.187  -13.672  -41.510 0.1111111119
71188  -22.706  -9.647  -41.377 0.3333333433
145066  -22.432  -9.896  -40.751 0.3333333433
70266  -22.680  -10.723  -40.716 0.3333333433
69358  -24.964  -11.245  -41.314 0.3333333433
68416  -25.873  -12.853  -41.578 0.2222222239
150620  -26.062  -12.106  -41.616 0.2222222239
67509  -27.031  -13.662  -41.246 0.1111111119
154497  -26.523  -12.455  -41.748 0.2222222239
74148  -22.218  -6.994  -41.081 0.2222222239
73119  -22.444  -7.778  -41.048 0.2222222239
72125  -22.390  -8.799  -41.182 0.2222222239
153954  -23.192  -10.259  -41.247 0.3333333433
70273  -23.860  -10.420  -41.893 0.3333333433
74159  -20.993  -7.001  -41.895 0.2222222239
73128  -21.506  -8.010  -42.007 0.3333333433
73127  -21.111  -7.272  -42.599 0.3333333433
72131  -22.046  -8.748  -42.619 0.3333333433
72151  -21.915  -8.075  -43.035 0.3333333433
72152  -22.818  -8.740  -43.327 0.3333333433
71192  -22.812  -9.563  -43.135 0.3333333433
71220  -24.024  -10.070  -44.021 0.3333333433
71194  -24.674  -10.053  -42.646 0.3333333433
70302  -24.471  -9.965  -43.653 0.3333333433
70288  -25.748  -10.056  -41.722 0.3333333433
157477  -26.107  -9.616  -42.089 0.3333333433
70289  -26.621  -10.193  -42.094 0.3333333433
69360  -26.982  -10.880  -42.147 0.1111111119
69373  -27.656  -11.198  -42.276 0.2222222239
132732  -21.074  -5.424  -41.440 0.2222222239
151406  -20.774  -6.194  -41.927 0.2222222239
136166  -20.697  -6.122  -42.510 0.3333333433
73145  -21.940  -7.505  -43.032 0.3333333433
73146  -22.842  -7.794  -43.227 0.3333333433
72154  -24.019  -9.807  -43.981 0.3333333433
72142  -24.940  -8.700  -42.068 0.3333333433
154596  -26.181  -8.919  -42.316 0.3333333433
70290  -27.457  -10.416  -42.467 0.3333333433
131620  -21.171  -4.609  -40.993 0.3333333433
133029  -20.977  -4.930  -41.733 0.3333333433
75087  -23.582  -5.699  -41.984 0.3333333433
72143  -27.178  -8.655  -42.837 0.3333333433
71221  -27.936  -8.625  -43.280 0.3333333433
81554  -39.126  1.054  -46.292 0.2222222239
81576  -38.902  1.582  -47.753 0.2222222239
81567  -39.194  1.340  -46.964 0.2222222239
83651  -36.112  3.007  -50.215 0.3333333433
82643  -35.846  2.841  -50.180 0.2222222239
68414  -24.465  -11.977  -40.958 0.3333333433
147925  -26.692  -13.065  -41.721 0.1111111119
73120  -21.990  -8.728  -41.731 0.3333333433
70286  -23.919  -10.470  -43.145 0.3333333433
70275  -25.248  -10.488  -41.484 0.3333333433
70276  -26.201  -10.751  -41.717 0.3333333433
72139  -21.591  -8.009  -42.818 0.3333333433
74175  -21.243  -6.750  -42.887 0.3333333433
71207  -27.892  -9.293  -43.030 0.3333333433
65577  -25.208  -14.957  -41.066 0.1111111119
65569  -25.586  -15.499  -40.594 0.1111111119
70265  -21.816  -10.484  -40.323 0.3333333433
69347  -22.156  -11.281  -40.363 0.3333333433
153620  -22.407  -11.765  -40.361 0.3333333433
68403  -23.548  -12.180  -40.633 0.3333333433
145228  -24.120  -12.832  -40.806 0.3333333433
67506  -24.577  -13.543  -41.014 0.3333333433
65570  -26.364  -15.266  -40.261 0.1111111119
66563  -26.660  -14.659  -40.543 0.1111111119
71179  -22.370  -8.993  -40.752 0.3333333433
66575  -26.993  -14.200  -40.741 0.1111111119
68404  -27.745  -13.184  -40.904 0.1111111119
75066  -22.549  -6.144  -40.358 0.2222222239
69361  -27.707  -11.951  -41.992 0.1111111119
69374  -28.310  -11.325  -42.065 0.1111111119
70291  -28.338  -10.528  -42.550 0.1111111119
148275  -27.899  -9.949  -42.783 0.1111111119
71222  -28.578  -9.012  -43.332 0.1111111119
137907  -21.281  -3.526  -40.247 0.1111111119
154747  -38.317  1.261  -49.200 0.2222222239
82641  -34.570  2.119  -50.362 0.2222222239
81605  -35.051  1.217  -50.454 0.2222222239
131611  -22.757  -3.340  -40.852 0.2222222239
79661  -24.233  -0.583  -43.798 0.5555555820
76811  -23.244  -3.010  -42.072 0.3333333433
131621  -21.041  -4.676  -41.853 0.3333333433
75097  -21.469  -6.095  -42.841 0.4444444478
74177  -22.666  -6.099  -42.426 0.4444444478
133731  -21.163  -4.395  -41.288 0.2222222239
80645  -36.449  2.060  -50.741 0.2222222239
66572  -24.914  -14.279  -41.144 0.1111111119
69348  -22.951  -11.528  -40.590 0.3333333433
70267  -23.511  -10.906  -40.988 0.3333333433
72124  -22.338  -8.163  -40.654 0.2222222239
69357  -24.304  -10.981  -41.241 0.3333333433
146714  -25.365  -12.104  -41.348 0.3333333433
70274  -24.385  -10.286  -42.227 0.3333333433
69359  -25.789  -11.424  -41.505 0.2222222239
71193  -23.227  -10.146  -42.487 0.3333333433
72132  -22.432  -9.405  -42.115 0.3333333433
68417  -27.139  -12.490  -41.849 0.1111111119
138530  -26.764  -11.674  -41.895 0.1111111119
151584  -21.752  -6.167  -41.178 0.2222222239
74166  -20.948  -6.740  -42.786 0.3333333433
71203  -23.390  -9.614  -43.637 0.3333333433
73147  -23.545  -9.034  -43.453 0.3333333433
71204  -23.696  -10.223  -43.684 0.3333333433
70287  -24.172  -10.280  -43.666 0.3333333433
71205  -25.131  -9.408  -41.839 0.3333333433
132547  -21.558  -4.352  -40.127 0.2222222239
72141  -24.203  -9.060  -43.244 0.3333333433
71206  -27.074  -9.548  -42.492 0.3333333433
71208  -28.546  -9.701  -42.935 0.1111111119
65568  -24.753  -15.608  -40.734 0.1111111119
149625  -21.352  -11.241  -39.875 0.2222222239
68402  -22.668  -12.326  -40.351 0.3333333433
67496  -23.338  -12.954  -40.518 0.3333333433
67505  -23.857  -13.564  -40.701 0.3333333433
161360  -21.828  -8.660  -40.214 0.2222222239
71187  -21.581  -9.487  -40.162 0.2222222239
80633  -38.617  0.596  -49.508 0.1111111119
79717  -38.939  -0.031  -49.864 0.1111111119
160778  -39.199  -0.397  -51.244 0.1111111119
133129  -38.853  0.047  -50.882 0.1111111119
78779  -36.922  2.342  -50.984 0.1111111119
142177  -38.179  2.138  -51.384 0.1111111119
81606  -36.411  2.051  -50.421 0.1111111119
79743  -36.136  1.988  -51.337 0.1111111119
80657  -35.420  0.576  -51.089 0.1111111119
80664  -35.552  0.629  -51.554 0.1111111119
156047  -36.635  5.734  -48.675 0.2222222239
80643  -34.950  0.483  -50.723 0.1111111119
80663  -35.013  0.452  -51.864 0.1111111119
87395  -35.983  7.733  -47.601 0.1111111119
88219  -36.466  8.488  -46.214 0.2222222239
89047  -36.300  9.312  -46.568 0.1111111119
85594  -36.033  5.750  -49.295 0.1111111119
87400  -35.530  7.752  -48.490 0.1111111119
94205  -30.687  15.628  -46.588 0.4444444478
90753  -36.767  11.032  -45.362 0.1111111119
95068  -28.696  16.883  -47.563 0.4444444478
95069  -29.563  16.718  -47.404 0.4444444478
90754  -37.180  11.881  -45.313 0.1111111119
95914  -31.657  17.305  -46.560 0.4444444478
95037  -36.546  16.732  -44.191 0.3333333433
94180  -37.018  16.015  -44.108 0.2222222239
94181  -37.510  15.207  -44.253 0.1111111119
91641  -37.505  12.663  -45.250 0.1111111119
150362  -37.794  13.416  -45.265 0.1111111119
145436  -31.895  18.125  -46.501 0.4444444478
96777  -31.492  18.799  -46.991 0.4444444478
97640  -31.814  19.545  -46.878 0.4444444478
147393  -32.554  18.271  -46.176 0.4444444478
97641  -32.603  19.557  -46.275 0.4444444478
96779  -32.961  18.838  -46.018 0.4444444478
96767  -33.771  18.817  -45.432 0.4444444478
142000  -34.549  19.176  -45.233 0.4444444478
96768  -34.601  18.401  -45.006 0.2222222239
96760  -36.412  18.245  -44.792 0.2222222239
96761  -37.277  17.958  -44.851 0.2222222239
95039  -38.056  16.750  -44.806 0.2222222239
100803  -35.458  23.630  -47.548 0.1111111119
99337  -36.863  21.511  -47.141 0.1111111119
143642  -38.481  17.218  -45.881 0.1111111119
141921  -28.681  18.370  -47.342 0.4444444478
147064  -29.633  18.214  -47.293 0.4444444478
96792  -30.125  18.849  -47.248 0.3333333433
96793  -30.816  18.798  -47.351 0.4444444478
98496  -31.385  20.276  -47.456 0.4444444478
98497  -32.200  20.280  -46.651 0.4444444478
98498  -33.105  20.304  -45.903 0.4444444478
97642  -33.295  19.487  -45.768 0.4444444478
97630  -34.008  19.846  -45.469 0.4444444478
99333  -31.559  21.758  -47.580 0.3333333433
98487  -33.867  20.649  -45.609 0.3333333433
99318  -35.225  21.281  -45.722 0.1111111119
98488  -35.589  20.520  -45.560 0.1111111119
98489  -36.450  20.404  -45.749 0.1111111119
96771  -37.252  18.686  -45.275 0.2222222239
97633  -36.853  19.618  -45.540 0.1111111119
98490  -37.198  20.177  -46.131 0.1111111119
97648  -30.373  19.542  -47.611 0.3333333433
98507  -30.544  20.312  -47.947 0.3333333433
141338  -31.794  20.956  -47.222 0.3333333433
99334  -32.600  21.082  -46.383 0.4444444478
147370  -32.416  21.886  -46.550 0.2222222239
139798  -33.290  21.756  -45.945 0.2222222239
99317  -34.232  21.401  -45.687 0.2222222239
100037  -34.981  22.092  -45.885 0.1111111119
100794  -32.518  23.515  -46.611 0.1111111119
100044  -33.121  22.740  -46.116 0.1111111119
100046  -34.351  23.115  -46.160 0.1111111119
99336  -35.849  22.339  -46.563 0.1111111119
100795  -33.497  23.654  -46.351 0.1111111119
100797  -35.075  23.501  -46.733 0.1111111119
100047  -35.228  22.748  -46.311 0.1111111119
98505  -29.562  20.115  -47.605 0.3333333433
98511  -29.566  21.115  -48.330 0.3333333433
153461  -30.852  21.142  -48.191 0.3333333433
149108  -30.716  21.875  -48.645 0.2222222239
100043  -31.955  22.658  -46.957 0.2222222239
100793  -31.581  23.437  -47.492 0.1111111119
101594  -33.831  24.354  -46.743 0.1111111119
100802  -34.769  24.242  -47.237 0.1111111119
102352  -34.515  25.637  -48.444 0.1111111119
96758  -29.296  18.861  -45.241 0.1111111119
98484  -29.550  20.039  -45.619 0.1111111119
141417  -29.460  20.982  -47.800 0.2222222239
99332  -29.436  21.950  -47.959 0.2222222239
99361  -29.521  21.740  -49.027 0.3333333433
100069  -29.242  22.403  -49.118 0.2222222239
100070  -29.681  22.312  -49.370 0.3333333433
148147  -29.288  23.073  -49.192 0.2222222239
100800  -29.556  23.723  -49.038 0.1111111119
101593  -30.223  24.347  -48.506 0.1111111119
102341  -31.187  24.803  -47.707 0.1111111119
101588  -32.870  24.288  -46.638 0.1111111119
102343  -33.192  24.991  -46.898 0.1111111119
101600  -35.368  24.476  -48.705 0.1111111119
100813  -35.757  23.703  -48.550 0.1111111119
99315  -30.367  21.621  -46.017 0.1111111119
99314  -29.544  21.102  -46.670 0.1111111119
100792  -29.511  23.742  -46.997 0.1111111119
100791  -28.837  23.603  -48.226 0.1111111119
100799  -28.938  23.298  -48.961 0.2222222239
150400  -28.641  24.185  -48.745 0.1111111119
100811  -28.871  23.963  -49.017 0.1111111119
141434  -28.679  25.685  -48.062 0.1111111119
157247  -29.891  25.196  -48.378 0.1111111119
102347  -29.857  26.205  -48.169 0.1111111119
148887  -31.228  25.613  -47.670 0.1111111119
100036  -31.224  21.878  -45.348 0.1111111119
99303  -31.512  21.140  -44.561 0.1111111119
100788  -31.113  22.802  -45.201 0.1111111119
101582  -30.106  24.336  -46.031 0.1111111119
101585  -29.063  24.782  -47.193 0.1111111119
100783  -30.890  23.722  -45.039 0.1111111119
101578  -31.178  24.022  -44.185 0.1111111119
141742  -30.483  24.706  -44.936 0.1111111119
79733  -38.942  -0.178  -50.440 0.1111111119
78774  -38.430  1.201  -50.735 0.1111111119
145789  -38.732  0.842  -51.093 0.1111111119
80666  -39.050  0.864  -51.824 0.1111111119
81616  -34.298  0.847  -50.876 0.1111111119
83650  -35.331  3.191  -50.522 0.1111111119
89046  -35.882  9.327  -47.494 0.1111111119
95901  -34.698  17.528  -44.772 0.4444444478
96759  -35.423  17.994  -44.712 0.3333333433
95038  -37.386  16.750  -44.431 0.2222222239
148072  -37.789  16.086  -44.525 0.1111111119
94192  -38.161  15.514  -44.823 0.1111111119
91648  -37.294  12.303  -46.031 0.1111111119
96778  -32.223  18.861  -46.481 0.4444444478
96772  -38.008  18.532  -45.786 0.2222222239
99320  -36.072  21.173  -45.901 0.1111111119
98499  -36.814  20.957  -46.434 0.1111111119
97643  -37.759  19.865  -46.792 0.1111111119
100058  -35.729  22.972  -47.016 0.1111111119
100056  -29.155  22.412  -48.834 0.2222222239
100035  -30.382  22.722  -46.250 0.1111111119
103086  -28.925  26.211  -48.068 0.1111111119
101581  -29.559  25.394  -46.082 0.1111111119
80667  -39.643  0.302  -52.293 0.1111111119
79746  -39.359  -0.297  -52.014 0.1111111119
84582  -36.336  4.197  -49.585 0.2222222239
86511  -36.575  7.063  -47.310 0.2222222239
142511  -36.484  10.780  -46.416 0.1111111119
95931  -30.092  17.469  -47.260 0.4444444478
97649  -31.100  19.517  -47.477 0.4444444478
99335  -33.395  21.051  -45.825 0.2222222239
99316  -31.138  20.866  -45.247 0.1111111119
100784  -31.463  23.079  -44.388 0.1111111119
100787  -30.477  23.473  -45.886 0.1111111119
134200  -40.660  -1.542  -51.478 0.1111111119
149207  -39.299  0.794  -47.546 0.1111111119
131755  -39.275  -0.112  -49.161 0.1111111119
134716  -39.577  -1.140  -50.939 0.1111111119
147352  -41.259  0.082  -52.161 0.1111111119
131768  -41.140  -0.865  -51.922 0.1111111119
81638  -38.493  2.395  -52.122 0.1111111119
81636  -36.741  3.066  -52.167 0.1111111119
81623  -35.165  1.209  -52.477 0.1111111119
149163  -32.758  2.292  -50.566 0.1111111119
81615  -33.413  1.434  -51.045 0.1111111119
160817  -34.451  1.025  -52.066 0.1111111119
83649  -34.095  3.021  -50.463 0.1111111119
85609  -34.476  4.702  -50.999 0.1111111119
154680  -35.460  7.189  -48.970 0.1111111119
94214  -29.121  15.942  -47.283 0.4444444478
88231  -35.681  8.492  -47.964 0.1111111119
89894  -36.136  10.133  -47.047 0.1111111119
92528  -37.931  13.726  -45.994 0.1111111119
154472  -36.923  12.064  -46.760 0.1111111119
95929  -28.294  17.786  -47.520 0.4444444478
95930  -29.133  17.620  -47.620 0.4444444478
94217  -38.170  15.564  -47.443 0.1111111119
95917  -38.505  17.771  -46.420 0.1111111119
96776  -28.493  19.042  -46.966 0.2222222239
96791  -29.472  18.811  -46.701 0.3333333433
97639  -29.457  19.049  -46.843 0.2222222239
98508  -37.523  20.531  -47.339 0.1111111119
97627  -28.521  18.934  -45.591 0.1111111119
98495  -29.484  19.965  -46.659 0.2222222239
147102  -36.299  22.988  -48.862 0.1111111119
100827  -36.086  23.481  -49.566 0.1111111119
97616  -29.889  19.541  -44.482 0.1111111119
98486  -31.430  20.238  -44.504 0.1111111119
98472  -31.300  19.385  -43.783 0.1111111119
102353  -35.027  25.135  -48.950 0.1111111119
98458  -31.478  19.731  -43.145 0.1111111119
99289  -31.853  21.335  -43.762 0.1111111119
103089  -32.274  26.697  -47.657 0.1111111119
103090  -33.360  26.252  -47.621 0.1111111119
103094  -33.627  26.696  -48.339 0.1111111119
100024  -31.744  22.367  -43.674 0.1111111119
103078  -28.803  26.106  -46.574 0.1111111119
103083  -28.710  26.774  -47.615 0.1111111119
84592  -35.609  4.143  -50.092 0.1111111119
92510  -37.834  13.894  -44.649 0.1111111119
80646  -37.726  1.564  -50.177 0.1111111119
88232  -36.108  8.504  -47.082 0.2222222239
147477  -30.403  18.185  -47.193 0.4444444478
79740  -35.767  1.194  -51.391 0.1111111119
80677  -38.676  1.886  -51.970 0.1111111119
81625  -36.119  1.538  -52.128 0.1111111119
84581  -35.927  4.923  -49.716 0.1111111119
86519  -35.717  6.562  -49.107 0.1111111119
85602  -35.469  5.474  -49.864 0.1111111119
148442  -36.556  11.450  -46.825 0.1111111119
92511  -38.139  14.153  -45.322 0.1111111119
91663  -37.295  12.772  -46.696 0.1111111119
97631  -35.033  19.816  -45.340 0.2222222239
96769  -35.459  18.946  -45.040 0.2222222239
97632  -35.971  19.748  -45.366 0.1111111119
95889  -38.213  17.313  -45.258 0.2222222239
95053  -38.374  16.660  -45.365 0.1111111119
100804  -36.044  23.023  -47.908 0.1111111119
101599  -34.819  24.941  -47.989 0.1111111119
99338  -37.241  20.990  -47.038 0.1111111119
100059  -36.360  22.286  -47.310 0.1111111119
99351  -36.883  21.763  -47.940 0.1111111119
95070  -38.468  16.416  -46.926 0.1111111119
95062  -38.525  16.529  -46.076 0.1111111119
96780  -38.354  18.302  -46.250 0.2222222239
153317  -32.058  21.385  -46.888 0.3333333433
97634  -37.605  19.371  -45.940 0.2222222239
98506  -29.867  20.280  -48.003 0.3333333433
100045  -34.112  22.300  -45.870 0.2222222239
159004  -34.704  22.589  -46.005 0.1111111119
100796  -34.352  23.809  -46.606 0.1111111119
97647  -29.819  19.426  -47.404 0.3333333433
98512  -30.027  21.107  -48.516 0.3333333433
100071  -30.272  22.244  -49.184 0.2222222239
100057  -30.945  22.595  -48.375 0.1111111119
101586  -31.198  24.085  -47.837 0.1111111119
101587  -31.976  24.226  -47.017 0.1111111119
101595  -34.120  24.971  -47.263 0.1111111119
102349  -33.514  25.517  -47.287 0.1111111119
103091  -34.054  26.132  -48.107 0.1111111119
98471  -28.608  20.144  -44.933 0.1111111119
97628  -29.411  18.846  -45.712 0.1111111119
97629  -29.710  19.469  -44.684 0.1111111119
99350  -29.379  21.761  -48.714 0.3333333433
98513  -30.118  21.706  -49.096 0.3333333433
100812  -30.063  22.905  -49.254 0.2222222239
100801  -30.615  23.510  -48.496 0.1111111119
101592  -29.116  24.560  -48.972 0.1111111119
102342  -32.245  24.945  -47.105 0.1111111119
102348  -32.524  25.757  -47.311 0.1111111119
142272  -30.143  20.704  -45.673 0.1111111119
98485  -30.664  19.917  -44.706 0.1111111119
100042  -29.639  22.249  -46.991 0.1111111119
145095  -29.568  23.013  -47.347 0.1111111119
160451  -28.635  24.299  -48.051 0.1111111119
100041  -29.194  22.747  -48.187 0.1111111119
101591  -28.643  24.983  -48.340 0.1111111119
101598  -28.762  24.536  -48.788 0.1111111119
102346  -28.923  25.315  -48.523 0.1111111119
141947  -31.445  26.295  -47.694 0.1111111119
100032  -31.641  22.111  -44.552 0.1111111119
102340  -28.681  25.604  -47.375 0.1111111119
103082  -28.642  26.231  -47.469 0.1111111119
151518  -39.662  -0.780  -50.111 0.1111111119
80678  -39.171  1.329  -52.264 0.1111111119
93385  -38.310  14.991  -45.362 0.1111111119
96794  -38.465  18.425  -46.885 0.1111111119
97650  -37.898  19.929  -47.737 0.1111111119
103087  -29.447  27.011  -48.038 0.1111111119
102335  -30.259  25.661  -44.804 0.1111111119
80679  -39.989  1.029  -52.742 0.1111111119
134075  -34.875  3.938  -50.713 0.1111111119
86528  -35.313  6.129  -49.737 0.1111111119
93397  -38.251  14.936  -46.722 0.1111111119
96806  -38.404  18.562  -47.711 0.1111111119
99363  -37.273  21.261  -48.485 0.1111111119
99362  -36.913  21.864  -48.814 0.1111111119
103088  -30.845  26.989  -47.984 0.1111111119
103079  -28.764  26.819  -46.478 0.1111111119
67495  -22.671  -13.227  -40.207 0.2222222239
81517  -23.363  1.251  -43.397 0.2222222239
149726  -22.686  2.357  -43.928 0.2222222239
78697  -23.821  -1.797  -42.855 0.3333333433
80579  -23.787  0.410  -43.565 0.3333333433
81533  -23.757  1.426  -43.935 0.4444444478
134106  -23.056  1.984  -43.646 0.3333333433
94213  -28.113  15.995  -47.300 0.3333333433
158301  -27.234  16.494  -47.316 0.2222222239
95912  -27.491  17.685  -46.960 0.1111111119
96790  -27.914  18.522  -47.263 0.1111111119
91645  -24.981  12.820  -46.510 0.2222222239
90750  -24.165  12.023  -46.093 0.1111111119
136563  -23.563  -0.350  -43.048 0.2222222239
91644  -24.369  12.772  -46.148 0.1111111119
94204  -25.909  15.223  -46.364 0.1111111119
95058  -26.847  17.044  -46.996 0.1111111119
95911  -27.312  17.679  -46.608 0.1111111119
96775  -27.603  18.480  -46.765 0.1111111119
155492  -27.833  19.128  -46.744 0.1111111119
94212  -27.062  15.712  -47.334 0.2222222239
77704  -23.566  -2.564  -42.430 0.2222222239
138158  -23.256  -0.279  -42.637 0.2222222239
161369  -23.886  -0.773  -43.308 0.3333333433
86481  -23.463  6.304  -44.425 0.2222222239
85526  -22.731  5.435  -43.916 0.1111111119
87361  -23.272  7.060  -44.156 0.3333333433
95067  -27.866  16.977  -47.309 0.3333333433
147066  -27.141  17.087  -47.178 0.3333333433
95928  -27.735  17.632  -47.228 0.1111111119
80557  -23.241  0.502  -42.841 0.2222222239
95066  -26.719  16.427  -47.150 0.1111111119
95065  -26.400  16.225  -46.668 0.1111111119
144180  -26.557  16.481  -46.602 0.1111111119
95057  -26.775  17.056  -46.538 0.1111111119
133332  -34.109  -3.209  -46.773 0.1111111119
67494  -21.999  -12.712  -39.905 0.1111111119
66561  -23.620  -14.311  -40.597 0.1111111119
68389  -20.753  -12.384  -39.010 0.1111111119
68390  -21.345  -12.140  -39.609 0.1111111119
70256  -21.044  -10.321  -39.779 0.1111111119
151628  -22.538  -1.104  -39.704 0.1111111119
82546  -22.423  2.609  -43.847 0.1111111119
157494  -22.977  1.886  -43.340 0.1111111119
89011  -23.074  9.566  -44.447 0.2222222239
89022  -23.463  9.870  -45.038 0.2222222239
89854  -22.941  10.321  -44.431 0.2222222239
148315  -22.676  10.827  -44.138 0.2222222239
69340  -20.716  -11.573  -39.277 0.1111111119
82545  -22.006  2.774  -44.214 0.1111111119
82577  -22.411  2.937  -44.911 0.1111111119
67484  -22.027  -13.670  -39.730 0.1111111119
66560  -22.841  -14.059  -40.186 0.1111111119
154832  -23.260  -13.625  -40.431 0.1111111119
69330  -20.093  -11.769  -38.591 0.1111111119
70255  -20.370  -10.276  -39.250 0.1111111119
141836  -21.200  -8.775  -39.631 0.1111111119
72117  -21.703  -8.088  -39.848 0.1111111119
73111  -22.270  -7.488  -40.205 0.1111111119
74142  -22.418  -6.974  -40.502 0.1111111119
133055  -22.523  -2.810  -40.558 0.1111111119
133199  -22.987  -1.032  -39.971 0.1111111119
82532  -22.550  2.427  -43.580 0.1111111119
89010  -22.729  9.698  -44.066 0.2222222239
90737  -22.823  11.429  -44.328 0.2222222239
90738  -23.169  11.838  -44.779 0.1111111119
66571  -24.260  -14.125  -40.886 0.1111111119
149169  -21.339  -13.716  -39.206 0.1111111119
148307  -23.049  11.194  -44.635 0.2222222239
90749  -23.592  11.623  -45.368 0.1111111119
78698  -24.185  -1.849  -43.287 0.1111111119
88193  -22.897  8.927  -44.070 0.2222222239
83593  -21.709  3.380  -45.126 0.1111111119
77690  -23.099  -2.664  -40.944 0.1111111119
74141  -22.373  -6.743  -39.835 0.1111111119
151042  -21.828  -5.319  -40.552 0.1111111119
158116  -21.354  -1.377  -39.559 0.1111111119
68401  -21.948  -11.921  -40.124 0.1111111119
161711  -23.238  1.147  -43.099 0.1111111119
78678  -23.062  -1.918  -41.617 0.1111111119
131609  -23.011  -2.151  -40.915 0.1111111119
67483  -21.369  -12.984  -39.369 0.1111111119
145824  -20.706  -10.887  -39.450 0.1111111119
151238  -24.004  -0.920  -38.822 0.1111111119
89846  -22.551  10.183  -43.842 0.1111111119
71178  -20.755  -9.535  -39.456 0.1111111119
133072  -22.331  -2.060  -39.023 0.1111111119
131616  -23.126  -1.362  -38.427 0.1111111119
151534  -22.959  -1.365  -41.568 0.1111111119
91630  -22.720  12.523  -43.460 0.1111111119
91631  -23.170  12.095  -44.744 0.1111111119
92522  -24.664  13.556  -46.206 0.1111111119
88181  -22.657  8.747  -43.599 0.1111111119
92515  -24.234  13.058  -45.918 0.1111111119
149336  -25.069  14.231  -46.356 0.1111111119
67507  -25.365  -13.601  -41.333 0.2222222239
72140  -22.415  -8.776  -43.121 0.3333333433
72153  -23.707  -9.648  -43.802 0.3333333433
73144  -21.353  -7.373  -42.802 0.3333333433
73185  -30.402  -9.633  -47.599 0.3333333433
74158  -20.762  -6.722  -42.443 0.2222222239
74167  -23.123  -6.739  -42.689 0.4444444478
74176  -21.904  -6.506  -42.878 0.3333333433
74207  -28.597  -8.134  -47.692 0.4444444478
74213  -29.470  -8.690  -47.782 0.3333333433
75085  -20.961  -6.112  -42.824 0.3333333433
75086  -21.571  -5.439  -42.583 0.5555555820
75100  -26.262  -5.307  -43.507 0.4444444478
75966  -20.932  -5.269  -42.347 0.3333333433
75967  -21.854  -4.726  -42.305 0.4444444478
76043  -33.524  -4.048  -49.770 0.5555555820
76044  -34.072  -3.946  -49.677 0.6666666865
76800  -23.188  -3.523  -41.787 0.3333333433
76810  -22.423  -4.202  -41.860 0.4444444478
76889  -29.175  -2.998  -48.830 1.0000000000
76899  -33.659  -3.439  -49.860 0.6666666865
77694  -23.249  -2.635  -41.805 0.1111111119
77716  -23.979  -2.500  -42.875 0.2222222239
77747  -25.021  -2.207  -45.370 0.8888888955
77748  -26.489  -2.606  -46.070 0.7777777910
77774  -34.138  -2.020  -47.973 0.4444444478
77775  -34.485  -2.762  -47.896 0.3333333433
77796  -31.641  -2.502  -50.057 1.0000000000
77798  -33.365  -2.739  -50.056 0.6666666865
77799  -33.955  -3.234  -49.729 0.6666666865
78686  -23.372  -1.738  -42.358 0.1111111119
78723  -34.694  -1.804  -45.996 0.2222222239
78734  -25.857  -1.557  -46.576 1.0000000000
78743  -25.784  -0.859  -46.542 1.0000000000
78745  -34.173  -1.291  -47.591 0.4444444478
78750  -26.669  -0.832  -47.825 1.0000000000
78761  -29.705  -1.234  -49.474 1.0000000000
78764  -33.119  -1.952  -50.152 0.7777777910
78769  -30.197  -0.892  -50.058 1.0000000000
78773  -37.631  2.037  -50.776 0.1111111119
78780  -38.146  1.748  -50.845 0.1111111119
78784  -38.111  1.875  -50.945 0.1111111119
79646  -24.185  -1.171  -43.531 0.6666666865
79660  -23.871  -0.353  -43.418 0.5555555820
79673  -24.587  -0.472  -44.605 0.7777777910
79684  -25.595  -0.218  -46.161 1.0000000000
79703  -28.331  -0.579  -48.961 1.0000000000
79704  -32.840  -0.238  -48.844 0.8888888955
79712  -28.711  0.069  -49.570 1.0000000000
79714  -31.860  -0.326  -49.672 1.0000000000
79716  -33.269  -0.852  -49.265 0.6666666865
79728  -31.324  -0.458  -50.039 1.0000000000
79730  -35.895  1.853  -51.092 0.1111111119
79731  -36.970  2.145  -50.847 0.1111111119
79732  -38.484  0.774  -50.442 0.1111111119
79744  -37.494  2.268  -51.025 0.1111111119
79745  -38.572  1.423  -51.215 0.1111111119
80563  -23.495  0.452  -43.208 0.3333333433
80591  -24.760  0.484  -44.865 0.6666666865
80593  -33.580  0.713  -45.705 0.6666666865
80612  -26.421  0.509  -47.416 1.0000000000
80614  -31.564  1.140  -47.599 1.0000000000
80620  -26.682  0.423  -48.083 1.0000000000
80624  -38.749  0.697  -48.928 0.1111111119
80625  -39.109  0.584  -48.320 0.1111111119
80629  -26.920  0.968  -48.488 1.0000000000
80630  -27.435  0.718  -49.063 1.0000000000
80638  -27.978  0.915  -49.785 1.0000000000
80641  -30.111  0.377  -50.088 1.0000000000
80644  -35.693  1.079  -50.936 0.2222222239
80647  -38.451  0.604  -50.007 0.1111111119
80655  -34.346  0.849  -51.405 0.1111111119
80656  -35.069  0.234  -51.053 0.1111111119
80665  -36.909  2.589  -51.244 0.1111111119
80668  -40.552  0.132  -52.379 0.1111111119
80676  -37.701  2.686  -51.574 0.1111111119
81535  -33.901  1.777  -44.806 0.7777777910
81539  -37.709  1.039  -44.620 0.3333333433
81549  -24.351  1.382  -44.514 0.5555555820
81553  -38.762  1.151  -45.609 0.2222222239
81562  -25.337  1.730  -45.432 0.5555555820
81564  -30.615  2.014  -46.441 1.0000000000
81573  -26.279  1.248  -46.520 1.0000000000
81574  -26.482  0.907  -47.184 1.0000000000
81586  -38.609  1.377  -48.556 0.2222222239
81592  -30.015  1.282  -49.257 1.0000000000
81597  -27.295  1.820  -49.407 1.0000000000
81599  -28.569  1.707  -50.196 1.0000000000
81602  -32.546  2.028  -50.858 0.1111111119
81603  -33.393  1.614  -50.688 0.1111111119
81604  -34.260  1.303  -50.551 0.1111111119
81607  -36.982  2.206  -50.047 0.2222222239
81608  -37.868  1.361  -49.779 0.3333333433
81614  -32.655  2.044  -51.277 0.1111111119
81622  -33.605  1.616  -51.803 0.1111111119
81624  -35.594  0.937  -52.203 0.1111111119
81639  -39.325  1.772  -52.835 0.1111111119
82547  -35.278  2.980  -43.750 0.7777777910
82549  -36.819  3.512  -43.587 0.7777777910
82562  -21.958  2.606  -44.783 0.1111111119
82568  -36.551  2.172  -43.892 0.6666666865
82578  -23.241  2.770  -44.297 0.1111111119
82579  -24.051  2.334  -44.458 0.4444444478
82581  -31.535  2.468  -45.346 0.8888888955
82583  -38.610  2.743  -45.703 0.5555555820
82591  -23.770  2.921  -44.486 0.5555555820
82606  -38.631  2.556  -47.577 0.4444444478
82617  -37.872  2.706  -48.716 0.4444444478
82624  -27.315  1.664  -48.691 1.0000000000
82626  -29.306  2.391  -49.833 1.0000000000
82627  -36.807  2.725  -49.705 0.2222222239
82629  -38.105  1.930  -48.915 0.3333333433
82634  -27.368  2.184  -49.357 1.0000000000
82635  -27.374  2.583  -50.054 1.0000000000
82636  -28.012  2.466  -50.283 1.0000000000
82637  -29.013  2.382  -50.208 1.0000000000
82640  -33.546  2.216  -50.370 0.1111111119
82642  -35.528  2.273  -50.427 0.2222222239
83586  -37.812  3.847  -44.057 0.6666666865
83592  -21.524  4.116  -45.197 0.2222222239
83595  -30.501  3.457  -46.075 1.0000000000
83598  -38.415  3.458  -45.247 0.5555555820
83605  -24.209  3.085  -44.729 0.5555555820
83606  -24.892  3.211  -45.318 0.6666666865
83617  -26.106  2.348  -45.993 0.7777777910
83620  -38.455  3.406  -47.452 0.4444444478
83629  -37.647  3.543  -48.596 0.5555555820
83639  -36.613  3.447  -49.598 0.3333333433
84516  -33.888  4.957  -43.699 0.7777777910
84539  -31.540  5.058  -45.645 1.0000000000
84540  -31.720  4.097  -45.283 1.0000000000
84541  -38.423  4.267  -45.696 0.5555555820
84549  -25.362  3.964  -45.767 0.7777777910
84561  -29.440  3.796  -47.224 0.8888888955
84572  -36.709  4.934  -49.070 0.4444444478
84591  -35.217  4.829  -50.259 0.1111111119
85518  -35.998  5.967  -42.885 0.7777777910
85532  -36.448  5.316  -43.245 0.7777777910
85546  -33.222  5.292  -44.118 0.8888888955
85556  -22.164  4.412  -44.934 0.2222222239
85557  -23.639  5.577  -44.592 0.3333333433
85561  -37.780  5.521  -44.736 0.7777777910
85562  -38.191  4.941  -45.253 0.7777777910
85568  -25.352  5.695  -46.050 0.5555555820
85584  -30.030  5.153  -47.408 0.8888888955
85586  -38.285  5.048  -47.061 0.5555555820
86455  -34.991  6.947  -42.661 0.8888888955
86480  -23.128  5.914  -44.020 0.2222222239
86482  -32.803  6.539  -44.165 1.0000000000
86492  -32.278  6.524  -44.762 1.0000000000
86497  -25.012  6.316  -45.883 0.4444444478
86499  -30.488  6.540  -46.798 1.0000000000
86506  -26.935  6.582  -47.414 0.7777777910
86509  -29.181  6.460  -47.880 0.8888888955
86520  -36.266  6.282  -48.677 0.1111111119
87341  -35.683  7.735  -42.685 0.8888888955
87353  -33.368  7.550  -43.132 0.8888888955
87364  -32.300  7.886  -44.145 0.8888888955
87372  -24.910  7.152  -46.025 0.5555555820
87383  -36.424  7.766  -46.717 0.2222222239
87389  -26.500  7.346  -47.270 0.7777777910
87390  -26.849  7.984  -47.571 0.7777777910
87392  -28.243  8.033  -47.904 0.7777777910
87394  -30.018  7.240  -47.035 1.0000000000
87401  -36.024  6.985  -48.286 0.1111111119
87408  -35.062  6.856  -49.563 0.1111111119
88182  -32.517  8.875  -43.530 0.8888888955
88194  -31.388  9.017  -44.608 0.8888888955
88196  -36.730  8.287  -44.208 0.6666666865
88206  -30.740  8.817  -45.679 0.8888888955
88215  -25.539  8.395  -46.794 0.5555555820
88216  -29.919  8.690  -46.692 1.0000000000
88218  -31.030  8.116  -45.550 1.0000000000
88228  -28.316  8.778  -47.758 0.7777777910
88229  -29.625  7.974  -47.228 1.0000000000
88994  -35.375  9.446  -42.518 0.6666666865
88999  -22.548  9.449  -43.653 0.2222222239
89002  -32.821  9.794  -43.111 0.7777777910
89012  -31.475  9.759  -44.618 0.8888888955
89023  -24.064  9.733  -45.660 0.4444444478
89024  -30.546  9.554  -45.824 0.8888888955
89034  -25.045  9.663  -46.574 0.5555555820
89035  -29.333  9.534  -46.873 0.7777777910
89037  -36.479  9.625  -45.920 0.3333333433
89843  -35.742  10.202  -42.661 0.6666666865
89844  -36.239  10.156  -43.213 0.5555555820
89848  -32.558  10.670  -43.585 0.7777777910
89866  -36.552  10.220  -45.690 0.1111111119
89876  -24.509  10.374  -46.218 0.4444444478
89880  -36.374  10.025  -46.332 0.1111111119
89890  -27.454  10.526  -47.887 0.6666666865
90734  -33.064  11.208  -43.232 0.6666666865
90743  -32.165  11.321  -44.250 0.6666666865
90766  -36.921  11.556  -46.136 0.1111111119
91613  -34.027  12.193  -42.777 0.6666666865
91615  -35.587  12.557  -42.667 0.5555555820
91619  -22.665  12.731  -42.671 0.1111111119
91628  -37.071  12.863  -43.626 0.5555555820
91634  -31.625  12.374  -45.141 0.6666666865
91638  -23.888  12.519  -45.710 0.1111111119
91639  -30.529  12.596  -45.937 0.6666666865
91657  -25.624  12.664  -46.904 0.2222222239
91661  -28.475  12.622  -47.452 0.5555555820
92478  -35.096  13.223  -42.673 0.6666666865
92496  -34.415  13.694  -43.019 0.6666666865
92518  -32.099  13.459  -45.100 0.6666666865
92519  -37.598  13.030  -45.970 0.1111111119
92525  -30.397  13.328  -46.255 0.6666666865
93361  -34.584  14.396  -43.302 0.6666666865
93364  -37.069  14.442  -43.774 0.3333333433
93374  -34.192  14.880  -43.817 0.6666666865
93375  -37.606  14.393  -44.254 0.1111111119
93376  -38.036  14.672  -44.750 0.1111111119
93391  -38.254  14.473  -46.035 0.1111111119
94191  -34.631  15.521  -43.911 0.6666666865
94201  -38.413  15.864  -45.510 0.1111111119
94208  -38.444  15.768  -46.416 0.1111111119
95023  -35.176  16.112  -44.039 0.6666666865
95036  -35.709  16.732  -44.188 0.5555555820
95886  -36.090  17.424  -44.417 0.3333333433
95887  -36.941  17.443  -44.492 0.2222222239
95888  -37.685  17.376  -44.789 0.2222222239
95902  -37.867  17.959  -45.237 0.2222222239
95903  -38.318  17.848  -45.771 0.2222222239
95932  -31.131  18.014  -46.986 0.5555555820
96770  -36.398  19.061  -45.163 0.1111111119
97644  -38.147  18.989  -46.488 0.1111111119
97651  -38.245  19.217  -47.305 0.1111111119
98500  -37.340  20.536  -46.731 0.1111111119
98514  -37.554  20.588  -48.153 0.1111111119
99319  -35.668  21.822  -46.108 0.1111111119
99352  -37.271  21.143  -47.662 0.1111111119
100072  -36.517  22.394  -48.309 0.1111111119
102350  -34.134  25.612  -47.705 0.1111111119
131750  -35.385  -5.073  -49.051 0.4444444478
131751  -35.094  -4.233  -49.078 0.4444444478
132107  -28.573  2.050  -48.481 1.0000000000
132109  -27.744  3.256  -50.019 1.0000000000
132110  -27.650  2.657  -49.428 1.0000000000
133295  -39.617  -1.001  -51.502 0.1111111119
133386  -31.556  -9.608  -48.089 0.3333333433
133444  -34.543  -4.025  -49.433 0.6666666865
133594  -32.933  -8.857  -48.581 0.3333333433
133651  -40.060  -0.703  -52.132 0.1111111119
134236  -28.670  7.245  -47.866 0.8888888955
135103  -36.221  0.531  -44.672 0.3333333433
135285  -35.260  24.213  -47.983 0.1111111119
135515  -35.551  0.955  -50.721 0.1111111119
136741  -34.268  0.557  -45.398 0.5555555820
137014  -29.696  5.758  -47.714 1.0000000000
137965  -31.725  20.312  -43.809 0.1111111119
139751  -27.224  9.614  -47.890 0.7777777910
139782  -28.116  -7.010  -46.967 0.4444444478
140877  -24.656  12.242  -46.466 0.3333333433
140892  -36.029  11.089  -42.847 0.5555555820
142146  -26.962  11.373  -47.861 0.5555555820
142679  -27.301  -13.022  -41.537 0.1111111119
143128  -24.248  8.910  -45.747 0.3333333433
144070  -29.203  4.748  -47.651 0.8888888955
144779  -24.316  -2.774  -43.381 0.4444444478
144967  -36.506  9.806  -44.444 0.4444444478
145683  -24.883  2.554  -45.082 0.5555555820
145932  -36.425  9.759  -43.833 0.5555555820
146622  -34.918  16.773  -44.466 0.5555555820
146774  -30.428  0.626  -49.807 1.0000000000
146890  -30.258  10.175  -46.036 0.7777777910
147403  -36.327  21.726  -46.539 0.1111111119
147995  -38.550  17.124  -46.616 0.1111111119
148228  -21.373  -4.646  -42.087 0.3333333433
148229  -23.839  4.949  -44.670 0.3333333433
148546  -34.668  20.591  -45.527 0.3333333433
148776  -38.421  15.216  -45.978 0.1111111119
149591  -25.451  9.111  -46.776 0.5555555820
149914  -31.909  11.927  -44.786 0.6666666865
149991  -36.645  11.454  -43.910 0.5555555820
150585  -32.461  0.258  -48.482 0.8888888955
150587  -38.245  16.193  -44.941 0.1111111119
151527  -33.002  -5.137  -45.669 0.1111111119
152304  -37.047  7.503  -43.996 0.7777777910
152718  -28.313  2.291  -47.043 0.8888888955
152908  -20.723  -5.622  -42.033 0.3333333433
152968  -35.450  22.256  -46.211 0.1111111119
153250  -37.979  1.603  -50.531 0.1111111119
154369  -35.778  1.705  -50.546 0.2222222239
154745  -36.538  12.320  -43.291 0.5555555820
155272  -28.412  -5.876  -47.321 0.5555555820
155532  -30.128  4.681  -47.079 1.0000000000
155740  -35.244  0.404  -50.899 0.1111111119
155912  -28.298  11.366  -47.581 0.6666666865
155948  -28.116  13.179  -47.518 0.5555555820
155962  -36.277  8.835  -42.927 0.5555555820
156097  -28.304  2.847  -49.473 1.0000000000
156168  -39.082  0.096  -51.565 0.1111111119
158009  -27.375  8.938  -47.842 0.6666666865
158010  -29.308  18.759  -46.281 0.1111111119
158058  -37.732  6.152  -46.364 0.5555555820
159234  -26.950  1.230  -49.135 1.0000000000
160509  -21.200  -4.019  -40.714 0.2222222239
161163  -36.594  8.848  -44.689 0.4444444478
161201  -38.843  2.332  -52.724 0.1111111119
161568  -26.601  0.891  -47.822 1.0000000000
161713  -36.004  3.638  -49.999 0.2222222239
