#!ascii label  , from subject sub-v1s14x0051580_ses-1 vox2ras=TkReg
977
57115  11.773  -15.160  39.750 0.0000000000
48565  4.020  -23.497  26.129 0.0000000000
141308  4.561  -21.812  39.423 0.0000000000
135362  2.293  -18.033  33.073 0.0000000000
59157  7.915  -12.642  27.654 0.0000000000
55144  8.119  -18.080  40.224 0.0000000000
152615  6.379  -18.509  37.228 0.0000000000
53082  14.096  -16.946  42.118 0.0000000000
50293  10.238  -20.050  40.938 0.0000000000
48388  6.736  -22.613  40.320 0.0000000000
57160  6.178  -14.283  33.903 0.0000000000
56238  4.068  -15.955  30.196 0.0000000000
59115  4.422  -11.400  34.378 0.0000000000
47480  3.160  -24.542  38.181 0.0000000000
152159  2.630  -22.377  34.538 0.0000000000
53126  4.143  -20.249  35.996 0.0000000000
152954  6.486  -17.011  33.823 0.0000000000
51408  2.645  -19.983  30.188 0.0000000000
153861  4.197  -18.465  26.432 0.0000000000
57275  3.180  -14.983  22.493 0.0000000000
60125  3.674  -10.389  25.665 0.0000000000
56160  9.887  -16.467  40.122 0.0000000000
131097  9.314  -16.728  38.295 0.0000000000
57104  12.953  -15.812  41.233 0.0000000000
52205  12.338  -17.800  41.475 0.0000000000
55126  11.067  -16.725  41.474 0.0000000000
52202  8.508  -19.040  41.139 0.0000000000
59102  5.686  -12.924  34.555 0.0000000000
49359  3.683  -22.977  39.383 0.0000000000
50334  3.222  -21.826  37.559 0.0000000000
51303  4.177  -21.039  38.072 0.0000000000
54189  8.681  -17.645  34.019 0.0000000000
54172  6.582  -17.941  35.348 0.0000000000
49346  5.598  -22.301  40.695 0.0000000000
47451  5.629  -24.337  40.913 0.0000000000
48393  2.977  -23.079  41.401 0.0000000000
46517  2.520  -24.743  41.042 0.0000000000
152441  2.360  -19.889  33.717 0.0000000000
50405  2.755  -21.259  31.996 0.0000000000
53188  2.098  -18.664  31.611 0.0000000000
57195  6.482  -14.359  29.280 0.0000000000
158009  3.962  -16.975  28.900 0.0000000000
56288  6.032  -16.607  26.501 0.0000000000
55339  4.068  -17.112  23.871 0.0000000000
57270  6.335  -14.069  23.970 0.0000000000
53105  6.491  -19.771  39.780 0.0000000000
53115  5.802  -19.657  38.565 0.0000000000
55157  7.274  -18.373  38.857 0.0000000000
55180  9.532  -17.209  36.186 0.0000000000
140954  14.553  -17.080  40.386 0.0000000000
51292  13.715  -18.514  38.271 0.0000000000
51290  12.909  -19.026  39.376 0.0000000000
49355  10.929  -20.205  39.449 0.0000000000
49342  8.039  -21.517  40.468 0.0000000000
51275  6.848  -20.448  41.147 0.0000000000
56200  4.038  -16.253  32.641 0.0000000000
56223  2.613  -16.381  31.215 0.0000000000
57171  5.352  -14.338  32.058 0.0000000000
58151  6.425  -12.537  32.287 0.0000000000
60079  6.646  -11.657  31.309 0.0000000000
59034  14.231  -14.320  39.673 0.0000000000
54102  18.140  -15.987  38.835 0.0000000000
54069  19.714  -15.729  40.928 0.0000000000
55106  16.390  -15.890  42.464 0.0000000000
58067  15.060  -14.623  41.319 0.0000000000
45640  3.240  -26.206  36.592 0.0000000000
47525  2.899  -24.654  35.067 0.0000000000
151421  2.586  -23.755  36.032 0.0000000000
51325  2.986  -20.688  35.238 0.0000000000
54175  3.104  -18.898  33.689 0.0000000000
54128  5.652  -19.042  36.881 0.0000000000
138747  4.492  -18.194  35.016 0.0000000000
55205  3.911  -17.263  33.791 0.0000000000
56198  6.770  -15.977  33.850 0.0000000000
47551  4.433  -23.645  33.265 0.0000000000
49456  5.168  -22.827  31.093 0.0000000000
50459  4.388  -20.688  27.597 0.0000000000
54262  2.738  -17.700  30.395 0.0000000000
144610  2.673  -18.878  28.825 0.0000000000
51476  3.955  -20.276  25.791 0.0000000000
140200  3.859  -18.930  24.106 0.0000000000
154093  3.277  -17.692  22.392 0.0000000000
151194  3.350  -10.012  33.329 0.0000000000
60103  4.116  -10.929  29.782 0.0000000000
147262  2.647  -10.143  29.207 0.0000000000
60122  5.079  -11.827  26.733 0.0000000000
59190  3.906  -11.988  23.368 0.0000000000
57116  11.072  -15.631  39.840 0.0000000000
56170  10.674  -15.570  39.052 0.0000000000
57119  11.786  -14.872  39.086 0.0000000000
58075  12.779  -15.416  40.385 0.0000000000
57105  12.053  -16.069  41.037 0.0000000000
133907  11.591  -16.019  40.550 0.0000000000
138522  10.610  -16.662  40.666 0.0000000000
155524  3.468  -24.356  26.062 0.0000000000
49499  3.884  -22.566  25.025 0.0000000000
50312  3.987  -22.796  39.480 0.0000000000
51296  3.999  -21.897  38.363 0.0000000000
51295  4.311  -21.388  38.520 0.0000000000
52236  14.804  -17.654  36.812 0.0000000000
50306  4.728  -22.363  40.160 0.0000000000
138537  4.739  -23.089  40.821 0.0000000000
49353  3.681  -22.676  40.499 0.0000000000
48399  2.908  -23.012  40.898 0.0000000000
131771  2.330  -18.447  33.033 0.0000000000
53175  2.129  -19.229  32.522 0.0000000000
54228  2.091  -18.292  32.172 0.0000000000
58180  7.980  -13.521  28.484 0.0000000000
139808  6.270  -15.497  28.109 0.0000000000
56286  7.767  -15.420  26.670 0.0000000000
158234  6.815  -15.584  25.197 0.0000000000
58195  7.768  -13.503  25.473 0.0000000000
54061  7.070  -19.221  40.350 0.0000000000
141185  6.937  -19.176  39.247 0.0000000000
141840  7.567  -18.548  39.664 0.0000000000
142051  9.407  -16.940  37.180 0.0000000000
133901  10.752  -16.748  34.430 0.0000000000
131890  14.501  -16.892  41.216 0.0000000000
52223  13.925  -17.646  39.961 0.0000000000
51278  13.438  -17.782  40.567 0.0000000000
51270  10.863  -19.078  41.147 0.0000000000
50301  11.281  -19.602  40.461 0.0000000000
49349  10.693  -20.124  40.026 0.0000000000
49341  8.552  -21.271  40.396 0.0000000000
54052  8.021  -18.019  41.231 0.0000000000
143374  7.251  -19.804  41.225 0.0000000000
53094  7.142  -18.975  41.057 0.0000000000
52211  6.636  -20.173  40.913 0.0000000000
150766  5.879  -15.255  33.430 0.0000000000
56207  4.632  -15.621  32.417 0.0000000000
57165  5.821  -14.159  33.311 0.0000000000
59103  5.135  -12.182  34.723 0.0000000000
59124  6.170  -12.529  33.215 0.0000000000
60055  5.793  -11.590  33.472 0.0000000000
59130  6.809  -12.172  31.503 0.0000000000
60071  4.927  -11.047  32.834 0.0000000000
152719  16.522  -16.125  41.841 0.0000000000
46531  3.174  -25.233  37.583 0.0000000000
142486  2.892  -24.977  36.752 0.0000000000
47489  2.775  -24.231  37.002 0.0000000000
52235  3.911  -20.667  36.558 0.0000000000
142623  3.207  -21.393  36.836 0.0000000000
52238  3.698  -20.513  35.600 0.0000000000
52241  3.340  -20.133  34.652 0.0000000000
53132  4.061  -19.962  35.151 0.0000000000
54106  6.539  -19.044  38.427 0.0000000000
54108  5.536  -19.367  37.509 0.0000000000
54127  6.081  -18.896  37.347 0.0000000000
132090  6.428  -17.687  34.539 0.0000000000
54173  5.737  -17.952  35.173 0.0000000000
54192  5.414  -17.615  34.391 0.0000000000
54193  4.394  -17.754  34.437 0.0000000000
55203  5.733  -16.972  33.766 0.0000000000
133127  5.311  -16.265  33.349 0.0000000000
136439  6.190  -16.375  33.694 0.0000000000
50323  12.741  -19.522  37.841 0.0000000000
51313  13.125  -19.263  36.945 0.0000000000
47458  7.059  -22.930  39.644 0.0000000000
46521  7.101  -23.500  39.105 0.0000000000
47459  6.617  -23.500  39.589 0.0000000000
139554  4.859  -25.004  41.365 0.0000000000
46507  5.456  -25.055  40.819 0.0000000000
47474  3.214  -24.235  39.284 0.0000000000
137535  3.282  -25.387  38.829 0.0000000000
131444  2.968  -23.692  34.485 0.0000000000
47537  3.570  -24.565  34.554 0.0000000000
48497  3.091  -22.961  33.938 0.0000000000
50406  2.611  -20.675  31.403 0.0000000000
49458  3.386  -21.661  31.669 0.0000000000
49468  3.722  -21.375  30.744 0.0000000000
50423  4.609  -21.452  29.516 0.0000000000
50440  3.188  -20.323  29.552 0.0000000000
132126  2.951  -16.078  30.968 0.0000000000
55273  2.576  -17.053  30.787 0.0000000000
55272  2.866  -16.488  30.497 0.0000000000
55317  4.522  -17.905  27.151 0.0000000000
54271  3.500  -18.123  28.585 0.0000000000
54284  3.913  -18.579  27.390 0.0000000000
51444  3.308  -19.484  27.446 0.0000000000
53264  3.810  -18.802  26.707 0.0000000000
154022  3.791  -19.776  24.862 0.0000000000
158129  3.999  -18.666  25.112 0.0000000000
56331  3.542  -15.567  23.040 0.0000000000
55340  3.781  -17.246  23.451 0.0000000000
55369  3.004  -16.241  22.156 0.0000000000
157577  2.751  -9.938  32.791 0.0000000000
60083  3.402  -10.545  31.390 0.0000000000
60094  2.970  -10.356  30.631 0.0000000000
61926  3.473  -9.797  27.125 0.0000000000
60999  3.408  -10.085  27.638 0.0000000000
60118  3.661  -10.570  28.038 0.0000000000
60124  4.015  -10.846  26.421 0.0000000000
59180  4.671  -11.731  25.329 0.0000000000
143416  3.603  -11.175  24.098 0.0000000000
55149  8.789  -17.701  40.158 0.0000000000
131916  8.383  -17.779  39.654 0.0000000000
56166  9.760  -16.413  39.768 0.0000000000
56139  13.649  -15.814  41.956 0.0000000000
52204  13.234  -17.381  41.527 0.0000000000
56134  12.665  -16.634  41.991 0.0000000000
55117  11.532  -17.097  42.110 0.0000000000
53086  10.640  -18.112  41.378 0.0000000000
51272  9.172  -19.600  41.313 0.0000000000
55127  9.838  -17.356  40.785 0.0000000000
55142  9.184  -17.318  40.206 0.0000000000
57153  5.934  -13.526  35.092 0.0000000000
58138  5.970  -13.527  34.722 0.0000000000
58130  5.328  -13.199  35.807 0.0000000000
58131  4.210  -12.422  35.845 0.0000000000
59092  3.633  -11.856  35.726 0.0000000000
48413  3.227  -23.763  38.588 0.0000000000
49376  3.168  -23.251  38.095 0.0000000000
140111  3.689  -22.550  38.518 0.0000000000
51304  3.887  -21.354  37.838 0.0000000000
52234  4.299  -20.171  36.835 0.0000000000
54148  8.141  -17.856  36.030 0.0000000000
54150  6.620  -18.144  36.405 0.0000000000
54191  7.348  -17.772  34.613 0.0000000000
54190  8.044  -17.570  33.962 0.0000000000
54211  7.119  -17.356  33.988 0.0000000000
56197  7.611  -16.356  33.738 0.0000000000
131074  6.124  -22.793  40.716 0.0000000000
48389  6.262  -22.871  40.562 0.0000000000
48390  5.378  -23.272  40.899 0.0000000000
48391  4.561  -23.592  41.275 0.0000000000
46501  3.067  -24.683  42.011 0.0000000000
46510  2.764  -25.494  41.318 0.0000000000
47461  2.721  -23.805  41.331 0.0000000000
47469  2.843  -23.913  40.404 0.0000000000
50376  2.195  -20.899  33.717 0.0000000000
49444  2.713  -21.754  32.863 0.0000000000
146311  2.213  -20.790  32.971 0.0000000000
140875  2.211  -19.717  31.665 0.0000000000
130916  2.252  -19.753  31.025 0.0000000000
56254  5.538  -14.698  29.524 0.0000000000
56268  3.592  -16.675  29.610 0.0000000000
150756  4.702  -16.189  28.399 0.0000000000
154195  5.019  -16.551  27.736 0.0000000000
55316  4.743  -17.648  26.697 0.0000000000
55329  4.307  -17.736  24.838 0.0000000000
55327  4.868  -16.985  25.077 0.0000000000
134029  4.230  -15.779  23.868 0.0000000000
156405  4.214  -14.989  23.541 0.0000000000
146803  3.480  -9.671  26.108 0.0000000000
61014  3.452  -10.030  24.465 0.0000000000
61944  3.414  -9.547  23.917 0.0000000000
52219  5.619  -20.253  39.931 0.0000000000
52224  5.118  -20.205  39.329 0.0000000000
53110  6.570  -19.632  39.261 0.0000000000
54088  6.583  -19.233  38.572 0.0000000000
54126  6.649  -18.609  37.871 0.0000000000
134653  8.235  -17.662  39.228 0.0000000000
55171  7.902  -17.761  38.374 0.0000000000
54124  7.988  -17.756  37.169 0.0000000000
54147  8.966  -17.649  35.543 0.0000000000
52225  14.952  -17.125  39.419 0.0000000000
52229  14.295  -18.088  38.001 0.0000000000
52222  14.353  -17.450  39.668 0.0000000000
51279  12.702  -18.303  40.677 0.0000000000
50309  12.321  -19.538  39.512 0.0000000000
49363  11.999  -20.158  38.250 0.0000000000
48396  7.323  -22.494  39.819 0.0000000000
143556  7.470  -22.055  40.292 0.0000000000
135926  7.959  -20.389  41.273 0.0000000000
50297  7.433  -21.118  41.079 0.0000000000
49338  6.813  -21.756  41.007 0.0000000000
50299  6.549  -21.152  41.040 0.0000000000
51282  5.802  -20.910  40.462 0.0000000000
55222  2.798  -17.250  32.732 0.0000000000
55241  2.444  -17.160  32.138 0.0000000000
56208  3.731  -16.137  32.032 0.0000000000
57181  3.870  -15.957  31.453 0.0000000000
57180  4.679  -15.117  31.405 0.0000000000
153985  6.001  -13.521  32.771 0.0000000000
58160  6.033  -13.488  31.838 0.0000000000
57187  5.394  -14.453  30.386 0.0000000000
58167  6.782  -13.241  30.606 0.0000000000
58166  7.260  -12.687  30.172 0.0000000000
60099  7.229  -12.263  29.207 0.0000000000
58086  13.023  -14.774  39.528 0.0000000000
150851  16.516  -16.610  38.726 0.0000000000
131642  21.801  -15.646  39.676 0.0000000000
54068  20.594  -15.862  40.719 0.0000000000
54083  20.071  -15.680  39.729 0.0000000000
54084  18.950  -15.703  40.021 0.0000000000
53107  17.366  -16.042  40.106 0.0000000000
53113  16.548  -16.393  39.675 0.0000000000
53097  15.115  -16.607  41.273 0.0000000000
54032  15.034  -16.477  42.434 0.0000000000
57094  15.760  -14.954  42.359 0.0000000000
57095  15.045  -14.999  41.956 0.0000000000
58068  14.264  -15.050  41.178 0.0000000000
58079  13.810  -14.828  40.203 0.0000000000
47513  2.626  -24.324  35.675 0.0000000000
49410  2.625  -22.578  35.278 0.0000000000
150052  2.864  -22.939  36.915 0.0000000000
50352  2.705  -21.866  35.776 0.0000000000
50362  2.524  -21.728  34.934 0.0000000000
51337  2.527  -20.663  34.692 0.0000000000
136839  2.799  -19.550  33.794 0.0000000000
54196  2.731  -18.342  33.269 0.0000000000
53117  4.874  -19.848  38.274 0.0000000000
53121  4.687  -19.809  37.458 0.0000000000
139545  4.607  -19.672  36.686 0.0000000000
139338  5.496  -18.638  36.273 0.0000000000
54153  5.102  -18.693  35.828 0.0000000000
131747  4.744  -18.539  34.915 0.0000000000
145991  4.079  -18.203  34.421 0.0000000000
54195  3.394  -18.104  33.745 0.0000000000
55206  3.317  -17.559  33.482 0.0000000000
55220  4.382  -16.543  33.202 0.0000000000
56199  4.919  -15.661  32.904 0.0000000000
56191  6.703  -14.923  34.023 0.0000000000
142965  7.274  -15.571  33.981 0.0000000000
153023  6.683  -14.104  34.877 0.0000000000
131947  7.220  -24.062  38.679 0.0000000000
131214  5.880  -24.375  40.232 0.0000000000
49443  3.251  -21.961  32.506 0.0000000000
48519  4.630  -22.940  31.940 0.0000000000
50458  4.779  -21.685  27.018 0.0000000000
149827  2.366  -17.308  31.550 0.0000000000
53202  2.337  -18.126  31.117 0.0000000000
53218  2.431  -18.784  30.171 0.0000000000
55293  3.383  -17.441  29.454 0.0000000000
53232  2.565  -18.725  29.563 0.0000000000
51420  2.519  -19.493  29.859 0.0000000000
51443  3.317  -19.817  27.967 0.0000000000
50480  4.139  -20.187  27.165 0.0000000000
50478  4.180  -22.139  25.661 0.0000000000
133921  4.024  -21.322  25.245 0.0000000000
53277  3.993  -18.344  24.412 0.0000000000
138715  3.719  -18.796  23.472 0.0000000000
60034  2.956  -10.951  35.392 0.0000000000
60945  2.838  -10.251  34.735 0.0000000000
60058  3.568  -10.371  33.924 0.0000000000
60082  4.046  -10.854  32.069 0.0000000000
60092  4.655  -11.037  30.692 0.0000000000
136343  6.251  -11.626  29.231 0.0000000000
60104  3.127  -10.493  29.661 0.0000000000
149370  5.092  -11.374  28.516 0.0000000000
59168  6.758  -12.324  26.502 0.0000000000
59178  6.517  -12.468  25.464 0.0000000000
59197  5.443  -12.733  23.806 0.0000000000
145673  3.549  -13.694  22.469 0.0000000000
59207  3.229  -12.824  22.133 0.0000000000
57120  11.141  -15.263  39.467 0.0000000000
58081  12.478  -15.113  39.871 0.0000000000
57111  12.221  -15.640  40.471 0.0000000000
158554  11.892  -15.341  39.978 0.0000000000
48561  3.525  -24.522  26.602 0.0000000000
136557  3.734  -23.552  25.540 0.0000000000
50311  4.236  -22.586  39.738 0.0000000000
50315  4.266  -22.052  38.969 0.0000000000
51291  4.602  -21.189  39.050 0.0000000000
53119  15.653  -16.991  38.202 0.0000000000
53123  15.574  -17.115  37.318 0.0000000000
51287  4.842  -21.500  39.798 0.0000000000
49348  3.755  -22.854  40.133 0.0000000000
50308  4.498  -22.319  39.853 0.0000000000
53161  2.139  -18.647  32.647 0.0000000000
54213  2.138  -18.062  32.727 0.0000000000
154066  8.022  -12.854  28.230 0.0000000000
57207  8.216  -14.104  27.829 0.0000000000
57221  8.413  -14.110  27.211 0.0000000000
57247  8.231  -14.122  25.932 0.0000000000
58189  8.094  -13.337  26.373 0.0000000000
54060  7.584  -18.639  40.669 0.0000000000
54072  7.348  -18.822  40.165 0.0000000000
55151  7.960  -18.300  39.996 0.0000000000
52203  14.401  -16.822  41.722 0.0000000000
145982  13.774  -17.451  40.703 0.0000000000
131404  13.899  -16.992  41.630 0.0000000000
50302  10.464  -20.050  40.535 0.0000000000
49340  9.684  -20.566  40.503 0.0000000000
49350  9.985  -20.463  40.164 0.0000000000
143728  9.048  -21.057  40.389 0.0000000000
147520  9.344  -20.699  40.702 0.0000000000
55136  7.852  -18.139  40.955 0.0000000000
54053  7.592  -18.446  40.803 0.0000000000
54054  7.168  -18.909  40.993 0.0000000000
53099  7.129  -19.146  40.604 0.0000000000
59114  5.275  -11.677  34.191 0.0000000000
60070  5.942  -11.357  32.573 0.0000000000
60056  4.716  -11.119  33.680 0.0000000000
153182  3.011  -24.613  37.343 0.0000000000
48420  3.040  -24.013  37.734 0.0000000000
51314  3.398  -20.928  36.277 0.0000000000
54212  6.259  -17.332  34.093 0.0000000000
48397  6.810  -23.014  39.837 0.0000000000
46508  4.154  -25.581  41.597 0.0000000000
153703  2.805  -22.906  34.295 0.0000000000
51409  2.434  -20.166  30.897 0.0000000000
50424  2.916  -20.662  30.609 0.0000000000
134547  3.635  -20.849  29.925 0.0000000000
132345  3.047  -16.180  30.360 0.0000000000
54300  4.214  -18.230  27.418 0.0000000000
54301  4.011  -18.686  26.040 0.0000000000
139459  3.877  -18.928  25.477 0.0000000000
55355  3.383  -16.655  22.799 0.0000000000
56332  3.193  -15.655  22.528 0.0000000000
132640  2.951  -9.224  33.620 0.0000000000
140932  2.762  -9.901  32.660 0.0000000000
60084  3.029  -10.196  31.625 0.0000000000
131144  2.684  -9.995  31.687 0.0000000000
61004  3.506  -10.076  26.494 0.0000000000
61921  3.243  -9.926  28.232 0.0000000000
60119  3.656  -10.399  27.088 0.0000000000
60129  3.975  -11.082  25.270 0.0000000000
56161  9.347  -16.996  39.808 0.0000000000
57125  11.137  -15.118  38.702 0.0000000000
57097  13.247  -15.887  41.625 0.0000000000
56140  12.826  -16.100  41.670 0.0000000000
57098  12.476  -15.813  41.141 0.0000000000
57106  11.753  -15.941  41.002 0.0000000000
137285  11.894  -16.495  41.822 0.0000000000
55118  11.010  -17.031  41.855 0.0000000000
145984  11.156  -17.311  41.500 0.0000000000
145910  10.652  -17.903  41.418 0.0000000000
54039  10.115  -17.502  41.092 0.0000000000
54045  10.456  -17.008  41.293 0.0000000000
56150  10.296  -16.982  40.688 0.0000000000
56154  9.837  -16.810  40.137 0.0000000000
137212  4.083  -12.327  35.982 0.0000000000
58132  3.478  -12.030  36.264 0.0000000000
48406  3.371  -23.471  39.342 0.0000000000
49366  3.410  -23.181  38.717 0.0000000000
52231  4.085  -20.808  37.378 0.0000000000
52230  4.436  -20.355  37.755 0.0000000000
54170  8.260  -17.828  34.812 0.0000000000
54210  7.984  -17.075  33.513 0.0000000000
56196  8.420  -16.458  33.426 0.0000000000
49345  5.841  -22.577  40.796 0.0000000000
146647  3.593  -23.118  41.088 0.0000000000
48392  3.600  -23.408  41.441 0.0000000000
47453  3.753  -23.980  42.028 0.0000000000
47454  2.903  -23.800  41.977 0.0000000000
154271  3.400  -23.381  39.795 0.0000000000
157128  3.251  -23.658  39.771 0.0000000000
51364  2.140  -20.052  33.122 0.0000000000
52258  2.050  -19.213  31.920 0.0000000000
52257  2.151  -19.666  32.283 0.0000000000
51395  2.375  -20.248  31.501 0.0000000000
52270  2.136  -19.270  31.252 0.0000000000
141631  4.859  -15.499  28.977 0.0000000000
56267  5.846  -15.047  28.731 0.0000000000
56277  6.027  -16.244  27.429 0.0000000000
55302  5.358  -17.005  26.874 0.0000000000
55303  4.731  -17.240  27.354 0.0000000000
55315  4.936  -17.347  26.169 0.0000000000
55328  4.715  -17.362  25.323 0.0000000000
55314  5.456  -16.759  25.628 0.0000000000
56314  6.845  -15.124  24.647 0.0000000000
56315  5.930  -15.743  24.785 0.0000000000
57260  5.066  -15.157  23.956 0.0000000000
57271  5.618  -14.188  23.679 0.0000000000
142231  3.562  -9.222  26.465 0.0000000000
61932  3.479  -9.206  25.289 0.0000000000
61937  3.464  -9.526  24.638 0.0000000000
147305  3.476  -9.093  24.322 0.0000000000
53106  5.936  -20.017  39.502 0.0000000000
54087  7.047  -18.783  38.795 0.0000000000
54105  7.030  -18.571  38.704 0.0000000000
54104  7.182  -18.255  38.568 0.0000000000
55162  9.291  -16.651  39.131 0.0000000000
55163  8.663  -17.132  38.800 0.0000000000
55170  8.674  -17.318  37.771 0.0000000000
55181  8.825  -17.507  36.631 0.0000000000
153580  15.174  -16.864  39.967 0.0000000000
51283  13.424  -18.131  39.921 0.0000000000
51289  13.345  -18.553  39.280 0.0000000000
51268  12.537  -18.008  41.167 0.0000000000
50307  11.629  -19.820  39.866 0.0000000000
50310  11.651  -20.109  39.003 0.0000000000
138570  12.432  -19.688  38.839 0.0000000000
49364  11.243  -20.537  38.275 0.0000000000
49365  10.230  -20.774  38.331 0.0000000000
48386  7.916  -21.966  39.875 0.0000000000
52201  9.084  -18.652  41.139 0.0000000000
136653  8.655  -20.283  41.255 0.0000000000
52208  8.407  -19.191  41.284 0.0000000000
51274  7.321  -20.449  41.240 0.0000000000
50298  6.906  -21.158  41.123 0.0000000000
51276  6.580  -20.490  40.990 0.0000000000
53100  6.729  -19.589  40.293 0.0000000000
52215  6.398  -20.212  40.553 0.0000000000
52216  5.951  -20.302  40.157 0.0000000000
56201  3.210  -16.672  32.361 0.0000000000
57172  4.680  -15.301  32.029 0.0000000000
58143  6.045  -13.351  33.756 0.0000000000
57179  5.346  -14.324  31.249 0.0000000000
58168  6.032  -13.679  30.932 0.0000000000
58159  6.653  -12.907  31.420 0.0000000000
154836  7.026  -12.538  30.928 0.0000000000
59137  7.105  -12.036  30.784 0.0000000000
59136  7.181  -12.076  30.015 0.0000000000
60090  6.770  -11.634  30.470 0.0000000000
59043  13.637  -14.343  39.171 0.0000000000
59042  14.247  -13.812  38.952 0.0000000000
54122  18.191  -16.058  37.768 0.0000000000
54103  17.337  -16.455  38.286 0.0000000000
54049  19.944  -15.764  40.999 0.0000000000
55131  20.666  -15.814  41.167 0.0000000000
132081  19.935  -15.743  40.480 0.0000000000
54070  19.120  -15.715  40.799 0.0000000000
53108  16.623  -16.186  40.484 0.0000000000
54031  16.282  -16.129  42.304 0.0000000000
53096  15.880  -16.484  41.740 0.0000000000
53088  15.698  -16.765  41.909 0.0000000000
54044  15.524  -16.918  42.128 0.0000000000
135093  15.902  -15.987  42.623 0.0000000000
58066  15.904  -14.287  41.428 0.0000000000
58063  15.408  -14.730  41.851 0.0000000000
138801  14.181  -15.271  41.490 0.0000000000
58072  14.743  -14.561  40.818 0.0000000000
59029  14.478  -14.487  40.311 0.0000000000
154262  13.586  -14.699  39.751 0.0000000000
46550  3.015  -25.634  36.378 0.0000000000
47501  2.630  -24.356  36.333 0.0000000000
48464  2.605  -23.439  35.470 0.0000000000
49392  3.037  -22.637  37.578 0.0000000000
50343  2.920  -21.256  36.064 0.0000000000
50353  2.509  -21.079  35.277 0.0000000000
50363  2.262  -21.024  34.528 0.0000000000
53141  3.641  -19.442  34.282 0.0000000000
53151  2.616  -18.889  33.286 0.0000000000
158283  3.262  -18.496  33.634 0.0000000000
53112  5.192  -19.947  38.882 0.0000000000
53120  4.992  -19.450  37.070 0.0000000000
54129  5.071  -19.255  36.698 0.0000000000
156430  6.015  -18.153  35.893 0.0000000000
54174  4.859  -18.086  35.193 0.0000000000
54152  5.043  -18.395  35.576 0.0000000000
54194  3.885  -17.858  34.191 0.0000000000
55221  3.522  -16.867  33.102 0.0000000000
51301  13.654  -18.661  37.417 0.0000000000
46514  6.613  -23.816  39.387 0.0000000000
47460  6.133  -23.683  40.346 0.0000000000
139308  3.236  -25.787  36.955 0.0000000000
140127  3.380  -26.698  37.118 0.0000000000
47536  4.359  -24.563  33.972 0.0000000000
46585  4.183  -25.611  34.536 0.0000000000
47550  5.090  -24.669  33.075 0.0000000000
49457  4.246  -22.150  31.367 0.0000000000
48520  3.957  -22.253  32.248 0.0000000000
48518  5.377  -23.613  31.703 0.0000000000
49466  5.564  -22.809  30.192 0.0000000000
50439  4.022  -20.688  28.890 0.0000000000
139409  5.329  -22.142  28.735 0.0000000000
134988  4.838  -21.376  28.182 0.0000000000
49488  5.017  -22.403  27.641 0.0000000000
56210  2.574  -16.739  31.591 0.0000000000
54227  2.289  -17.587  32.122 0.0000000000
137395  2.404  -17.023  31.655 0.0000000000
54252  2.519  -17.692  30.835 0.0000000000
139098  2.494  -18.291  30.543 0.0000000000
53201  2.241  -18.758  30.832 0.0000000000
131976  4.131  -16.441  29.076 0.0000000000
55292  3.751  -17.160  29.201 0.0000000000
158071  3.358  -18.465  28.231 0.0000000000
133884  2.892  -18.417  28.994 0.0000000000
52297  2.465  -19.083  29.643 0.0000000000
51431  2.724  -19.399  28.705 0.0000000000
51430  2.908  -19.806  29.163 0.0000000000
51462  3.754  -19.601  26.444 0.0000000000
51461  4.056  -20.046  26.848 0.0000000000
50492  4.186  -20.722  26.079 0.0000000000
52339  3.839  -19.195  24.787 0.0000000000
52350  3.749  -19.557  23.953 0.0000000000
54335  4.075  -17.819  24.211 0.0000000000
54354  3.574  -17.579  23.069 0.0000000000
140507  3.603  -18.202  23.068 0.0000000000
53310  3.490  -18.603  22.725 0.0000000000
60957  3.055  -10.141  34.094 0.0000000000
60059  3.246  -10.251  34.162 0.0000000000
60073  3.740  -10.334  32.908 0.0000000000
60072  4.136  -10.808  33.028 0.0000000000
60093  3.628  -10.748  30.556 0.0000000000
60102  5.190  -11.156  29.942 0.0000000000
60101  6.157  -11.399  29.928 0.0000000000
132114  5.524  -11.390  29.221 0.0000000000
60995  2.689  -10.096  29.077 0.0000000000
62832  3.053  -9.067  30.566 0.0000000000
60989  2.470  -10.119  29.740 0.0000000000
60983  2.606  -10.240  29.932 0.0000000000
60117  4.492  -11.232  27.049 0.0000000000
132628  4.321  -11.105  28.053 0.0000000000
60116  5.242  -11.589  27.696 0.0000000000
59159  5.948  -12.068  27.123 0.0000000000
59169  5.783  -12.123  26.203 0.0000000000
158310  4.682  -12.245  23.775 0.0000000000
142595  5.103  -12.137  24.499 0.0000000000
59198  4.621  -12.737  23.228 0.0000000000
58213  4.325  -13.524  22.926 0.0000000000
145822  3.854  -12.769  22.654 0.0000000000
154707  3.329  -10.826  23.692 0.0000000000
56159  10.521  -16.033  39.923 0.0000000000
56165  10.536  -15.826  39.644 0.0000000000
57124  11.744  -14.727  38.253 0.0000000000
57110  12.709  -15.696  40.814 0.0000000000
141073  11.922  -16.011  40.756 0.0000000000
57112  11.088  -16.386  40.730 0.0000000000
146900  10.918  -16.478  40.875 0.0000000000
57113  11.084  -16.226  40.571 0.0000000000
139768  3.526  -23.651  24.970 0.0000000000
49502  3.724  -22.776  24.494 0.0000000000
50316  3.924  -22.576  38.904 0.0000000000
50305  5.412  -21.931  40.488 0.0000000000
49347  4.610  -22.741  40.411 0.0000000000
146135  3.281  -22.968  40.650 0.0000000000
49358  3.521  -22.805  40.513 0.0000000000
132521  2.293  -19.214  33.142 0.0000000000
53176  2.027  -18.819  32.176 0.0000000000
57194  7.346  -14.024  28.978 0.0000000000
57209  6.837  -14.832  28.504 0.0000000000
57208  7.699  -14.496  28.170 0.0000000000
57223  7.170  -15.437  27.606 0.0000000000
56287  6.810  -16.017  26.646 0.0000000000
56299  6.365  -16.099  25.762 0.0000000000
139165  7.292  -15.681  25.838 0.0000000000
57257  7.683  -14.340  25.106 0.0000000000
58202  7.295  -13.609  24.711 0.0000000000
53104  6.920  -19.305  40.080 0.0000000000
54062  6.914  -19.328  39.822 0.0000000000
54073  7.092  -19.136  39.951 0.0000000000
55179  10.053  -16.606  36.701 0.0000000000
130933  10.053  -16.882  35.904 0.0000000000
55192  9.687  -17.335  35.271 0.0000000000
55191  10.341  -16.863  35.218 0.0000000000
157311  14.310  -17.128  40.667 0.0000000000
51269  11.662  -18.545  41.195 0.0000000000
51280  11.905  -18.923  40.897 0.0000000000
49352  8.430  -21.539  39.948 0.0000000000
53093  7.923  -18.601  41.032 0.0000000000
153577  7.794  -19.216  41.239 0.0000000000
54048  7.764  -18.374  40.967 0.0000000000
52209  7.310  -19.186  41.038 0.0000000000
52210  6.877  -19.807  41.033 0.0000000000
52214  6.854  -19.715  40.890 0.0000000000
57166  5.372  -14.731  32.698 0.0000000000
59113  5.795  -12.373  34.039 0.0000000000
155547  6.302  -11.893  32.813 0.0000000000
60080  6.143  -11.345  31.793 0.0000000000
132435  18.953  -15.641  38.439 0.0000000000
131276  19.000  -15.735  41.098 0.0000000000
155988  16.711  -16.058  40.976 0.0000000000
54042  16.921  -15.996  41.896 0.0000000000
56123  16.729  -15.365  42.563 0.0000000000
48451  2.688  -23.642  36.633 0.0000000000
136984  3.630  -21.226  37.245 0.0000000000
54090  6.036  -19.493  38.319 0.0000000000
54107  6.131  -19.202  37.884 0.0000000000
55204  4.812  -17.113  33.734 0.0000000000
51302  13.163  -19.140  37.704 0.0000000000
47467  7.183  -23.063  39.354 0.0000000000
47468  6.995  -23.287  39.351 0.0000000000
46524  3.127  -25.004  40.056 0.0000000000
155550  2.537  -25.621  40.878 0.0000000000
45633  3.378  -26.114  37.877 0.0000000000
48496  3.728  -23.439  33.933 0.0000000000
136597  3.002  -21.128  31.297 0.0000000000
49467  4.805  -22.113  30.434 0.0000000000
55257  2.398  -17.012  31.118 0.0000000000
56240  2.670  -16.265  30.811 0.0000000000
55283  2.976  -17.117  30.188 0.0000000000
55304  4.318  -17.420  28.120 0.0000000000
55305  4.016  -17.768  28.492 0.0000000000
53248  3.275  -18.698  27.865 0.0000000000
154161  2.981  -19.084  27.944 0.0000000000
52315  3.555  -19.156  27.076 0.0000000000
51477  3.805  -19.860  25.536 0.0000000000
52326  3.733  -19.324  25.834 0.0000000000
146419  3.930  -18.762  24.586 0.0000000000
56318  3.946  -16.387  23.574 0.0000000000
56319  3.627  -16.407  23.191 0.0000000000
149718  3.215  -16.986  22.439 0.0000000000
61885  2.914  -9.869  33.339 0.0000000000
60968  3.004  -9.717  33.006 0.0000000000
157755  3.462  -10.377  32.030 0.0000000000
60074  3.299  -10.101  32.493 0.0000000000
60994  3.058  -10.007  28.655 0.0000000000
60111  3.146  -10.251  28.760 0.0000000000
147086  3.403  -10.195  28.066 0.0000000000
152259  3.932  -10.824  27.319 0.0000000000
60123  4.522  -11.408  26.154 0.0000000000
59170  5.014  -11.955  26.017 0.0000000000
59181  4.271  -11.678  24.403 0.0000000000
55150  8.171  -18.016  39.738 0.0000000000
55155  8.932  -17.077  39.507 0.0000000000
55169  9.981  -16.309  37.713 0.0000000000
55114  13.953  -16.373  42.572 0.0000000000
53091  13.990  -17.190  41.879 0.0000000000
54030  13.847  -16.804  42.359 0.0000000000
139585  12.914  -16.924  42.078 0.0000000000
54036  12.664  -16.941  42.019 0.0000000000
56141  12.136  -16.268  41.729 0.0000000000
55124  12.007  -16.953  42.145 0.0000000000
52198  12.031  -17.545  41.609 0.0000000000
52199  11.125  -18.048  41.471 0.0000000000
52207  10.529  -18.783  41.277 0.0000000000
148055  10.243  -19.568  41.161 0.0000000000
50294  9.675  -20.231  41.101 0.0000000000
51266  9.898  -19.029  41.286 0.0000000000
53092  9.072  -18.249  40.942 0.0000000000
55133  10.509  -17.036  40.932 0.0000000000
55134  9.586  -17.407  40.633 0.0000000000
55128  8.831  -17.840  40.678 0.0000000000
55135  8.560  -17.860  40.796 0.0000000000
55143  8.098  -17.883  40.215 0.0000000000
58139  5.065  -12.831  35.432 0.0000000000
57145  4.960  -13.014  36.118 0.0000000000
142954  4.719  -12.955  35.816 0.0000000000
59104  4.138  -11.950  35.103 0.0000000000
49377  3.360  -22.489  38.202 0.0000000000
50325  3.617  -21.856  38.021 0.0000000000
54149  7.415  -17.950  36.554 0.0000000000
54171  7.398  -17.933  35.594 0.0000000000
55219  7.070  -16.782  33.775 0.0000000000
49344  6.669  -22.398  40.608 0.0000000000
142312  5.695  -23.561  40.819 0.0000000000
157164  5.153  -23.637  41.182 0.0000000000
47452  4.824  -24.132  41.410 0.0000000000
46500  3.963  -24.845  41.894 0.0000000000
143461  2.779  -24.510  41.558 0.0000000000
50375  2.386  -21.628  34.121 0.0000000000
49431  2.760  -22.212  33.756 0.0000000000
50389  2.392  -21.425  33.293 0.0000000000
133422  2.423  -21.076  32.502 0.0000000000
51380  2.262  -20.357  32.252 0.0000000000
158745  2.455  -20.742  31.903 0.0000000000
149548  2.395  -19.708  30.558 0.0000000000
56255  4.743  -15.167  29.839 0.0000000000
56256  3.560  -16.326  29.805 0.0000000000
157884  4.259  -15.934  29.563 0.0000000000
56278  5.412  -15.823  28.202 0.0000000000
55291  4.378  -16.847  28.237 0.0000000000
54317  4.409  -18.062  26.060 0.0000000000
131068  4.592  -17.723  25.691 0.0000000000
56301  4.398  -17.022  24.370 0.0000000000
56316  4.905  -16.241  24.546 0.0000000000
139531  3.979  -16.075  23.686 0.0000000000
56317  3.684  -15.309  23.299 0.0000000000
57273  3.922  -14.420  22.968 0.0000000000
61009  3.501  -9.828  25.411 0.0000000000
61952  3.458  -9.139  23.577 0.0000000000
48560  4.068  -23.918  26.764 0.0000000000
52220  4.886  -20.908  39.616 0.0000000000
53111  5.833  -19.870  39.095 0.0000000000
54089  6.531  -19.493  38.823 0.0000000000
54074  6.970  -19.308  39.498 0.0000000000
54125  7.080  -18.111  37.530 0.0000000000
135844  8.008  -17.987  39.484 0.0000000000
55156  8.037  -17.912  39.352 0.0000000000
151191  7.590  -17.884  38.812 0.0000000000
54169  9.151  -17.643  34.548 0.0000000000
53114  15.680  -16.756  39.124 0.0000000000
52228  14.917  -17.373  38.559 0.0000000000
52226  14.296  -17.791  38.854 0.0000000000
51288  13.772  -18.172  39.109 0.0000000000
51293  13.163  -19.029  38.474 0.0000000000
50314  12.522  -19.698  38.211 0.0000000000
52213  13.356  -17.521  41.151 0.0000000000
51284  12.781  -18.779  40.046 0.0000000000
51285  12.108  -19.211  40.380 0.0000000000
157486  12.239  -19.405  39.971 0.0000000000
150405  12.127  -20.150  37.755 0.0000000000
48395  7.839  -22.063  39.649 0.0000000000
48387  7.154  -22.501  40.038 0.0000000000
49343  6.963  -22.239  40.552 0.0000000000
50295  9.263  -20.147  41.229 0.0000000000
50303  8.876  -20.836  40.907 0.0000000000
50296  8.010  -20.914  41.055 0.0000000000
143088  8.147  -20.103  41.368 0.0000000000
49337  7.498  -21.702  40.679 0.0000000000
49339  6.509  -21.949  40.890 0.0000000000
50304  6.225  -21.817  40.923 0.0000000000
50300  6.146  -21.257  40.859 0.0000000000
51286  5.248  -20.848  40.082 0.0000000000
55223  2.358  -17.676  32.710 0.0000000000
55240  2.680  -16.863  32.058 0.0000000000
56209  3.068  -16.553  31.781 0.0000000000
56222  3.127  -16.301  31.465 0.0000000000
56239  3.886  -15.896  30.840 0.0000000000
57188  4.659  -15.072  30.647 0.0000000000
57186  6.198  -13.973  30.086 0.0000000000
58174  6.992  -13.581  29.775 0.0000000000
58173  7.543  -13.166  29.332 0.0000000000
59149  7.679  -12.752  28.859 0.0000000000
59150  7.519  -12.436  28.398 0.0000000000
58087  12.384  -14.808  39.312 0.0000000000
58096  12.972  -14.403  38.869 0.0000000000
59056  13.688  -13.929  38.440 0.0000000000
54067  21.589  -15.888  40.242 0.0000000000
54101  19.105  -15.613  39.330 0.0000000000
54085  18.195  -15.861  39.765 0.0000000000
54071  18.268  -15.758  40.508 0.0000000000
54086  17.341  -16.277  39.250 0.0000000000
53109  15.740  -16.568  40.094 0.0000000000
53095  16.487  -16.174  41.357 0.0000000000
53103  15.823  -16.443  40.978 0.0000000000
52217  14.888  -16.793  40.964 0.0000000000
53089  15.086  -17.061  41.766 0.0000000000
54028  14.835  -16.266  42.925 0.0000000000
58055  17.228  -14.767  42.507 0.0000000000
58056  16.581  -14.848  42.488 0.0000000000
58062  16.261  -14.474  42.028 0.0000000000
57088  15.908  -15.232  42.521 0.0000000000
56131  15.665  -15.792  42.647 0.0000000000
56132  14.829  -15.907  42.648 0.0000000000
55113  14.266  -16.054  42.965 0.0000000000
57096  14.094  -15.519  41.787 0.0000000000
57103  13.703  -15.505  41.372 0.0000000000
58069  13.501  -15.404  40.947 0.0000000000
58073  14.031  -14.958  40.674 0.0000000000
58074  13.341  -15.284  40.529 0.0000000000
58080  13.173  -15.101  40.070 0.0000000000
140510  2.732  -25.000  36.098 0.0000000000
132940  2.777  -25.078  35.645 0.0000000000
140531  2.674  -23.865  35.091 0.0000000000
48479  2.664  -23.158  34.841 0.0000000000
48437  2.915  -23.477  37.364 0.0000000000
50342  2.870  -22.030  36.784 0.0000000000
153925  2.757  -22.888  36.118 0.0000000000
51349  2.221  -20.422  34.097 0.0000000000
52244  2.707  -20.252  34.317 0.0000000000
55207  2.700  -17.859  33.163 0.0000000000
52227  4.638  -20.552  38.552 0.0000000000
53116  5.261  -19.520  37.943 0.0000000000
53125  4.401  -19.740  35.946 0.0000000000
54151  5.971  -18.444  36.481 0.0000000000
134378  5.297  -18.264  35.889 0.0000000000
53124  4.770  -19.214  36.044 0.0000000000
53131  4.376  -19.263  35.015 0.0000000000
53140  3.826  -18.676  34.177 0.0000000000
157405  6.414  -14.116  34.462 0.0000000000
56184  7.277  -14.717  34.589 0.0000000000
58097  12.361  -14.490  38.608 0.0000000000
52232  14.866  -17.548  37.678 0.0000000000
52233  14.223  -18.193  37.137 0.0000000000
52237  14.251  -18.312  36.317 0.0000000000
51312  13.656  -18.786  36.619 0.0000000000
48398  6.508  -23.132  40.084 0.0000000000
134061  6.400  -23.547  39.890 0.0000000000
46506  6.304  -23.949  39.725 0.0000000000
133851  6.358  -24.340  39.459 0.0000000000
46586  3.409  -25.357  34.886 0.0000000000
48508  3.244  -22.428  33.368 0.0000000000
48507  3.883  -22.642  33.094 0.0000000000
152042  4.361  -23.003  32.658 0.0000000000
48506  4.954  -23.681  32.522 0.0000000000
47549  5.396  -24.300  32.215 0.0000000000
49479  5.275  -22.249  29.638 0.0000000000
152503  4.418  -22.203  26.232 0.0000000000
54240  2.381  -17.421  31.202 0.0000000000
52283  2.317  -19.276  30.480 0.0000000000
151932  3.214  -16.434  30.085 0.0000000000
56257  3.288  -16.797  29.922 0.0000000000
54272  3.030  -17.856  29.670 0.0000000000
141175  2.695  -18.355  29.944 0.0000000000
50460  3.540  -20.162  28.373 0.0000000000
50479  4.433  -21.140  26.466 0.0000000000
141769  3.862  -21.756  24.615 0.0000000000
54318  4.137  -18.314  25.255 0.0000000000
157401  3.890  -17.898  23.746 0.0000000000
53291  3.841  -18.370  23.760 0.0000000000
52361  3.644  -19.185  23.218 0.0000000000
59093  3.055  -11.507  36.047 0.0000000000
59105  3.432  -11.245  35.257 0.0000000000
60044  3.746  -11.029  34.482 0.0000000000
60046  3.082  -10.501  34.762 0.0000000000
60045  3.288  -10.607  34.701 0.0000000000
60057  4.204  -10.954  33.744 0.0000000000
60081  5.099  -11.110  31.756 0.0000000000
132596  4.059  -10.926  31.292 0.0000000000
60091  5.915  -11.226  30.876 0.0000000000
60100  6.829  -11.780  29.638 0.0000000000
60107  6.758  -11.956  28.685 0.0000000000
60110  3.731  -10.809  28.863 0.0000000000
60109  4.629  -11.156  29.062 0.0000000000
60108  5.845  -11.617  28.553 0.0000000000
60115  6.174  -11.874  27.936 0.0000000000
59158  7.022  -12.232  27.600 0.0000000000
59177  7.417  -12.771  25.923 0.0000000000
59187  7.212  -13.015  25.190 0.0000000000
58203  6.646  -13.588  24.227 0.0000000000
59179  5.508  -12.116  25.352 0.0000000000
59196  6.199  -13.027  24.157 0.0000000000
58211  5.931  -13.493  23.834 0.0000000000
58212  5.177  -13.433  23.381 0.0000000000
57274  3.335  -14.649  22.600 0.0000000000
131225  3.546  -10.592  24.494 0.0000000000
59199  3.372  -12.114  22.660 0.0000000000
57290  3.115  -14.337  22.129 0.0000000000
51267  9.088  -19.078  41.282 0.0000000000
51271  9.793  -19.562  41.257 0.0000000000
51273  8.498  -19.695  41.347 0.0000000000
51277  6.370  -20.498  40.779 0.0000000000
51281  11.075  -19.392  40.889 0.0000000000
52197  12.821  -17.285  41.890 0.0000000000
52200  9.848  -18.504  41.254 0.0000000000
52206  11.398  -18.242  41.382 0.0000000000
52212  14.221  -17.070  41.038 0.0000000000
52218  6.196  -20.066  39.982 0.0000000000
53081  14.930  -16.898  41.998 0.0000000000
53083  13.622  -17.017  42.112 0.0000000000
53084  12.932  -17.213  41.869 0.0000000000
53085  12.215  -17.183  41.783 0.0000000000
53087  9.923  -18.112  41.227 0.0000000000
53090  14.375  -16.880  41.774 0.0000000000
53098  7.272  -18.841  40.993 0.0000000000
54029  14.068  -16.650  42.911 0.0000000000
54033  14.470  -17.045  42.390 0.0000000000
54034  14.092  -17.009  42.412 0.0000000000
54035  13.703  -16.968  42.283 0.0000000000
54037  11.828  -17.052  41.767 0.0000000000
54038  10.971  -17.050  41.492 0.0000000000
54043  16.072  -16.288  42.189 0.0000000000
54046  9.932  -17.565  40.991 0.0000000000
54047  8.965  -18.136  41.052 0.0000000000
54057  20.694  -15.946  40.889 0.0000000000
54058  20.022  -16.126  40.932 0.0000000000
54241  2.252  -17.900  31.634 0.0000000000
55107  15.177  -16.023  42.843 0.0000000000
55108  14.728  -16.314  42.957 0.0000000000
55109  14.031  -16.678  42.772 0.0000000000
55112  16.947  -15.851  42.234 0.0000000000
55115  12.912  -16.321  42.190 0.0000000000
55116  12.376  -17.040  42.059 0.0000000000
55123  17.053  -15.739  42.174 0.0000000000
55125  11.513  -17.070  42.070 0.0000000000
56124  16.245  -15.494  42.612 0.0000000000
56125  15.115  -15.966  42.726 0.0000000000
56133  13.870  -15.659  42.246 0.0000000000
56142  11.484  -16.536  41.359 0.0000000000
56147  11.792  -16.145  41.292 0.0000000000
56148  11.209  -16.355  41.030 0.0000000000
56149  11.165  -16.623  41.045 0.0000000000
56224  2.536  -16.615  31.290 0.0000000000
56241  2.536  -16.470  30.971 0.0000000000
56298  7.418  -15.149  25.158 0.0000000000
56300  4.459  -16.646  24.357 0.0000000000
56313  7.295  -14.754  24.769 0.0000000000
57082  17.083  -14.889  42.594 0.0000000000
57087  16.799  -14.911  42.507 0.0000000000
57089  15.295  -15.458  42.478 0.0000000000
57090  14.258  -15.569  42.082 0.0000000000
57222  8.066  -14.785  27.394 0.0000000000
57236  8.435  -13.959  26.607 0.0000000000
57237  8.276  -14.605  26.620 0.0000000000
57248  7.931  -14.964  25.845 0.0000000000
57258  7.027  -14.343  24.367 0.0000000000
57259  6.159  -14.768  24.202 0.0000000000
57272  4.757  -14.277  23.313 0.0000000000
58064  14.638  -15.032  41.645 0.0000000000
58179  8.245  -13.380  27.658 0.0000000000
58184  8.352  -13.567  26.989 0.0000000000
59143  7.362  -12.552  29.507 0.0000000000
59166  8.106  -13.059  27.097 0.0000000000
59167  7.645  -12.620  26.835 0.0000000000
59188  6.716  -12.983  24.648 0.0000000000
59189  5.956  -12.529  24.612 0.0000000000
60069  6.493  -11.761  32.122 0.0000000000
60977  2.894  -9.953  32.401 0.0000000000
61908  2.604  -9.824  30.570 0.0000000000
61916  2.831  -9.655  29.589 0.0000000000
131518  18.871  -15.811  40.967 0.0000000000
133330  13.021  -15.855  42.016 0.0000000000
135791  15.806  -16.300  42.372 0.0000000000
141542  2.939  -9.306  33.038 0.0000000000
143719  5.054  -21.645  40.152 0.0000000000
147370  11.284  -17.868  41.469 0.0000000000
147441  10.525  -18.290  41.367 0.0000000000
150830  9.361  -17.917  41.142 0.0000000000
151637  14.952  -15.985  42.922 0.0000000000
151895  16.044  -15.912  42.676 0.0000000000
153285  14.854  -16.735  41.772 0.0000000000
154233  15.386  -16.686  41.948 0.0000000000
157469  3.275  -26.713  36.507 0.0000000000
