#!ascii label  , from subject sub-v1s14x0051580_ses-1 vox2ras=TkReg
1056
55280  19.209  -14.774  29.022 0.0000000000
53167  33.046  -16.419  32.286 0.0000000000
72354  38.258  1.321  9.860 0.0000000000
66993  29.614  -4.866  21.408 0.0000000000
61013  35.205  -9.924  26.101 0.0000000000
81518  50.321  10.336  5.177 0.0000000000
70204  37.192  -0.623  14.408 0.0000000000
70185  32.064  -0.091  14.889 0.0000000000
52295  15.320  -18.260  28.891 0.0000000000
56232  25.557  -14.912  30.622 0.0000000000
54292  29.304  -15.798  26.428 0.0000000000
136958  22.994  -13.476  24.900 0.0000000000
79431  44.027  7.395  7.835 0.0000000000
143433  22.925  -16.025  33.510 0.0000000000
54185  17.194  -15.671  33.944 0.0000000000
75358  42.851  3.921  11.547 0.0000000000
51362  13.763  -18.924  33.705 0.0000000000
48478  10.349  -23.233  33.683 0.0000000000
72240  29.836  0.119  20.821 0.0000000000
65045  32.689  -8.252  24.146 0.0000000000
59221  34.365  -13.047  20.203 0.0000000000
55361  31.945  -15.281  23.089 0.0000000000
71238  36.513  -0.169  17.303 0.0000000000
70207  34.779  -0.366  14.275 0.0000000000
71264  34.131  0.405  16.865 0.0000000000
70159  38.536  0.448  17.006 0.0000000000
55300  18.647  -15.803  26.837 0.0000000000
145730  16.519  -18.083  27.012 0.0000000000
54261  16.833  -16.291  29.333 0.0000000000
56251  22.800  -14.495  30.084 0.0000000000
57203  24.343  -14.040  28.219 0.0000000000
57206  21.603  -14.063  27.880 0.0000000000
135126  19.845  -14.871  24.722 0.0000000000
74338  37.737  2.880  8.494 0.0000000000
133790  40.183  1.256  11.898 0.0000000000
74313  40.456  2.607  10.617 0.0000000000
76416  40.722  4.761  9.894 0.0000000000
54146  17.005  -16.368  36.525 0.0000000000
53150  15.185  -17.456  34.171 0.0000000000
52237  14.251  -18.312  36.317 0.0000000000
48417  10.957  -21.146  36.990 0.0000000000
146578  11.382  -21.096  35.586 0.0000000000
47500  9.490  -23.350  35.566 0.0000000000
46548  8.635  -24.894  36.183 0.0000000000
46529  7.661  -24.302  38.080 0.0000000000
65982  33.179  -6.500  26.780 0.0000000000
62881  33.549  -8.995  24.769 0.0000000000
141063  34.402  -9.617  21.432 0.0000000000
60152  34.731  -11.185  22.890 0.0000000000
55350  27.465  -15.421  23.467 0.0000000000
54325  30.568  -15.642  24.911 0.0000000000
54376  28.513  -16.229  22.082 0.0000000000
56353  30.515  -15.677  20.731 0.0000000000
69121  29.693  -2.214  21.466 0.0000000000
70148  28.614  -1.421  17.822 0.0000000000
67010  28.519  -4.275  18.991 0.0000000000
83466  53.394  11.578  3.734 0.0000000000
82537  51.804  10.387  3.661 0.0000000000
70246  37.640  -0.239  12.404 0.0000000000
70268  35.636  -0.656  12.245 0.0000000000
71297  38.619  0.903  13.723 0.0000000000
54249  28.942  -16.731  30.709 0.0000000000
53210  31.333  -17.201  28.989 0.0000000000
55289  27.518  -15.257  28.433 0.0000000000
146252  26.467  -14.603  25.682 0.0000000000
57285  24.281  -13.719  22.673 0.0000000000
78401  45.398  6.328  10.157 0.0000000000
135502  46.463  7.819  8.562 0.0000000000
80484  47.544  9.149  6.533 0.0000000000
81520  47.926  9.571  4.961 0.0000000000
55253  21.364  -15.278  31.465 0.0000000000
55256  18.154  -15.352  32.033 0.0000000000
55213  20.155  -15.705  33.952 0.0000000000
55250  24.455  -15.385  32.004 0.0000000000
77404  43.123  5.410  9.867 0.0000000000
155829  15.981  -16.701  31.155 0.0000000000
52269  14.281  -18.602  31.194 0.0000000000
50404  12.608  -21.223  31.465 0.0000000000
50350  12.700  -19.879  35.731 0.0000000000
49417  11.989  -21.151  33.948 0.0000000000
45616  5.531  -25.773  39.660 0.0000000000
141335  32.777  -0.411  19.804 0.0000000000
68029  30.805  -3.731  22.789 0.0000000000
151907  31.502  -5.355  25.389 0.0000000000
66035  30.592  -6.150  22.749 0.0000000000
62929  33.332  -9.028  20.727 0.0000000000
60174  34.280  -11.137  18.312 0.0000000000
58267  32.489  -13.580  16.936 0.0000000000
54277  32.404  -16.819  28.016 0.0000000000
55320  32.972  -14.754  26.095 0.0000000000
57265  33.501  -13.483  24.045 0.0000000000
57299  32.841  -13.783  22.102 0.0000000000
57342  31.218  -14.356  18.409 0.0000000000
71216  31.272  -0.117  17.934 0.0000000000
70187  29.563  -1.033  15.173 0.0000000000
71211  36.408  -0.089  18.163 0.0000000000
71263  35.308  -0.075  16.577 0.0000000000
137308  35.000  0.042  18.010 0.0000000000
70130  37.981  -0.103  18.070 0.0000000000
56266  19.146  -14.994  28.184 0.0000000000
54269  17.658  -16.076  28.050 0.0000000000
55281  18.364  -14.909  29.374 0.0000000000
56252  21.183  -14.821  29.712 0.0000000000
57205  22.354  -14.085  28.652 0.0000000000
56274  20.658  -14.494  28.342 0.0000000000
56284  19.954  -14.854  26.918 0.0000000000
136691  38.017  2.406  8.995 0.0000000000
72332  38.993  1.375  11.172 0.0000000000
72340  39.885  2.184  11.474 0.0000000000
72353  38.912  1.584  10.067 0.0000000000
74328  39.081  2.890  9.602 0.0000000000
48436  9.444  -22.024  36.855 0.0000000000
48435  10.168  -21.762  36.440 0.0000000000
47487  9.250  -22.733  36.558 0.0000000000
46547  9.057  -24.164  35.854 0.0000000000
47488  8.834  -23.892  36.662 0.0000000000
137213  8.405  -24.604  36.866 0.0000000000
63898  34.217  -8.187  25.885 0.0000000000
61943  34.306  -9.200  25.410 0.0000000000
61958  33.883  -10.170  23.761 0.0000000000
147819  34.331  -10.662  24.110 0.0000000000
53180  33.807  -15.881  31.580 0.0000000000
136826  26.629  -15.193  22.567 0.0000000000
54365  28.095  -15.979  22.559 0.0000000000
54377  27.714  -16.213  21.613 0.0000000000
55378  28.402  -16.319  21.110 0.0000000000
68055  29.770  -3.603  20.981 0.0000000000
68069  29.011  -3.665  19.576 0.0000000000
139181  49.961  10.483  5.946 0.0000000000
81501  51.119  11.206  6.675 0.0000000000
82523  51.695  10.868  5.180 0.0000000000
82529  52.275  10.933  4.478 0.0000000000
82530  51.577  10.515  4.374 0.0000000000
70227  37.151  -0.598  13.515 0.0000000000
70267  36.427  -0.682  12.204 0.0000000000
132623  36.697  -0.793  13.123 0.0000000000
70208  33.680  -0.405  14.017 0.0000000000
70231  33.713  -0.797  13.323 0.0000000000
70232  32.812  -0.685  13.420 0.0000000000
70180  37.832  -0.189  15.305 0.0000000000
70202  37.864  -0.039  14.224 0.0000000000
71310  38.194  0.507  12.874 0.0000000000
53231  16.014  -17.901  28.379 0.0000000000
51428  14.212  -19.635  28.876 0.0000000000
144238  27.652  -15.949  30.754 0.0000000000
148384  28.428  -16.187  30.267 0.0000000000
55279  27.247  -15.252  29.370 0.0000000000
140378  23.917  -13.694  26.927 0.0000000000
57216  25.474  -14.144  26.871 0.0000000000
57243  23.951  -13.654  25.354 0.0000000000
57252  25.420  -14.114  24.434 0.0000000000
134957  23.758  -13.617  24.319 0.0000000000
58201  21.823  -13.635  23.914 0.0000000000
62948  32.465  -8.945  19.518 0.0000000000
78418  44.343  6.720  8.794 0.0000000000
78407  46.009  6.987  9.724 0.0000000000
78417  45.041  7.211  8.356 0.0000000000
80477  45.861  8.509  6.806 0.0000000000
80495  46.503  9.110  5.224 0.0000000000
80494  47.311  9.333  5.566 0.0000000000
55233  22.195  -15.841  32.876 0.0000000000
55235  20.177  -15.422  32.481 0.0000000000
132748  21.193  -16.062  34.124 0.0000000000
55232  23.201  -15.794  32.762 0.0000000000
55252  22.646  -15.519  32.120 0.0000000000
76401  44.034  5.087  11.121 0.0000000000
76413  43.084  4.829  10.563 0.0000000000
77417  40.789  6.049  9.002 0.0000000000
55237  17.866  -15.494  32.658 0.0000000000
54225  17.167  -15.736  32.092 0.0000000000
54226  16.413  -16.285  32.385 0.0000000000
52245  14.523  -18.073  33.770 0.0000000000
52255  14.599  -17.791  32.740 0.0000000000
51378  13.746  -18.934  32.634 0.0000000000
51394  13.419  -19.880  31.161 0.0000000000
50387  12.914  -20.088  32.856 0.0000000000
50340  12.566  -19.883  36.523 0.0000000000
48477  10.958  -21.807  34.698 0.0000000000
49409  11.402  -21.268  35.054 0.0000000000
48494  10.967  -22.459  33.740 0.0000000000
49442  11.736  -22.283  32.334 0.0000000000
69103  30.104  -2.260  23.798 0.0000000000
66009  32.731  -7.243  25.302 0.0000000000
66946  32.229  -5.839  26.329 0.0000000000
66010  32.078  -6.901  24.568 0.0000000000
66969  30.922  -5.375  23.656 0.0000000000
65047  31.554  -7.211  23.186 0.0000000000
63949  31.888  -8.231  21.954 0.0000000000
63948  32.528  -8.626  22.215 0.0000000000
61042  35.604  -10.853  21.076 0.0000000000
61043  35.124  -10.376  20.213 0.0000000000
60165  34.710  -11.630  19.321 0.0000000000
59233  33.633  -12.292  17.834 0.0000000000
59234  33.220  -12.892  18.467 0.0000000000
54266  29.875  -16.304  27.828 0.0000000000
153053  32.069  -17.504  28.455 0.0000000000
53254  30.899  -16.277  27.265 0.0000000000
54343  30.870  -15.617  24.717 0.0000000000
54322  31.879  -15.701  25.378 0.0000000000
55333  32.232  -15.341  24.748 0.0000000000
56306  33.551  -14.020  24.946 0.0000000000
56325  32.705  -14.473  24.010 0.0000000000
57282  33.115  -13.531  23.140 0.0000000000
56339  32.328  -14.796  22.525 0.0000000000
56381  29.710  -15.799  19.167 0.0000000000
56379  30.838  -14.960  19.331 0.0000000000
139473  31.727  -0.324  20.384 0.0000000000
151964  32.555  -0.168  18.919 0.0000000000
71192  30.596  -0.144  19.257 0.0000000000
69168  28.513  -2.555  16.558 0.0000000000
70167  29.249  -1.290  16.036 0.0000000000
83471  54.093  11.770  2.335 0.0000000000
151397  37.186  -0.486  15.749 0.0000000000
70205  36.395  -0.722  14.454 0.0000000000
70163  35.697  -0.337  15.810 0.0000000000
70164  34.881  -0.074  15.793 0.0000000000
71278  33.491  0.285  15.514 0.0000000000
70147  38.280  0.143  17.567 0.0000000000
139875  37.773  -0.099  17.040 0.0000000000
54282  17.469  -16.708  27.390 0.0000000000
54270  17.086  -16.921  27.991 0.0000000000
53216  16.305  -16.870  29.721 0.0000000000
56233  24.514  -14.643  30.525 0.0000000000
56262  25.103  -14.182  28.918 0.0000000000
57192  24.036  -14.148  29.093 0.0000000000
57219  22.735  -13.932  27.779 0.0000000000
143577  21.950  -13.759  26.317 0.0000000000
57255  21.344  -13.879  24.684 0.0000000000
57235  20.563  -14.291  26.475 0.0000000000
56285  19.216  -15.265  26.371 0.0000000000
79447  42.240  7.602  7.292 0.0000000000
55197  22.128  -16.168  34.647 0.0000000000
72339  40.748  2.272  11.719 0.0000000000
155378  41.243  2.403  11.415 0.0000000000
74325  41.532  3.202  10.935 0.0000000000
76415  41.634  4.478  10.131 0.0000000000
75373  39.769  3.535  9.926 0.0000000000
76418  38.658  4.331  9.093 0.0000000000
54167  16.734  -16.254  35.572 0.0000000000
54186  16.399  -16.388  34.484 0.0000000000
53138  15.917  -16.858  35.187 0.0000000000
148279  14.824  -17.702  35.326 0.0000000000
52243  14.101  -18.599  34.621 0.0000000000
49390  12.014  -20.485  36.530 0.0000000000
48434  10.979  -21.251  36.311 0.0000000000
48450  10.424  -21.883  35.531 0.0000000000
47523  10.001  -22.998  34.496 0.0000000000
47512  9.591  -23.410  34.936 0.0000000000
65015  34.021  -7.853  25.919 0.0000000000
63914  33.200  -8.528  24.760 0.0000000000
63947  32.897  -8.976  22.570 0.0000000000
62908  33.494  -9.662  23.124 0.0000000000
61036  35.196  -10.263  22.228 0.0000000000
58236  35.102  -12.807  21.253 0.0000000000
55323  28.223  -15.403  24.693 0.0000000000
54309  29.922  -15.692  25.474 0.0000000000
137522  29.022  -15.625  24.414 0.0000000000
54363  29.469  -15.684  23.429 0.0000000000
55362  30.818  -15.686  23.316 0.0000000000
55375  31.455  -15.630  22.463 0.0000000000
55388  29.973  -16.029  21.088 0.0000000000
55401  29.103  -16.201  19.690 0.0000000000
156850  29.142  -0.973  21.160 0.0000000000
71194  29.143  -0.295  19.481 0.0000000000
70113  28.487  -1.253  19.367 0.0000000000
69156  28.482  -2.340  18.309 0.0000000000
83460  53.305  11.660  4.905 0.0000000000
82535  53.025  11.073  3.144 0.0000000000
71342  37.863  0.040  10.951 0.0000000000
72356  36.457  0.985  9.717 0.0000000000
71343  36.962  -0.005  10.979 0.0000000000
70229  35.283  -0.712  13.419 0.0000000000
71312  33.778  -0.601  12.316 0.0000000000
71260  39.432  1.020  16.953 0.0000000000
72293  39.065  1.524  15.131 0.0000000000
72301  39.110  1.469  13.893 0.0000000000
71309  38.706  1.030  12.875 0.0000000000
71325  38.602  0.827  11.665 0.0000000000
53184  30.881  -17.204  31.794 0.0000000000
150765  31.835  -16.998  30.514 0.0000000000
53198  30.244  -17.181  30.379 0.0000000000
148200  29.053  -16.527  28.836 0.0000000000
54280  28.459  -15.598  27.193 0.0000000000
56261  26.047  -14.478  28.367 0.0000000000
56282  27.158  -14.928  26.846 0.0000000000
55311  27.893  -15.012  26.067 0.0000000000
56309  26.857  -14.704  24.504 0.0000000000
56328  26.283  -14.717  23.196 0.0000000000
57300  25.166  -14.385  21.516 0.0000000000
79418  47.213  8.002  9.101 0.0000000000
79445  45.573  8.027  7.409 0.0000000000
79444  46.300  8.098  7.659 0.0000000000
152639  48.005  8.825  8.181 0.0000000000
80483  48.405  9.411  6.958 0.0000000000
81512  48.892  9.848  6.465 0.0000000000
134802  49.494  9.981  5.072 0.0000000000
81526  50.116  9.945  4.197 0.0000000000
56237  20.405  -15.067  30.264 0.0000000000
55270  18.531  -14.913  30.229 0.0000000000
55254  19.857  -15.245  31.593 0.0000000000
158713  19.517  -15.422  32.635 0.0000000000
55214  19.132  -15.452  33.709 0.0000000000
131863  21.360  -16.142  35.120 0.0000000000
55189  18.758  -15.728  35.218 0.0000000000
54145  17.947  -15.952  36.027 0.0000000000
53154  31.884  -16.820  33.031 0.0000000000
54220  29.408  -17.153  32.215 0.0000000000
54237  27.948  -16.621  32.187 0.0000000000
55249  26.550  -15.892  31.915 0.0000000000
136764  25.736  -15.751  32.277 0.0000000000
56218  24.938  -15.102  31.329 0.0000000000
56234  23.440  -14.729  30.697 0.0000000000
56236  21.475  -15.085  30.687 0.0000000000
77390  45.054  5.808  10.841 0.0000000000
77402  44.559  6.141  9.704 0.0000000000
78409  43.713  6.082  9.238 0.0000000000
77405  42.215  5.361  9.670 0.0000000000
77416  41.750  6.019  8.970 0.0000000000
78438  42.305  7.139  7.900 0.0000000000
55271  17.652  -15.364  30.387 0.0000000000
152872  16.755  -16.057  30.307 0.0000000000
53200  15.729  -17.350  30.154 0.0000000000
53159  15.693  -16.741  32.822 0.0000000000
53187  15.187  -17.404  31.462 0.0000000000
52282  14.654  -18.557  30.418 0.0000000000
51407  13.693  -19.785  30.273 0.0000000000
50421  13.198  -20.644  30.107 0.0000000000
51323  13.737  -18.877  35.895 0.0000000000
50360  12.852  -19.863  34.964 0.0000000000
50351  12.282  -20.413  35.250 0.0000000000
50373  13.017  -19.789  33.926 0.0000000000
50388  12.537  -20.904  32.447 0.0000000000
45624  6.482  -25.418  38.653 0.0000000000
71190  33.878  -0.270  19.623 0.0000000000
72213  29.874  0.103  22.300 0.0000000000
69111  29.575  -1.905  22.394 0.0000000000
69120  30.361  -3.052  21.659 0.0000000000
68039  30.353  -4.124  22.289 0.0000000000
68028  30.913  -4.265  23.602 0.0000000000
66970  30.699  -4.556  22.954 0.0000000000
66036  30.239  -5.924  22.213 0.0000000000
65069  31.231  -7.624  21.550 0.0000000000
63960  32.025  -8.354  21.027 0.0000000000
62947  33.290  -9.209  19.753 0.0000000000
61965  33.950  -9.272  21.062 0.0000000000
61974  33.966  -9.443  20.091 0.0000000000
61051  34.140  -10.382  18.568 0.0000000000
60175  33.895  -11.664  17.419 0.0000000000
59256  33.191  -13.099  16.841 0.0000000000
156118  35.770  -11.227  26.611 0.0000000000
157220  32.720  -16.102  30.151 0.0000000000
53220  32.696  -16.314  29.248 0.0000000000
54275  32.841  -15.837  28.837 0.0000000000
53268  31.658  -16.532  26.346 0.0000000000
54304  32.365  -16.179  26.634 0.0000000000
55296  33.524  -14.395  27.889 0.0000000000
56292  34.157  -13.846  26.144 0.0000000000
57240  34.730  -12.824  25.632 0.0000000000
58207  34.634  -12.269  24.755 0.0000000000
58217  34.128  -12.632  23.579 0.0000000000
58228  33.781  -12.924  22.038 0.0000000000
58237  34.023  -13.279  21.112 0.0000000000
56364  31.882  -15.001  21.066 0.0000000000
57312  32.497  -14.344  20.870 0.0000000000
58245  32.685  -13.444  19.114 0.0000000000
58254  32.142  -13.651  17.613 0.0000000000
71214  33.360  -0.084  18.881 0.0000000000
134632  32.740  0.585  17.274 0.0000000000
71280  31.677  -0.010  15.744 0.0000000000
71244  29.787  -0.438  17.582 0.0000000000
71268  30.495  -0.365  16.742 0.0000000000
70186  31.102  -0.322  15.079 0.0000000000
131052  50.727  9.608  2.663 0.0000000000
155595  35.924  -0.084  18.754 0.0000000000
71212  35.652  -0.054  18.240 0.0000000000
140723  35.260  -0.080  18.778 0.0000000000
71187  36.524  -0.180  19.094 0.0000000000
55290  18.308  -15.218  28.486 0.0000000000
56253  20.154  -14.842  29.465 0.0000000000
147558  20.667  -14.686  29.054 0.0000000000
56265  19.998  -14.827  28.669 0.0000000000
73337  37.648  1.796  9.264 0.0000000000
72355  37.342  1.173  9.751 0.0000000000
72341  38.735  1.201  10.585 0.0000000000
73336  38.495  1.893  9.510 0.0000000000
136819  8.909  -22.544  37.154 0.0000000000
131688  8.581  -23.303  37.253 0.0000000000
46537  8.290  -24.097  37.409 0.0000000000
61936  35.273  -9.473  26.446 0.0000000000
62874  34.818  -9.052  26.159 0.0000000000
61942  34.729  -9.600  25.696 0.0000000000
61950  34.170  -9.829  24.814 0.0000000000
61021  34.584  -10.184  25.143 0.0000000000
53166  33.561  -16.351  32.254 0.0000000000
53181  33.197  -16.085  31.647 0.0000000000
56340  26.587  -15.543  21.608 0.0000000000
134255  27.161  -15.995  21.841 0.0000000000
55379  26.958  -16.122  20.902 0.0000000000
68068  29.332  -3.905  20.419 0.0000000000
81510  50.218  10.856  6.693 0.0000000000
81517  50.950  10.731  5.809 0.0000000000
81525  50.983  10.394  4.750 0.0000000000
132711  36.593  -0.757  13.740 0.0000000000
70184  33.102  -0.031  14.805 0.0000000000
70209  32.488  -0.423  14.087 0.0000000000
70233  31.759  -0.662  13.357 0.0000000000
70181  37.505  -0.426  15.293 0.0000000000
133799  38.034  -0.024  15.011 0.0000000000
70203  37.647  -0.336  14.729 0.0000000000
134516  37.512  -0.343  13.929 0.0000000000
52305  15.517  -18.719  27.889 0.0000000000
52306  14.828  -19.142  28.356 0.0000000000
52296  14.702  -18.777  29.425 0.0000000000
55266  26.370  -15.136  30.672 0.0000000000
147947  27.030  -15.292  30.247 0.0000000000
56247  26.321  -14.902  29.830 0.0000000000
152403  23.087  -13.517  25.681 0.0000000000
57231  24.600  -13.893  26.281 0.0000000000
57253  24.555  -13.877  24.640 0.0000000000
58200  22.727  -13.467  23.837 0.0000000000
57254  22.224  -13.568  24.587 0.0000000000
61985  33.049  -9.467  18.687 0.0000000000
149526  21.488  -15.946  33.330 0.0000000000
55212  22.113  -16.063  33.783 0.0000000000
75359  42.086  3.572  11.266 0.0000000000
143916  43.554  4.123  11.794 0.0000000000
75357  43.432  4.573  11.188 0.0000000000
75370  42.643  4.246  10.930 0.0000000000
55215  18.092  -15.483  33.397 0.0000000000
54205  17.055  -15.629  32.972 0.0000000000
52246  14.120  -18.357  32.996 0.0000000000
51363  13.367  -19.455  33.093 0.0000000000
50333  12.310  -20.082  37.041 0.0000000000
157841  10.550  -22.441  34.370 0.0000000000
48505  11.200  -22.897  32.588 0.0000000000
65035  32.549  -7.635  24.563 0.0000000000
65046  32.152  -7.592  23.694 0.0000000000
66022  31.494  -6.576  23.784 0.0000000000
65056  31.970  -7.996  22.780 0.0000000000
63931  32.527  -8.405  23.128 0.0000000000
60159  35.290  -11.787  20.465 0.0000000000
60164  35.248  -11.074  19.983 0.0000000000
59220  34.839  -12.417  19.995 0.0000000000
153819  34.183  -12.490  19.055 0.0000000000
54279  29.392  -16.108  27.175 0.0000000000
53239  30.460  -16.228  27.568 0.0000000000
54291  29.781  -15.946  26.418 0.0000000000
55348  31.362  -15.434  23.960 0.0000000000
55334  31.903  -15.477  24.709 0.0000000000
55346  32.130  -15.029  24.142 0.0000000000
55345  32.452  -14.876  24.306 0.0000000000
55360  32.202  -14.866  23.392 0.0000000000
56338  32.547  -14.357  22.832 0.0000000000
71168  30.638  0.062  20.831 0.0000000000
149602  30.889  -0.123  19.978 0.0000000000
71169  29.889  0.082  19.990 0.0000000000
158784  37.066  -0.313  16.582 0.0000000000
70162  36.532  -0.488  15.812 0.0000000000
71262  36.130  -0.258  16.614 0.0000000000
138969  34.838  0.144  17.190 0.0000000000
154878  34.651  0.125  16.477 0.0000000000
71277  34.132  0.257  15.979 0.0000000000
71265  33.270  0.602  16.433 0.0000000000
148217  39.152  0.078  18.604 0.0000000000
71237  37.245  -0.125  17.607 0.0000000000
70161  37.609  -0.254  16.108 0.0000000000
54260  17.521  -15.639  29.010 0.0000000000
146579  17.096  -16.424  28.636 0.0000000000
53230  16.585  -17.136  28.767 0.0000000000
56250  23.740  -14.379  29.914 0.0000000000
57193  23.059  -14.206  29.296 0.0000000000
57233  22.253  -13.815  27.035 0.0000000000
57234  21.373  -14.055  26.839 0.0000000000
57246  21.232  -14.040  25.839 0.0000000000
56276  19.181  -15.188  27.347 0.0000000000
72322  39.457  1.821  12.136 0.0000000000
72321  40.563  2.247  11.809 0.0000000000
73324  40.300  2.322  11.004 0.0000000000
73323  40.939  2.296  11.421 0.0000000000
74312  41.031  2.621  10.795 0.0000000000
74326  41.037  3.078  10.573 0.0000000000
136091  40.412  3.115  10.308 0.0000000000
74329  38.320  3.145  9.026 0.0000000000
75374  38.861  3.700  9.391 0.0000000000
75375  38.352  3.885  8.899 0.0000000000
53129  16.118  -16.780  36.058 0.0000000000
53139  15.409  -17.310  35.646 0.0000000000
52242  14.657  -17.899  34.706 0.0000000000
52240  14.303  -18.332  35.458 0.0000000000
49391  11.571  -20.780  36.799 0.0000000000
47499  9.857  -22.436  35.917 0.0000000000
145609  10.514  -21.712  35.938 0.0000000000
47511  9.911  -22.592  35.289 0.0000000000
48463  10.420  -22.081  34.976 0.0000000000
46561  9.173  -24.406  34.874 0.0000000000
46538  7.904  -24.879  37.285 0.0000000000
45630  7.325  -25.290  37.720 0.0000000000
62876  34.003  -8.755  25.317 0.0000000000
63899  33.756  -8.441  25.282 0.0000000000
65033  33.672  -8.090  25.400 0.0000000000
63929  33.248  -8.925  24.351 0.0000000000
62891  33.336  -9.319  23.994 0.0000000000
61028  34.262  -10.603  23.307 0.0000000000
61029  34.265  -10.292  22.835 0.0000000000
61035  34.741  -10.638  22.805 0.0000000000
60153  35.661  -11.086  22.560 0.0000000000
59214  35.032  -12.120  22.571 0.0000000000
54328  28.654  -15.559  24.368 0.0000000000
55335  28.009  -15.589  23.918 0.0000000000
54364  28.756  -15.793  23.034 0.0000000000
54362  30.133  -15.556  23.825 0.0000000000
55363  29.967  -15.798  22.852 0.0000000000
55377  29.668  -16.086  21.798 0.0000000000
144258  29.010  -16.242  21.672 0.0000000000
55390  28.411  -16.356  20.081 0.0000000000
151087  29.193  -1.432  20.942 0.0000000000
70094  28.822  -1.350  20.162 0.0000000000
69137  29.400  -2.180  20.502 0.0000000000
69149  29.013  -2.824  19.155 0.0000000000
68083  28.655  -3.402  18.687 0.0000000000
82536  52.438  10.739  3.480 0.0000000000
82543  52.609  10.465  2.497 0.0000000000
82544  51.994  10.179  2.792 0.0000000000
71326  38.125  0.124  11.693 0.0000000000
71327  37.513  -0.273  11.698 0.0000000000
71329  35.903  -0.375  11.566 0.0000000000
139139  34.917  -0.221  11.439 0.0000000000
70206  35.614  -0.563  14.430 0.0000000000
132681  35.895  -0.709  13.857 0.0000000000
133418  35.238  -0.547  13.917 0.0000000000
157042  33.736  -0.946  12.911 0.0000000000
71331  33.524  -0.445  11.432 0.0000000000
71236  39.203  0.686  17.449 0.0000000000
71261  38.751  0.737  16.485 0.0000000000
71287  38.602  0.940  14.750 0.0000000000
71275  38.876  1.080  15.930 0.0000000000
72310  39.252  1.532  12.901 0.0000000000
155687  37.733  0.013  12.803 0.0000000000
71311  38.128  0.386  12.248 0.0000000000
54235  29.638  -17.111  31.189 0.0000000000
140596  30.560  -17.206  31.154 0.0000000000
151579  29.522  -17.041  30.300 0.0000000000
55278  28.004  -15.676  28.901 0.0000000000
54259  28.603  -16.054  29.325 0.0000000000
54268  28.737  -16.008  28.445 0.0000000000
55288  28.194  -15.727  28.024 0.0000000000
147568  25.908  -14.548  29.175 0.0000000000
57202  25.303  -14.141  27.865 0.0000000000
57230  25.726  -14.200  25.922 0.0000000000
56273  26.235  -14.490  27.382 0.0000000000
56283  26.371  -14.568  26.426 0.0000000000
56294  27.071  -14.904  25.898 0.0000000000
136825  27.007  -14.790  25.131 0.0000000000
148419  24.643  -13.946  23.717 0.0000000000
57266  25.634  -14.240  23.672 0.0000000000
57284  25.234  -14.265  22.722 0.0000000000
56341  25.937  -14.896  22.132 0.0000000000
135308  20.490  -14.252  25.180 0.0000000000
57256  20.400  -14.309  24.133 0.0000000000
78400  46.231  6.697  10.552 0.0000000000
79420  45.833  7.334  8.893 0.0000000000
79419  46.571  7.552  9.417 0.0000000000
80487  44.446  8.490  6.407 0.0000000000
79446  44.929  7.775  7.599 0.0000000000
155581  46.323  8.796  6.473 0.0000000000
80476  46.856  8.626  7.011 0.0000000000
80465  47.230  8.336  8.106 0.0000000000
80475  47.799  8.878  7.438 0.0000000000
81513  48.137  9.592  6.019 0.0000000000
81519  48.743  9.798  5.513 0.0000000000
153975  49.348  10.068  5.987 0.0000000000
81528  48.650  9.643  4.459 0.0000000000
55268  20.607  -15.219  31.118 0.0000000000
140445  20.841  -15.410  31.914 0.0000000000
138390  20.692  -15.722  33.287 0.0000000000
142239  19.776  -15.455  33.152 0.0000000000
55188  19.767  -15.862  35.386 0.0000000000
55178  19.165  -15.924  36.031 0.0000000000
144843  30.788  -17.254  32.521 0.0000000000
55248  27.407  -16.101  31.598 0.0000000000
55231  24.095  -15.720  32.675 0.0000000000
133479  24.934  -15.721  32.538 0.0000000000
151431  25.203  -15.428  31.941 0.0000000000
56219  23.994  -15.053  31.350 0.0000000000
56221  22.133  -15.221  31.439 0.0000000000
76412  43.665  5.191  10.528 0.0000000000
77391  44.390  5.591  10.534 0.0000000000
77403  43.906  5.654  9.958 0.0000000000
77406  41.314  5.404  9.625 0.0000000000
78422  40.290  6.560  8.376 0.0000000000
78421  41.174  6.657  8.477 0.0000000000
78420  42.045  6.694  8.415 0.0000000000
78439  41.522  7.179  7.742 0.0000000000
137375  18.598  -15.081  31.193 0.0000000000
54239  16.500  -16.278  31.357 0.0000000000
53199  16.121  -16.713  30.582 0.0000000000
53186  15.631  -17.091  30.943 0.0000000000
53149  15.732  -16.884  33.797 0.0000000000
53160  15.112  -17.336  33.290 0.0000000000
52256  14.251  -18.331  32.054 0.0000000000
133532  14.732  -17.713  31.939 0.0000000000
52268  14.662  -18.023  31.236 0.0000000000
151751  15.158  -17.725  30.639 0.0000000000
51406  13.978  -19.138  30.723 0.0000000000
50403  12.959  -20.378  31.892 0.0000000000
139559  12.957  -20.698  31.046 0.0000000000
51324  13.204  -19.390  36.207 0.0000000000
51336  13.323  -19.397  35.488 0.0000000000
49402  11.456  -20.937  36.135 0.0000000000
151805  11.784  -20.743  35.915 0.0000000000
49408  11.890  -20.959  34.802 0.0000000000
50361  12.405  -20.466  34.436 0.0000000000
50374  12.473  -20.618  33.465 0.0000000000
49429  12.066  -21.397  32.938 0.0000000000
46522  6.734  -24.358  39.008 0.0000000000
46515  5.898  -24.757  39.764 0.0000000000
46523  6.143  -25.087  39.280 0.0000000000
71135  31.478  0.001  22.181 0.0000000000
70063  29.631  -0.683  23.288 0.0000000000
70073  29.378  -1.063  22.593 0.0000000000
69102  30.749  -3.010  23.176 0.0000000000
141527  29.994  -2.506  22.901 0.0000000000
69110  30.631  -3.086  22.330 0.0000000000
151969  30.456  -3.481  22.137 0.0000000000
66959  31.127  -4.842  24.450 0.0000000000
66023  30.978  -6.371  23.210 0.0000000000
66977  30.708  -5.403  23.030 0.0000000000
66978  30.436  -5.077  22.566 0.0000000000
65058  30.638  -6.851  22.236 0.0000000000
63959  32.624  -8.737  21.341 0.0000000000
62930  32.665  -8.790  20.474 0.0000000000
62909  33.561  -9.429  22.094 0.0000000000
61050  34.680  -10.753  19.323 0.0000000000
61983  34.458  -10.044  19.597 0.0000000000
59243  32.951  -13.010  17.416 0.0000000000
138727  31.493  -17.278  29.610 0.0000000000
53195  32.363  -16.636  30.012 0.0000000000
139341  31.983  -17.226  29.644 0.0000000000
53236  32.234  -17.165  28.208 0.0000000000
53221  32.596  -17.138  28.745 0.0000000000
53234  32.626  -16.812  28.698 0.0000000000
54265  32.919  -15.925  29.418 0.0000000000
54276  32.641  -16.418  28.459 0.0000000000
54308  30.462  -15.781  25.299 0.0000000000
53270  30.870  -16.285  25.990 0.0000000000
53284  30.911  -16.056  25.535 0.0000000000
55322  32.213  -15.548  25.400 0.0000000000
54305  32.020  -16.105  26.146 0.0000000000
55309  32.606  -15.620  26.683 0.0000000000
55308  32.991  -14.983  27.280 0.0000000000
55307  33.495  -14.247  26.659 0.0000000000
56323  33.528  -13.769  24.491 0.0000000000
134546  34.005  -13.775  25.328 0.0000000000
57264  33.987  -13.325  24.481 0.0000000000
58199  34.481  -12.856  24.911 0.0000000000
58208  34.297  -12.800  24.275 0.0000000000
139228  34.527  -12.291  24.126 0.0000000000
57280  33.868  -13.090  23.963 0.0000000000
57297  33.388  -13.078  22.803 0.0000000000
57310  33.359  -13.352  21.675 0.0000000000
57311  33.276  -13.808  21.160 0.0000000000
56352  31.279  -15.459  21.394 0.0000000000
56365  31.116  -15.168  20.268 0.0000000000
57325  31.386  -14.456  19.226 0.0000000000
57313  31.728  -14.651  20.134 0.0000000000
57324  32.208  -14.079  19.682 0.0000000000
58239  33.077  -13.767  20.136 0.0000000000
58246  31.884  -13.870  18.574 0.0000000000
71166  33.482  -0.509  20.396 0.0000000000
71215  31.967  -0.114  18.431 0.0000000000
133070  32.840  0.187  18.123 0.0000000000
71242  32.043  0.231  17.602 0.0000000000
71266  32.092  0.439  16.584 0.0000000000
71243  31.336  -0.024  17.128 0.0000000000
70114  28.606  -0.696  19.010 0.0000000000
158233  29.175  -0.401  18.509 0.0000000000
71245  29.052  -0.808  17.665 0.0000000000
70166  30.006  -0.726  16.006 0.0000000000
70165  30.804  -0.275  15.877 0.0000000000
70210  30.292  -0.687  14.437 0.0000000000
84478  54.338  12.516  2.835 0.0000000000
84483  54.591  12.286  1.810 0.0000000000
84477  54.874  13.039  2.209 0.0000000000
134504  50.218  9.723  3.274 0.0000000000
71239  35.684  -0.071  17.461 0.0000000000
71240  34.250  0.242  17.724 0.0000000000
138339  18.483  -15.568  27.649 0.0000000000
139981  22.002  -14.760  30.148 0.0000000000
56263  22.089  -14.324  29.507 0.0000000000
56264  21.381  -14.269  28.914 0.0000000000
57220  20.622  -14.356  27.429 0.0000000000
56275  19.967  -14.889  27.840 0.0000000000
72331  39.216  1.561  11.718 0.0000000000
73325  39.384  1.862  10.637 0.0000000000
73334  39.797  2.246  10.488 0.0000000000
74327  39.836  2.658  10.100 0.0000000000
73335  39.260  2.073  9.893 0.0000000000
143952  38.640  2.436  9.370 0.0000000000
53122  16.309  -16.756  36.943 0.0000000000
53130  15.488  -17.228  36.456 0.0000000000
134760  9.320  -23.322  36.144 0.0000000000
62875  34.470  -8.577  25.956 0.0000000000
61951  33.687  -9.540  24.353 0.0000000000
61022  34.147  -10.290  24.231 0.0000000000
60147  34.463  -11.154  23.366 0.0000000000
55364  27.176  -15.659  22.577 0.0000000000
55349  27.790  -15.687  23.077 0.0000000000
158612  27.555  -15.963  22.325 0.0000000000
55391  27.591  -16.374  20.284 0.0000000000
69136  30.132  -2.965  20.897 0.0000000000
68056  29.597  -3.076  20.079 0.0000000000
81511  49.474  10.368  6.688 0.0000000000
81503  49.529  10.611  7.393 0.0000000000
82522  52.492  11.283  5.450 0.0000000000
70226  37.449  -0.386  13.138 0.0000000000
70266  37.124  -0.580  12.291 0.0000000000
70247  37.190  -0.584  12.850 0.0000000000
151211  36.777  -0.723  12.661 0.0000000000
70248  36.204  -0.809  12.748 0.0000000000
140652  34.223  -0.079  14.987 0.0000000000
70230  34.518  -0.624  13.658 0.0000000000
70251  33.042  -0.756  12.705 0.0000000000
70179  38.152  0.203  15.918 0.0000000000
71288  38.269  0.398  14.462 0.0000000000
71298  38.232  0.430  13.610 0.0000000000
70225  37.750  -0.005  13.441 0.0000000000
53246  16.585  -17.638  27.823 0.0000000000
51419  13.722  -20.144  29.416 0.0000000000
54250  28.223  -16.362  31.219 0.0000000000
55265  27.768  -15.691  29.905 0.0000000000
57217  24.549  -13.961  27.305 0.0000000000
57242  25.042  -14.059  25.285 0.0000000000
56295  26.132  -14.413  25.024 0.0000000000
57286  23.556  -13.479  22.472 0.0000000000
57267  23.649  -13.531  23.316 0.0000000000
58209  22.858  -13.399  22.732 0.0000000000
62949  31.432  -8.648  19.487 0.0000000000
78408  45.216  6.762  9.240 0.0000000000
79430  45.685  7.700  8.088 0.0000000000
80486  45.093  8.681  6.173 0.0000000000
80485  45.904  8.911  5.890 0.0000000000
147217  46.732  9.023  6.126 0.0000000000
133637  21.735  -15.551  32.088 0.0000000000
55234  21.216  -15.652  32.665 0.0000000000
55251  23.571  -15.420  32.071 0.0000000000
77407  40.467  5.496  9.520 0.0000000000
51393  13.811  -19.057  31.655 0.0000000000
51379  13.386  -19.625  32.237 0.0000000000
48462  10.927  -21.533  35.274 0.0000000000
49418  11.474  -21.574  34.329 0.0000000000
49430  11.567  -21.912  33.354 0.0000000000
70062  29.924  -1.203  24.199 0.0000000000
69092  30.492  -2.051  24.668 0.0000000000
133801  30.909  -2.870  24.076 0.0000000000
68022  31.060  -3.597  23.698 0.0000000000
65997  33.045  -6.761  25.976 0.0000000000
65998  32.081  -6.393  25.477 0.0000000000
66968  31.343  -5.936  24.616 0.0000000000
65057  31.229  -7.284  22.565 0.0000000000
61972  35.181  -9.970  21.250 0.0000000000
60166  34.184  -11.836  18.325 0.0000000000
53211  30.607  -16.901  28.899 0.0000000000
53209  31.915  -17.669  28.943 0.0000000000
53223  31.221  -16.764  28.527 0.0000000000
136750  31.406  -16.490  27.704 0.0000000000
134728  31.916  -16.813  27.858 0.0000000000
54344  30.362  -15.597  24.596 0.0000000000
54324  30.855  -15.796  25.193 0.0000000000
54342  31.422  -15.567  24.726 0.0000000000
55332  32.643  -15.114  24.852 0.0000000000
56307  33.136  -14.626  25.086 0.0000000000
56308  32.906  -14.588  24.461 0.0000000000
56324  33.131  -14.044  24.113 0.0000000000
150537  33.201  -13.658  23.674 0.0000000000
56337  32.826  -14.106  23.481 0.0000000000
57283  32.824  -13.831  22.819 0.0000000000
56350  32.658  -14.294  21.885 0.0000000000
138503  30.338  -15.426  19.696 0.0000000000
56380  30.277  -15.150  18.637 0.0000000000
57326  30.831  -14.697  18.660 0.0000000000
57343  30.718  -14.660  17.926 0.0000000000
56400  30.281  -15.171  17.841 0.0000000000
71191  31.696  -0.303  19.368 0.0000000000
136793  31.197  -0.218  18.665 0.0000000000
69162  28.530  -2.311  17.383 0.0000000000
135424  28.947  -1.603  16.891 0.0000000000
83472  53.557  11.398  2.765 0.0000000000
83465  53.879  11.963  3.376 0.0000000000
140359  36.866  -0.666  15.147 0.0000000000
70182  36.065  -0.620  15.108 0.0000000000
70183  35.236  -0.366  15.017 0.0000000000
70146  38.885  0.319  17.945 0.0000000000
70160  38.005  0.056  16.542 0.0000000000
158531  37.811  -0.153  15.785 0.0000000000
54283  16.991  -17.412  26.975 0.0000000000
53217  15.886  -17.591  29.303 0.0000000000
56248  25.349  -14.472  29.826 0.0000000000
56249  24.560  -14.312  29.671 0.0000000000
57204  23.366  -14.058  28.446 0.0000000000
57218  23.678  -13.872  27.631 0.0000000000
133461  23.143  -13.631  27.018 0.0000000000
57244  22.703  -13.600  26.317 0.0000000000
57245  22.216  -13.603  25.494 0.0000000000
56296  19.965  -14.739  25.838 0.0000000000
78437  42.992  7.262  7.758 0.0000000000
79455  43.145  7.938  6.922 0.0000000000
144270  22.749  -16.108  34.220 0.0000000000
55196  23.100  -16.201  34.977 0.0000000000
72308  41.161  2.387  12.175 0.0000000000
72320  41.301  2.379  12.222 0.0000000000
73315  41.243  2.448  11.642 0.0000000000
73322  41.546  2.766  11.471 0.0000000000
75371  41.995  3.939  10.650 0.0000000000
140443  41.447  3.678  10.502 0.0000000000
75372  40.789  3.826  10.245 0.0000000000
142635  40.086  4.316  9.920 0.0000000000
76417  39.260  4.368  9.581 0.0000000000
76426  38.905  5.068  8.937 0.0000000000
54166  17.506  -15.782  34.956 0.0000000000
148473  15.706  -17.017  34.512 0.0000000000
148474  15.291  -17.391  34.912 0.0000000000
48449  10.959  -21.380  35.736 0.0000000000
47524  9.573  -24.096  34.180 0.0000000000
65996  33.713  -7.239  26.323 0.0000000000
65016  33.495  -7.531  25.680 0.0000000000
65034  33.092  -7.958  25.048 0.0000000000
63930  32.884  -8.781  23.662 0.0000000000
62892  33.129  -9.229  23.252 0.0000000000
136968  34.250  -9.874  22.267 0.0000000000
61959  33.791  -9.993  23.185 0.0000000000
146872  35.782  -11.930  21.561 0.0000000000
54293  28.972  -15.564  25.964 0.0000000000
54310  29.369  -15.624  25.693 0.0000000000
54311  28.863  -15.469  25.107 0.0000000000
54327  29.324  -15.527  24.872 0.0000000000
54326  29.862  -15.569  24.815 0.0000000000
54346  28.385  -15.693  23.620 0.0000000000
155795  29.040  -15.689  23.769 0.0000000000
54345  29.713  -15.566  24.295 0.0000000000
54361  30.672  -15.519  24.143 0.0000000000
156140  31.532  -15.542  23.188 0.0000000000
55376  30.578  -15.940  21.917 0.0000000000
55389  29.206  -16.199  20.828 0.0000000000
56366  29.815  -15.935  20.209 0.0000000000
72241  29.641  -0.059  21.189 0.0000000000
71170  29.361  -0.276  20.445 0.0000000000
70095  28.807  -0.709  19.822 0.0000000000
70131  28.441  -1.298  18.615 0.0000000000
139407  28.921  -2.102  19.676 0.0000000000
157040  28.529  -1.955  18.987 0.0000000000
147846  53.318  11.636  4.355 0.0000000000
137393  52.900  11.392  4.957 0.0000000000
82528  52.982  11.277  4.174 0.0000000000
82542  53.255  10.744  2.183 0.0000000000
72342  38.038  0.722  10.433 0.0000000000
72343  37.118  0.566  10.349 0.0000000000
71328  36.746  -0.425  11.657 0.0000000000
148469  36.247  -0.098  11.032 0.0000000000
70228  36.057  -0.799  13.280 0.0000000000
70249  35.413  -0.833  12.863 0.0000000000
70250  34.442  -0.942  13.024 0.0000000000
70269  34.715  -0.604  12.301 0.0000000000
71330  34.167  -0.367  11.688 0.0000000000
72283  39.548  1.402  16.385 0.0000000000
72300  39.873  2.116  13.056 0.0000000000
71324  38.849  1.156  12.160 0.0000000000
71341  38.427  0.604  11.104 0.0000000000
53182  32.146  -16.672  32.016 0.0000000000
133069  32.715  -16.410  31.785 0.0000000000
140850  31.281  -17.127  31.184 0.0000000000
53197  31.030  -17.238  30.386 0.0000000000
134564  30.795  -17.196  29.619 0.0000000000
54258  29.104  -16.764  29.643 0.0000000000
54248  29.941  -17.098  29.575 0.0000000000
54257  29.690  -16.765  28.693 0.0000000000
54267  29.284  -16.287  28.107 0.0000000000
139397  28.874  -15.972  27.604 0.0000000000
134975  28.972  -15.821  26.785 0.0000000000
56260  26.678  -14.878  28.853 0.0000000000
56272  26.934  -14.839  27.907 0.0000000000
55299  27.781  -15.226  27.533 0.0000000000
157889  28.060  -15.135  26.799 0.0000000000
55298  28.550  -15.423  26.373 0.0000000000
55310  28.430  -15.316  25.521 0.0000000000
55336  27.544  -15.189  24.350 0.0000000000
56310  26.271  -14.465  24.140 0.0000000000
56327  26.993  -15.187  23.126 0.0000000000
56355  25.751  -15.029  20.956 0.0000000000
57268  21.102  -13.962  23.547 0.0000000000
66049  29.872  -5.819  21.596 0.0000000000
80464  47.809  8.631  8.900 0.0000000000
80463  48.409  9.201  8.658 0.0000000000
80474  48.582  9.380  7.826 0.0000000000
81504  48.987  9.967  7.250 0.0000000000
134087  19.395  -14.783  29.891 0.0000000000
55269  19.589  -15.052  30.725 0.0000000000
55255  19.205  -15.293  32.123 0.0000000000
55236  18.836  -15.433  32.814 0.0000000000
55200  18.375  -15.539  34.303 0.0000000000
55198  20.436  -16.013  34.795 0.0000000000
55187  20.671  -16.057  35.708 0.0000000000
55199  19.486  -15.602  34.579 0.0000000000
136378  17.781  -16.150  36.934 0.0000000000
54123  17.234  -16.502  37.388 0.0000000000
53153  33.058  -16.568  33.004 0.0000000000
53168  32.533  -16.564  32.648 0.0000000000
53183  31.473  -17.010  32.149 0.0000000000
53185  30.225  -17.238  31.955 0.0000000000
54236  28.769  -16.874  31.675 0.0000000000
136317  26.937  -15.533  31.067 0.0000000000
55267  25.923  -15.314  31.445 0.0000000000
56220  23.050  -15.111  31.422 0.0000000000
56235  22.501  -14.924  30.735 0.0000000000
73338  36.708  1.682  9.148 0.0000000000
77389  45.757  6.112  11.075 0.0000000000
156545  44.875  5.901  10.273 0.0000000000
78419  43.440  6.726  8.467 0.0000000000
76414  42.468  4.699  10.282 0.0000000000
77415  42.758  6.092  8.920 0.0000000000
138613  42.734  6.781  8.277 0.0000000000
55282  17.809  -15.262  29.727 0.0000000000
54251  17.242  -15.704  29.729 0.0000000000
54238  17.379  -15.559  31.218 0.0000000000
52281  15.244  -18.043  29.827 0.0000000000
54206  16.363  -16.277  33.401 0.0000000000
53173  15.777  -16.802  31.765 0.0000000000
53174  15.163  -17.261  32.329 0.0000000000
51418  14.193  -19.332  29.894 0.0000000000
51335  13.786  -18.907  35.288 0.0000000000
51348  13.504  -19.270  34.697 0.0000000000
50341  12.201  -20.406  35.924 0.0000000000
49401  11.809  -20.820  35.441 0.0000000000
49441  12.162  -21.759  31.922 0.0000000000
46530  7.067  -24.848  38.396 0.0000000000
71189  34.845  -0.203  19.544 0.0000000000
71152  31.635  -0.187  21.322 0.0000000000
72226  30.826  0.147  21.678 0.0000000000
72227  30.056  0.216  21.594 0.0000000000
72228  29.632  -0.117  21.825 0.0000000000
70081  29.296  -1.233  21.723 0.0000000000
70072  29.620  -1.618  23.261 0.0000000000
138236  30.035  -2.609  22.143 0.0000000000
68040  30.064  -3.465  21.689 0.0000000000
68054  29.800  -4.082  21.702 0.0000000000
66992  29.964  -4.904  22.065 0.0000000000
65070  30.395  -6.807  21.608 0.0000000000
62931  32.016  -8.576  20.253 0.0000000000
62910  33.163  -9.045  21.618 0.0000000000
61973  34.606  -9.748  20.575 0.0000000000
61984  33.851  -9.686  19.069 0.0000000000
61992  33.509  -10.010  17.940 0.0000000000
61060  33.693  -10.812  17.314 0.0000000000
60183  33.867  -11.412  16.651 0.0000000000
59242  33.696  -12.290  17.003 0.0000000000
59255  33.776  -12.618  16.860 0.0000000000
60132  35.202  -10.429  25.831 0.0000000000
53194  32.729  -16.162  30.924 0.0000000000
53193  33.007  -15.898  31.059 0.0000000000
53206  32.937  -15.895  29.997 0.0000000000
53208  32.357  -17.439  29.008 0.0000000000
54256  33.249  -15.704  29.957 0.0000000000
55286  33.880  -14.831  28.955 0.0000000000
53271  30.351  -16.097  26.078 0.0000000000
53253  31.384  -16.479  26.840 0.0000000000
53252  31.868  -16.771  27.181 0.0000000000
54306  31.672  -16.167  25.946 0.0000000000
54290  32.022  -16.566  26.700 0.0000000000
54288  32.604  -16.160  27.553 0.0000000000
54287  32.740  -15.797  27.903 0.0000000000
55297  33.158  -15.239  28.443 0.0000000000
56271  34.237  -13.931  28.499 0.0000000000
56293  33.564  -14.203  25.622 0.0000000000
57241  34.508  -13.383  25.825 0.0000000000
57228  35.033  -12.819  26.418 0.0000000000
58194  35.244  -12.284  26.210 0.0000000000
59194  34.920  -11.661  25.251 0.0000000000
60139  34.740  -10.879  24.881 0.0000000000
60140  34.504  -11.224  24.051 0.0000000000
59205  34.521  -11.875  23.603 0.0000000000
59206  34.294  -12.265  22.910 0.0000000000
58218  33.779  -12.691  22.841 0.0000000000
140412  34.359  -12.600  22.345 0.0000000000
56351  31.950  -15.206  22.043 0.0000000000
134902  32.342  -14.763  21.722 0.0000000000
58238  33.723  -13.457  20.452 0.0000000000
58244  33.610  -13.207  19.558 0.0000000000
155532  32.490  -13.300  18.205 0.0000000000
58255  31.438  -14.171  17.777 0.0000000000
58268  31.830  -14.049  17.129 0.0000000000
58283  32.265  -14.012  16.709 0.0000000000
71213  34.329  -0.039  18.664 0.0000000000
133809  33.668  0.187  18.178 0.0000000000
71241  33.506  0.491  17.458 0.0000000000
71279  32.609  0.301  15.620 0.0000000000
71193  29.707  -0.118  19.123 0.0000000000
71217  30.282  -0.194  18.339 0.0000000000
131519  30.646  -0.262  17.522 0.0000000000
71269  29.567  -0.846  16.804 0.0000000000
71267  31.294  -0.046  16.414 0.0000000000
81534  50.987  10.068  3.701 0.0000000000
133169  51.405  9.987  2.994 0.0000000000
81542  51.508  9.644  2.294 0.0000000000
53169  31.219  -17.130  33.106 0.0000000000
53196  31.632  -17.103  30.384 0.0000000000
53207  32.592  -16.662  29.364 0.0000000000
53222  31.669  -17.280  28.603 0.0000000000
53224  30.524  -16.474  28.268 0.0000000000
53235  32.409  -17.296  28.345 0.0000000000
53237  31.646  -16.831  28.275 0.0000000000
53238  31.050  -16.342  28.032 0.0000000000
53251  32.153  -16.840  27.719 0.0000000000
53255  30.345  -16.197  26.841 0.0000000000
53269  31.296  -16.351  26.006 0.0000000000
54247  33.554  -15.612  30.693 0.0000000000
54278  29.942  -16.175  27.153 0.0000000000
54289  32.314  -16.557  27.084 0.0000000000
54307  31.293  -16.193  25.750 0.0000000000
54323  31.468  -15.791  25.340 0.0000000000
54375  29.224  -15.961  22.482 0.0000000000
55321  32.232  -15.756  26.055 0.0000000000
55324  27.732  -15.086  25.230 0.0000000000
55347  31.875  -15.216  24.027 0.0000000000
56326  32.401  -14.622  23.690 0.0000000000
57232  23.569  -13.588  26.278 0.0000000000
57251  34.275  -13.361  25.095 0.0000000000
57281  33.524  -13.146  23.459 0.0000000000
57298  33.120  -13.352  22.429 0.0000000000
58198  34.952  -12.191  25.552 0.0000000000
59186  35.391  -11.488  26.038 0.0000000000
59195  34.668  -11.651  24.524 0.0000000000
59213  34.534  -11.703  22.958 0.0000000000
60128  35.685  -10.794  26.459 0.0000000000
70082  29.042  -0.808  20.627 0.0000000000
70132  28.660  -0.815  18.331 0.0000000000
71120  29.907  0.011  23.018 0.0000000000
71136  29.589  -0.333  22.527 0.0000000000
71153  29.343  -0.531  21.277 0.0000000000
134549  30.304  -15.574  24.726 0.0000000000
134679  32.312  -17.475  28.533 0.0000000000
135743  27.009  -14.892  23.786 0.0000000000
139342  31.853  -16.902  31.211 0.0000000000
139776  32.614  -15.259  25.612 0.0000000000
142322  29.401  -0.619  22.001 0.0000000000
142763  35.349  -11.911  26.127 0.0000000000
145194  35.179  -11.065  25.568 0.0000000000
147635  30.350  -0.565  15.343 0.0000000000
147706  32.337  -16.575  31.066 0.0000000000
147854  33.855  -13.653  24.824 0.0000000000
150144  33.264  -14.205  24.592 0.0000000000
152948  30.745  -16.278  26.587 0.0000000000
155297  27.395  -15.566  30.514 0.0000000000
155480  31.273  -14.845  19.717 0.0000000000
156972  20.530  -14.266  25.847 0.0000000000
157299  32.227  -17.750  28.672 0.0000000000
157835  29.478  -4.177  21.108 0.0000000000
158688  34.855  -11.295  25.046 0.0000000000
