#!ascii label  , from subject sub-v1s14x0051583_ses-1 vox2ras=TkReg
930
70012  -27.952  -13.225  -39.335 0.4285714328
71926  -28.865  -11.744  -39.691 0.2857142985
70967  -29.019  -12.278  -39.222 0.4285714328
71908  -29.657  -11.648  -39.033 0.4285714328
71909  -30.568  -11.232  -38.594 0.4285714328
71927  -29.363  -11.010  -39.759 0.2857142985
72886  -30.184  -10.716  -39.167 0.4285714328
72869  -30.956  -10.367  -38.674 0.4285714328
73868  -29.534  -9.722  -40.524 0.4285714328
73869  -30.172  -9.296  -40.146 0.4285714328
74816  -30.086  -8.287  -41.271 0.4285714328
75653  -30.695  -7.749  -40.825 0.4285714328
75678  -30.140  -7.378  -42.499 0.5714285970
75666  -30.391  -7.566  -41.646 0.5714285970
160805  -31.223  -7.291  -40.554 0.4285714328
76512  -31.506  -6.634  -40.726 0.2857142985
76525  -30.707  -6.844  -41.991 0.7142857313
76526  -31.279  -6.367  -41.490 0.7142857313
77382  -32.215  -5.192  -41.371 0.7142857313
135289  -31.105  -6.172  -42.321 0.7142857313
77369  -31.797  -5.863  -40.994 0.5714285970
78235  -32.615  -4.522  -41.775 0.5714285970
78247  -32.064  -5.036  -42.244 0.5714285970
159254  -32.474  -4.392  -42.657 0.5714285970
78248  -33.044  -3.917  -42.229 0.5714285970
78246  -31.850  -4.870  -43.054 0.5714285970
79133  -33.698  -3.396  -41.852 0.4285714328
80063  -33.323  -3.208  -43.292 0.5714285970
80050  -33.895  -3.005  -42.878 0.5714285970
79147  -31.617  -3.337  -43.671 0.7142857313
80064  -33.759  -2.614  -43.577 0.7142857313
80051  -34.337  -2.340  -43.223 0.5714285970
79148  -32.555  -3.461  -43.474 0.5714285970
136904  -30.542  -3.164  -44.015 0.5714285970
80062  -32.395  -2.859  -43.611 0.8571428657
81068  -34.276  -1.874  -43.984 0.7142857313
157134  -34.702  -1.708  -43.495 0.5714285970
80074  -31.112  -2.573  -43.641 0.7142857313
81078  -34.576  -1.109  -44.230 0.7142857313
81069  -35.008  -1.206  -44.080 0.5714285970
81067  -33.313  -2.299  -43.759 0.7142857313
81077  -33.870  -1.556  -44.066 0.7142857313
157078  -34.149  -0.900  -44.238 0.5714285970
135602  -32.860  -1.619  -43.561 0.7142857313
81079  -34.963  -0.730  -44.411 0.5714285970
146369  -31.768  -1.315  -43.115 0.5714285970
81996  -32.494  -0.721  -42.979 0.7142857313
82015  -34.397  -0.151  -44.293 0.7142857313
138130  -31.912  0.054  -42.622 0.7142857313
82008  -33.480  -0.481  -43.552 0.7142857313
82918  -33.633  0.341  -43.309 0.7142857313
83766  -33.932  1.131  -43.182 0.7142857313
82919  -34.331  0.593  -44.099 0.5714285970
82902  -32.665  0.187  -42.701 0.7142857313
141153  -31.401  -0.436  -42.921 0.5714285970
84663  -34.283  1.967  -43.252 0.5714285970
84674  -34.643  2.182  -44.633 0.5714285970
83751  -32.884  1.172  -42.441 0.8571428657
82917  -31.856  0.829  -42.524 0.8571428657
84654  -33.536  1.988  -42.449 0.7142857313
86471  -33.879  4.112  -41.969 0.8571428657
85571  -34.328  3.534  -42.410 0.5714285970
145724  -33.088  2.875  -42.195 0.8571428657
85569  -32.491  3.705  -42.304 0.8571428657
84653  -32.489  2.283  -42.304 0.8571428657
87409  -33.018  5.536  -42.085 0.8571428657
138948  -33.940  5.906  -41.638 0.8571428657
89204  -33.866  7.401  -41.781 0.8571428657
85570  -33.499  3.551  -42.136 0.8571428657
88338  -33.062  6.440  -42.146 0.8571428657
88337  -32.473  7.046  -42.664 1.0000000000
149748  -33.150  7.246  -42.241 1.0000000000
87424  -32.151  5.324  -42.548 0.8571428657
89211  -32.633  7.836  -42.724 1.0000000000
88350  -32.327  6.211  -42.597 1.0000000000
90102  -32.740  8.720  -42.816 1.0000000000
91923  -31.602  10.703  -43.967 0.7142857313
162286  -32.229  8.299  -43.157 1.0000000000
91016  -32.470  9.579  -43.222 1.0000000000
94363  -33.142  13.509  -43.604 1.0000000000
94362  -32.332  13.089  -43.953 0.8571428657
96059  -33.096  15.341  -44.102 0.8571428657
95215  -32.736  14.587  -44.006 1.0000000000
97661  -33.652  17.753  -45.107 0.8571428657
97644  -33.273  17.002  -44.692 0.8571428657
149293  -33.740  16.555  -44.313 1.0000000000
145781  -33.858  19.418  -46.620 0.8571428657
99257  -34.362  19.135  -45.856 0.8571428657
148579  -32.897  19.385  -46.746 0.7142857313
98460  -31.656  19.092  -46.027 0.5714285970
99289  -32.379  19.890  -47.413 0.7142857313
100132  -33.751  20.252  -47.970 0.5714285970
100115  -30.756  20.634  -46.426 0.5714285970
99271  -31.177  19.944  -46.509 0.5714285970
100951  -30.612  21.119  -46.060 0.4285714328
101735  -31.837  21.905  -47.094 0.4285714328
100970  -31.826  21.888  -47.948 0.4285714328
101712  -31.570  21.981  -44.098 0.2857142985
101692  -31.696  22.201  -42.891 0.2857142985
100941  -31.013  21.793  -45.000 0.2857142985
71938  -28.606  -11.216  -40.340 0.2857142985
79141  -32.877  -3.768  -43.012 0.5714285970
85581  -34.593  2.844  -43.418 0.5714285970
87410  -33.839  4.899  -41.782 0.8571428657
88339  -33.651  6.736  -41.799 0.8571428657
91924  -32.907  10.921  -43.256 0.8571428657
100925  -32.917  21.916  -42.166 0.1428571492
72903  -29.072  -10.485  -40.491 0.2857142985
72885  -29.742  -10.229  -39.863 0.2857142985
73850  -30.415  -9.806  -39.494 0.4285714328
156180  -30.945  -8.479  -39.892 0.4285714328
73882  -29.252  -9.412  -41.258 0.2857142985
144071  -31.184  -7.928  -40.090 0.4285714328
75665  -29.766  -8.055  -42.131 0.5714285970
76535  -30.486  -6.614  -42.878 0.2857142985
77381  -31.639  -5.677  -41.828 0.7142857313
79125  -34.210  -3.127  -40.973 0.4285714328
78254  -31.388  -4.489  -43.543 0.7142857313
155354  -31.866  -3.905  -43.589 0.7142857313
79142  -33.394  -3.465  -42.700 0.7142857313
80073  -29.951  -2.522  -44.288 0.5714285970
82017  -35.032  -0.109  -44.595 0.5714285970
161119  -31.160  -1.780  -43.392 0.5714285970
162476  -33.445  -1.147  -43.759 0.7142857313
89212  -33.337  8.026  -42.305 1.0000000000
88349  -31.828  6.874  -43.158 1.0000000000
91015  -31.818  9.793  -43.676 0.8571428657
92738  -31.854  12.116  -44.073 0.7142857313
92725  -32.600  11.800  -43.645 1.0000000000
92726  -33.348  11.623  -43.103 1.0000000000
149960  -33.049  12.205  -43.489 1.0000000000
156840  -33.193  14.183  -43.677 0.8571428657
96060  -33.761  15.874  -43.972 1.0000000000
95196  -33.708  14.954  -43.630 1.0000000000
98472  -32.501  18.969  -46.098 0.7142857313
100963  -31.058  21.282  -46.771 0.7142857313
99272  -31.966  19.555  -46.742 0.5714285970
99288  -31.671  20.171  -47.201 0.7142857313
100130  -31.930  20.581  -47.792 0.7142857313
100106  -30.319  20.608  -45.642 0.4285714328
100942  -31.921  21.726  -45.087 0.2857142985
100953  -31.944  21.656  -45.963 0.4285714328
100148  -32.397  20.857  -48.384 0.4285714328
101742  -32.131  22.355  -47.681 0.4285714328
101703  -32.366  22.674  -43.565 0.2857142985
102414  -32.483  22.292  -45.986 0.4285714328
77398  -30.214  -5.444  -43.746 0.4285714328
77407  -30.580  -4.828  -43.783 0.4285714328
100952  -31.002  21.496  -45.776 0.4285714328
101713  -32.439  22.467  -44.407 0.2857142985
70950  -28.719  -12.953  -39.012 0.4285714328
70978  -28.225  -11.818  -40.133 0.2857142985
70966  -28.272  -12.444  -39.642 0.2857142985
71890  -31.032  -11.905  -37.994 0.4285714328
74800  -29.793  -8.992  -40.870 0.4285714328
74784  -30.754  -8.986  -39.718 0.4285714328
74801  -30.513  -8.524  -40.387 0.4285714328
74815  -29.376  -8.834  -41.828 0.4285714328
75685  -29.781  -7.110  -43.183 0.2857142985
75667  -30.953  -7.058  -41.184 0.4285714328
76545  -30.937  -5.955  -42.968 0.5714285970
77399  -31.042  -5.343  -43.359 0.5714285970
78255  -32.227  -4.171  -43.295 0.5714285970
142309  -33.144  -2.898  -43.642 0.7142857313
80042  -34.392  -2.577  -41.955 0.5714285970
79158  -31.032  -3.797  -43.789 0.7142857313
80061  -32.109  -2.156  -43.405 0.5714285970
84655  -34.015  2.742  -42.474 0.8571428657
86470  -32.927  4.512  -42.126 0.8571428657
155069  -32.190  3.082  -42.363 0.8571428657
90113  -32.045  8.968  -43.379 1.0000000000
92724  -32.094  11.298  -43.777 0.8571428657
98462  -33.992  18.499  -45.475 0.8571428657
99256  -33.438  19.003  -46.006 0.8571428657
99290  -33.321  19.758  -47.413 0.7142857313
100116  -31.284  20.694  -47.151 0.5714285970
138413  -30.457  21.396  -45.259 0.4285714328
100969  -31.614  21.281  -47.683 0.4285714328
101693  -32.516  22.532  -42.848 0.2857142985
73867  -28.815  -9.971  -41.177 0.2857142985
76544  -30.433  -6.018  -43.377 0.2857142985
93531  -32.377  12.471  -43.866 1.0000000000
163444  -33.339  25.210  -48.352 0.2857142985
148055  -33.054  26.235  -47.274 0.1428571492
103175  -32.751  23.808  -48.318 0.2857142985
103180  -33.154  24.525  -48.955 0.2857142985
103170  -33.187  24.743  -46.854 0.1428571492
146560  -32.950  26.197  -46.235 0.1428571492
102430  -32.859  23.156  -46.015 0.1428571492
160246  -32.701  23.427  -46.813 0.2857142985
140874  -33.052  24.084  -46.202 0.1428571492
102443  -32.933  23.017  -50.017 0.2857142985
100984  -37.194  21.933  -48.308 0.2857142985
100993  -34.717  21.834  -49.341 0.2857142985
103854  -33.216  25.446  -45.677 0.1428571492
101746  -32.219  22.320  -48.474 0.2857142985
100151  -35.211  20.865  -48.019 0.2857142985
101757  -33.009  22.334  -49.679 0.2857142985
102438  -32.434  23.066  -48.690 0.2857142985
100119  -37.192  20.483  -46.566 0.1428571492
100971  -35.763  21.377  -48.266 0.2857142985
100992  -33.780  22.169  -49.821 0.2857142985
136952  -33.103  24.883  -46.050 0.1428571492
100980  -33.120  21.614  -49.233 0.2857142985
101756  -32.577  22.639  -49.299 0.2857142985
98467  -39.795  18.756  -45.954 0.1428571492
99277  -38.542  19.896  -45.942 0.1428571492
100134  -36.032  20.922  -47.612 0.4285714328
100149  -33.206  20.833  -48.669 0.2857142985
97648  -37.375  17.562  -44.241 0.2857142985
99259  -36.148  19.482  -45.474 0.4285714328
100133  -34.706  20.399  -47.656 0.2857142985
100979  -32.145  21.489  -48.368 0.2857142985
96061  -38.076  16.016  -44.000 0.1428571492
98465  -37.472  18.824  -44.979 0.2857142985
100117  -35.190  20.138  -46.918 0.4285714328
98448  -35.292  18.255  -44.698 0.5714285970
99273  -34.783  19.627  -46.386 0.7142857313
95199  -37.174  14.832  -43.316 0.1428571492
96864  -37.295  16.219  -43.681 0.1428571492
99258  -35.261  19.316  -45.667 0.7142857313
97647  -36.475  17.725  -44.070 0.4285714328
94346  -37.167  12.883  -42.576 0.2857142985
94365  -37.009  13.833  -42.906 0.7142857313
160299  -34.509  17.997  -44.953 0.7142857313
96050  -35.619  15.790  -43.364 0.8571428657
96879  -35.094  17.164  -43.984 0.5714285970
151697  -37.906  11.091  -42.822 0.2857142985
93534  -37.751  12.308  -42.833 0.2857142985
96862  -35.352  16.454  -43.597 0.7142857313
97660  -32.720  17.564  -45.178 0.5714285970
96878  -34.466  16.518  -43.935 0.8571428657
91925  -37.829  10.406  -42.891 0.1428571492
94345  -36.313  13.245  -42.430 0.7142857313
91010  -37.607  9.464  -42.997 0.1428571492
88356  -29.813  6.433  -44.627 0.5714285970
90112  -31.689  8.329  -43.549 0.8571428657
90111  -31.028  8.383  -44.003 0.4285714328
91014  -31.408  9.123  -43.846 0.5714285970
93532  -33.092  12.789  -43.553 0.8571428657
147927  -34.459  10.829  -42.247 0.8571428657
93533  -33.871  13.233  -43.134 0.8571428657
91009  -36.893  9.319  -42.260 0.2857142985
143788  -34.817  12.121  -42.255 0.8571428657
94344  -35.410  13.511  -42.514 0.8571428657
96049  -34.693  15.660  -43.503 0.8571428657
90114  -37.089  7.844  -43.125 0.4285714328
150866  -36.289  10.864  -41.883 0.7142857313
93513  -35.592  12.728  -42.188 0.7142857313
88348  -31.135  6.736  -43.640 0.5714285970
155968  -30.008  7.099  -44.473 0.5714285970
89219  -32.042  7.658  -43.178 0.8571428657
91911  -33.421  10.219  -42.704 0.8571428657
145573  -33.717  10.897  -42.664 0.8571428657
92704  -34.163  11.512  -42.496 0.8571428657
93511  -33.806  12.356  -42.898 0.8571428657
145138  -35.474  8.752  -41.767 0.4285714328
91007  -34.831  9.538  -41.905 0.8571428657
92705  -35.093  11.243  -42.002 0.8571428657
147522  -36.571  7.621  -42.472 0.4285714328
83780  -29.988  1.224  -44.881 0.7142857313
84673  -29.975  2.212  -45.056 0.4285714328
83763  -30.397  0.842  -43.632 0.7142857313
84661  -30.756  2.323  -42.986 0.8571428657
154903  -30.306  3.521  -44.073 0.5714285970
86500  -30.095  4.915  -44.435 0.5714285970
154338  -29.426  4.754  -45.360 0.4285714328
86485  -31.126  4.318  -43.127 0.8571428657
141202  -30.722  5.043  -43.707 0.5714285970
87440  -30.281  5.745  -44.233 0.5714285970
86486  -31.892  4.455  -42.577 0.8571428657
87423  -31.396  5.173  -43.099 0.7142857313
142920  -30.934  5.880  -43.643 0.5714285970
88330  -34.418  6.710  -41.561 0.7142857313
90104  -34.451  8.857  -41.894 0.7142857313
91006  -33.908  9.544  -42.283 0.8571428657
87426  -36.172  5.624  -43.389 0.2857142985
88332  -36.188  6.984  -42.119 0.4285714328
89206  -35.492  7.462  -41.685 0.5714285970
81076  -30.666  -1.005  -43.454 0.4285714328
82928  -30.039  0.307  -44.436 0.4285714328
162582  -29.744  1.666  -45.562 0.4285714328
83765  -31.665  1.808  -42.494 0.7142857313
84662  -31.493  2.781  -42.588 0.7142857313
87411  -34.719  5.152  -41.753 0.7142857313
87425  -35.754  4.967  -43.295 0.2857142985
87412  -35.511  5.394  -42.198 0.5714285970
88340  -35.002  6.000  -41.571 0.5714285970
81075  -30.300  -1.827  -43.877 0.4285714328
140155  -29.283  -1.152  -45.198 0.5714285970
82007  -30.559  -0.048  -43.467 0.5714285970
86473  -35.272  4.558  -42.516 0.4285714328
86487  -35.274  4.135  -43.676 0.4285714328
146208  -30.035  -3.692  -44.256 0.5714285970
81060  -35.123  -1.287  -43.083 0.4285714328
82009  -35.303  -0.470  -44.258 0.4285714328
83782  -35.196  1.601  -45.068 0.4285714328
83767  -34.513  1.279  -44.309 0.4285714328
83792  -34.925  2.142  -45.222 0.4285714328
149544  -31.778  -7.848  -39.601 0.1428571492
82920  -35.576  0.237  -44.387 0.4285714328
82930  -35.258  0.846  -44.785 0.4285714328
83783  -35.694  1.463  -44.884 0.4285714328
76513  -32.164  -6.247  -40.309 0.1428571492
77362  -32.856  -5.812  -39.917 0.1428571492
79124  -33.714  -3.668  -40.959 0.2857142985
139004  -35.411  -1.096  -41.293 0.2857142985
81984  -36.236  0.608  -41.455 0.2857142985
81972  -35.842  -0.257  -41.156 0.2857142985
81052  -34.956  -1.804  -41.495 0.4285714328
82889  -36.173  0.686  -42.726 0.2857142985
82888  -35.746  -0.023  -42.460 0.2857142985
81053  -35.097  -1.307  -42.101 0.2857142985
82903  -35.750  0.019  -43.661 0.4285714328
76503  -32.603  -6.663  -39.667 0.1428571492
77371  -33.132  -4.980  -40.181 0.2857142985
80025  -35.073  -2.802  -39.910 0.2857142985
81040  -35.401  -1.702  -40.590 0.2857142985
80034  -34.837  -2.459  -40.720 0.2857142985
76504  -33.316  -6.258  -39.328 0.1428571492
79102  -34.937  -3.904  -39.081 0.2857142985
77363  -33.545  -5.395  -39.534 0.2857142985
137610  -34.401  -3.976  -39.592 0.2857142985
78218  -33.873  -4.509  -39.758 0.2857142985
77370  -32.475  -5.446  -40.600 0.2857142985
79115  -34.732  -3.433  -39.715 0.2857142985
160935  -30.563  -10.762  -38.804 0.2857142985
74785  -31.406  -8.528  -39.464 0.1428571492
74786  -32.150  -8.196  -39.104 0.1428571492
69995  -29.229  -13.498  -38.418 0.2857142985
144415  -28.354  -13.721  -38.776 0.2857142985
73837  -31.786  -9.677  -38.447 0.2857142985
69996  -29.993  -12.999  -38.158 0.1428571492
69994  -27.560  -13.895  -39.061 0.2857142985
69084  -27.938  -14.444  -38.566 0.1428571492
77364  -34.190  -5.045  -39.141 0.2857142985
81041  -35.867  -0.966  -40.378 0.2857142985
81997  -35.447  -0.687  -43.458 0.4285714328
83752  -36.565  1.461  -42.942 0.2857142985
155656  -30.327  2.736  -43.914 0.7142857313
82921  -35.904  0.924  -44.445 0.4285714328
83781  -34.858  1.429  -44.957 0.4285714328
85582  -34.976  3.715  -42.906 0.4285714328
88341  -35.811  6.158  -42.092 0.5714285970
96877  -32.932  16.058  -44.417 0.7142857313
90094  -35.043  8.126  -41.622 0.7142857313
94364  -33.965  14.082  -43.308 0.8571428657
98461  -33.073  18.353  -45.590 0.5714285970
97645  -34.246  17.234  -44.501 0.7142857313
89213  -36.771  6.895  -43.039 0.2857142985
163518  -34.617  14.231  -43.035 0.8571428657
93514  -36.519  12.451  -42.190 0.5714285970
96880  -36.866  17.004  -43.753 0.4285714328
98450  -36.972  18.275  -44.534 0.4285714328
100135  -36.866  20.941  -47.264 0.2857142985
99276  -37.600  20.025  -45.891 0.1428571492
101767  -33.403  22.747  -50.208 0.2857142985
70935  -30.707  -12.702  -37.826 0.1428571492
146003  -27.562  -12.786  -39.711 0.2857142985
71910  -31.362  -11.127  -38.112 0.1428571492
74772  -31.889  -8.905  -38.803 0.1428571492
75642  -32.387  -7.467  -39.384 0.1428571492
76493  -33.764  -6.703  -38.760 0.1428571492
77350  -33.953  -5.854  -38.945 0.1428571492
78227  -32.793  -4.687  -40.922 0.2857142985
79114  -34.120  -3.699  -40.233 0.2857142985
158328  -34.597  -3.104  -40.295 0.2857142985
81031  -35.968  -1.710  -39.743 0.2857142985
82014  -29.841  -1.122  -44.426 0.5714285970
83791  -29.477  1.189  -45.816 0.2857142985
83739  -36.654  1.422  -41.651 0.2857142985
136047  -30.315  1.783  -43.806 0.7142857313
83764  -30.882  1.343  -42.904 0.5714285970
85591  -29.516  3.760  -45.621 0.4285714328
84672  -30.010  3.194  -44.896 0.5714285970
144618  -36.348  1.233  -43.920 0.4285714328
89231  -29.418  7.173  -44.943 0.2857142985
87439  -29.607  5.642  -44.890 0.5714285970
83768  -36.260  1.555  -44.436 0.2857142985
82929  -34.781  0.624  -44.681 0.4285714328
141203  -30.491  4.215  -43.821 0.7142857313
84675  -35.415  2.160  -45.264 0.1428571492
85602  -34.769  3.098  -45.497 0.4285714328
85593  -34.649  2.938  -44.894 0.4285714328
85594  -34.713  3.434  -45.330 0.1428571492
91005  -33.120  9.506  -42.719 0.8571428657
86501  -34.748  3.945  -45.071 0.1428571492
88342  -36.415  6.185  -42.824 0.2857142985
90105  -35.972  7.908  -41.884 0.5714285970
91913  -35.275  10.294  -41.905 0.7142857313
95197  -34.611  14.735  -43.227 0.8571428657
90115  -37.413  8.642  -43.504 0.2857142985
101724  -32.489  22.075  -45.298 0.2857142985
90107  -37.214  8.720  -42.774 0.4285714328
91926  -38.252  10.898  -43.427 0.1428571492
96051  -36.302  15.378  -43.261 0.5714285970
92727  -38.109  11.612  -43.137 0.1428571492
96053  -37.955  14.830  -43.620 0.1428571492
102415  -33.299  23.744  -45.230 0.1428571492
97629  -35.956  17.129  -43.692 0.5714285970
95200  -37.887  14.132  -43.419 0.1428571492
96881  -37.748  16.806  -44.049 0.1428571492
100118  -36.164  20.422  -46.835 0.2857142985
99275  -36.640  20.024  -45.996 0.2857142985
98451  -37.843  18.117  -44.683 0.2857142985
98452  -38.497  17.928  -44.993 0.1428571492
146686  -39.159  18.130  -45.462 0.1428571492
99262  -38.896  19.098  -45.636 0.1428571492
100972  -36.601  21.453  -47.919 0.2857142985
100985  -38.119  21.877  -48.160 0.2857142985
100974  -38.314  21.349  -47.572 0.1428571492
100137  -38.627  20.832  -47.090 0.1428571492
71891  -31.740  -11.699  -37.591 0.1428571492
75630  -32.843  -7.845  -38.815 0.1428571492
155345  -36.240  -0.313  -40.157 0.2857142985
87442  -35.575  5.281  -44.399 0.2857142985
100122  -40.031  20.170  -46.854 0.1428571492
101750  -37.831  22.306  -48.836 0.2857142985
70951  -29.473  -12.571  -38.689 0.2857142985
70952  -30.228  -12.155  -38.367 0.1428571492
75641  -31.810  -7.134  -40.016 0.1428571492
78236  -33.208  -4.051  -41.355 0.2857142985
81059  -34.772  -1.845  -42.568 0.4285714328
82916  -31.118  0.436  -42.896 0.5714285970
155808  -31.598  3.637  -42.635 0.7142857313
90093  -34.132  8.141  -41.830 0.7142857313
89218  -31.387  7.579  -43.629 0.8571428657
140091  -31.611  6.031  -43.102 0.8571428657
90103  -33.581  8.814  -42.295 0.8571428657
161871  -32.831  10.138  -43.095 0.8571428657
149674  -34.868  18.673  -45.302 0.7142857313
99291  -34.282  19.867  -47.199 0.5714285970
100131  -32.792  20.252  -48.064 0.2857142985
86472  -34.542  4.317  -42.116 0.4285714328
138983  -30.637  -4.238  -43.890 0.5714285970
102429  -32.422  22.684  -46.888 0.2857142985
142078  -32.660  21.270  -48.796 0.2857142985
102433  -32.433  23.116  -47.745 0.2857142985
103176  -33.194  24.632  -47.837 0.2857142985
103872  -33.297  25.382  -47.469 0.1428571492
103866  -33.113  25.497  -46.443 0.1428571492
102434  -32.849  23.998  -47.277 0.2857142985
103185  -33.291  24.092  -49.972 0.2857142985
102439  -32.751  23.482  -49.289 0.2857142985
100983  -36.269  21.932  -48.672 0.2857142985
101758  -34.779  22.445  -50.047 0.2857142985
103156  -33.391  24.659  -45.371 0.1428571492
100150  -34.266  20.804  -48.397 0.2857142985
151283  -35.477  20.541  -47.406 0.2857142985
101747  -32.591  21.889  -49.048 0.2857142985
100136  -37.755  20.928  -47.083 0.1428571492
100120  -38.137  20.467  -46.465 0.1428571492
100981  -33.940  21.423  -49.052 0.2857142985
99278  -39.462  19.630  -46.194 0.1428571492
99261  -37.991  19.369  -45.441 0.1428571492
100121  -39.061  20.327  -46.587 0.1428571492
100973  -37.463  21.451  -47.663 0.1428571492
97649  -38.258  17.342  -44.580 0.1428571492
98463  -35.703  18.888  -45.039 0.5714285970
99274  -35.700  19.868  -46.172 0.5714285970
96882  -38.441  16.518  -44.486 0.1428571492
96052  -37.668  15.465  -43.645 0.1428571492
99260  -37.065  19.473  -45.423 0.2857142985
98466  -38.322  18.599  -45.159 0.2857142985
98464  -36.569  18.937  -44.929 0.4285714328
98449  -36.099  18.387  -44.459 0.5714285970
162276  -34.948  17.691  -44.442 0.7142857313
95187  -36.228  14.573  -43.001 0.4285714328
96863  -36.335  16.261  -43.483 0.5714285970
158299  -36.047  13.917  -42.676 0.7142857313
95198  -35.444  15.091  -43.164 0.7142857313
92707  -36.838  11.675  -42.093 0.5714285970
91914  -36.327  9.981  -41.923 0.4285714328
93512  -34.654  12.965  -42.563 0.8571428657
88357  -30.462  6.564  -44.123 0.5714285970
91023  -30.750  9.292  -44.321 0.4285714328
89225  -30.586  7.522  -44.135 0.4285714328
91912  -34.237  10.227  -42.277 0.8571428657
91008  -35.917  9.390  -41.830 0.4285714328
90106  -36.547  8.482  -42.246 0.5714285970
92706  -35.850  11.861  -41.931 0.8571428657
142635  -30.784  3.373  -43.193 0.7142857313
85592  -30.011  4.056  -44.711 0.4285714328
88331  -35.328  6.788  -41.639 0.5714285970
157166  -30.065  -0.433  -44.119 0.5714285970
82024  -29.640  -0.290  -45.111 0.5714285970
143542  -34.861  3.409  -44.245 0.4285714328
144965  -35.264  4.537  -44.390 0.2857142985
81983  -35.412  -0.744  -42.243 0.2857142985
84687  -34.774  2.707  -45.285 0.4285714328
78228  -33.463  -4.248  -40.548 0.2857142985
82904  -36.108  0.684  -43.794 0.4285714328
76492  -33.111  -7.096  -39.112 0.1428571492
80035  -35.388  -2.231  -40.076 0.2857142985
78219  -34.434  -4.417  -39.270 0.2857142985
69980  -29.862  -13.739  -37.847 0.1428571492
69085  -28.736  -14.299  -38.278 0.1428571492
69982  -31.086  -13.347  -37.365 0.1428571492
145549  -31.943  -11.066  -37.659 0.1428571492
102402  -33.422  23.625  -44.381 0.1428571492
96876  -31.939  15.664  -44.624 0.5714285970
157984  -30.639  13.888  -44.753 0.4285714328
96057  -31.326  14.565  -44.571 0.4285714328
95213  -31.106  13.660  -44.532 0.4285714328
96058  -32.307  15.066  -44.356 0.5714285970
92736  -30.636  11.952  -44.631 0.4285714328
93548  -31.574  12.769  -44.291 0.4285714328
155342  -30.859  12.802  -44.550 0.4285714328
94383  -31.673  13.380  -44.297 0.5714285970
95195  -32.440  13.801  -43.949 0.5714285970
95214  -31.899  14.148  -44.305 0.5714285970
91024  -31.169  10.021  -44.173 0.5714285970
82877  -36.839  1.222  -40.469 0.1428571492
151184  -29.437  -7.768  -42.866 0.2857142985
83718  -38.693  1.394  -39.119 0.1428571492
140398  -37.110  0.840  -39.575 0.1428571492
83729  -37.677  1.523  -39.629 0.1428571492
83719  -39.822  1.326  -39.308 0.1428571492
81958  -36.550  -0.860  -39.529 0.1428571492
82833  -37.848  0.010  -38.477 0.1428571492
82862  -37.475  0.427  -38.911 0.1428571492
82864  -40.272  0.473  -39.202 0.1428571492
82834  -38.436  0.537  -38.625 0.1428571492
81985  -41.532  -0.781  -41.456 0.1428571492
81973  -40.780  -0.029  -39.860 0.1428571492
82890  -41.568  0.068  -41.268 0.1428571492
74824  -29.176  -8.368  -42.544 0.2857142985
140653  -27.738  -8.305  -42.640 0.2857142985
80013  -35.992  -2.793  -38.891 0.1428571492
80014  -36.723  -2.275  -38.466 0.1428571492
80027  -36.229  -2.195  -39.160 0.1428571492
80026  -35.665  -2.487  -39.512 0.1428571492
81004  -36.655  -1.598  -39.026 0.1428571492
81929  -38.580  -0.300  -38.144 0.1428571492
81928  -37.673  -0.614  -38.307 0.1428571492
154721  -39.200  0.127  -38.428 0.1428571492
81960  -40.477  -0.364  -39.062 0.1428571492
81043  -40.853  -1.542  -40.687 0.1428571492
81054  -41.302  -1.422  -41.345 0.1428571492
81974  -41.167  -0.632  -40.695 0.1428571492
74814  -28.575  -8.788  -42.424 0.2857142985
73880  -27.794  -9.298  -42.139 0.2857142985
78208  -35.372  -4.256  -38.390 0.1428571492
79104  -36.369  -3.110  -38.216 0.1428571492
81909  -39.063  -1.021  -37.715 0.1428571492
81005  -37.328  -1.446  -38.248 0.1428571492
81931  -40.162  -0.677  -38.494 0.1428571492
156813  -40.756  -0.923  -39.820 0.1428571492
81032  -40.501  -1.294  -38.864 0.1428571492
80052  -42.048  -2.075  -42.290 0.1428571492
156529  -41.545  -1.968  -41.810 0.1428571492
78207  -34.752  -4.667  -38.751 0.1428571492
79085  -35.998  -3.833  -37.928 0.1428571492
78197  -35.751  -4.598  -37.713 0.1428571492
79087  -37.506  -3.122  -37.002 0.1428571492
79086  -36.705  -3.450  -37.456 0.1428571492
79991  -39.714  -2.516  -37.351 0.1428571492
79988  -37.066  -2.690  -37.683 0.1428571492
80975  -39.995  -2.027  -37.736 0.1428571492
155116  -37.876  -1.660  -37.632 0.1428571492
81006  -39.952  -1.293  -37.993 0.1428571492
81042  -40.573  -1.804  -39.908 0.1428571492
80037  -41.052  -2.173  -41.385 0.1428571492
77343  -35.573  -5.407  -37.527 0.1428571492
79074  -37.982  -3.700  -36.540 0.1428571492
79073  -37.124  -3.872  -36.796 0.1428571492
78198  -36.391  -4.188  -37.254 0.1428571492
79972  -38.427  -3.002  -36.765 0.1428571492
79106  -40.297  -2.755  -38.407 0.1428571492
79088  -40.135  -3.388  -37.590 0.1428571492
137671  -40.262  -2.573  -40.136 0.1428571492
80016  -40.315  -2.011  -38.252 0.1428571492
80036  -40.539  -2.354  -40.815 0.1428571492
78185  -38.561  -4.871  -36.159 0.1428571492
78183  -36.810  -4.526  -36.713 0.1428571492
136040  -40.024  -4.265  -37.241 0.1428571492
155295  -39.205  -4.453  -36.454 0.1428571492
79118  -40.180  -2.928  -39.407 0.1428571492
79075  -38.892  -3.701  -36.511 0.1428571492
79990  -38.901  -2.336  -37.059 0.1428571492
80973  -38.578  -1.669  -37.456 0.1428571492
80044  -41.675  -2.869  -41.930 0.1428571492
80053  -42.305  -2.879  -42.470 0.1428571492
82835  -39.912  0.008  -38.619 0.1428571492
82876  -36.469  0.392  -40.357 0.1428571492
84636  -37.508  2.079  -40.555 0.1428571492
72910  -28.219  -9.952  -41.637 0.2857142985
80043  -40.748  -2.962  -41.471 0.1428571492
92737  -31.370  11.629  -44.243 0.4285714328
81061  -41.786  -1.357  -41.924 0.1428571492
82878  -40.666  0.954  -39.974 0.1428571492
96875  -31.481  16.284  -44.815 0.4285714328
96891  -31.823  17.296  -45.126 0.4285714328
101751  -38.878  22.197  -48.836 0.1428571492
97643  -32.354  16.674  -44.794 0.4285714328
73881  -28.693  -9.450  -41.833 0.2857142985
101760  -37.492  22.586  -49.461 0.1428571492
79116  -35.355  -3.171  -39.306 0.1428571492
77351  -34.556  -5.450  -38.552 0.1428571492
79103  -35.649  -3.504  -38.632 0.1428571492
84664  -36.680  1.877  -43.664 0.1428571492
140299  -36.047  1.956  -44.960 0.1428571492
82861  -36.782  0.059  -39.528 0.1428571492
83717  -37.827  1.045  -39.019 0.1428571492
82863  -39.425  0.714  -38.767 0.1428571492
83730  -38.377  2.000  -39.710 0.1428571492
83731  -39.303  2.047  -39.625 0.1428571492
81927  -37.064  -0.996  -38.827 0.1428571492
81959  -37.193  -0.306  -38.890 0.1428571492
143974  -41.131  0.248  -40.507 0.1428571492
80972  -38.208  -1.026  -37.791 0.1428571492
81930  -39.535  -0.507  -38.183 0.1428571492
80015  -37.371  -2.063  -37.837 0.1428571492
80974  -39.386  -1.783  -37.493 0.1428571492
80028  -40.433  -2.203  -39.101 0.1428571492
77352  -35.168  -5.041  -38.169 0.1428571492
77344  -36.198  -4.937  -37.040 0.1428571492
79992  -40.162  -2.539  -37.833 0.1428571492
79989  -37.945  -2.317  -37.260 0.1428571492
142575  -38.443  -4.238  -36.350 0.1428571492
79105  -40.153  -3.530  -38.698 0.1428571492
161149  -39.912  -3.154  -40.357 0.1428571492
79973  -39.375  -3.078  -36.819 0.1428571492
79076  -39.709  -3.929  -36.793 0.1428571492
142269  -26.246  -14.472  -38.823 0.1428571492
69993  -26.807  -13.945  -39.229 0.1428571492
69992  -25.461  -13.862  -38.884 0.1428571492
147556  -26.178  -13.796  -39.217 0.1428571492
70011  -27.217  -13.345  -39.496 0.1428571492
70010  -26.527  -13.301  -39.516 0.1428571492
70965  -26.938  -12.741  -39.857 0.1428571492
71936  -27.089  -11.513  -40.670 0.1428571492
147473  -26.257  -11.346  -40.543 0.1428571492
72908  -26.742  -10.262  -41.297 0.1428571492
71937  -27.857  -11.408  -40.648 0.1428571492
72902  -28.237  -10.647  -41.094 0.1428571492
71935  -25.289  -10.934  -40.204 0.1428571492
72900  -25.905  -10.378  -40.796 0.1428571492
72909  -27.548  -10.119  -41.573 0.1428571492
73878  -25.661  -8.630  -41.333 0.1428571492
74812  -25.587  -7.670  -41.728 0.1428571492
75676  -26.877  -7.521  -42.722 0.1428571492
148825  -26.893  -8.422  -42.283 0.1428571492
151936  -27.619  -7.541  -43.074 0.2857142985
75677  -28.534  -7.954  -42.982 0.1428571492
75683  -28.034  -7.134  -43.473 0.1428571492
138492  -26.990  -6.562  -43.243 0.2857142985
76543  -29.719  -6.023  -43.712 0.2857142985
80084  -29.071  -2.527  -44.752 0.4285714328
81086  -29.485  -1.866  -44.670 0.4285714328
91932  -30.902  11.000  -44.462 0.2857142985
148791  -29.758  14.235  -45.239 0.2857142985
95234  -30.454  14.587  -44.883 0.2857142985
157958  -31.150  15.330  -44.714 0.2857142985
140742  -30.629  15.731  -44.883 0.4285714328
76540  -26.222  -5.869  -42.846 0.1428571492
76541  -27.656  -6.357  -43.637 0.2857142985
149866  -29.312  -6.619  -43.563 0.1428571492
71925  -25.797  -11.897  -40.076 0.1428571492
74823  -26.148  -7.574  -42.266 0.1428571492
75675  -26.143  -6.666  -42.593 0.1428571492
76549  -26.718  -5.562  -43.424 0.2857142985
76542  -28.436  -6.556  -43.684 0.2857142985
76550  -27.194  -5.817  -43.638 0.2857142985
76551  -27.850  -5.717  -43.916 0.2857142985
76552  -28.822  -5.946  -43.880 0.2857142985
77406  -29.273  -5.270  -44.027 0.2857142985
78262  -29.984  -4.381  -44.136 0.4285714328
161161  -29.310  -3.406  -44.511 0.4285714328
80082  -28.198  -2.266  -44.828 0.2857142985
90119  -30.290  8.535  -44.442 0.2857142985
91022  -30.072  9.482  -44.759 0.2857142985
147929  -30.497  10.233  -44.637 0.2857142985
91931  -30.138  11.245  -44.998 0.2857142985
93547  -31.108  12.397  -44.430 0.2857142985
94399  -29.794  13.322  -45.166 0.2857142985
94397  -29.142  13.556  -45.534 0.2857142985
162785  -29.934  10.324  -45.061 0.2857142985
90127  -28.943  9.037  -45.540 0.2857142985
92744  -29.522  11.777  -45.506 0.2857142985
93559  -29.487  12.592  -45.470 0.2857142985
92745  -30.018  12.267  -45.060 0.2857142985
93546  -30.456  12.621  -44.735 0.2857142985
94398  -29.362  13.145  -45.461 0.2857142985
95212  -30.424  13.372  -44.766 0.2857142985
91938  -28.830  11.172  -45.938 0.2857142985
92754  -28.955  12.139  -45.940 0.2857142985
79157  -29.549  -3.064  -44.487 0.4285714328
72901  -27.391  -10.862  -41.097 0.1428571492
136337  -29.920  -4.928  -43.996 0.4285714328
70977  -27.513  -12.147  -40.179 0.1428571492
94381  -30.347  13.002  -44.763 0.2857142985
73879  -26.693  -9.277  -41.732 0.1428571492
70964  -26.191  -12.646  -39.799 0.1428571492
70976  -26.641  -12.103  -40.263 0.1428571492
160867  -26.708  -10.923  -40.928 0.1428571492
73866  -26.059  -9.618  -41.218 0.1428571492
73865  -25.322  -9.351  -40.746 0.1428571492
79156  -28.728  -3.174  -44.638 0.4285714328
95232  -29.437  13.803  -45.411 0.2857142985
78261  -29.131  -3.905  -44.450 0.4285714328
137874  -28.438  12.450  -46.248 0.2857142985
82023  -29.076  -0.480  -45.568 0.2857142985
82937  -29.709  0.560  -45.296 0.2857142985
103906  -36.177  25.144  -52.348 0.1428571492
103205  -36.674  25.011  -52.661 0.1428571492
102459  -35.488  24.014  -51.826 0.1428571492
101770  -36.581  23.025  -50.497 0.1428571492
101759  -36.790  22.678  -49.750 0.1428571492
103899  -36.278  25.574  -51.961 0.1428571492
102451  -35.805  23.347  -51.140 0.1428571492
102448  -33.587  23.375  -50.519 0.1428571492
104559  -33.060  26.648  -50.000 0.1428571492
82936  -29.269  0.370  -45.677 0.2857142985
147246  -37.560  22.966  -50.277 0.1428571492
102461  -37.338  23.923  -52.054 0.1428571492
101749  -36.960  22.368  -48.974 0.1428571492
144319  -36.915  23.395  -51.204 0.1428571492
151323  -35.456  21.722  -48.849 0.1428571492
154740  -36.285  22.369  -49.335 0.1428571492
103193  -34.315  24.638  -51.160 0.1428571492
104561  -33.731  25.695  -50.287 0.1428571492
103192  -33.802  24.283  -50.719 0.1428571492
103876  -33.255  25.486  -49.280 0.1428571492
157621  -33.175  25.966  -48.399 0.1428571492
101768  -34.108  22.939  -50.661 0.1428571492
102471  -35.986  24.390  -52.178 0.1428571492
146545  -35.554  25.431  -51.563 0.1428571492
102460  -36.298  23.882  -51.884 0.1428571492
102450  -34.847  23.553  -51.237 0.1428571492
102458  -34.893  24.313  -51.535 0.1428571492
103892  -35.875  25.748  -50.994 0.1428571492
102449  -34.217  23.810  -51.028 0.1428571492
91031  -28.801  10.081  -45.786 0.1428571492
91032  -29.452  9.738  -45.251 0.1428571492
91939  -29.464  10.754  -45.460 0.1428571492
93570  -28.905  12.878  -45.812 0.1428571492
94410  -26.718  13.581  -46.559 0.1428571492
95245  -27.640  14.136  -46.050 0.1428571492
90118  -29.575  8.779  -44.921 0.1428571492
94412  -28.761  13.412  -45.751 0.1428571492
96071  -27.298  15.212  -45.764 0.1428571492
96072  -27.948  15.195  -45.687 0.1428571492
96887  -27.526  15.925  -45.525 0.2857142985
85611  -29.096  3.439  -46.497 0.1428571492
155003  -28.712  7.237  -45.712 0.1428571492
151769  -28.073  10.390  -46.526 0.1428571492
95231  -28.818  13.962  -45.636 0.1428571492
156109  -29.297  15.380  -45.278 0.1428571492
145121  -28.650  15.223  -45.525 0.1428571492
96888  -28.226  16.045  -45.402 0.2857142985
140425  -29.459  17.115  -44.860 0.2857142985
100094  -29.451  20.324  -44.691 0.2857142985
100093  -28.913  20.336  -44.186 0.2857142985
100095  -29.933  21.037  -44.833 0.2857142985
102401  -33.026  22.824  -45.067 0.1428571492
100912  -30.953  21.433  -41.162 0.1428571492
144963  -30.942  16.911  -44.939 0.2857142985
96889  -29.011  16.133  -45.140 0.2857142985
154712  -30.359  17.757  -44.992 0.2857142985
159949  -31.489  18.606  -45.650 0.2857142985
98459  -30.016  18.778  -45.216 0.2857142985
99244  -29.121  19.509  -44.486 0.2857142985
99255  -30.909  19.074  -45.526 0.2857142985
99253  -29.649  19.531  -45.060 0.2857142985
144700  -30.677  21.680  -44.447 0.1428571492
100921  -28.929  21.387  -42.859 0.2857142985
101704  -33.058  22.911  -43.456 0.1428571492
158578  -28.525  20.264  -43.721 0.1428571492
99237  -28.218  19.736  -43.419 0.1428571492
97656  -27.283  16.430  -45.250 0.2857142985
100932  -28.845  21.023  -43.654 0.2857142985
100940  -30.073  21.698  -44.054 0.1428571492
100933  -29.480  21.708  -43.387 0.2857142985
100923  -30.294  21.729  -42.071 0.1428571492
100911  -29.508  21.539  -41.513 0.1428571492
96885  -26.577  15.621  -45.429 0.2857142985
100078  -28.256  20.781  -40.433 0.1428571492
100901  -30.534  21.349  -40.344 0.1428571492
95191  -25.402  15.224  -43.618 0.1428571492
89220  -36.974  7.924  -44.171 0.1428571492
88367  -29.181  6.400  -45.277 0.1428571492
90126  -28.515  8.284  -45.972 0.1428571492
137571  -36.639  7.009  -43.976 0.1428571492
91044  -28.304  9.286  -46.229 0.1428571492
91946  -27.585  10.944  -46.945 0.1428571492
139453  -27.481  11.567  -46.951 0.1428571492
92753  -27.777  12.319  -46.682 0.1428571492
163067  -28.636  13.750  -45.717 0.1428571492
96070  -26.683  15.178  -45.696 0.1428571492
145936  -28.404  14.493  -45.702 0.1428571492
96886  -26.938  15.825  -45.520 0.2857142985
97658  -28.634  16.920  -44.938 0.1428571492
97642  -29.006  17.807  -44.659 0.1428571492
148806  -29.662  17.980  -44.844 0.2857142985
98446  -28.654  18.599  -44.311 0.1428571492
98447  -29.352  18.676  -44.734 0.1428571492
100899  -29.071  21.525  -41.115 0.1428571492
100081  -28.556  21.231  -41.913 0.2857142985
100935  -30.890  21.730  -43.509 0.1428571492
136885  -31.346  21.880  -41.984 0.1428571492
88351  -36.355  6.149  -43.753 0.1428571492
99270  -30.588  19.976  -45.997 0.2857142985
154959  -30.911  21.699  -42.673 0.1428571492
100105  -29.873  20.266  -45.187 0.2857142985
161411  -30.269  21.449  -44.654 0.2857142985
87459  -28.963  5.608  -45.616 0.1428571492
86511  -28.755  4.983  -46.024 0.1428571492
159296  -32.088  18.267  -45.604 0.2857142985
89224  -29.794  7.851  -44.626 0.1428571492
87441  -34.742  4.574  -45.466 0.1428571492
96073  -29.150  14.490  -45.486 0.1428571492
146381  -29.845  15.060  -45.135 0.1428571492
137870  -28.188  11.582  -46.500 0.1428571492
138566  -27.216  10.211  -47.150 0.1428571492
91043  -27.575  9.409  -46.822 0.1428571492
93569  -28.162  13.127  -46.259 0.1428571492
94411  -27.518  13.665  -46.341 0.1428571492
95229  -27.099  14.645  -46.005 0.1428571492
95246  -28.238  14.073  -45.819 0.1428571492
151012  -29.139  8.053  -45.245 0.1428571492
95230  -27.761  14.567  -45.846 0.1428571492
97657  -27.856  16.730  -45.130 0.2857142985
96890  -29.936  16.281  -45.001 0.2857142985
100939  -29.409  21.089  -44.183 0.2857142985
100089  -28.343  20.633  -43.207 0.1428571492
100913  -31.790  21.906  -41.188 0.1428571492
97659  -31.294  18.001  -45.322 0.2857142985
99243  -28.590  19.560  -43.991 0.1428571492
99254  -30.189  19.688  -45.519 0.2857142985
100934  -30.104  22.141  -43.072 0.1428571492
100910  -28.951  21.597  -41.971 0.2857142985
102392  -33.603  23.352  -43.798 0.1428571492
100922  -29.531  21.834  -42.481 0.2857142985
97641  -28.264  17.589  -44.609 0.1428571492
141594  -30.203  21.155  -41.120 0.1428571492
77395  -25.428  -5.099  -42.357 0.1428571492
77403  -26.790  -4.960  -43.624 0.1428571492
78259  -27.257  -4.545  -43.950 0.1428571492
78252  -25.291  -4.368  -42.448 0.1428571492
80060  -25.793  -3.061  -43.230 0.1428571492
80070  -26.238  -2.791  -43.632 0.1428571492
79154  -26.955  -3.816  -43.896 0.1428571492
156745  -26.066  -2.068  -43.623 0.1428571492
78260  -27.701  -4.149  -44.226 0.1428571492
81074  -26.486  -1.765  -44.054 0.1428571492
80072  -27.436  -3.108  -44.331 0.1428571492
79164  -28.043  -3.269  -44.535 0.1428571492
80081  -27.647  -2.478  -44.594 0.1428571492
79163  -27.900  -2.938  -44.568 0.1428571492
81073  -25.761  -1.193  -43.579 0.1428571492
157545  -26.607  -1.072  -44.372 0.1428571492
160866  -27.911  -1.858  -44.910 0.1428571492
82022  -28.564  -0.712  -45.533 0.1428571492
83798  -29.039  1.475  -46.350 0.1428571492
144617  -29.459  2.032  -46.090 0.1428571492
139033  -27.382  -3.939  -44.096 0.1428571492
135640  -28.481  -4.521  -44.297 0.1428571492
76539  -25.467  -5.492  -42.270 0.1428571492
79146  -25.873  -3.873  -43.099 0.1428571492
100085  -28.356  20.964  -42.525 0.1428571492
81085  -28.785  -1.876  -45.019 0.1428571492
77402  -26.390  -4.810  -43.307 0.1428571492
77397  -26.298  -5.312  -43.085 0.1428571492
77405  -27.701  -4.866  -44.114 0.1428571492
163510  -27.737  -3.677  -44.327 0.1428571492
145534  -28.835  -1.157  -45.386 0.1428571492
78253  -25.891  -4.644  -42.906 0.1428571492
78257  -26.453  -4.188  -43.484 0.1428571492
80059  -25.265  -2.607  -42.872 0.1428571492
79153  -26.411  -3.502  -43.602 0.1428571492
80071  -26.556  -2.534  -43.940 0.1428571492
146489  -26.880  -3.182  -44.021 0.1428571492
162023  -27.310  -3.555  -44.149 0.1428571492
80080  -27.047  -2.546  -44.292 0.1428571492
146232  -26.117  -0.881  -43.998 0.1428571492
79155  -27.642  -3.456  -44.332 0.1428571492
81083  -27.256  -1.701  -44.628 0.1428571492
141505  -25.272  -1.309  -43.163 0.1428571492
77390  -25.132  -5.376  -41.908 0.1428571492
69086  -29.354  -14.162  -37.985 0.1428571492
69981  -30.422  -13.370  -37.701 0.1428571492
73851  -31.182  -9.366  -39.081 0.2857142985
74813  -26.180  -8.313  -41.883 0.1428571492
75684  -28.947  -7.267  -43.368 0.2857142985
77391  -31.470  -5.523  -42.667 0.7142857313
77396  -25.868  -5.207  -42.720 0.1428571492
77404  -27.178  -5.195  -43.815 0.1428571492
78258  -26.918  -4.384  -43.775 0.1428571492
78266  -28.192  -3.713  -44.457 0.1428571492
80083  -28.424  -2.681  -44.737 0.2857142985
81084  -28.388  -1.511  -45.207 0.1428571492
82016  -34.712  -0.649  -44.423 0.5714285970
82941  -29.025  0.856  -46.069 0.2857142985
87413  -36.054  5.638  -42.715 0.5714285970
89205  -34.709  7.454  -41.571 0.7142857313
91910  -32.288  10.413  -43.511 0.8571428657
91915  -37.118  10.134  -42.283 0.4285714328
91945  -26.956  11.008  -47.221 0.1428571492
92708  -37.558  11.644  -42.563 0.2857142985
93515  -37.200  12.205  -42.386 0.5714285970
93560  -29.903  12.871  -45.086 0.2857142985
94343  -34.617  13.745  -42.838 0.8571428657
94382  -30.952  13.111  -44.531 0.5714285970
95186  -35.268  14.289  -42.855 0.8571428657
95201  -38.377  14.453  -43.981 0.1428571492
95233  -30.046  13.769  -45.051 0.2857142985
96062  -38.300  15.227  -44.039 0.1428571492
97646  -35.635  17.769  -44.145 0.5714285970
97655  -26.815  16.085  -45.322 0.1428571492
100147  -31.960  21.050  -48.097 0.4285714328
100982  -34.894  21.334  -48.655 0.2857142985
101748  -35.559  22.159  -49.379 0.1428571492
101769  -34.998  22.976  -50.721 0.1428571492
102472  -36.571  24.458  -52.381 0.1428571492
102473  -37.306  24.655  -52.715 0.1428571492
103204  -35.625  24.738  -52.054 0.1428571492
103898  -35.704  25.211  -51.973 0.1428571492
138068  -37.734  9.262  -43.873 0.1428571492
143548  -28.372  -5.262  -44.105 0.2857142985
144958  -28.188  13.729  -45.971 0.1428571492
145333  -35.815  22.712  -50.114 0.1428571492
151770  -37.320  10.959  -42.330 0.2857142985
154042  -36.151  24.798  -52.397 0.1428571492
154359  -33.455  24.947  -49.679 0.1428571492
156476  -40.685  19.695  -47.005 0.1428571492
157702  -36.967  15.640  -43.448 0.1428571492
161206  -30.002  -6.538  -43.412 0.1428571492
162123  -29.360  -4.610  -44.205 0.4285714328
163032  -29.960  -9.750  -39.971 0.4285714328
