#!ascii label  , from subject sub-v1s14x0051583_ses-1 vox2ras=TkReg
570
77129  14.188  3.021  -46.557 0.0000000000
84177  21.019  8.827  -54.528 0.0000000000
92401  16.920  18.086  -48.398 0.0000000000
89774  12.432  15.865  -49.418 0.0000000000
72084  17.258  -2.042  -47.013 0.0000000000
76155  21.213  1.927  -47.953 0.0000000000
161303  17.823  5.720  -50.905 0.0000000000
85141  14.329  10.625  -50.685 0.0000000000
87938  19.994  13.226  -50.568 0.0000000000
91612  17.504  16.337  -55.817 0.0000000000
96260  16.332  22.475  -48.911 0.0000000000
75211  15.164  0.883  -46.811 0.0000000000
73173  19.311  -0.773  -48.191 0.0000000000
158577  17.387  1.633  -48.972 0.0000000000
148997  12.950  8.568  -48.276 0.0000000000
140580  11.935  11.158  -48.344 0.0000000000
91551  14.404  16.975  -49.473 0.0000000000
88869  15.595  14.445  -49.851 0.0000000000
89768  18.261  15.506  -49.113 0.0000000000
89808  19.721  15.074  -52.733 0.0000000000
91577  20.173  17.358  -50.894 0.0000000000
99191  12.830  25.452  -47.650 0.0000000000
97258  13.469  23.532  -48.516 0.0000000000
98240  15.254  24.399  -49.740 0.0000000000
82080  19.833  7.166  -51.480 0.0000000000
80103  21.755  5.423  -50.958 0.0000000000
139406  22.524  8.077  -51.453 0.0000000000
92403  14.455  19.056  -48.860 0.0000000000
86108  21.621  10.872  -54.049 0.0000000000
79065  13.495  5.193  -46.359 0.0000000000
78100  15.070  4.028  -48.555 0.0000000000
81081  14.087  6.474  -48.892 0.0000000000
83050  16.258  8.040  -50.308 0.0000000000
84148  18.445  9.503  -50.371 0.0000000000
144727  13.371  13.080  -50.422 0.0000000000
86059  17.270  11.635  -49.973 0.0000000000
85135  20.141  11.074  -51.449 0.0000000000
87962  19.558  12.035  -53.866 0.0000000000
161968  14.277  21.252  -48.775 0.0000000000
94301  17.335  20.408  -48.404 0.0000000000
98237  18.290  24.425  -50.361 0.0000000000
162180  19.399  22.221  -48.834 0.0000000000
93341  19.921  19.304  -49.214 0.0000000000
92459  18.118  18.663  -53.982 0.0000000000
78110  19.539  3.263  -50.941 0.0000000000
78061  13.176  4.060  -45.287 0.0000000000
159319  13.822  2.634  -45.737 0.0000000000
76147  14.805  1.789  -46.988 0.0000000000
75226  16.427  0.790  -47.890 0.0000000000
77141  15.666  2.489  -48.183 0.0000000000
91530  16.014  17.494  -48.716 0.0000000000
89754  16.695  15.928  -49.006 0.0000000000
150170  17.778  17.037  -48.497 0.0000000000
90686  19.776  16.324  -49.684 0.0000000000
91527  19.045  17.735  -48.803 0.0000000000
139600  13.987  25.928  -49.126 0.0000000000
99206  13.609  25.308  -48.785 0.0000000000
99220  14.405  25.735  -50.282 0.0000000000
83065  20.673  7.862  -53.038 0.0000000000
81114  21.131  7.175  -53.192 0.0000000000
82088  21.786  7.730  -53.302 0.0000000000
92405  12.558  18.594  -48.711 0.0000000000
93333  12.798  19.501  -48.535 0.0000000000
72074  15.729  -1.542  -46.125 0.0000000000
72058  15.996  -2.345  -45.843 0.0000000000
70964  17.958  -3.332  -46.253 0.0000000000
72070  19.048  -2.369  -46.368 0.0000000000
75223  20.320  0.686  -48.329 0.0000000000
75198  20.551  0.114  -46.788 0.0000000000
80080  13.925  5.703  -47.726 0.0000000000
81068  13.464  6.509  -47.523 0.0000000000
154640  13.427  9.651  -49.683 0.0000000000
82069  13.787  7.913  -49.802 0.0000000000
151241  15.100  9.128  -50.414 0.0000000000
83049  16.884  8.809  -50.301 0.0000000000
84150  16.502  9.625  -50.410 0.0000000000
158369  12.020  13.439  -49.136 0.0000000000
88889  12.926  14.137  -50.004 0.0000000000
87923  17.495  13.718  -49.595 0.0000000000
87939  16.400  13.068  -50.031 0.0000000000
86997  18.456  12.730  -49.774 0.0000000000
86069  18.988  11.290  -50.102 0.0000000000
87013  19.825  12.478  -50.555 0.0000000000
87042  20.159  11.681  -52.654 0.0000000000
87953  20.099  12.606  -52.350 0.0000000000
89817  18.476  15.310  -54.737 0.0000000000
88928  18.104  13.392  -55.903 0.0000000000
96261  15.248  22.582  -48.995 0.0000000000
96263  13.165  22.681  -48.358 0.0000000000
154755  14.717  21.869  -48.883 0.0000000000
95257  15.079  21.107  -48.874 0.0000000000
150605  16.645  21.664  -48.737 0.0000000000
94312  20.099  20.811  -49.101 0.0000000000
150949  19.835  19.819  -52.040 0.0000000000
141142  19.641  19.016  -52.410 0.0000000000
79102  16.009  4.908  -49.793 0.0000000000
140403  17.733  3.312  -50.246 0.0000000000
79112  18.230  4.494  -50.950 0.0000000000
80102  22.342  5.943  -50.469 0.0000000000
80094  22.155  5.225  -50.049 0.0000000000
74214  14.540  0.334  -45.820 0.0000000000
73156  16.288  -0.886  -47.042 0.0000000000
73154  18.099  -1.789  -47.628 0.0000000000
74242  17.441  -0.319  -48.137 0.0000000000
75225  17.961  0.178  -48.666 0.0000000000
154130  19.499  0.927  -49.459 0.0000000000
84111  12.462  8.929  -47.292 0.0000000000
84132  12.874  9.570  -48.879 0.0000000000
86074  13.171  10.810  -50.106 0.0000000000
160196  13.520  16.462  -49.695 0.0000000000
89772  14.113  15.318  -50.020 0.0000000000
89771  14.788  15.669  -49.682 0.0000000000
89769  17.132  15.186  -49.245 0.0000000000
88865  19.528  14.823  -49.845 0.0000000000
88884  20.310  14.145  -51.122 0.0000000000
89790  20.044  15.517  -50.205 0.0000000000
90708  20.154  16.452  -51.472 0.0000000000
150943  19.156  17.179  -53.454 0.0000000000
98202  12.496  24.702  -46.920 0.0000000000
98224  12.583  24.862  -47.956 0.0000000000
97257  14.578  23.529  -48.975 0.0000000000
97272  16.209  23.811  -49.441 0.0000000000
81092  18.559  6.360  -50.940 0.0000000000
80118  19.076  5.380  -51.307 0.0000000000
80116  20.727  5.881  -52.053 0.0000000000
81091  21.924  6.145  -51.485 0.0000000000
90692  12.111  16.648  -49.086 0.0000000000
91553  13.109  17.496  -49.324 0.0000000000
91532  14.779  18.230  -49.126 0.0000000000
146189  15.476  18.824  -48.856 0.0000000000
73133  20.030  -1.041  -46.330 0.0000000000
84188  21.079  9.363  -54.677 0.0000000000
84165  22.255  9.301  -52.951 0.0000000000
78075  13.871  4.106  -46.462 0.0000000000
78086  14.716  3.688  -47.827 0.0000000000
79079  14.332  4.775  -47.712 0.0000000000
80095  14.697  5.280  -48.932 0.0000000000
80107  14.942  5.834  -49.637 0.0000000000
82050  13.623  7.403  -48.922 0.0000000000
139911  15.148  7.051  -50.327 0.0000000000
135432  17.022  6.499  -50.781 0.0000000000
138297  17.945  7.655  -50.491 0.0000000000
150793  18.697  7.993  -50.572 0.0000000000
162132  20.177  9.286  -51.749 0.0000000000
150312  12.515  12.109  -49.630 0.0000000000
86073  13.742  11.371  -50.637 0.0000000000
87941  14.309  13.668  -50.452 0.0000000000
135005  15.011  12.167  -50.642 0.0000000000
157181  15.983  11.086  -50.652 0.0000000000
85138  17.354  10.835  -50.107 0.0000000000
85136  19.673  10.674  -50.787 0.0000000000
159710  20.590  9.586  -53.176 0.0000000000
86110  20.694  10.346  -54.735 0.0000000000
86120  20.395  10.879  -55.374 0.0000000000
87963  19.144  12.784  -54.101 0.0000000000
154076  13.705  19.847  -48.678 0.0000000000
93331  15.923  19.618  -48.801 0.0000000000
93330  17.426  19.508  -48.302 0.0000000000
98239  16.483  24.368  -49.901 0.0000000000
97271  17.302  23.872  -49.479 0.0000000000
96268  18.996  23.365  -49.487 0.0000000000
96259  17.571  22.396  -48.688 0.0000000000
94300  18.445  20.909  -48.218 0.0000000000
147265  18.920  20.018  -48.163 0.0000000000
92399  18.698  18.400  -48.412 0.0000000000
92428  20.132  18.317  -50.620 0.0000000000
92446  19.475  18.171  -52.819 0.0000000000
140670  17.895  17.865  -54.690 0.0000000000
77153  16.264  2.798  -48.773 0.0000000000
76182  18.679  1.992  -49.951 0.0000000000
77151  20.533  2.465  -50.055 0.0000000000
78121  20.433  4.342  -51.491 0.0000000000
78097  21.077  3.102  -49.819 0.0000000000
77130  13.941  3.443  -46.275 0.0000000000
78048  13.388  3.374  -45.377 0.0000000000
160544  13.997  3.024  -46.182 0.0000000000
77117  14.033  2.598  -46.059 0.0000000000
77128  14.552  2.631  -47.081 0.0000000000
76159  15.180  2.159  -47.584 0.0000000000
91529  16.944  17.212  -48.457 0.0000000000
158541  17.564  17.647  -48.371 0.0000000000
91550  18.594  17.024  -48.800 0.0000000000
91528  18.282  17.666  -48.453 0.0000000000
83076  20.970  8.103  -54.100 0.0000000000
82090  20.974  7.545  -53.608 0.0000000000
83075  21.467  8.307  -53.876 0.0000000000
72073  16.557  -2.191  -46.413 0.0000000000
70966  16.723  -2.900  -46.091 0.0000000000
72072  17.438  -2.742  -46.567 0.0000000000
72071  18.306  -2.717  -46.612 0.0000000000
72083  17.966  -2.368  -47.077 0.0000000000
76146  20.783  1.235  -47.896 0.0000000000
75209  20.648  0.681  -47.419 0.0000000000
81040  13.097  6.211  -46.192 0.0000000000
81998  12.933  6.807  -46.307 0.0000000000
84152  14.022  9.803  -50.368 0.0000000000
161691  14.413  9.254  -50.341 0.0000000000
143533  14.794  9.899  -50.537 0.0000000000
84151  15.637  9.794  -50.536 0.0000000000
149007  12.342  14.264  -49.457 0.0000000000
88871  12.728  14.996  -49.705 0.0000000000
87922  18.541  13.617  -49.641 0.0000000000
148703  17.818  13.135  -49.683 0.0000000000
86996  19.325  13.029  -50.035 0.0000000000
87012  20.185  12.694  -50.990 0.0000000000
87937  20.247  13.250  -51.233 0.0000000000
90747  17.768  15.549  -55.553 0.0000000000
149964  15.687  21.776  -48.915 0.0000000000
94324  19.804  20.730  -51.570 0.0000000000
94329  19.572  20.388  -52.579 0.0000000000
93370  19.186  19.712  -52.924 0.0000000000
80105  16.607  5.432  -50.508 0.0000000000
79101  16.772  4.644  -50.305 0.0000000000
79100  17.516  5.151  -50.746 0.0000000000
80092  23.330  6.275  -49.113 0.0000000000
80093  22.704  5.763  -49.572 0.0000000000
161237  14.373  1.090  -46.070 0.0000000000
75200  14.098  1.214  -45.714 0.0000000000
75199  14.828  0.557  -46.283 0.0000000000
74213  14.999  -0.139  -46.104 0.0000000000
74212  15.561  -0.172  -46.620 0.0000000000
74229  16.911  -0.685  -47.636 0.0000000000
75210  15.943  0.420  -47.260 0.0000000000
76157  17.081  1.064  -48.547 0.0000000000
75238  18.015  0.989  -49.150 0.0000000000
75237  18.817  0.422  -49.179 0.0000000000
76170  18.778  1.211  -49.610 0.0000000000
85105  11.837  10.659  -47.779 0.0000000000
157434  12.092  10.354  -48.094 0.0000000000
85115  12.419  10.552  -48.772 0.0000000000
85125  12.895  10.389  -49.452 0.0000000000
139198  12.654  11.202  -49.605 0.0000000000
90690  14.114  16.274  -49.761 0.0000000000
90689  14.984  16.439  -49.414 0.0000000000
89753  17.475  15.854  -48.879 0.0000000000
89770  16.289  15.455  -49.334 0.0000000000
88867  18.027  14.502  -49.363 0.0000000000
148874  18.834  14.946  -49.445 0.0000000000
89767  19.300  15.564  -49.497 0.0000000000
147763  20.147  16.996  -49.942 0.0000000000
90709  20.237  16.424  -50.457 0.0000000000
90731  19.676  16.150  -52.739 0.0000000000
91590  19.863  17.279  -52.220 0.0000000000
99190  13.364  25.837  -47.497 0.0000000000
99183  12.837  25.398  -47.076 0.0000000000
98209  12.389  24.852  -47.364 0.0000000000
98241  14.234  25.120  -49.584 0.0000000000
98222  14.361  24.417  -49.166 0.0000000000
97273  15.279  23.853  -49.278 0.0000000000
153161  19.344  6.615  -51.170 0.0000000000
81106  19.230  6.020  -51.238 0.0000000000
81105  20.180  6.440  -51.726 0.0000000000
82077  22.198  7.571  -52.363 0.0000000000
81104  21.351  6.534  -52.415 0.0000000000
81103  22.065  6.870  -52.013 0.0000000000
81090  22.433  6.684  -50.855 0.0000000000
90666  11.693  16.719  -48.467 0.0000000000
91555  11.937  17.278  -48.758 0.0000000000
91554  12.431  17.330  -49.113 0.0000000000
92404  13.456  18.911  -48.809 0.0000000000
92417  14.000  18.297  -49.136 0.0000000000
73174  18.603  -1.128  -48.201 0.0000000000
73153  19.034  -1.568  -47.721 0.0000000000
74228  19.652  -0.982  -47.332 0.0000000000
135574  21.056  0.089  -45.963 0.0000000000
142792  13.196  5.042  -45.696 0.0000000000
79051  13.539  4.586  -46.129 0.0000000000
79064  13.877  4.825  -46.805 0.0000000000
80097  14.002  6.077  -48.260 0.0000000000
80096  14.330  5.929  -48.890 0.0000000000
80106  15.300  5.265  -49.531 0.0000000000
83016  13.095  7.731  -47.778 0.0000000000
82051  13.318  7.749  -48.433 0.0000000000
83051  15.290  8.317  -50.382 0.0000000000
82068  14.534  7.562  -50.216 0.0000000000
82067  15.441  7.621  -50.377 0.0000000000
82066  16.061  7.035  -50.586 0.0000000000
136067  17.017  7.346  -50.528 0.0000000000
84149  17.428  9.502  -50.289 0.0000000000
83048  17.978  8.604  -50.370 0.0000000000
138314  19.072  8.706  -50.723 0.0000000000
83066  20.082  8.574  -51.662 0.0000000000
84147  19.566  9.601  -50.930 0.0000000000
87926  12.590  13.482  -49.780 0.0000000000
87000  12.398  12.853  -49.570 0.0000000000
139408  12.864  12.727  -50.141 0.0000000000
87019  13.011  11.750  -50.218 0.0000000000
87018  13.503  12.366  -50.524 0.0000000000
88870  14.842  14.854  -49.925 0.0000000000
88887  14.200  14.422  -50.264 0.0000000000
88886  14.924  14.007  -50.217 0.0000000000
87015  16.736  12.435  -50.044 0.0000000000
87016  15.801  12.527  -50.364 0.0000000000
86071  15.495  11.601  -50.648 0.0000000000
86070  16.316  11.714  -50.356 0.0000000000
135495  16.665  10.997  -50.352 0.0000000000
86068  19.730  11.635  -50.636 0.0000000000
85160  20.214  9.970  -51.871 0.0000000000
85159  20.398  10.431  -52.622 0.0000000000
85172  20.610  9.695  -54.273 0.0000000000
86101  20.373  10.742  -53.382 0.0000000000
162144  19.914  11.845  -53.183 0.0000000000
134915  20.100  11.161  -54.100 0.0000000000
87054  19.608  11.227  -55.274 0.0000000000
87065  20.185  11.192  -55.743 0.0000000000
142502  19.767  11.375  -55.928 0.0000000000
88899  20.070  14.398  -52.039 0.0000000000
88910  19.233  13.950  -53.585 0.0000000000
97259  12.576  23.496  -48.077 0.0000000000
95258  13.764  21.863  -48.604 0.0000000000
95259  12.924  21.797  -48.245 0.0000000000
94305  13.439  20.921  -48.579 0.0000000000
149542  12.939  20.263  -48.471 0.0000000000
94304  14.400  20.522  -48.758 0.0000000000
94302  16.336  20.337  -48.722 0.0000000000
94303  15.351  20.267  -48.833 0.0000000000
154488  16.704  19.776  -48.576 0.0000000000
98254  16.748  24.879  -50.511 0.0000000000
98238  17.525  24.420  -50.033 0.0000000000
97270  18.315  23.967  -49.706 0.0000000000
137847  19.776  22.327  -50.272 0.0000000000
97269  19.385  23.255  -50.314 0.0000000000
96267  19.482  22.623  -49.353 0.0000000000
97254  18.094  23.308  -49.078 0.0000000000
96258  18.850  22.591  -48.758 0.0000000000
152726  18.359  21.850  -48.433 0.0000000000
95254  19.135  21.758  -48.479 0.0000000000
162273  20.115  20.131  -49.260 0.0000000000
147337  19.675  20.052  -48.673 0.0000000000
93328  19.180  19.218  -48.469 0.0000000000
92398  19.438  18.469  -48.898 0.0000000000
93349  20.154  19.140  -50.261 0.0000000000
92447  18.864  18.967  -53.216 0.0000000000
92458  18.798  18.168  -53.542 0.0000000000
77154  15.338  3.254  -48.347 0.0000000000
78099  15.983  3.527  -49.053 0.0000000000
78111  18.698  3.219  -50.642 0.0000000000
77164  18.476  2.699  -50.197 0.0000000000
77163  19.345  2.456  -50.393 0.0000000000
76180  20.036  1.938  -50.213 0.0000000000
77162  20.086  2.716  -50.604 0.0000000000
142509  20.483  5.142  -51.725 0.0000000000
79110  19.745  4.824  -51.587 0.0000000000
79109  21.122  4.906  -51.408 0.0000000000
79089  21.935  4.497  -49.612 0.0000000000
155028  21.364  3.926  -50.074 0.0000000000
78085  21.748  3.667  -49.124 0.0000000000
76137  14.197  1.848  -46.041 0.0000000000
75212  14.560  1.437  -46.429 0.0000000000
75227  15.568  1.287  -47.432 0.0000000000
76158  16.065  1.646  -48.049 0.0000000000
76172  16.602  2.001  -48.610 0.0000000000
91531  15.058  17.403  -49.223 0.0000000000
90665  15.615  16.806  -49.050 0.0000000000
90664  16.353  16.649  -48.795 0.0000000000
90663  17.209  16.476  -48.649 0.0000000000
90662  18.057  16.332  -48.726 0.0000000000
90687  18.922  16.308  -49.133 0.0000000000
91549  19.469  17.146  -49.346 0.0000000000
91568  20.098  17.691  -49.871 0.0000000000
146589  13.480  25.858  -48.144 0.0000000000
99207  12.982  25.351  -48.212 0.0000000000
99219  14.738  24.935  -50.387 0.0000000000
139824  20.243  7.746  -51.919 0.0000000000
82079  20.698  7.198  -52.604 0.0000000000
73120  15.054  -1.064  -45.696 0.0000000000
72060  14.739  -1.315  -45.150 0.0000000000
72059  15.341  -1.798  -45.502 0.0000000000
70949  18.357  -3.730  -45.640 0.0000000000
72057  18.674  -2.990  -45.915 0.0000000000
72056  19.412  -2.592  -45.573 0.0000000000
74227  20.048  -0.139  -47.745 0.0000000000
80056  13.129  5.633  -45.882 0.0000000000
80065  13.657  5.575  -47.099 0.0000000000
134896  13.340  5.754  -46.489 0.0000000000
81052  13.362  6.117  -47.007 0.0000000000
81067  13.680  6.213  -47.742 0.0000000000
83033  13.232  8.748  -48.919 0.0000000000
83032  13.486  8.334  -49.339 0.0000000000
83053  13.850  8.902  -49.980 0.0000000000
83052  14.420  8.510  -50.278 0.0000000000
143661  15.955  8.958  -50.357 0.0000000000
87943  13.034  13.449  -50.210 0.0000000000
87925  16.244  14.162  -49.774 0.0000000000
87940  15.777  13.564  -50.105 0.0000000000
87924  16.641  13.663  -49.797 0.0000000000
86999  17.094  13.094  -49.809 0.0000000000
86998  17.591  12.498  -49.783 0.0000000000
86058  18.261  11.892  -49.802 0.0000000000
87014  19.156  12.173  -50.054 0.0000000000
86067  20.121  11.994  -51.172 0.0000000000
86087  20.304  11.417  -52.036 0.0000000000
87030  20.226  12.326  -51.629 0.0000000000
89816  19.239  15.163  -53.788 0.0000000000
89824  18.462  14.129  -54.795 0.0000000000
88929  17.742  13.753  -56.369 0.0000000000
96262  14.163  22.674  -48.789 0.0000000000
95256  15.981  21.009  -48.845 0.0000000000
152671  16.765  20.956  -48.657 0.0000000000
95262  20.253  21.355  -49.846 0.0000000000
95253  19.846  21.774  -49.097 0.0000000000
94311  20.304  20.612  -49.679 0.0000000000
144458  20.003  19.898  -50.928 0.0000000000
142514  20.011  19.069  -51.367 0.0000000000
78114  15.836  4.193  -49.370 0.0000000000
78113  16.712  3.881  -49.859 0.0000000000
159882  16.337  4.382  -49.850 0.0000000000
78124  18.182  3.791  -50.789 0.0000000000
78123  18.873  3.865  -51.118 0.0000000000
149710  21.571  4.671  -50.515 0.0000000000
79088  22.496  5.048  -49.232 0.0000000000
74196  14.479  -0.397  -45.361 0.0000000000
74195  14.869  -0.443  -45.816 0.0000000000
73136  15.801  -1.010  -46.523 0.0000000000
72085  16.413  -1.528  -46.751 0.0000000000
73155  17.108  -1.381  -47.395 0.0000000000
73175  17.744  -1.055  -47.993 0.0000000000
151281  18.153  -0.588  -48.387 0.0000000000
140151  17.130  0.336  -48.220 0.0000000000
74241  18.800  -0.391  -48.686 0.0000000000
75224  19.582  0.175  -48.774 0.0000000000
75236  20.121  0.974  -49.208 0.0000000000
84121  12.475  9.450  -48.070 0.0000000000
85142  13.693  10.466  -50.383 0.0000000000
89773  13.314  15.787  -49.824 0.0000000000
88888  13.464  14.763  -50.108 0.0000000000
148304  15.548  15.304  -49.576 0.0000000000
90688  15.815  16.064  -49.246 0.0000000000
143000  16.290  14.811  -49.553 0.0000000000
88868  16.963  14.341  -49.549 0.0000000000
88866  18.948  14.355  -49.596 0.0000000000
87921  19.578  13.936  -50.080 0.0000000000
150062  20.140  13.857  -50.688 0.0000000000
88885  20.051  14.575  -50.485 0.0000000000
151562  20.303  15.018  -50.999 0.0000000000
89799  20.126  15.518  -51.749 0.0000000000
89789  20.309  15.805  -50.905 0.0000000000
153365  19.047  16.104  -53.857 0.0000000000
90741  18.404  16.468  -54.519 0.0000000000
160147  12.759  24.165  -48.198 0.0000000000
98223  13.414  24.487  -48.594 0.0000000000
97256  15.802  23.226  -49.130 0.0000000000
81093  17.756  6.106  -50.921 0.0000000000
80119  18.334  5.251  -51.027 0.0000000000
80117  19.929  5.602  -51.577 0.0000000000
80115  21.301  5.685  -51.752 0.0000000000
153485  20.879  6.651  -52.521 0.0000000000
90691  12.913  16.684  -49.511 0.0000000000
148743  13.721  17.056  -49.547 0.0000000000
92419  12.667  17.910  -49.032 0.0000000000
151246  13.686  17.740  -49.327 0.0000000000
91552  14.275  17.636  -49.362 0.0000000000
92402  15.445  18.066  -48.945 0.0000000000
158042  16.068  18.297  -48.689 0.0000000000
73135  18.661  -2.124  -47.096 0.0000000000
73134  19.356  -1.685  -46.834 0.0000000000
74211  20.153  -0.486  -46.898 0.0000000000
84176  21.568  9.239  -54.103 0.0000000000
78060  13.570  3.859  -45.857 0.0000000000
78074  14.160  3.725  -46.769 0.0000000000
77143  14.440  3.380  -47.193 0.0000000000
78088  14.107  4.301  -46.918 0.0000000000
78087  14.358  4.134  -47.349 0.0000000000
78101  14.573  4.285  -47.925 0.0000000000
136778  14.062  5.195  -47.445 0.0000000000
79091  14.604  4.737  -48.348 0.0000000000
134678  15.756  5.672  -50.158 0.0000000000
80104  17.193  5.888  -50.844 0.0000000000
82033  13.289  7.065  -47.630 0.0000000000
82032  13.543  6.897  -48.123 0.0000000000
81082  13.797  6.682  -48.511 0.0000000000
82049  13.961  7.078  -49.367 0.0000000000
81095  15.431  6.399  -50.289 0.0000000000
81094  16.356  6.174  -50.627 0.0000000000
82065  17.830  6.778  -50.758 0.0000000000
82064  18.851  7.169  -50.789 0.0000000000
156599  17.201  8.097  -50.311 0.0000000000
82063  19.478  7.901  -51.119 0.0000000000
84166  20.589  8.845  -52.914 0.0000000000
139659  11.805  12.026  -48.512 0.0000000000
86060  12.205  11.602  -48.988 0.0000000000
87942  13.590  13.807  -50.369 0.0000000000
137831  13.977  13.048  -50.617 0.0000000000
135245  14.868  13.045  -50.516 0.0000000000
87017  14.269  12.240  -50.705 0.0000000000
86072  14.648  11.436  -50.786 0.0000000000
85140  15.276  10.696  -50.762 0.0000000000
85139  16.160  10.401  -50.568 0.0000000000
145609  16.968  10.250  -50.307 0.0000000000
139138  17.823  10.242  -50.106 0.0000000000
85124  18.064  11.023  -49.854 0.0000000000
85137  18.769  10.378  -50.240 0.0000000000
84178  20.743  8.900  -54.368 0.0000000000
84189  20.894  9.230  -54.684 0.0000000000
85183  20.842  9.589  -54.716 0.0000000000
85182  20.908  10.153  -54.673 0.0000000000
157707  20.638  10.577  -55.119 0.0000000000
86109  21.006  10.826  -54.864 0.0000000000
147718  20.203  13.575  -51.814 0.0000000000
88909  19.691  13.249  -52.887 0.0000000000
88917  18.621  12.983  -55.006 0.0000000000
87971  19.130  12.014  -55.214 0.0000000000
153049  14.609  19.822  -48.756 0.0000000000
93332  15.154  19.509  -48.827 0.0000000000
146635  16.566  18.987  -48.573 0.0000000000
146387  17.443  18.783  -48.292 0.0000000000
99229  14.904  25.266  -51.041 0.0000000000
98255  15.620  24.816  -50.468 0.0000000000
97255  16.918  23.196  -49.088 0.0000000000
95255  17.530  21.376  -48.471 0.0000000000
94299  19.448  20.890  -48.485 0.0000000000
143392  18.125  19.982  -48.080 0.0000000000
93329  18.271  19.149  -48.136 0.0000000000
92400  17.884  18.266  -48.238 0.0000000000
148988  19.601  17.887  -49.310 0.0000000000
92437  19.979  18.215  -51.767 0.0000000000
91598  18.335  17.596  -54.223 0.0000000000
91605  17.868  16.888  -55.100 0.0000000000
93381  17.555  19.017  -55.315 0.0000000000
92468  17.399  18.360  -55.704 0.0000000000
152811  17.607  17.471  -55.454 0.0000000000
159267  17.476  16.871  -55.945 0.0000000000
77142  14.897  2.965  -47.698 0.0000000000
77152  17.185  2.319  -49.134 0.0000000000
77165  16.947  3.068  -49.453 0.0000000000
76183  17.843  2.534  -49.717 0.0000000000
76171  17.989  1.775  -49.429 0.0000000000
76181  19.460  1.584  -49.966 0.0000000000
157311  19.963  1.361  -49.789 0.0000000000
77140  21.051  2.119  -48.836 0.0000000000
79111  18.970  4.638  -51.312 0.0000000000
78122  19.657  4.003  -51.418 0.0000000000
79099  20.343  3.497  -51.033 0.0000000000
78109  20.897  3.500  -50.502 0.0000000000
78098  20.564  3.049  -50.422 0.0000000000
77150  21.384  2.804  -48.986 0.0000000000
77139  21.457  2.497  -48.356 0.0000000000
83064  22.330  8.420  -52.474 0.0000000000
73137  15.302  -0.764  -46.128 0.0000000000
74243  16.703  0.039  -47.728 0.0000000000
76148  14.333  2.275  -46.499 0.0000000000
76156  20.655  1.441  -48.640 0.0000000000
76169  20.490  1.761  -49.535 0.0000000000
77105  13.527  2.673  -45.365 0.0000000000
77118  13.760  3.074  -45.858 0.0000000000
78112  17.505  4.199  -50.554 0.0000000000
79080  14.173  4.678  -47.239 0.0000000000
79090  15.193  4.698  -49.072 0.0000000000
79098  21.021  4.071  -50.949 0.0000000000
80079  14.256  5.401  -48.145 0.0000000000
81096  14.516  6.581  -49.758 0.0000000000
81107  18.406  5.807  -51.030 0.0000000000
82017  13.177  6.615  -46.907 0.0000000000
82078  21.603  7.262  -53.021 0.0000000000
82089  21.227  7.645  -53.696 0.0000000000
83000  12.997  7.239  -47.150 0.0000000000
87055  19.494  11.586  -55.855 0.0000000000
87066  19.921  11.112  -55.743 0.0000000000
89825  17.890  14.365  -55.702 0.0000000000
92416  19.967  18.448  -49.644 0.0000000000
92418  13.244  18.172  -49.104 0.0000000000
92467  17.741  18.511  -54.881 0.0000000000
93340  20.241  19.943  -49.924 0.0000000000
94319  20.215  20.734  -50.430 0.0000000000
139957  20.304  10.914  -55.310 0.0000000000
155941  20.930  5.377  -51.809 0.0000000000
159814  16.269  -0.273  -47.236 0.0000000000
160226  15.269  15.864  -49.467 0.0000000000
161270  20.928  2.425  -49.463 0.0000000000
161337  20.495  -0.388  -46.315 0.0000000000
