#!ascii label  , from subject sub-v1s14x0051583_ses-1 vox2ras=TkReg
1957
4125  21.658  -77.769  -52.601 0.5000000000
135176  15.562  -63.849  -42.625 0.6000000238
14443  14.590  -63.287  -41.507 0.6000000238
13615  13.751  -64.107  -42.618 0.6000000238
14456  13.890  -63.195  -41.816 0.6999999881
15284  13.222  -63.331  -42.444 0.6000000238
16114  14.645  -61.665  -41.748 0.6999999881
16129  14.069  -61.863  -42.417 0.6000000238
7809  12.905  -72.611  -47.329 0.5000000000
7179  11.356  -72.964  -50.302 0.6000000238
7814  12.185  -72.583  -49.109 0.6000000238
7173  12.735  -73.356  -47.829 0.5000000000
7833  11.086  -72.620  -52.426 0.5000000000
7830  10.869  -72.499  -51.518 0.4000000060
7178  11.787  -73.162  -49.597 0.5000000000
7175  12.297  -73.320  -48.734 0.6000000238
12136  16.362  -67.013  -43.018 0.5000000000
6588  17.394  -74.334  -53.882 0.4000000060
11366  16.158  -67.274  -44.243 0.5000000000
11367  15.531  -67.320  -43.242 0.5000000000
135652  16.303  -66.512  -46.510 0.6000000238
13662  15.903  -64.214  -45.846 0.6000000238
14485  16.341  -63.596  -43.151 0.6000000238
161879  16.693  -63.397  -41.562 0.6999999881
13626  15.095  -64.196  -43.474 0.6000000238
14442  15.364  -63.285  -41.215 0.6999999881
15247  18.063  -62.230  -39.847 0.6000000238
15261  16.183  -62.410  -40.343 0.6999999881
16959  18.382  -60.711  -39.430 0.6000000238
16083  17.135  -61.334  -39.889 0.6000000238
16976  16.003  -61.181  -40.728 0.6999999881
16973  18.152  -60.106  -39.792 0.6999999881
16142  13.461  -62.121  -43.046 0.6000000238
8409  13.792  -71.514  -45.347 0.5000000000
8434  12.954  -72.027  -47.811 0.6000000238
8424  13.229  -71.895  -46.891 0.5000000000
8463  11.314  -71.746  -51.139 0.6000000238
9182  12.478  -70.950  -50.284 0.6999999881
8442  12.711  -72.018  -48.721 0.6000000238
160698  11.847  -73.608  -53.208 0.4000000060
12134  17.921  -66.610  -43.580 0.5000000000
12135  17.037  -66.875  -43.835 0.5000000000
5987  19.594  -75.292  -53.658 0.5000000000
12146  17.564  -66.619  -44.781 0.5000000000
14522  17.394  -63.391  -46.044 0.6999999881
12874  16.937  -65.208  -47.088 0.6000000238
14504  17.452  -63.037  -44.626 0.6999999881
143952  16.866  -63.462  -45.192 0.6000000238
13688  16.517  -64.543  -46.834 0.6000000238
136169  16.649  -63.443  -44.131 0.6999999881
14505  16.221  -63.768  -44.958 0.6000000238
14484  17.157  -63.213  -43.164 0.6999999881
15260  18.378  -62.715  -40.435 0.6000000238
14454  17.750  -63.087  -41.008 0.6000000238
15246  19.010  -62.324  -39.815 0.6000000238
143361  16.873  -63.215  -40.932 0.6000000238
150758  20.189  -61.048  -38.926 0.6000000238
152031  19.828  -60.169  -39.106 0.6999999881
17025  15.570  -60.680  -43.215 0.6999999881
16152  14.437  -61.521  -44.258 0.5000000000
16993  17.174  -60.087  -40.801 0.6999999881
16995  15.735  -60.849  -41.514 0.6999999881
16141  14.173  -61.550  -43.282 0.6000000238
139815  15.559  -70.338  -46.949 0.5000000000
9157  14.718  -70.765  -46.807 0.5000000000
9132  15.540  -70.368  -45.351 0.5000000000
9168  13.689  -70.789  -48.896 0.6999999881
8433  13.913  -71.229  -47.219 0.6000000238
9190  12.270  -70.451  -51.297 0.5000000000
9189  13.034  -70.007  -50.812 0.6999999881
9181  13.380  -70.460  -49.813 0.6999999881
8452  12.963  -71.274  -49.264 0.6000000238
8441  13.234  -71.488  -48.380 0.6000000238
7835  12.450  -72.237  -53.232 0.4000000060
8482  11.700  -71.940  -52.731 0.4000000060
8483  11.165  -71.690  -52.039 0.5000000000
12133  18.787  -66.700  -43.386 0.5000000000
12852  18.364  -65.515  -46.422 0.5000000000
12145  18.574  -66.433  -44.504 0.5000000000
139779  17.968  -66.190  -45.743 0.5000000000
14503  17.941  -62.812  -45.544 0.6000000238
13687  17.416  -64.520  -47.086 0.5000000000
15298  18.689  -62.595  -44.015 0.6999999881
15280  20.535  -63.094  -42.616 0.6000000238
143544  18.673  -62.761  -43.151 0.6999999881
15299  18.012  -62.785  -43.707 0.6999999881
15271  21.085  -63.186  -41.026 0.6000000238
140988  19.289  -62.934  -41.612 0.6000000238
15282  18.681  -62.912  -42.148 0.6999999881
139100  22.100  -62.796  -39.932 0.6999999881
15258  20.428  -62.833  -40.391 0.6000000238
15273  18.596  -62.959  -41.209 0.6000000238
143262  23.277  -60.607  -39.320 0.6000000238
15243  22.372  -62.036  -39.282 0.6999999881
158511  20.235  -61.894  -39.292 0.6999999881
17886  23.224  -59.449  -40.933 0.6000000238
17848  22.274  -59.726  -39.453 0.6000000238
16956  21.665  -60.500  -38.957 0.6999999881
17056  16.021  -60.918  -45.259 0.6000000238
16957  20.711  -60.291  -38.984 0.6999999881
17010  16.217  -60.301  -42.834 0.6999999881
17039  15.704  -60.738  -44.186 0.6000000238
138112  23.150  -59.574  -41.880 0.6999999881
17864  21.965  -59.174  -40.224 0.6000000238
17865  20.502  -59.221  -39.992 0.8000000119
17866  19.612  -59.470  -39.767 0.6999999881
17891  18.430  -59.301  -41.010 0.6999999881
17893  16.911  -59.996  -41.688 0.6999999881
142223  16.100  -70.174  -45.991 0.6000000238
9960  14.726  -69.588  -49.493 0.6999999881
9166  15.328  -69.663  -48.671 0.6999999881
9156  15.242  -70.228  -47.719 0.6000000238
9977  13.646  -69.335  -51.371 0.5000000000
9180  13.992  -69.582  -50.364 0.6999999881
9210  13.193  -70.811  -53.064 0.4000000060
150529  11.844  -71.020  -52.370 0.5000000000
11365  19.669  -67.610  -43.544 0.5000000000
10597  19.359  -68.246  -43.174 0.5000000000
148413  19.367  -66.343  -44.706 0.5000000000
12872  18.754  -64.823  -46.883 0.6000000238
15323  19.609  -62.157  -45.827 0.6000000238
15324  18.668  -62.469  -45.712 0.6999999881
14540  17.778  -63.778  -46.969 0.6999999881
14502  20.549  -62.650  -44.321 0.6999999881
15310  19.237  -62.310  -44.753 0.6999999881
14451  21.731  -63.501  -41.636 0.6000000238
14483  20.892  -63.150  -43.503 0.6000000238
15297  19.346  -62.619  -43.722 0.6999999881
15254  24.576  -62.632  -40.182 0.6999999881
14439  22.715  -63.264  -40.549 0.6999999881
14450  22.562  -63.638  -41.367 0.6999999881
17988  18.480  -60.316  -47.376 0.6000000238
16075  24.540  -61.452  -39.642 0.6000000238
15255  23.741  -62.701  -39.978 0.6999999881
15257  21.920  -63.244  -40.758 0.6999999881
17021  24.903  -60.542  -43.962 0.6000000238
17912  24.605  -59.964  -42.067 0.6000000238
16992  24.861  -59.956  -40.971 0.6000000238
16953  24.505  -60.736  -39.743 0.6000000238
15242  23.343  -62.087  -39.432 0.6999999881
17969  18.127  -60.208  -46.337 0.6000000238
17008  23.961  -60.199  -43.017 0.6000000238
16972  23.578  -59.734  -40.249 0.6000000238
18790  18.813  -59.067  -43.117 0.6999999881
141982  18.566  -59.273  -44.076 0.6000000238
17934  17.027  -59.910  -43.325 0.6999999881
17038  16.386  -60.495  -44.639 0.6000000238
17036  24.307  -60.319  -44.641 0.5000000000
17037  23.598  -60.144  -44.449 0.6000000238
17914  22.386  -59.398  -42.442 0.8000000119
17915  21.559  -59.019  -42.795 0.8000000119
158567  20.449  -58.847  -41.939 0.8000000119
17917  18.990  -59.067  -41.533 0.8000000119
17918  18.348  -59.256  -42.134 0.6999999881
17933  17.967  -59.447  -43.197 0.6999999881
17888  21.577  -58.953  -41.110 0.8000000119
17889  20.665  -58.919  -41.044 0.8000000119
9937  15.876  -69.679  -48.054 0.6999999881
9929  16.729  -69.655  -46.953 0.6999999881
9922  16.735  -69.832  -46.176 0.6999999881
9131  16.477  -69.968  -45.456 0.6000000238
9970  14.895  -68.813  -50.534 0.6999999881
9906  17.813  -69.494  -44.556 0.6000000238
10704  14.784  -68.640  -51.231 0.6000000238
9905  18.703  -69.160  -44.259 0.5000000000
9888  19.414  -68.608  -44.005 0.5000000000
23252  19.140  -53.606  -42.420 0.6000000238
10612  20.037  -67.494  -44.132 0.5000000000
22369  19.601  -53.677  -43.435 0.5000000000
12837  20.370  -66.319  -45.191 0.5000000000
23280  20.187  -53.184  -45.406 0.6000000238
13706  20.039  -63.423  -47.324 0.6999999881
12871  19.830  -64.860  -46.707 0.6000000238
14520  20.938  -62.439  -45.166 0.6999999881
14538  19.325  -63.273  -47.198 0.6999999881
21497  20.569  -55.118  -47.625 0.6000000238
139005  22.035  -63.984  -43.021 0.6999999881
14501  21.203  -63.104  -44.357 0.6000000238
14448  24.976  -63.143  -40.924 0.6999999881
135729  23.858  -63.884  -41.794 0.6999999881
14464  22.305  -63.842  -42.255 0.6999999881
18856  20.519  -59.073  -47.832 0.6000000238
20633  20.660  -57.099  -48.481 0.6000000238
15240  24.984  -61.958  -39.843 0.6000000238
14449  23.450  -63.627  -41.146 0.6999999881
18855  21.017  -58.482  -47.380 0.6000000238
18870  19.773  -58.990  -48.275 0.6000000238
17911  26.194  -59.884  -41.859 0.6000000238
16991  25.551  -60.259  -40.745 0.6000000238
18838  20.628  -58.135  -45.668 0.6999999881
18840  19.492  -59.414  -46.148 0.6000000238
17968  18.996  -59.972  -46.874 0.6000000238
160916  25.397  -60.333  -43.299 0.6000000238
18820  21.569  -57.892  -44.455 0.6000000238
18821  19.910  -58.485  -44.310 0.6999999881
18822  19.221  -59.024  -44.844 0.6000000238
17948  18.534  -59.627  -45.378 0.6000000238
18818  22.939  -58.307  -44.720 0.6000000238
18804  20.984  -58.479  -43.514 0.8000000119
17947  22.383  -59.294  -44.084 0.6000000238
18803  21.712  -58.753  -43.710 0.6999999881
18789  19.246  -58.949  -42.333 0.8000000119
9947  16.067  -69.133  -48.767 0.6999999881
9935  17.316  -69.168  -47.305 0.6999999881
10654  18.035  -68.967  -46.906 0.6999999881
10691  16.398  -68.052  -50.423 0.6999999881
9959  15.514  -68.991  -49.606 0.6999999881
9927  18.211  -69.152  -46.062 0.6000000238
9904  19.284  -68.830  -44.863 0.6000000238
24078  19.174  -51.813  -40.808 0.6000000238
24939  18.435  -51.461  -41.442 0.6000000238
24091  19.662  -52.535  -41.207 0.6000000238
24101  18.511  -52.778  -42.097 0.6000000238
10628  19.916  -68.274  -44.634 0.6000000238
23251  19.838  -53.366  -42.711 0.5000000000
13705  21.033  -63.578  -47.479 0.6999999881
12870  20.762  -65.223  -46.615 0.6999999881
23266  20.927  -53.309  -44.123 0.4000000060
136626  20.391  -53.348  -43.413 0.5000000000
14519  21.312  -62.454  -45.992 0.6999999881
14560  20.730  -62.892  -47.289 0.8000000119
161459  20.819  -53.104  -45.935 0.5000000000
14500  21.612  -63.129  -45.211 0.6000000238
153852  19.954  -62.318  -46.556 0.6999999881
22393  21.260  -53.389  -46.540 0.6000000238
14480  22.838  -64.173  -42.984 0.6999999881
14481  22.209  -64.033  -43.726 0.6999999881
21495  21.704  -55.060  -47.389 0.6999999881
21496  21.552  -54.984  -47.599 0.6000000238
15269  26.350  -62.564  -41.355 0.6999999881
14447  25.603  -63.174  -41.522 0.6999999881
20608  21.870  -55.202  -46.642 0.5000000000
19721  21.638  -56.878  -48.118 0.6000000238
17882  27.527  -59.824  -41.696 0.6000000238
16096  26.309  -61.482  -40.588 0.6000000238
15252  26.111  -62.174  -40.683 0.6999999881
148768  21.698  -56.944  -47.533 0.6999999881
17883  26.940  -60.091  -41.402 0.6000000238
16970  25.899  -60.867  -40.433 0.6000000238
20592  22.062  -56.405  -45.236 0.5000000000
19705  21.727  -56.627  -46.193 0.6000000238
17930  26.190  -59.989  -42.975 0.6000000238
19685  23.485  -57.946  -44.966 0.6000000238
137660  23.202  -57.317  -44.673 0.5000000000
19688  21.284  -57.431  -45.323 0.6999999881
19704  24.091  -58.101  -45.294 0.6000000238
10678  17.607  -68.185  -48.704 0.6999999881
10663  18.571  -68.458  -47.346 0.6999999881
10653  18.818  -68.717  -46.552 0.6000000238
10639  19.814  -68.454  -45.427 0.6000000238
24933  18.526  -50.771  -40.902 0.4000000060
136108  18.083  -50.858  -41.720 0.5000000000
11398  20.677  -67.491  -45.750 0.6000000238
161651  19.672  -52.241  -40.589 0.5000000000
24948  17.019  -51.140  -42.864 0.6000000238
12166  21.318  -66.323  -46.846 0.6999999881
13683  21.305  -64.666  -47.442 0.6999999881
12154  20.695  -66.777  -45.279 0.6000000238
23228  20.955  -53.477  -41.767 0.5000000000
14536  21.742  -62.776  -46.734 0.6999999881
23265  21.384  -53.626  -43.638 0.4000000060
14499  25.548  -63.981  -43.938 0.6999999881
13641  24.181  -64.436  -44.410 0.6999999881
147761  23.602  -64.467  -45.273 0.6999999881
22368  21.825  -54.031  -43.997 0.6000000238
15278  27.748  -62.206  -42.372 0.6999999881
14477  26.645  -63.196  -43.071 0.6999999881
13624  23.564  -64.302  -43.590 0.6999999881
13642  23.208  -64.348  -44.586 0.6999999881
22367  22.341  -54.729  -43.355 0.5000000000
22391  22.034  -54.055  -45.909 0.5000000000
16111  28.203  -60.980  -41.524 0.6000000238
162667  26.671  -62.631  -41.843 0.6999999881
14460  26.213  -63.117  -42.163 0.6999999881
14479  24.615  -63.986  -42.641 0.6999999881
22377  22.115  -54.633  -45.191 0.5000000000
17928  28.006  -59.316  -43.148 0.5000000000
17881  28.192  -59.829  -41.742 0.6000000238
16113  26.806  -61.787  -40.973 0.6000000238
11408  19.063  -67.843  -47.940 0.6999999881
135512  20.012  -67.743  -47.561 0.6999999881
25755  18.648  -49.993  -40.883 0.4000000060
11424  19.730  -67.305  -48.438 0.6999999881
10662  20.145  -67.995  -46.724 0.6999999881
26598  18.102  -49.663  -42.453 0.4000000060
12183  21.319  -66.588  -47.592 0.6999999881
25768  16.889  -50.266  -43.101 0.6000000238
13704  21.816  -63.970  -48.165 0.8000000119
12891  21.540  -65.581  -47.641 0.6999999881
13681  22.911  -63.841  -47.514 0.6000000238
14535  22.200  -63.263  -47.556 0.6000000238
27606  14.407  -49.079  -42.741 0.6000000238
13640  25.100  -64.381  -44.678 0.6999999881
13659  23.488  -64.368  -46.303 0.6999999881
13682  22.525  -63.627  -46.643 0.6000000238
14476  27.059  -63.269  -43.961 0.6000000238
16126  28.535  -61.599  -42.372 0.6000000238
26591  11.359  -49.106  -41.522 0.5000000000
16987  29.160  -60.219  -41.995 0.6000000238
161059  28.398  -61.246  -41.810 0.6999999881
18786  29.432  -58.907  -42.663 0.5000000000
12200  21.581  -65.830  -48.359 0.6999999881
138772  18.283  -48.931  -43.145 0.4000000060
12901  21.832  -64.946  -48.611 0.8000000119
26613  17.251  -49.333  -43.174 0.5000000000
13703  23.224  -64.084  -48.351 0.8000000119
27604  16.293  -48.256  -42.896 0.4000000060
27619  17.615  -48.759  -43.311 0.4000000060
14557  22.531  -63.749  -48.237 0.6999999881
135998  14.230  -48.143  -42.447 0.4000000060
27621  16.234  -49.276  -43.010 0.5000000000
15308  28.373  -62.635  -44.394 0.6000000238
13639  26.053  -64.017  -44.797 0.6000000238
144547  25.363  -64.483  -45.522 0.6999999881
28580  13.871  -47.113  -41.867 0.4000000060
16139  29.053  -61.750  -43.327 0.6000000238
15295  27.399  -62.758  -43.187 0.6000000238
27593  11.805  -48.168  -41.350 0.4000000060
162475  13.571  -48.597  -42.402 0.6000000238
161477  29.392  -60.581  -42.275 0.6000000238
17907  29.475  -59.547  -42.337 0.5000000000
18800  30.218  -58.106  -43.563 0.5000000000
27601  19.045  -48.321  -42.899 0.4000000060
135598  22.082  -64.904  -49.348 0.8000000119
159637  17.665  -47.675  -43.140 0.4000000060
14573  22.876  -64.064  -48.945 0.6999999881
28579  15.859  -47.209  -42.473 0.4000000060
13679  24.952  -64.868  -47.095 0.6000000238
13680  23.872  -64.554  -47.307 0.6999999881
14518  26.797  -63.737  -45.230 0.6000000238
13657  26.213  -64.227  -45.690 0.6000000238
142965  13.988  -46.137  -41.441 0.4000000060
28565  12.814  -47.116  -41.465 0.4000000060
16124  29.906  -60.711  -42.785 0.6000000238
27584  11.733  -47.821  -40.892 0.4000000060
142629  30.341  -59.539  -42.506 0.4000000060
28593  19.073  -47.009  -43.284 0.4000000060
13721  23.418  -64.311  -49.130 0.6999999881
28577  17.296  -46.810  -42.728 0.4000000060
13701  25.441  -64.889  -47.751 0.6999999881
13702  24.246  -64.781  -48.250 0.6000000238
29513  15.646  -46.325  -42.081 0.4000000060
15321  28.835  -62.677  -45.106 0.6000000238
14533  27.678  -63.664  -46.301 0.6000000238
29493  12.925  -46.260  -40.863 0.4000000060
16137  30.583  -60.968  -43.580 0.6000000238
28544  12.260  -47.411  -40.401 0.3000000119
17004  31.096  -59.600  -42.779 0.4000000060
18784  31.379  -58.435  -42.777 0.4000000060
17018  31.827  -59.636  -43.167 0.4000000060
30420  15.622  -45.585  -41.649 0.4000000060
30409  14.065  -45.253  -41.162 0.4000000060
15320  29.633  -62.488  -45.534 0.6000000238
16150  30.096  -61.674  -44.274 0.6000000238
16159  30.778  -61.918  -45.489 0.6000000238
17927  32.450  -59.570  -43.457 0.4000000060
17942  32.874  -59.769  -43.880 0.5000000000
18799  32.566  -58.320  -43.096 0.4000000060
24858  15.485  -51.967  -36.575 0.3000000119
17926  33.032  -59.051  -43.472 0.4000000060
159556  19.043  -43.822  -42.279 0.4000000060
26559  16.138  -49.560  -38.720 0.3000000119
21335  17.458  -55.360  -34.056 0.4000000060
32238  20.074  -42.867  -42.283 0.4000000060
32220  16.691  -44.264  -40.491 0.4000000060
145246  16.680  -48.158  -38.485 0.3000000119
29473  16.441  -46.715  -38.687 0.3000000119
24018  16.181  -52.255  -36.136 0.3000000119
25726  16.242  -50.910  -37.903 0.3000000119
22263  16.857  -54.185  -35.386 0.3000000119
33123  17.916  -43.180  -40.905 0.4000000060
31366  17.034  -44.232  -39.893 0.4000000060
30380  16.182  -45.048  -39.443 0.4000000060
25738  16.826  -50.239  -38.137 0.3000000119
24879  16.911  -51.127  -37.227 0.3000000119
23124  13.022  -53.877  -33.482 0.4000000060
136202  11.084  -53.046  -34.871 0.3000000119
24007  10.559  -52.253  -35.079 0.3000000119
24848  16.912  -52.108  -35.589 0.3000000119
22246  17.327  -54.252  -34.288 0.3000000119
31354  17.489  -44.603  -39.153 0.4000000060
30379  17.059  -45.330  -38.843 0.4000000060
28531  16.846  -47.356  -38.360 0.3000000119
147455  17.251  -48.072  -38.032 0.3000000119
25725  17.659  -50.414  -37.430 0.3000000119
22224  14.824  -54.525  -32.528 0.3000000119
24856  17.291  -51.548  -36.208 0.3000000119
145120  12.517  -53.105  -33.651 0.3000000119
152135  17.196  -52.565  -34.978 0.3000000119
23990  12.700  -52.316  -33.208 0.4000000060
23991  12.045  -52.297  -33.784 0.3000000119
24832  12.287  -51.533  -33.371 0.3000000119
24841  10.844  -51.550  -34.556 0.3000000119
30369  17.678  -45.795  -38.259 0.4000000060
28520  17.514  -47.200  -37.907 0.4000000060
27554  17.843  -48.782  -37.707 0.3000000119
22225  14.099  -54.112  -32.725 0.4000000060
25724  18.421  -50.437  -36.876 0.3000000119
138922  15.577  -54.064  -32.424 0.3000000119
23116  13.165  -53.114  -33.043 0.4000000060
147148  14.752  -52.895  -32.290 0.4000000060
25687  11.982  -50.651  -33.565 0.3000000119
30368  18.316  -45.786  -37.848 0.4000000060
28519  18.233  -47.227  -37.509 0.4000000060
27553  18.683  -48.978  -37.188 0.4000000060
25710  19.107  -50.445  -36.300 0.4000000060
24855  18.183  -51.351  -35.948 0.3000000119
157847  17.448  -51.710  -33.143 0.3000000119
23980  16.540  -52.812  -32.614 0.3000000119
23982  15.167  -52.216  -32.197 0.3000000119
24821  14.653  -51.479  -32.293 0.5000000000
23983  14.276  -52.277  -32.348 0.4000000060
24822  13.752  -51.537  -32.542 0.4000000060
26517  10.859  -49.770  -34.637 0.3000000119
28518  19.136  -47.393  -37.037 0.4000000060
27538  19.333  -49.149  -36.709 0.4000000060
25709  19.522  -50.391  -35.684 0.3000000119
25683  18.284  -50.434  -33.316 0.3000000119
150730  17.868  -49.875  -32.962 0.3000000119
26499  17.621  -49.227  -33.099 0.3000000119
24840  18.195  -51.512  -34.496 0.3000000119
24829  18.552  -50.994  -33.919 0.3000000119
24819  16.398  -51.270  -32.330 0.3000000119
25673  15.937  -50.611  -32.324 0.3000000119
26485  15.427  -49.970  -32.678 0.3000000119
24818  17.172  -51.157  -32.612 0.3000000119
25675  14.119  -50.780  -32.571 0.3000000119
25676  13.255  -50.880  -32.833 0.3000000119
26523  11.204  -49.242  -35.373 0.3000000119
32204  19.295  -43.448  -38.642 0.3000000119
160215  19.313  -44.719  -37.719 0.3000000119
29460  19.429  -46.524  -36.940 0.3000000119
28503  20.561  -47.385  -35.966 0.3000000119
27515  20.300  -48.520  -34.320 0.3000000119
27500  18.181  -48.690  -33.249 0.3000000119
143666  19.904  -47.165  -36.607 0.3000000119
27526  20.679  -48.513  -35.010 0.3000000119
26497  19.320  -49.425  -33.776 0.3000000119
27499  18.952  -48.914  -33.430 0.3000000119
26500  16.710  -49.175  -33.079 0.3000000119
26502  14.932  -49.447  -33.389 0.3000000119
25684  14.516  -50.073  -32.858 0.3000000119
138902  14.060  -49.556  -33.564 0.3000000119
26504  12.311  -49.759  -33.813 0.3000000119
143601  12.822  -49.232  -34.438 0.3000000119
155191  19.684  -41.055  -38.637 0.3000000119
31338  19.827  -44.382  -37.402 0.3000000119
29446  20.223  -46.559  -36.445 0.3000000119
28496  21.037  -47.147  -35.237 0.3000000119
27497  20.200  -47.908  -33.863 0.3000000119
27502  16.086  -48.583  -33.621 0.3000000119
26513  14.479  -48.977  -34.096 0.3000000119
27520  13.226  -48.718  -35.024 0.3000000119
27530  11.073  -49.105  -36.568 0.3000000119
28468  19.555  -47.554  -33.425 0.3000000119
144166  17.936  -47.883  -33.294 0.3000000119
27519  14.054  -48.357  -34.778 0.3000000119
27527  13.339  -48.300  -35.374 0.3000000119
160602  12.616  -48.945  -35.220 0.3000000119
27539  12.471  -48.366  -36.294 0.3000000119
161587  19.079  -46.920  -33.132 0.3000000119
28470  17.146  -47.454  -33.480 0.3000000119
28471  16.195  -47.717  -33.842 0.3000000119
29396  20.449  -46.403  -33.619 0.3000000119
29398  18.267  -46.739  -33.142 0.3000000119
29399  17.380  -46.690  -33.368 0.3000000119
28488  15.416  -47.584  -34.252 0.3000000119
159220  14.332  -47.602  -34.844 0.3000000119
28498  13.031  -48.041  -35.868 0.3000000119
28507  11.976  -47.594  -37.037 0.3000000119
133252  20.797  -76.454  -53.159 0.5000000000
5994  19.484  -75.396  -54.262 0.5000000000
5989  18.092  -74.795  -54.207 0.4000000060
15263  14.896  -62.993  -41.069 0.6999999881
17011  15.600  -60.709  -42.330 0.6999999881
7195  13.295  -73.593  -53.403 0.4000000060
5984  18.977  -74.765  -53.307 0.5000000000
15245  19.890  -62.424  -39.753 0.6000000238
12851  19.348  -65.455  -46.121 0.5000000000
150460  20.689  -62.387  -39.614 0.6000000238
14559  21.641  -63.249  -47.651 0.8000000119
12153  21.056  -66.536  -46.086 0.6999999881
13661  22.140  -63.417  -45.829 0.6000000238
18802  28.769  -58.948  -43.234 0.5000000000
14478  25.097  -63.989  -43.131 0.6999999881
28581  13.220  -47.806  -42.033 0.4000000060
18816  29.669  -58.406  -44.354 0.5000000000
15307  29.546  -62.192  -44.728 0.6000000238
18785  30.693  -58.289  -42.836 0.4000000060
13677  26.947  -64.241  -46.840 0.6000000238
14515  29.042  -62.911  -46.038 0.6000000238
28543  12.815  -46.756  -40.315 0.3000000119
17019  31.289  -60.272  -43.339 0.4000000060
16136  31.359  -60.838  -44.079 0.4000000060
32233  18.182  -43.194  -41.421 0.4000000060
29461  18.642  -46.509  -37.394 0.3000000119
149601  19.699  -42.696  -38.332 0.3000000119
13733  26.784  -65.034  -49.574 0.5000000000
13735  24.410  -65.000  -49.921 0.5000000000
13736  23.553  -64.570  -49.694 0.6999999881
13752  22.672  -64.771  -49.960 0.6999999881
12202  20.136  -66.830  -48.870 0.6000000238
140265  25.896  -64.882  -48.254 0.5000000000
138652  25.050  -65.052  -48.668 0.6000000238
13738  22.473  -64.696  -49.625 0.6000000238
11435  17.605  -67.437  -50.258 0.6000000238
10690  17.034  -67.980  -49.800 0.6000000238
12936  22.491  -65.464  -50.440 0.6999999881
12223  19.410  -66.545  -50.095 0.6000000238
135723  18.196  -67.122  -49.790 0.6000000238
12222  20.984  -66.220  -49.977 0.6999999881
12211  19.655  -66.482  -49.750 0.6000000238
11426  17.737  -67.560  -49.544 0.6000000238
13718  27.587  -64.584  -48.738 0.5000000000
11458  21.174  -66.663  -51.140 0.6999999881
12238  19.054  -66.872  -50.660 0.6999999881
11460  18.367  -67.288  -51.172 0.6000000238
11445  17.567  -67.572  -50.676 0.6000000238
157956  22.921  -65.629  -50.668 0.6000000238
12237  20.963  -66.341  -50.390 0.6999999881
12213  18.219  -67.164  -50.350 0.6000000238
12234  23.379  -66.030  -50.954 0.6000000238
14572  29.023  -63.929  -48.274 0.5000000000
13699  27.303  -64.337  -47.796 0.5000000000
11457  22.024  -66.763  -51.321 0.6999999881
11459  19.341  -67.040  -51.301 0.6000000238
10702  16.142  -68.112  -50.859 0.6000000238
139530  29.750  -63.777  -48.456 0.5000000000
14555  28.727  -63.622  -47.420 0.5000000000
15357  31.659  -62.504  -47.570 0.5000000000
14554  29.548  -63.464  -47.693 0.5000000000
16176  32.289  -61.684  -46.446 0.4000000060
13616  12.908  -64.006  -42.771 0.4000000060
13614  14.602  -64.071  -42.567 0.4000000060
159594  13.837  -64.611  -43.619 0.4000000060
160795  14.753  -64.445  -44.201 0.5000000000
13644  15.479  -64.160  -44.603 0.5000000000
13690  14.881  -64.860  -46.455 0.5000000000
15337  30.557  -62.526  -46.610 0.5000000000
13689  15.571  -64.747  -46.578 0.5000000000
11382  13.883  -68.224  -44.785 0.6000000238
15336  31.292  -62.327  -46.825 0.4000000060
12168  16.578  -65.902  -46.941 0.5000000000
12169  15.894  -66.134  -47.175 0.5000000000
11381  14.710  -67.828  -44.597 0.5000000000
13645  12.840  -64.965  -43.995 0.5000000000
13664  14.199  -64.970  -45.771 0.5000000000
12854  13.630  -65.374  -46.358 0.5000000000
12877  14.053  -65.466  -47.293 0.5000000000
12893  13.982  -65.820  -47.867 0.5000000000
12184  15.268  -65.765  -47.561 0.5000000000
12185  14.615  -66.093  -48.028 0.5000000000
11390  14.639  -67.637  -46.614 0.5000000000
15318  31.007  -62.104  -46.119 0.5000000000
11399  15.262  -66.440  -47.440 0.5000000000
16175  33.888  -60.972  -46.542 0.4000000060
16158  32.354  -61.303  -45.685 0.4000000060
16157  33.304  -60.732  -45.591 0.4000000060
161716  14.742  -61.652  -45.159 0.5000000000
157633  12.330  -65.998  -46.949 0.5000000000
15319  30.333  -62.318  -45.859 0.5000000000
16148  31.818  -61.090  -44.822 0.4000000060
17054  17.826  -60.687  -47.213 0.5000000000
151448  17.461  -60.926  -47.849 0.5000000000
17079  16.914  -61.128  -48.204 0.5000000000
155305  16.428  -61.158  -46.296 0.5000000000
17031  33.073  -60.222  -44.575 0.4000000060
17071  18.145  -60.466  -47.848 0.5000000000
17078  17.541  -60.650  -48.148 0.5000000000
19740  19.287  -58.319  -48.203 0.5000000000
19741  18.340  -58.212  -47.770 0.5000000000
18872  17.003  -59.360  -48.345 0.5000000000
17080  15.839  -61.125  -48.871 0.4000000060
19723  18.509  -57.327  -47.515 0.5000000000
18857  17.557  -58.595  -47.783 0.6000000238
18873  15.903  -59.071  -48.051 0.6000000238
20634  19.579  -57.261  -48.105 0.5000000000
20610  18.139  -55.564  -46.377 0.5000000000
19724  17.616  -57.479  -47.113 0.5000000000
19725  16.723  -57.577  -46.856 0.6000000238
18858  16.347  -58.320  -47.501 0.6000000238
18874  14.820  -58.963  -47.683 0.6000000238
17082  13.943  -60.592  -48.396 0.5000000000
17083  12.956  -60.553  -48.052 0.5000000000
17073  11.963  -60.349  -47.269 0.5000000000
21498  19.184  -55.213  -46.997 0.5000000000
21486  18.641  -54.649  -45.882 0.5000000000
137598  18.303  -55.084  -44.841 0.5000000000
20611  17.338  -55.974  -45.898 0.5000000000
21474  17.831  -55.615  -44.378 0.6000000238
19726  15.807  -57.440  -46.626 0.6000000238
18859  15.171  -57.986  -47.201 0.6000000238
17989  13.877  -58.953  -47.337 0.6000000238
17990  13.183  -58.957  -47.056 0.5000000000
151810  11.247  -55.982  -42.201 0.5000000000
17971  10.941  -59.578  -45.695 0.5000000000
21485  19.747  -54.106  -46.730 0.5000000000
22380  18.912  -54.509  -44.705 0.5000000000
21473  18.490  -55.244  -43.922 0.6000000238
21461  17.965  -55.851  -43.322 0.6000000238
20550  17.107  -56.269  -42.718 0.6000000238
20613  15.709  -56.397  -45.277 0.6000000238
144229  16.283  -56.472  -43.593 0.6000000238
138583  14.918  -56.605  -45.576 0.6000000238
20614  14.908  -56.383  -44.916 0.6000000238
144539  14.196  -58.127  -47.053 0.6000000238
18843  12.935  -57.760  -46.190 0.5000000000
17992  11.693  -59.551  -46.277 0.5000000000
153358  12.163  -58.467  -46.026 0.5000000000
19711  12.353  -57.059  -45.468 0.5000000000
18823  11.383  -57.879  -45.242 0.5000000000
19692  11.560  -56.615  -44.821 0.5000000000
22356  18.926  -54.540  -42.764 0.6000000238
22339  17.764  -54.915  -41.583 0.6000000238
138655  16.998  -54.702  -41.328 0.6000000238
22341  15.521  -54.738  -40.917 0.6000000238
20535  16.603  -56.241  -41.800 0.6000000238
20552  15.106  -56.673  -42.481 0.6000000238
21423  15.276  -56.066  -41.091 0.6000000238
20596  14.239  -56.367  -44.703 0.5000000000
20553  14.369  -56.697  -42.357 0.5000000000
19710  13.285  -56.787  -45.805 0.5000000000
20554  12.976  -56.600  -42.552 0.5000000000
21424  13.485  -55.995  -41.065 0.6000000238
20598  12.609  -56.130  -44.416 0.5000000000
20555  12.085  -56.373  -42.384 0.5000000000
21444  12.577  -55.779  -41.123 0.5000000000
23214  10.760  -53.755  -41.141 0.5000000000
23254  16.445  -53.295  -42.075 0.6000000238
145417  14.866  -53.310  -42.165 0.6000000238
22342  14.626  -54.543  -40.921 0.6000000238
20524  14.412  -56.096  -41.048 0.6000000238
139396  12.630  -53.614  -41.462 0.6000000238
23213  11.664  -53.695  -41.260 0.5000000000
139234  15.449  -51.947  -43.516 0.6000000238
22343  13.549  -54.276  -41.006 0.6000000238
23236  11.852  -53.142  -41.751 0.6000000238
23237  10.858  -52.964  -41.460 0.5000000000
25783  15.127  -50.650  -43.194 0.6000000238
24958  15.513  -51.272  -43.420 0.6000000238
141425  13.773  -51.335  -43.167 0.6000000238
24106  13.223  -52.429  -43.055 0.6000000238
24093  12.623  -52.904  -42.398 0.6000000238
24108  11.290  -51.668  -42.238 0.5000000000
26601  14.528  -49.916  -42.931 0.6000000238
25770  13.010  -50.521  -42.754 0.6000000238
160046  12.659  -49.769  -42.397 0.6000000238
24107  12.215  -52.175  -42.748 0.6000000238
25761  11.102  -49.843  -41.689 0.6000000238
26583  10.041  -49.894  -41.022 0.5000000000
26582  10.595  -49.299  -40.753 0.4000000060
138170  19.088  -66.842  -49.302 0.6000000238
142634  21.271  -66.046  -49.679 0.6999999881
14556  27.886  -63.849  -47.158 0.5000000000
14531  29.274  -63.163  -46.862 0.5000000000
14552  31.377  -62.954  -48.231 0.5000000000
15358  30.888  -62.755  -47.410 0.5000000000
148624  14.095  -67.660  -47.434 0.6000000238
20612  16.583  -56.235  -45.540 0.6000000238
20571  17.171  -56.110  -43.929 0.6000000238
19709  14.175  -56.718  -45.967 0.6000000238
20597  13.465  -56.274  -44.533 0.5000000000
24950  14.706  -52.131  -43.687 0.6000000238
23256  14.196  -53.100  -42.556 0.6000000238
25772  11.303  -50.714  -42.137 0.6000000238
24940  10.450  -51.093  -41.698 0.6000000238
150048  20.864  -78.489  -51.544 0.4000000060
5343  20.011  -77.206  -49.400 0.5000000000
5344  19.240  -76.942  -49.327 0.5000000000
4101  19.677  -78.557  -49.885 0.4000000060
4700  20.118  -78.281  -51.233 0.4000000060
134278  18.993  -77.285  -50.695 0.4000000060
136178  20.885  -77.295  -52.178 0.4000000060
5956  19.451  -75.819  -48.840 0.5000000000
154796  20.077  -76.153  -49.369 0.5000000000
156266  18.328  -76.628  -49.717 0.5000000000
5966  18.308  -75.751  -51.005 0.5000000000
133256  19.697  -76.384  -51.825 0.4000000060
5947  19.074  -75.539  -48.254 0.5000000000
5327  18.162  -76.003  -48.760 0.5000000000
134252  17.656  -75.962  -49.654 0.5000000000
5967  17.679  -75.501  -50.575 0.5000000000
5979  18.756  -75.103  -52.107 0.4000000060
6578  18.280  -74.497  -52.806 0.4000000060
5940  18.233  -75.066  -47.469 0.5000000000
134433  17.098  -75.073  -48.374 0.5000000000
150814  16.855  -74.400  -48.207 0.5000000000
5968  17.042  -75.242  -50.040 0.5000000000
6573  17.236  -74.678  -51.058 0.5000000000
6584  17.686  -74.231  -53.301 0.4000000060
160732  14.737  -69.007  -51.564 0.5000000000
9990  13.636  -69.455  -51.839 0.4000000060
9998  14.329  -69.943  -52.590 0.4000000060
9208  14.626  -70.503  -53.009 0.4000000060
142284  13.968  -70.827  -53.145 0.4000000060
7834  14.044  -72.185  -53.291 0.4000000060
152120  16.227  -74.199  -49.566 0.5000000000
7189  14.754  -72.562  -53.019 0.4000000060
7193  14.806  -73.397  -53.315 0.4000000060
7192  15.658  -73.590  -53.251 0.4000000060
7818  16.542  -72.735  -49.367 0.4000000060
7180  15.921  -73.680  -50.030 0.5000000000
6585  16.765  -73.848  -53.110 0.4000000060
6580  16.570  -74.031  -51.607 0.4000000060
9988  14.943  -69.520  -52.302 0.4000000060
154689  16.203  -70.910  -53.461 0.4000000060
140357  14.784  -71.199  -53.198 0.4000000060
7813  17.117  -72.760  -48.675 0.4000000060
7831  15.199  -72.619  -52.190 0.4000000060
7188  15.236  -73.104  -52.502 0.4000000060
7820  16.998  -72.123  -50.086 0.4000000060
7821  16.145  -72.438  -50.260 0.4000000060
7828  15.900  -72.232  -50.936 0.4000000060
7184  15.867  -73.690  -50.940 0.4000000060
10710  16.300  -68.299  -51.449 0.5000000000
144931  16.666  -68.422  -52.152 0.4000000060
10729  17.091  -68.994  -52.933 0.4000000060
9995  17.501  -69.944  -53.542 0.4000000060
8489  17.613  -71.171  -53.785 0.4000000060
8490  16.677  -71.097  -53.519 0.4000000060
8470  16.847  -71.583  -51.964 0.4000000060
8472  15.221  -71.862  -52.653 0.4000000060
8451  18.067  -72.098  -50.129 0.4000000060
8460  17.490  -71.792  -51.004 0.4000000060
8471  15.909  -71.827  -51.728 0.4000000060
11461  17.578  -67.599  -51.082 0.5000000000
11473  17.054  -68.014  -51.534 0.5000000000
11471  18.669  -67.600  -51.989 0.6000000238
10723  18.251  -68.243  -52.563 0.5000000000
9205  17.955  -70.773  -53.990 0.4000000060
152163  18.945  -71.529  -53.929 0.4000000060
7826  19.635  -72.211  -52.744 0.4000000060
8468  19.965  -72.177  -51.731 0.4000000060
9986  19.542  -68.765  -53.009 0.4000000060
11470  20.103  -67.352  -51.722 0.5000000000
9992  20.747  -70.166  -53.650 0.4000000060
8486  20.570  -71.719  -54.055 0.4000000060
9984  21.302  -69.352  -53.058 0.5000000000
9991  21.755  -70.621  -53.523 0.4000000060
9202  21.050  -71.171  -54.020 0.4000000060
8484  21.640  -71.450  -53.603 0.4000000060
11468  22.276  -67.816  -51.830 0.6000000238
11469  21.437  -67.516  -51.710 0.6000000238
147050  23.153  -69.700  -52.747 0.5000000000
9982  23.706  -70.569  -52.692 0.4000000060
13750  23.760  -64.897  -50.162 0.5000000000
22357  18.395  -54.261  -42.063 0.5000000000
144000  16.917  -52.728  -42.391 0.5000000000
25780  16.670  -50.003  -43.055 0.5000000000
24102  17.458  -52.103  -42.375 0.5000000000
24949  15.930  -51.339  -43.396 0.5000000000
23231  17.366  -53.891  -41.733 0.5000000000
5326  18.775  -76.047  -48.796 0.5000000000
4686  18.732  -77.367  -49.953 0.5000000000
9996  16.638  -69.743  -53.164 0.4000000060
9206  16.952  -70.747  -53.661 0.4000000060
8461  16.495  -71.879  -50.927 0.4000000060
10727  18.873  -69.155  -53.254 0.4000000060
151561  19.218  -70.215  -53.833 0.4000000060
8478  18.362  -71.641  -53.469 0.4000000060
8469  18.056  -71.781  -52.208 0.4000000060
151887  18.992  -68.290  -52.644 0.5000000000
8475  21.024  -72.074  -53.421 0.4000000060
10720  21.768  -68.571  -52.342 0.5000000000
152025  22.589  -68.825  -52.359 0.6000000238
9983  22.754  -70.658  -53.107 0.5000000000
161825  23.578  -67.844  -51.831 0.5000000000
14580  35.531  -64.183  -49.608 0.3000000119
13740  34.488  -64.781  -50.342 0.3000000119
13728  33.960  -63.895  -50.190 0.3000000119
14568  34.881  -63.390  -49.488 0.3000000119
147069  36.292  -63.592  -48.697 0.3000000119
14551  37.874  -63.767  -48.005 0.3000000119
15352  36.749  -63.099  -48.101 0.3000000119
12914  33.334  -65.526  -50.844 0.3000000119
12221  32.709  -66.009  -51.110 0.4000000060
12916  30.858  -65.205  -51.101 0.4000000060
13727  35.347  -65.019  -49.943 0.3000000119
13743  31.443  -64.638  -50.666 0.4000000060
147967  32.118  -64.104  -50.357 0.4000000060
13716  29.421  -64.258  -49.205 0.4000000060
13732  27.931  -64.877  -49.648 0.4000000060
12906  36.179  -65.232  -49.443 0.3000000119
15376  33.633  -63.234  -49.685 0.3000000119
14570  31.224  -63.525  -49.133 0.4000000060
16185  35.533  -61.743  -47.574 0.3000000119
15367  33.499  -62.635  -48.974 0.3000000119
12228  29.656  -66.617  -51.938 0.4000000060
12240  28.139  -67.260  -52.072 0.4000000060
12232  25.366  -66.471  -51.419 0.4000000060
12932  25.954  -65.935  -51.141 0.4000000060
12225  31.955  -66.416  -51.325 0.4000000060
161818  30.283  -66.188  -51.733 0.4000000060
12229  28.585  -66.502  -51.811 0.4000000060
12931  27.419  -65.830  -51.211 0.4000000060
12920  27.006  -65.576  -50.844 0.4000000060
152112  33.671  -66.849  -50.618 0.3000000119
12917  30.012  -65.219  -51.048 0.4000000060
12919  28.047  -65.537  -50.964 0.4000000060
13749  25.049  -65.431  -50.387 0.4000000060
12193  35.844  -66.199  -49.542 0.3000000119
158588  29.421  -64.683  -49.977 0.4000000060
13748  26.328  -65.424  -50.421 0.4000000060
12900  36.567  -66.191  -48.953 0.3000000119
14571  30.308  -63.905  -49.082 0.4000000060
15369  32.032  -62.644  -48.235 0.4000000060
10716  27.131  -68.750  -52.252 0.4000000060
11465  25.264  -68.229  -52.079 0.4000000060
10713  29.599  -68.640  -52.136 0.4000000060
11452  29.136  -67.540  -52.170 0.4000000060
11464  26.695  -67.676  -52.092 0.4000000060
11454  24.849  -67.182  -51.691 0.4000000060
11431  33.875  -68.019  -49.898 0.3000000119
11449  31.915  -67.514  -51.253 0.4000000060
12175  35.967  -66.945  -48.456 0.3000000119
12194  35.999  -66.930  -48.994 0.3000000119
158125  25.249  -65.663  -50.740 0.4000000060
152771  37.087  -66.184  -47.915 0.3000000119
10719  23.768  -68.977  -52.315 0.4000000060
143489  26.196  -68.456  -52.197 0.4000000060
16188  32.780  -61.816  -47.190 0.3000000119
16187  33.604  -61.524  -47.266 0.3000000119
15355  33.340  -62.077  -48.074 0.3000000119
12922  24.339  -65.433  -50.500 0.4000000060
12233  24.390  -66.268  -51.176 0.4000000060
11456  22.941  -67.017  -51.490 0.4000000060
9981  24.319  -69.942  -52.500 0.4000000060
13742  32.558  -64.779  -50.819 0.3000000119
15366  35.703  -62.906  -48.490 0.3000000119
16184  36.634  -62.047  -47.382 0.3000000119
12226  31.350  -66.605  -51.562 0.4000000060
147940  32.107  -63.525  -49.729 0.4000000060
13745  29.697  -64.922  -50.518 0.4000000060
13729  30.867  -64.379  -50.210 0.4000000060
13747  27.433  -65.262  -50.378 0.4000000060
14582  32.811  -63.050  -49.424 0.4000000060
11451  30.168  -68.038  -52.030 0.4000000060
11453  25.770  -67.408  -51.903 0.4000000060
12230  27.728  -66.374  -51.626 0.4000000060
11448  32.777  -67.344  -50.902 0.3000000119
151656  28.120  -65.948  -51.403 0.4000000060
152098  34.788  -67.552  -49.671 0.3000000119
10708  30.878  -68.606  -51.491 0.4000000060
11444  32.473  -68.262  -50.474 0.3000000119
11415  35.202  -67.424  -49.138 0.3000000119
4660  22.804  -77.706  -47.695 0.3000000119
3580  22.098  -78.879  -46.770 0.3000000119
157692  23.198  -77.159  -47.926 0.3000000119
4071  21.841  -78.220  -46.537 0.3000000119
4673  23.331  -77.577  -48.621 0.3000000119
4081  23.110  -78.375  -48.258 0.3000000119
5309  24.675  -76.831  -49.054 0.3000000119
4658  24.112  -76.824  -47.306 0.3000000119
4646  22.420  -77.366  -46.445 0.3000000119
5340  24.673  -76.927  -50.288 0.3000000119
5325  24.105  -76.894  -49.360 0.3000000119
4092  23.406  -78.502  -49.390 0.3000000119
4100  20.156  -79.131  -49.824 0.3000000119
4080  25.734  -78.130  -47.441 0.3000000119
4644  24.895  -77.429  -47.001 0.3000000119
5339  25.355  -76.954  -49.781 0.3000000119
4657  24.768  -76.961  -48.011 0.3000000119
4632  23.119  -77.314  -45.666 0.3000000119
136422  22.646  -76.997  -51.178 0.3000000119
5342  20.804  -76.489  -49.845 0.3000000119
4683  20.650  -77.899  -49.575 0.3000000119
144981  25.501  -76.408  -51.868 0.3000000119
141910  23.489  -76.949  -51.395 0.3000000119
5364  23.819  -75.809  -52.342 0.3000000119
5976  23.627  -75.157  -51.995 0.3000000119
157762  22.196  -75.370  -51.009 0.3000000119
5354  21.702  -76.814  -50.505 0.3000000119
6572  21.770  -75.113  -50.312 0.3000000119
5930  18.522  -74.553  -46.905 0.4000000060
5938  19.791  -75.009  -48.161 0.4000000060
2969  20.865  -80.058  -40.994 0.3000000119
2485  21.002  -81.628  -41.178 0.3000000119
159453  21.838  -77.525  -45.505 0.3000000119
4054  21.370  -78.277  -45.830 0.3000000119
3531  24.834  -79.097  -43.645 0.3000000119
4018  23.041  -78.627  -42.817 0.3000000119
4008  21.718  -78.651  -41.603 0.3000000119
4009  20.725  -78.618  -41.626 0.3000000119
2970  19.935  -80.163  -41.354 0.3000000119
3553  25.812  -79.186  -45.366 0.3000000119
4030  23.280  -78.377  -43.719 0.3000000119
4019  22.087  -78.223  -42.476 0.3000000119
4022  19.602  -78.698  -42.782 0.3000000119
3512  19.493  -79.630  -41.771 0.3000000119
4631  23.793  -77.683  -45.382 0.3000000119
4620  22.619  -77.598  -44.720 0.3000000119
4031  21.430  -77.773  -43.358 0.3000000119
146324  20.284  -78.278  -43.893 0.3000000119
4621  21.312  -77.669  -44.348 0.3000000119
4622  20.683  -78.004  -44.500 0.3000000119
161585  23.463  -77.498  -50.782 0.3000000119
4108  22.908  -79.271  -50.058 0.3000000119
4070  24.784  -78.102  -45.897 0.3000000119
5365  23.176  -76.328  -52.017 0.3000000119
2952  22.746  -80.584  -40.328 0.3000000119
3556  20.602  -79.020  -44.978 0.3000000119
4041  24.398  -78.473  -44.931 0.3000000119
3519  23.750  -79.155  -42.175 0.3000000119
137646  22.411  -77.986  -43.449 0.3000000119
4020  21.146  -78.118  -42.312 0.3000000119
3544  19.747  -79.417  -43.771 0.3000000119
6556  20.901  -74.772  -48.493 0.3000000119
9934  23.929  -70.038  -46.833 0.3000000119
9143  23.090  -70.650  -46.526 0.3000000119
9154  21.823  -71.290  -47.069 0.3000000119
8432  20.311  -71.657  -47.019 0.4000000060
133863  19.402  -71.939  -47.839 0.4000000060
133267  18.653  -72.354  -47.655 0.3000000119
7174  16.723  -73.260  -48.592 0.3000000119
9151  24.214  -70.424  -47.825 0.3000000119
9164  22.853  -71.129  -48.146 0.4000000060
157566  21.701  -71.393  -48.929 0.4000000060
134092  20.297  -71.785  -49.798 0.4000000060
8450  18.557  -72.169  -49.317 0.3000000119
136847  21.821  -71.879  -51.480 0.4000000060
154498  20.234  -72.025  -50.732 0.4000000060
146083  19.444  -72.111  -50.920 0.3000000119
7824  21.487  -72.088  -52.567 0.3000000119
162221  23.955  -68.751  -44.271 0.3000000119
9919  23.751  -69.145  -45.101 0.3000000119
9144  22.474  -70.938  -45.906 0.4000000060
8420  21.040  -71.487  -46.599 0.4000000060
135890  19.672  -72.057  -46.588 0.3000000119
133265  18.553  -72.736  -46.805 0.3000000119
7160  18.244  -73.483  -46.699 0.3000000119
10637  24.302  -68.661  -45.806 0.3000000119
10650  24.484  -69.193  -46.630 0.3000000119
9933  24.667  -69.732  -47.417 0.3000000119
9946  24.943  -70.177  -48.208 0.3000000119
9163  23.653  -70.896  -48.409 0.3000000119
137158  22.301  -71.361  -49.453 0.4000000060
9945  25.671  -69.903  -48.497 0.3000000119
9957  26.122  -70.393  -49.422 0.3000000119
9162  24.469  -70.723  -48.774 0.3000000119
9178  23.838  -71.116  -49.409 0.4000000060
133272  22.101  -71.531  -50.383 0.4000000060
162112  25.377  -71.163  -50.650 0.3000000119
155898  23.499  -71.557  -51.135 0.4000000060
134311  22.750  -71.678  -51.327 0.4000000060
9197  25.478  -70.676  -51.911 0.3000000119
9192  24.765  -71.027  -52.021 0.4000000060
8465  23.377  -71.616  -51.959 0.4000000060
8466  22.453  -71.854  -52.429 0.4000000060
9975  26.908  -70.238  -51.736 0.3000000119
9198  24.608  -70.626  -52.287 0.4000000060
9980  25.185  -70.027  -52.287 0.3000000119
9107  27.467  -70.555  -44.610 0.3000000119
8393  26.273  -71.382  -44.541 0.3000000119
7760  25.054  -72.393  -44.227 0.3000000119
7740  24.085  -72.597  -43.815 0.3000000119
10610  24.625  -68.422  -43.215 0.3000000119
139483  24.465  -69.774  -43.294 0.3000000119
9097  23.935  -70.481  -43.457 0.3000000119
7741  23.205  -72.450  -43.628 0.3000000119
11376  26.006  -67.016  -44.542 0.3000000119
150780  25.127  -67.485  -43.794 0.3000000119
9887  24.085  -69.654  -43.455 0.3000000119
9109  23.517  -70.238  -43.832 0.3000000119
9111  22.189  -71.379  -44.603 0.3000000119
8397  21.039  -72.179  -44.837 0.3000000119
7122  20.160  -73.424  -45.014 0.3000000119
7141  19.534  -73.574  -45.505 0.3000000119
6526  20.173  -74.520  -46.270 0.3000000119
6544  20.470  -74.692  -47.432 0.3000000119
11386  25.467  -67.409  -45.236 0.3000000119
9175  26.664  -70.805  -50.505 0.3000000119
8455  25.424  -71.122  -51.306 0.3000000119
9969  28.313  -70.410  -50.817 0.3000000119
155323  26.027  -70.786  -51.480 0.3000000119
9973  28.951  -70.091  -51.593 0.3000000119
10714  28.552  -69.671  -52.048 0.3000000119
145423  26.638  -69.516  -52.154 0.3000000119
9106  28.959  -70.247  -45.039 0.3000000119
9093  26.955  -70.055  -43.894 0.3000000119
9094  26.122  -70.176  -43.589 0.3000000119
8377  24.899  -70.951  -43.558 0.3000000119
10595  25.677  -68.327  -42.652 0.3000000119
9096  24.612  -70.316  -43.363 0.3000000119
6543  21.564  -74.540  -47.771 0.3000000119
9125  29.700  -70.505  -45.591 0.3000000119
9901  28.564  -69.839  -44.436 0.3000000119
9883  28.081  -69.490  -43.787 0.3000000119
9885  26.473  -69.569  -43.196 0.3000000119
151827  25.741  -69.677  -43.155 0.3000000119
11349  25.465  -67.879  -42.776 0.3000000119
9900  29.468  -69.721  -44.707 0.3000000119
9881  29.680  -69.014  -43.969 0.3000000119
10609  27.915  -68.858  -43.096 0.3000000119
10594  26.476  -68.277  -42.462 0.3000000119
6545  19.522  -74.768  -47.105 0.3000000119
133264  17.349  -74.194  -47.504 0.3000000119
133963  17.529  -73.613  -47.386 0.3000000119
136129  18.986  -72.084  -48.532 0.3000000119
8458  19.707  -72.020  -50.173 0.4000000060
159339  23.094  -71.355  -52.579 0.4000000060
150209  30.246  -69.277  -51.541 0.3000000119
9925  23.964  -69.365  -46.074 0.3000000119
9153  22.628  -71.087  -47.313 0.3000000119
138340  22.964  -70.475  -45.611 0.3000000119
9165  21.924  -71.318  -48.020 0.4000000060
134024  20.208  -71.636  -47.945 0.4000000060
133268  19.516  -71.943  -49.341 0.4000000060
11378  24.772  -67.686  -44.477 0.3000000119
9128  23.227  -70.102  -44.723 0.3000000119
138123  21.549  -71.681  -44.889 0.3000000119
9129  22.595  -70.808  -45.027 0.3000000119
7779  20.346  -72.319  -45.341 0.4000000060
7781  19.153  -73.017  -45.732 0.3000000119
11396  26.034  -67.496  -46.087 0.3000000119
10648  25.773  -68.209  -46.828 0.3000000119
10676  25.955  -69.044  -47.816 0.3000000119
9177  24.804  -71.075  -49.897 0.4000000060
9191  26.875  -70.546  -51.396 0.3000000119
8378  23.703  -71.811  -43.515 0.3000000119
8379  22.967  -71.778  -43.655 0.3000000119
7743  21.858  -72.538  -43.972 0.3000000119
9968  29.130  -70.275  -51.200 0.3000000119
11380  15.568  -67.472  -45.144 0.4000000060
2953  21.895  -80.090  -40.631 0.3000000119
3510  21.284  -79.278  -41.081 0.3000000119
3511  20.291  -79.374  -41.355 0.3000000119
3520  22.722  -78.894  -41.824 0.3000000119
3532  23.993  -78.904  -43.186 0.3000000119
3543  20.369  -79.597  -44.394 0.3000000119
3554  25.319  -78.959  -45.193 0.3000000119
3579  22.935  -79.210  -47.599 0.3000000119
3589  20.611  -79.541  -50.013 0.3000000119
4010  19.827  -78.865  -41.943 0.3000000119
4021  20.271  -78.291  -42.416 0.3000000119
4029  24.142  -78.778  -44.103 0.3000000119
4032  20.108  -78.212  -43.258 0.3000000119
4033  19.799  -78.731  -43.540 0.3000000119
4042  23.445  -77.985  -44.569 0.3000000119
4043  20.280  -78.709  -44.342 0.3000000119
4055  20.821  -78.411  -45.127 0.3000000119
4069  25.414  -78.261  -46.645 0.3000000119
4082  22.426  -78.297  -47.286 0.3000000119
4091  26.058  -78.057  -48.206 0.3000000119
4111  19.629  -78.475  -50.450 0.4000000060
4601  20.684  -77.917  -43.001 0.3000000119
4609  22.032  -77.605  -44.182 0.3000000119
4610  20.668  -77.870  -43.755 0.3000000119
4619  23.097  -77.551  -45.110 0.3000000119
4633  22.388  -77.388  -45.743 0.3000000119
4634  21.302  -77.741  -45.247 0.3000000119
4645  23.898  -77.178  -46.306 0.3000000119
4647  21.807  -77.676  -46.072 0.3000000119
4659  23.672  -76.936  -48.524 0.3000000119
4661  22.263  -77.737  -46.887 0.3000000119
4672  23.642  -77.349  -49.606 0.3000000119
4682  23.299  -78.058  -50.236 0.3000000119
4684  19.720  -77.966  -49.512 0.4000000060
4685  19.176  -77.759  -49.766 0.5000000000
4693  22.901  -78.011  -50.524 0.3000000119
4695  19.135  -78.018  -50.090 0.5000000000
5286  23.006  -77.114  -46.368 0.3000000119
5297  23.470  -76.925  -46.940 0.3000000119
5310  24.084  -76.729  -48.268 0.3000000119
5311  23.584  -76.873  -47.645 0.3000000119
5312  22.864  -77.156  -47.166 0.3000000119
5341  23.944  -77.261  -50.702 0.3000000119
5352  25.585  -76.978  -50.887 0.3000000119
5353  24.498  -76.696  -51.542 0.3000000119
5363  24.671  -76.063  -52.358 0.3000000119
5372  20.189  -75.857  -53.000 0.5000000000
5939  18.987  -75.160  -47.634 0.5000000000
5948  18.465  -75.570  -48.161 0.5000000000
5955  20.998  -75.479  -49.838 0.3000000119
5964  22.400  -76.023  -51.528 0.3000000119
5965  21.653  -75.768  -50.598 0.3000000119
5977  23.105  -75.690  -52.070 0.3000000119
5978  19.415  -75.503  -52.578 0.4000000060
5980  18.059  -74.830  -51.627 0.4000000060
5988  18.909  -74.857  -54.144 0.5000000000
5995  18.737  -75.145  -54.334 0.4000000060
6506  19.803  -74.093  -45.593 0.3000000119
6507  19.104  -74.014  -45.938 0.3000000119
6527  18.472  -74.107  -46.514 0.4000000060
6546  17.933  -74.467  -47.133 0.3000000119
6565  21.319  -74.886  -49.455 0.3000000119
6566  20.411  -75.266  -49.076 0.3000000119
6567  16.444  -74.286  -48.910 0.5000000000
6574  16.441  -74.407  -50.378 0.5000000000
6577  22.803  -75.291  -51.501 0.3000000119
6579  17.493  -74.242  -52.312 0.4000000060
6583  18.259  -74.539  -53.765 0.4000000060
6589  16.358  -74.157  -53.942 0.4000000060
7104  22.755  -73.032  -43.757 0.3000000119
7142  18.860  -73.594  -46.053 0.3000000119
7171  16.951  -73.723  -47.988 0.5000000000
7172  13.016  -73.380  -46.921 0.5000000000
7176  16.225  -73.517  -49.206 0.5000000000
7177  15.871  -72.980  -49.922 0.4000000060
7181  15.651  -73.209  -50.518 0.4000000060
7183  10.902  -73.183  -50.954 0.4000000060
7185  15.395  -73.026  -51.364 0.4000000060
7186  10.853  -73.367  -51.858 0.5000000000
7187  15.821  -73.506  -52.052 0.4000000060
7190  12.497  -73.189  -53.261 0.4000000060
7191  11.243  -73.512  -52.784 0.5000000000
7739  24.513  -71.735  -43.668 0.3000000119
7742  22.479  -72.475  -43.754 0.3000000119
7759  25.969  -72.211  -44.686 0.3000000119
7761  21.243  -72.654  -44.372 0.3000000119
7762  20.502  -72.802  -44.785 0.3000000119
7780  19.783  -72.896  -45.251 0.3000000119
7796  19.091  -72.573  -46.311 0.3000000119
7797  18.713  -73.086  -46.224 0.3000000119
7808  19.145  -72.188  -47.053 0.3000000119
7810  12.674  -72.657  -48.265 0.6000000238
7816  17.997  -72.485  -48.403 0.3000000119
7817  17.533  -72.375  -49.300 0.4000000060
7819  11.696  -72.408  -50.008 0.6000000238
7822  15.682  -72.722  -50.673 0.4000000060
7823  11.156  -72.499  -50.726 0.6000000238
7825  20.552  -72.197  -52.666 0.3000000119
7827  18.887  -72.098  -52.837 0.4000000060
7829  15.565  -72.413  -51.526 0.4000000060
7832  11.693  -72.840  -53.098 0.4000000060
8376  25.742  -70.821  -43.893 0.3000000119
8380  22.274  -72.035  -43.869 0.3000000119
8392  27.120  -71.166  -44.989 0.3000000119
8394  25.388  -71.578  -44.061 0.3000000119
8395  22.542  -71.527  -44.027 0.3000000119
8396  21.765  -71.964  -44.288 0.3000000119
8408  21.090  -71.702  -45.586 0.3000000119
8421  20.296  -71.889  -46.131 0.3000000119
8422  19.655  -72.437  -45.831 0.3000000119
8423  13.858  -71.359  -46.281 0.5000000000
8431  21.051  -71.432  -47.529 0.4000000060
8439  22.354  -71.288  -48.704 0.4000000060
8440  13.883  -71.033  -48.059 0.6000000238
8448  24.792  -71.352  -50.958 0.4000000060
8449  24.027  -71.374  -50.495 0.4000000060
8453  12.265  -71.832  -49.583 0.6000000238
8456  24.129  -71.452  -51.460 0.4000000060
8457  21.121  -71.730  -50.397 0.4000000060
8459  18.538  -72.036  -51.021 0.3000000119
8462  11.796  -71.660  -50.397 0.6999999881
8464  24.792  -71.221  -51.660 0.3000000119
8467  20.865  -72.073  -51.577 0.4000000060
8473  11.623  -70.952  -51.710 0.5000000000
8474  21.830  -71.895  -53.198 0.4000000060
8476  20.142  -72.122  -53.565 0.4000000060
8477  19.270  -72.037  -53.554 0.4000000060
8479  17.279  -71.436  -53.186 0.4000000060
8480  16.175  -71.478  -52.903 0.4000000060
8481  14.559  -71.831  -53.132 0.4000000060
8485  21.257  -71.761  -53.738 0.4000000060
8487  19.667  -71.642  -54.096 0.4000000060
8488  18.364  -71.238  -53.997 0.4000000060
8491  14.145  -71.480  -53.250 0.4000000060
8492  13.356  -71.608  -53.279 0.4000000060
8493  12.502  -71.292  -52.961 0.4000000060
9095  25.323  -70.226  -43.372 0.3000000119
9098  23.255  -71.039  -43.765 0.3000000119
9108  26.598  -70.685  -44.266 0.3000000119
9110  22.904  -70.859  -44.277 0.3000000119
9126  28.795  -70.828  -45.472 0.3000000119
9130  21.918  -71.305  -45.344 0.3000000119
9133  14.517  -70.875  -45.596 0.5000000000
9145  21.788  -71.282  -46.208 0.4000000060
9146  16.141  -70.104  -46.613 0.6999999881
9147  15.445  -70.455  -46.231 0.6000000238
9152  23.434  -70.740  -47.493 0.3000000119
9155  16.057  -69.929  -47.348 0.6999999881
9161  25.291  -70.574  -49.115 0.3000000119
9167  14.511  -70.318  -48.545 0.6999999881
9176  25.731  -70.938  -50.079 0.3000000119
9179  23.003  -71.197  -49.016 0.3000000119
9187  27.497  -70.712  -51.150 0.3000000119
9188  26.021  -71.020  -50.929 0.3000000119
9193  24.067  -71.029  -52.334 0.4000000060
9194  12.897  -69.799  -51.708 0.5000000000
9195  12.202  -70.249  -52.066 0.5000000000
9196  26.283  -70.505  -51.626 0.3000000119
9199  13.062  -69.896  -52.208 0.4000000060
9200  12.677  -70.493  -52.619 0.5000000000
9201  22.270  -71.403  -53.224 0.4000000060
9203  20.031  -70.865  -54.121 0.4000000060
9204  18.936  -70.967  -54.110 0.4000000060
9207  15.456  -70.761  -53.190 0.4000000060
9209  13.560  -70.249  -52.720 0.4000000060
9865  26.881  -68.922  -42.782 0.3000000119
9866  25.881  -69.018  -42.741 0.3000000119
9867  25.210  -68.857  -42.782 0.3000000119
9868  24.644  -69.079  -43.042 0.3000000119
9882  28.777  -69.258  -43.872 0.3000000119
9884  27.348  -69.501  -43.423 0.3000000119
9886  25.079  -69.525  -43.038 0.3000000119
9889  18.801  -68.912  -43.401 0.5000000000
9902  27.788  -69.967  -44.194 0.3000000119
9903  23.683  -69.424  -44.025 0.3000000119
9907  16.856  -69.806  -44.713 0.6000000238
9920  18.455  -69.233  -45.174 0.6000000238
9921  17.441  -69.572  -45.532 0.6999999881
9926  23.472  -69.948  -45.826 0.3000000119
9928  17.418  -69.411  -46.486 0.6999999881
9932  25.281  -69.577  -47.806 0.3000000119
9936  16.600  -69.326  -47.876 0.6999999881
9953  29.814  -70.080  -50.992 0.3000000119
9958  16.246  -68.450  -49.665 0.6999999881
9974  27.657  -70.344  -51.490 0.3000000119
9976  14.366  -69.004  -51.535 0.5000000000
9978  27.656  -69.807  -52.033 0.3000000119
9979  26.071  -70.167  -52.023 0.3000000119
9985  20.326  -68.971  -53.054 0.4000000060
9987  15.742  -69.403  -52.602 0.4000000060
9989  14.363  -69.310  -51.913 0.4000000060
9993  19.807  -69.702  -53.532 0.4000000060
9994  18.391  -70.061  -53.759 0.4000000060
9997  15.174  -70.051  -52.894 0.4000000060
10592  28.249  -68.134  -42.473 0.3000000119
10596  25.069  -68.427  -42.834 0.3000000119
10611  24.175  -68.932  -43.532 0.3000000119
10613  19.870  -68.015  -43.955 0.5000000000
10625  24.318  -68.242  -43.939 0.3000000119
10626  24.229  -68.310  -44.887 0.3000000119
10627  20.241  -67.698  -44.583 0.6000000238
10636  24.771  -67.951  -45.515 0.3000000119
10638  20.357  -67.925  -45.203 0.6000000238
10640  19.068  -68.875  -45.727 0.6000000238
10649  24.944  -68.418  -46.360 0.3000000119
10651  20.301  -68.073  -45.940 0.6000000238
10652  19.628  -68.461  -46.246 0.6000000238
10661  25.162  -69.000  -47.167 0.3000000119
10664  17.837  -68.648  -47.699 0.6999999881
10665  17.228  -68.819  -48.047 0.6999999881
10677  18.292  -68.145  -48.065 0.6999999881
10679  16.786  -68.652  -48.803 0.6999999881
10692  15.751  -68.326  -50.454 0.6999999881
10699  31.604  -68.500  -51.086 0.4000000060
10703  15.367  -68.344  -50.983 0.6000000238
10709  29.400  -69.535  -51.926 0.3000000119
10711  15.862  -68.323  -51.125 0.5000000000
10712  15.110  -68.683  -51.356 0.5000000000
10715  27.943  -68.991  -52.266 0.4000000060
10717  25.698  -69.274  -52.246 0.4000000060
10718  24.767  -69.088  -52.304 0.4000000060
10721  20.753  -68.159  -52.228 0.5000000000
10722  19.662  -67.985  -52.284 0.5000000000
10724  17.414  -68.272  -52.360 0.5000000000
10725  15.977  -68.682  -52.070 0.4000000060
10726  15.165  -68.936  -51.838 0.4000000060
10728  17.919  -69.060  -53.141 0.4000000060
10730  16.396  -68.965  -52.612 0.4000000060
11350  24.961  -68.005  -42.972 0.3000000119
11363  25.277  -67.615  -43.174 0.3000000119
11364  24.772  -67.852  -43.541 0.3000000119
11377  25.369  -67.305  -44.344 0.3000000119
11379  20.377  -67.172  -44.586 0.5000000000
11385  26.403  -67.055  -45.351 0.3000000119
11387  20.919  -67.035  -45.685 0.6000000238
11388  20.598  -67.348  -45.140 0.6000000238
11389  15.708  -66.968  -46.465 0.5000000000
11397  21.082  -67.021  -46.438 0.6999999881
11400  14.711  -66.893  -47.584 0.5000000000
11407  20.727  -67.438  -47.129 0.6999999881
11409  14.205  -66.749  -48.062 0.6000000238
11423  20.658  -67.129  -48.103 0.6999999881
11425  18.406  -67.518  -48.860 0.6000000238
11430  34.257  -67.774  -50.030 0.3000000119
11436  16.917  -67.863  -50.628 0.6000000238
11443  33.453  -67.981  -50.227 0.3000000119
11446  16.751  -67.991  -51.005 0.5000000000
11450  30.910  -67.301  -51.769 0.4000000060
11455  23.901  -67.002  -51.515 0.4000000060
11462  28.652  -68.531  -52.274 0.4000000060
11463  27.618  -67.997  -52.255 0.4000000060
11466  24.343  -68.048  -51.936 0.5000000000
11467  23.019  -68.221  -52.017 0.5000000000
11472  17.805  -67.705  -51.759 0.5000000000
12118  25.884  -67.297  -42.864 0.3000000119
12122  16.435  -66.773  -42.000 0.5000000000
12131  19.967  -67.033  -44.040 0.5000000000
12132  19.403  -67.151  -43.328 0.5000000000
12143  20.323  -66.779  -44.673 0.5000000000
12144  19.963  -66.526  -44.557 0.5000000000
12147  16.832  -66.921  -44.896 0.5000000000
12155  19.773  -66.016  -45.235 0.5000000000
12156  18.938  -66.013  -45.459 0.5000000000
12157  16.998  -66.466  -45.974 0.6000000238
12158  16.291  -67.029  -45.573 0.6000000238
12167  17.410  -65.718  -46.679 0.6000000238
12201  21.183  -66.379  -48.696 0.6999999881
12208  35.319  -67.059  -49.561 0.3000000119
12209  21.581  -65.602  -49.255 0.8000000119
12210  20.742  -66.294  -49.554 0.6000000238
12212  18.802  -66.659  -50.070 0.6000000238
12220  34.632  -67.004  -50.126 0.3000000119
12224  18.726  -66.916  -50.346 0.6000000238
12227  30.808  -66.219  -51.661 0.4000000060
12231  26.309  -66.711  -51.665 0.4000000060
12235  22.591  -66.062  -50.914 0.6000000238
12236  21.852  -66.079  -50.760 0.6000000238
12239  18.234  -67.263  -50.644 0.6000000238
12241  27.226  -66.966  -51.883 0.4000000060
12838  13.190  -65.270  -45.042 0.5000000000
12848  21.235  -65.752  -46.686 0.6999999881
12849  20.846  -66.061  -45.875 0.6999999881
12850  20.246  -65.654  -45.888 0.5000000000
12853  14.455  -65.200  -46.855 0.5000000000
12873  17.815  -65.036  -47.049 0.5000000000
12875  15.993  -65.347  -47.146 0.5000000000
12876  15.145  -65.275  -47.091 0.5000000000
12878  13.306  -65.691  -47.175 0.5000000000
12885  36.571  -66.498  -48.390 0.3000000119
12892  14.620  -65.626  -47.549 0.5000000000
12894  13.043  -66.099  -48.031 0.5000000000
12899  37.179  -65.984  -48.325 0.3000000119
12907  35.010  -65.984  -50.074 0.3000000119
12908  20.326  -66.402  -49.825 0.6000000238
12913  34.139  -65.754  -50.519 0.3000000119
12915  31.764  -65.398  -51.155 0.4000000060
12918  29.105  -65.344  -50.900 0.4000000060
12921  26.065  -65.642  -50.804 0.4000000060
12923  23.476  -65.063  -50.338 0.5000000000
12924  22.861  -64.942  -50.240 0.6999999881
12925  22.279  -65.166  -50.040 0.6999999881
12926  21.729  -65.556  -49.884 0.6999999881
12927  31.170  -65.812  -51.467 0.4000000060
12928  30.439  -65.633  -51.451 0.4000000060
12929  29.686  -65.688  -51.469 0.4000000060
12930  28.851  -65.840  -51.452 0.4000000060
12933  24.871  -65.840  -50.901 0.6000000238
12934  23.918  -65.592  -50.659 0.6000000238
12935  23.169  -65.369  -50.536 0.4000000060
12937  21.682  -65.707  -50.171 0.6999999881
13613  23.852  -64.112  -42.590 0.6999999881
13622  24.865  -64.236  -43.856 0.6999999881
13623  24.374  -64.218  -43.323 0.6999999881
13625  22.810  -64.235  -43.934 0.6999999881
13627  14.193  -64.447  -43.374 0.4000000060
13628  13.378  -64.541  -43.337 0.4000000060
13629  12.454  -64.486  -43.460 0.4000000060
13643  22.330  -63.936  -44.748 0.6999999881
13658  24.575  -64.703  -46.308 0.6999999881
13660  22.860  -64.114  -45.566 0.6999999881
13663  14.974  -64.557  -45.419 0.5000000000
13678  25.989  -64.689  -46.930 0.6000000238
13684  20.358  -64.222  -47.223 0.6999999881
13685  19.236  -64.068  -47.228 0.6999999881
13686  18.239  -64.327  -47.105 0.6999999881
13698  28.179  -64.108  -48.039 0.5000000000
13700  26.408  -64.645  -47.608 0.6999999881
13712  38.061  -64.581  -48.094 0.3000000119
13717  28.502  -64.421  -48.947 0.5000000000
13719  26.668  -64.732  -48.491 0.5000000000
13720  25.781  -65.055  -49.062 0.5000000000
13730  30.138  -64.410  -49.925 0.4000000060
13731  28.799  -64.755  -49.777 0.4000000060
13734  25.529  -65.241  -49.889 0.5000000000
13737  22.891  -64.484  -49.803 0.6000000238
13741  33.573  -64.643  -50.595 0.3000000119
13744  30.487  -64.791  -50.615 0.4000000060
13746  28.404  -65.158  -50.372 0.4000000060
13751  23.101  -64.678  -50.086 0.6999999881
13753  22.255  -65.073  -49.849 0.6999999881
14437  24.081  -63.260  -40.633 0.6999999881
14438  23.372  -63.175  -40.414 0.6999999881
14440  17.462  -62.735  -40.414 0.6000000238
14441  16.085  -63.071  -40.737 0.6999999881
14452  21.005  -63.248  -41.879 0.6000000238
14453  18.015  -63.007  -41.750 0.6999999881
14455  16.172  -63.396  -41.297 0.6999999881
14461  25.276  -63.654  -42.269 0.6999999881
14462  24.462  -63.844  -42.009 0.6999999881
14463  23.167  -63.920  -41.997 0.6999999881
14465  21.427  -63.560  -42.623 0.6000000238
14466  16.416  -63.554  -42.163 0.6999999881
14467  14.189  -63.692  -42.030 0.6000000238
14468  13.624  -63.694  -42.339 0.6000000238
14482  21.568  -63.642  -43.570 0.6000000238
14486  15.889  -63.816  -43.804 0.6000000238
14496  28.010  -63.014  -44.973 0.6000000238
14497  27.324  -63.332  -44.757 0.6000000238
14498  26.336  -63.617  -43.920 0.6999999881
14516  28.272  -63.192  -45.755 0.6000000238
14517  27.510  -63.474  -45.507 0.6000000238
14521  18.182  -63.032  -46.476 0.6999999881
14523  16.660  -63.864  -46.053 0.6000000238
14530  30.067  -62.956  -47.172 0.5000000000
14532  28.482  -63.383  -46.583 0.5000000000
14534  26.934  -64.002  -45.981 0.6000000238
14537  19.917  -62.770  -47.056 0.6999999881
14539  18.590  -63.528  -47.110 0.6999999881
14541  17.122  -63.980  -46.789 0.6999999881
14553  30.456  -63.349  -48.141 0.5000000000
14558  22.100  -63.482  -47.979 0.6000000238
14567  35.575  -63.485  -49.075 0.3000000119
14569  32.036  -62.984  -48.946 0.4000000060
14574  22.530  -64.014  -48.550 0.6999999881
14581  34.782  -64.001  -50.033 0.3000000119
14583  31.435  -64.011  -50.014 0.4000000060
14584  30.804  -64.048  -49.675 0.4000000060
14585  23.063  -64.298  -49.546 0.6000000238
14586  22.775  -64.281  -49.298 0.6999999881
14588  32.971  -63.790  -50.222 0.4000000060
15241  24.193  -62.063  -39.628 0.6999999881
15244  21.482  -62.248  -39.422 0.6999999881
15248  17.082  -62.176  -39.982 0.6000000238
15253  25.387  -62.437  -40.429 0.6999999881
15256  22.934  -62.745  -39.855 0.6999999881
15259  19.410  -62.810  -40.613 0.6000000238
15262  15.464  -62.709  -40.748 0.6999999881
15268  27.185  -62.153  -41.614 0.6999999881
15270  25.711  -62.727  -40.964 0.6999999881
15272  20.179  -63.012  -41.542 0.6000000238
15274  14.450  -62.901  -41.363 0.6999999881
15279  26.967  -62.677  -42.337 0.6999999881
15281  19.545  -62.886  -42.621 0.6999999881
15283  17.949  -62.950  -42.630 0.6999999881
15293  29.493  -61.869  -44.011 0.6000000238
15294  28.289  -62.336  -43.406 0.6000000238
15296  20.138  -62.798  -43.501 0.6999999881
15300  12.916  -62.779  -42.910 0.6000000238
15306  30.214  -62.026  -45.114 0.6000000238
15309  27.755  -62.899  -44.139 0.6000000238
15311  18.304  -62.588  -44.715 0.6999999881
15322  20.589  -62.117  -46.022 0.6999999881
15335  32.000  -62.072  -47.023 0.4000000060
15338  29.812  -62.722  -46.339 0.5000000000
15339  21.119  -62.370  -46.581 0.6999999881
15340  20.615  -62.403  -46.839 0.8000000119
15341  19.102  -62.672  -46.708 0.6999999881
15356  32.414  -62.273  -47.790 0.3000000119
15359  21.265  -62.694  -47.131 0.8000000119
15368  32.688  -62.573  -48.616 0.3000000119
16074  25.163  -61.178  -39.921 0.6000000238
16076  23.829  -61.237  -39.395 0.6999999881
16077  22.942  -61.316  -39.168 0.6000000238
16078  21.574  -61.444  -39.038 0.6999999881
16079  20.867  -61.646  -39.149 0.6999999881
16080  19.539  -61.723  -39.304 0.6000000238
16081  18.672  -61.552  -39.412 0.6000000238
16082  17.817  -61.457  -39.617 0.6000000238
16095  26.831  -60.862  -40.905 0.6000000238
16097  25.689  -61.696  -40.254 0.6000000238
16098  16.413  -61.611  -40.222 0.6999999881
16099  15.583  -61.924  -40.565 0.6999999881
16100  14.857  -62.296  -41.091 0.6999999881
16110  28.834  -60.887  -41.906 0.6000000238
16112  27.485  -61.298  -41.281 0.6000000238
16115  14.172  -62.408  -41.730 0.6999999881
16125  29.283  -61.157  -42.589 0.6000000238
16127  27.945  -61.577  -41.763 0.6999999881
16128  14.844  -61.199  -42.623 0.6999999881
16130  13.543  -62.585  -42.328 0.6000000238
16138  29.757  -61.357  -43.405 0.6000000238
16140  14.959  -61.104  -43.691 0.6000000238
16149  30.907  -61.471  -44.718 0.6000000238
16151  15.213  -61.233  -44.742 0.6000000238
16153  13.657  -61.917  -43.968 0.5000000000
16161  15.526  -61.633  -46.144 0.5000000000
16177  31.662  -61.918  -46.328 0.4000000060
16189  16.411  -61.676  -48.047 0.5000000000
16195  16.229  -61.468  -48.457 0.5000000000
16196  15.582  -61.761  -48.649 0.4000000060
16954  23.812  -60.311  -39.674 0.6000000238
16955  22.593  -60.513  -39.144 0.6000000238
16958  19.250  -60.822  -39.138 0.6000000238
16960  17.621  -60.713  -39.773 0.6000000238
16971  24.336  -60.067  -40.294 0.6000000238
16974  17.543  -60.259  -40.160 0.6999999881
16975  16.854  -60.764  -40.284 0.6999999881
16988  28.516  -60.396  -41.695 0.6000000238
16989  27.692  -60.467  -41.440 0.6000000238
16990  26.215  -60.232  -40.998 0.6000000238
16994  16.234  -60.334  -41.969 0.6999999881
17005  30.541  -60.213  -42.812 0.4000000060
17006  29.831  -60.125  -42.354 0.6000000238
17007  24.739  -60.326  -43.098 0.6000000238
17009  23.085  -59.915  -43.041 0.6999999881
17020  25.684  -60.499  -44.053 0.6000000238
17022  24.167  -60.376  -43.827 0.6000000238
17023  23.512  -60.182  -43.739 0.6000000238
17024  16.299  -60.351  -43.748 0.6999999881
17032  32.187  -60.309  -43.970 0.4000000060
17035  25.065  -60.594  -44.892 0.6000000238
17048  32.560  -60.771  -44.914 0.4000000060
17052  24.373  -60.080  -45.542 0.5000000000
17053  23.735  -60.029  -45.034 0.6000000238
17055  17.058  -60.558  -45.790 0.6000000238
17072  16.888  -61.286  -47.818 0.5000000000
17084  11.447  -61.239  -47.774 0.5000000000
17085  17.069  -60.738  -48.434 0.5000000000
17086  16.614  -61.003  -48.624 0.5000000000
17847  23.092  -59.969  -39.584 0.6000000238
17849  21.252  -59.533  -39.445 0.6999999881
17850  20.373  -59.677  -39.349 0.6999999881
17851  18.949  -60.062  -39.428 0.6999999881
17863  22.810  -59.425  -40.206 0.6000000238
17867  18.677  -59.555  -40.100 0.6999999881
17868  17.910  -59.747  -40.472 0.6999999881
17880  28.792  -59.848  -41.942 0.6000000238
17884  25.482  -59.973  -41.480 0.6000000238
17885  23.955  -59.714  -41.234 0.6000000238
17887  22.455  -59.190  -41.244 0.6999999881
17890  19.221  -59.162  -40.701 0.6999999881
17892  17.657  -59.601  -41.397 0.6999999881
17904  32.263  -59.035  -43.047 0.4000000060
17905  31.583  -59.014  -42.754 0.4000000060
17906  30.863  -58.903  -42.603 0.4000000060
17908  28.637  -59.349  -42.388 0.5000000000
17909  27.736  -59.510  -42.322 0.5000000000
17910  26.938  -59.686  -42.174 0.6000000238
17913  23.753  -59.867  -42.267 0.6000000238
17916  21.148  -58.905  -41.927 0.8000000119
17919  17.414  -59.656  -42.375 0.6999999881
17920  16.741  -60.026  -42.460 0.6999999881
17932  22.316  -59.492  -43.428 0.6000000238
17946  22.938  -59.419  -44.723 0.6000000238
17949  16.995  -60.114  -44.456 0.6000000238
17967  19.774  -59.578  -47.404 0.6000000238
17970  11.407  -58.892  -45.653 0.5000000000
17986  19.888  -59.385  -48.020 0.6000000238
17987  19.054  -59.972  -47.809 0.6000000238
17991  12.581  -59.428  -46.968 0.5000000000
17997  18.335  -60.088  -48.124 0.5000000000
17998  17.400  -60.287  -48.519 0.5000000000
17999  16.567  -60.008  -48.655 0.5000000000
18000  15.538  -60.031  -48.522 0.6000000238
18001  14.384  -59.791  -48.065 0.5000000000
18002  13.445  -59.671  -47.627 0.6000000238
18006  16.874  -60.597  -48.651 0.5000000000
18007  16.355  -60.608  -48.785 0.4000000060
18774  19.778  -58.934  -41.518 0.8000000119
18783  31.940  -58.559  -42.865 0.4000000060
18787  20.705  -58.767  -42.669 0.8000000119
18788  19.975  -58.724  -42.500 0.8000000119
18798  33.376  -58.202  -43.454 0.4000000060
18801  29.495  -58.572  -43.408 0.5000000000
18805  20.277  -58.553  -43.401 0.8000000119
18806  19.583  -58.743  -43.224 0.8000000119
18819  22.261  -58.401  -44.300 0.6000000238
18839  20.309  -59.039  -46.757 0.6000000238
18841  14.425  -57.439  -46.630 0.6000000238
18842  13.711  -57.479  -46.432 0.6000000238
18844  10.788  -58.811  -45.233 0.5000000000
18860  13.423  -58.305  -46.762 0.6000000238
18861  12.844  -58.596  -46.559 0.5000000000
18868  21.041  -58.491  -48.156 0.6000000238
18869  20.523  -58.724  -48.286 0.6000000238
18871  18.756  -59.229  -48.218 0.5000000000
19668  30.946  -57.699  -43.399 0.4000000060
19684  24.710  -57.479  -44.816 0.6000000238
19686  22.403  -57.363  -44.637 0.5000000000
19687  21.799  -57.042  -45.108 0.5000000000
19689  14.365  -56.359  -45.247 0.6000000238
19690  13.736  -56.304  -45.239 0.5000000000
19691  12.930  -56.246  -45.121 0.5000000000
19706  21.386  -57.554  -46.655 0.6999999881
19707  16.196  -56.812  -46.082 0.6000000238
19708  15.503  -56.796  -45.993 0.6000000238
19722  21.472  -57.790  -47.976 0.6000000238
19727  14.972  -57.103  -46.368 0.6000000238
19737  21.365  -56.640  -48.318 0.6000000238
19738  21.129  -57.782  -48.411 0.6000000238
19739  20.280  -58.147  -48.500 0.6000000238
20534  17.957  -55.811  -42.392 0.6000000238
20536  15.675  -56.383  -41.680 0.6000000238
20537  14.795  -56.476  -41.614 0.6000000238
20538  12.834  -56.370  -41.575 0.5000000000
20539  11.952  -56.080  -41.506 0.5000000000
20551  16.040  -56.557  -42.565 0.6000000238
20572  15.369  -56.640  -43.454 0.6000000238
20573  14.287  -56.633  -43.530 0.5000000000
20574  13.179  -56.439  -43.675 0.5000000000
20575  12.294  -56.241  -43.552 0.5000000000
20590  23.952  -57.154  -44.556 0.6000000238
20593  17.172  -55.906  -44.965 0.6000000238
20594  16.400  -56.268  -44.626 0.6000000238
20595  15.581  -56.467  -44.395 0.6000000238
20609  21.861  -55.825  -46.230 0.5000000000
20622  19.918  -56.172  -47.840 0.5000000000
20623  18.771  -56.288  -47.238 0.5000000000
20624  17.811  -56.489  -46.708 0.5000000000
20625  16.990  -56.734  -46.325 0.6000000238
21422  15.658  -55.474  -40.886 0.6000000238
21425  12.051  -55.164  -40.979 0.5000000000
21426  10.900  -55.059  -41.052 0.5000000000
21441  18.354  -55.186  -42.157 0.6000000238
21442  17.039  -55.535  -41.397 0.6000000238
21443  16.119  -55.873  -41.189 0.6000000238
21460  18.561  -55.328  -42.959 0.6000000238
21483  22.066  -54.865  -45.816 0.5000000000
21484  21.888  -54.390  -46.693 0.5000000000
21487  17.856  -55.439  -45.414 0.5000000000
21508  21.690  -55.886  -47.978 0.6000000238
21509  21.385  -55.772  -48.080 0.6000000238
21510  20.896  -56.172  -48.248 0.6000000238
22223  15.719  -54.911  -32.485 0.3000000119
22324  14.935  -55.427  -40.799 0.6000000238
22325  14.033  -55.329  -40.821 0.6000000238
22326  11.313  -54.438  -41.050 0.5000000000
22327  10.121  -54.337  -40.905 0.5000000000
22340  16.312  -55.061  -40.976 0.6000000238
22355  21.837  -54.142  -42.867 0.4000000060
22370  19.039  -54.583  -43.658 0.5000000000
22378  21.883  -54.017  -45.018 0.5000000000
22379  19.580  -53.714  -44.542 0.5000000000
22392  21.738  -53.665  -46.395 0.5000000000
22394  19.451  -53.694  -45.673 0.6000000238
22405  21.692  -54.133  -47.074 0.6000000238
22406  20.976  -53.995  -47.095 0.6000000238
23114  15.638  -53.091  -32.316 0.3000000119
23115  14.765  -53.653  -32.396 0.4000000060
23125  11.860  -53.098  -34.253 0.3000000119
23130  17.304  -53.548  -33.938 0.3000000119
23145  17.094  -53.272  -34.886 0.3000000119
23230  19.739  -53.011  -41.976 0.6000000238
23232  16.256  -54.123  -41.392 0.6000000238
23233  15.225  -53.930  -41.422 0.6000000238
23234  14.347  -53.705  -41.568 0.6000000238
23235  13.485  -53.394  -41.916 0.6000000238
23249  21.222  -53.629  -42.663 0.4000000060
23250  20.504  -53.353  -42.505 0.5000000000
23253  18.041  -53.176  -42.134 0.5000000000
23255  15.613  -53.295  -42.143 0.6000000238
23257  13.498  -52.889  -42.779 0.6000000238
23267  20.261  -53.315  -44.371 0.5000000000
23272  20.864  -53.151  -45.163 0.5000000000
23279  21.368  -53.288  -45.853 0.5000000000
23981  16.047  -52.121  -32.313 0.3000000119
23984  13.433  -52.328  -32.707 0.4000000060
23999  11.406  -52.287  -34.344 0.3000000119
24000  10.983  -52.278  -34.703 0.3000000119
24006  16.582  -52.620  -35.664 0.3000000119
24019  15.814  -52.649  -36.234 0.3000000119
24092  18.970  -52.397  -41.702 0.6000000238
24094  11.536  -52.476  -42.101 0.6000000238
24100  19.266  -53.044  -42.190 0.6000000238
24103  16.344  -51.757  -42.981 0.5000000000
24104  15.934  -52.591  -42.784 0.6000000238
24105  14.085  -52.502  -43.211 0.6000000238
24820  15.559  -51.401  -32.229 0.5000000000
24823  12.967  -51.569  -32.909 0.4000000060
24830  17.920  -51.520  -33.737 0.3000000119
24831  16.801  -51.903  -32.613 0.3000000119
24833  11.592  -51.486  -33.917 0.3000000119
24839  18.900  -51.089  -34.752 0.3000000119
24846  18.432  -51.397  -35.237 0.3000000119
24847  17.735  -51.718  -35.300 0.3000000119
24857  16.362  -51.764  -36.469 0.3000000119
24880  15.908  -51.419  -37.227 0.3000000119
24931  19.798  -51.951  -39.928 0.5000000000
24932  19.172  -51.138  -40.200 0.4000000060
24947  17.770  -51.334  -42.219 0.6000000238
24951  13.922  -52.027  -43.496 0.6000000238
24952  12.894  -51.618  -43.039 0.6000000238
24953  11.985  -51.447  -42.581 0.6000000238
24959  14.693  -51.549  -43.510 0.6000000238
25671  17.549  -50.480  -32.791 0.3000000119
25672  16.760  -50.514  -32.449 0.3000000119
25674  15.034  -50.697  -32.386 0.3000000119
25682  19.029  -50.253  -33.799 0.3000000119
25685  13.619  -50.179  -33.070 0.3000000119
25686  12.795  -50.336  -33.289 0.3000000119
25692  11.139  -50.637  -34.137 0.3000000119
25698  19.501  -50.606  -35.011 0.3000000119
25699  18.984  -50.990  -35.630 0.3000000119
25739  15.876  -50.400  -38.502 0.3000000119
25754  19.042  -50.431  -40.383 0.4000000060
25756  9.738  -50.565  -40.706 0.5000000000
25760  18.228  -50.268  -41.643 0.5000000000
25762  10.505  -50.227  -41.446 0.6000000238
25763  9.933  -50.584  -41.213 0.6000000238
25769  14.144  -50.612  -43.038 0.6000000238
25771  11.948  -49.948  -42.219 0.6000000238
25781  16.209  -50.725  -43.210 0.5000000000
25782  16.048  -50.243  -43.128 0.5000000000
26483  17.169  -49.824  -32.695 0.3000000119
26484  16.329  -49.874  -32.593 0.3000000119
26498  18.527  -49.568  -33.326 0.3000000119
26501  15.805  -49.295  -33.177 0.3000000119
26503  13.200  -49.675  -33.716 0.3000000119
26511  20.256  -49.251  -34.784 0.3000000119
26514  13.668  -49.110  -34.315 0.3000000119
26515  11.861  -49.332  -34.680 0.3000000119
26516  11.523  -49.932  -33.989 0.3000000119
26532  19.691  -49.725  -36.151 0.4000000060
26533  18.946  -49.774  -36.829 0.4000000060
26547  18.196  -49.696  -37.374 0.3000000119
26548  17.506  -49.666  -37.836 0.3000000119
26558  16.941  -49.049  -38.303 0.3000000119
26575  10.202  -49.913  -40.308 0.5000000000
26581  19.468  -49.675  -40.372 0.4000000060
26590  18.495  -49.666  -41.617 0.4000000060
26592  10.646  -49.416  -41.200 0.6000000238
26597  18.725  -49.074  -42.214 0.4000000060
26599  17.563  -49.475  -43.125 0.5000000000
26600  15.339  -49.685  -42.963 0.6000000238
26602  12.247  -49.107  -42.040 0.5000000000
26614  16.765  -49.559  -43.085 0.5000000000
27498  19.622  -48.529  -33.718 0.3000000119
27501  17.118  -48.363  -33.379 0.3000000119
27503  15.251  -48.824  -33.841 0.3000000119
27516  19.861  -49.146  -34.190 0.3000000119
27517  15.418  -48.185  -34.103 0.3000000119
27518  14.785  -48.441  -34.288 0.3000000119
27528  12.814  -48.603  -35.681 0.3000000119
27529  12.082  -48.976  -35.931 0.3000000119
27536  20.465  -48.295  -35.775 0.3000000119
27537  19.930  -48.802  -36.306 0.4000000060
27540  11.871  -48.517  -36.890 0.3000000119
27552  19.279  -48.387  -36.871 0.4000000060
27563  16.178  -48.608  -38.796 0.3000000119
27573  12.942  -48.090  -39.724 0.3000000119
27574  11.858  -48.190  -40.077 0.4000000060
27585  11.019  -48.608  -41.051 0.4000000060
27592  12.475  -47.682  -41.548 0.4000000060
27602  18.326  -48.363  -43.379 0.4000000060
27603  17.826  -48.786  -43.383 0.4000000060
27605  15.279  -48.687  -42.801 0.6000000238
27620  17.048  -48.942  -43.221 0.4000000060
28469  18.606  -47.426  -33.205 0.3000000119
28487  15.776  -46.991  -34.139 0.3000000119
28489  14.832  -47.906  -34.512 0.3000000119
28497  13.665  -47.661  -35.357 0.3000000119
28504  19.969  -47.925  -36.475 0.3000000119
28506  12.620  -47.566  -36.425 0.3000000119
28532  16.131  -47.570  -38.844 0.3000000119
28555  12.322  -47.001  -40.845 0.4000000060
28566  12.557  -46.771  -41.085 0.4000000060
28575  19.485  -47.507  -43.054 0.4000000060
28576  18.709  -47.762  -43.366 0.4000000060
28578  16.861  -47.527  -42.854 0.4000000060
28594  17.364  -48.289  -43.196 0.4000000060
29397  19.782  -46.677  -33.285 0.3000000119
29400  16.565  -46.851  -33.731 0.3000000119
29462  17.910  -46.464  -37.845 0.4000000060
29472  17.116  -46.366  -38.369 0.3000000119
29483  13.353  -45.998  -40.332 0.3000000119
29502  14.802  -45.737  -41.591 0.4000000060
29503  14.838  -46.658  -42.050 0.4000000060
29504  13.134  -46.447  -41.243 0.4000000060
29530  18.269  -47.243  -43.164 0.4000000060
30304  20.904  -45.781  -33.786 0.3000000119
30306  18.973  -46.140  -32.934 0.3000000119
30353  19.800  -45.800  -36.859 0.3000000119
30367  19.022  -45.773  -37.347 0.3000000119
30378  17.939  -45.188  -38.454 0.4000000060
30400  13.582  -45.572  -40.805 0.4000000060
30410  13.455  -45.853  -41.075 0.4000000060
31323  20.167  -45.084  -36.762 0.3000000119
31339  18.774  -45.068  -37.923 0.3000000119
31352  19.192  -44.262  -38.211 0.3000000119
31355  16.746  -44.684  -39.489 0.4000000060
31367  16.101  -44.497  -40.079 0.4000000060
32186  19.754  -43.538  -37.882 0.3000000119
32219  17.541  -43.654  -40.333 0.4000000060
32228  17.218  -43.921  -40.766 0.4000000060
32234  17.424  -43.807  -41.120 0.4000000060
32239  19.417  -42.949  -42.074 0.4000000060
32240  18.603  -43.454  -41.902 0.4000000060
32241  17.823  -43.860  -41.598 0.4000000060
33103  19.641  -41.801  -39.096 0.3000000119
33129  18.694  -42.500  -41.308 0.4000000060
133243  22.099  -78.204  -52.927 0.5000000000
133248  21.393  -77.004  -53.265 0.5000000000
133251  19.754  -77.545  -51.302 0.4000000060
133254  18.487  -76.653  -50.400 0.5000000000
133255  18.949  -76.105  -51.379 0.5000000000
133257  18.562  -76.486  -49.289 0.5000000000
133258  17.114  -75.458  -49.074 0.5000000000
133259  16.759  -74.847  -48.784 0.5000000000
133260  17.697  -75.525  -48.279 0.5000000000
133261  16.632  -74.802  -49.461 0.5000000000
133262  16.570  -73.810  -48.532 0.3000000119
133263  17.464  -74.834  -47.759 0.3000000119
133266  17.940  -72.920  -47.419 0.3000000119
133269  20.278  -71.649  -48.894 0.4000000060
133270  21.017  -71.457  -48.441 0.4000000060
133271  20.993  -71.544  -49.338 0.4000000060
134264  17.261  -73.112  -48.009 0.3000000119
134528  30.170  -58.919  -42.558 0.5000000000
134589  22.631  -77.451  -45.249 0.3000000119
134610  22.178  -63.759  -48.247 0.8000000119
134785  20.178  -62.146  -45.044 0.6999999881
134875  24.938  -63.543  -41.601 0.6999999881
134950  17.830  -47.239  -33.271 0.3000000119
134977  25.856  -63.610  -43.048 0.6999999881
135315  15.341  -67.569  -44.104 0.5000000000
135367  18.801  -77.126  -49.652 0.5000000000
135437  23.057  -71.368  -50.151 0.4000000060
135493  14.089  -70.171  -49.402 0.6999999881
135573  19.421  -66.670  -44.004 0.5000000000
135688  24.374  -64.576  -45.428 0.6999999881
135788  14.470  -70.713  -47.670 0.6000000238
135794  33.048  -61.352  -46.458 0.4000000060
135800  28.940  -62.256  -44.192 0.6000000238
136248  14.865  -56.535  -44.241 0.6000000238
136343  17.293  -66.754  -42.646 0.5000000000
136625  28.339  -70.357  -51.362 0.3000000119
136871  34.360  -61.273  -47.248 0.3000000119
137479  21.018  -74.571  -46.838 0.3000000119
137704  12.219  -56.203  -44.889 0.5000000000
137723  37.686  -62.838  -47.602 0.3000000119
137726  18.856  -48.177  -33.317 0.3000000119
137933  17.904  -59.678  -48.363 0.5000000000
137936  21.764  -63.629  -44.311 0.6000000238
138159  14.957  -63.720  -41.840 0.6000000238
138213  10.829  -57.099  -44.777 0.5000000000
138446  12.131  -47.281  -41.156 0.4000000060
138568  21.981  -77.441  -44.977 0.3000000119
138612  24.296  -63.632  -41.351 0.6999999881
138736  19.954  -66.530  -50.354 0.6999999881
138959  21.917  -65.262  -49.722 0.6999999881
139052  15.080  -67.582  -45.879 0.5000000000
139294  23.905  -76.360  -52.103 0.3000000119
139391  18.493  -48.098  -37.350 0.4000000060
139735  34.952  -62.783  -48.913 0.3000000119
139875  15.675  -63.619  -41.766 0.6000000238
139935  17.750  -59.676  -44.247 0.6999999881
140271  13.407  -49.506  -42.557 0.6000000238
140317  19.887  -58.786  -45.505 0.6000000238
140373  19.953  -59.101  -40.575 0.8000000119
140401  25.592  -64.593  -46.293 0.6000000238
140834  26.672  -70.830  -51.191 0.3000000119
140839  20.111  -78.658  -49.642 0.3000000119
140849  15.060  -47.676  -42.455 0.4000000060
141027  19.085  -72.135  -51.896 0.4000000060
141176  19.400  -42.759  -39.033 0.3000000119
141821  17.848  -51.074  -33.205 0.3000000119
142067  35.900  -62.408  -47.904 0.3000000119
142185  25.077  -60.500  -40.293 0.6000000238
142344  16.424  -46.801  -42.460 0.4000000060
142404  19.395  -68.256  -47.056 0.6999999881
142430  26.727  -63.580  -44.569 0.6000000238
142440  19.136  -74.416  -46.393 0.4000000060
142450  21.202  -59.081  -40.329 0.8000000119
142626  28.283  -70.141  -51.667 0.3000000119
142708  22.205  -54.724  -44.316 0.5000000000
142749  26.902  -66.179  -51.413 0.4000000060
142833  11.438  -55.978  -43.231 0.5000000000
142847  21.774  -63.035  -47.468 0.6000000238
142866  21.281  -62.840  -40.144 0.6000000238
142906  36.606  -66.457  -47.877 0.3000000119
143271  14.273  -68.907  -51.121 0.6000000238
143474  20.614  -67.628  -46.375 0.6999999881
143818  28.295  -59.268  -43.887 0.5000000000
144456  13.732  -56.696  -42.725 0.5000000000
145147  23.590  -71.252  -43.558 0.3000000119
145598  24.057  -71.317  -52.035 0.4000000060
145884  16.328  -45.853  -38.922 0.3000000119
146022  19.457  -45.137  -37.321 0.3000000119
146174  22.259  -69.662  -52.975 0.5000000000
146203  32.919  -57.574  -43.357 0.4000000060
146411  16.426  -60.493  -41.101 0.6999999881
146476  13.294  -72.690  -53.276 0.4000000060
146838  17.851  -47.865  -37.688 0.4000000060
146842  14.933  -52.637  -43.016 0.6000000238
146935  24.163  -71.098  -43.432 0.3000000119
146994  12.281  -48.073  -36.716 0.3000000119
147016  17.052  -61.047  -47.125 0.5000000000
147129  22.720  -77.872  -44.147 0.3000000119
147522  18.350  -44.286  -42.190 0.4000000060
147689  13.969  -53.184  -32.559 0.4000000060
147769  13.057  -55.248  -40.896 0.6000000238
148029  15.737  -71.137  -53.246 0.4000000060
148099  21.448  -53.488  -44.856 0.6000000238
148145  12.240  -50.860  -42.555 0.6000000238
148612  20.472  -80.840  -41.199 0.3000000119
148626  15.293  -61.488  -41.180 0.6999999881
148681  21.794  -56.001  -47.423 0.6999999881
149111  12.713  -48.435  -42.021 0.4000000060
149584  13.937  -64.773  -44.293 0.4000000060
150030  13.818  -56.553  -41.709 0.5000000000
150357  19.211  -58.902  -43.865 0.6999999881
150707  16.039  -70.340  -53.211 0.4000000060
150759  20.989  -60.976  -38.819 0.6999999881
150789  11.787  -71.084  -50.965 0.6000000238
150954  26.355  -64.366  -46.329 0.6000000238
151236  10.539  -52.005  -41.705 0.5000000000
151272  12.606  -50.974  -33.119 0.3000000119
151333  22.229  -61.200  -39.013 0.6000000238
151535  13.449  -46.500  -39.846 0.3000000119
151563  22.399  -71.080  -46.624 0.3000000119
151733  20.775  -58.123  -44.361 0.6000000238
152535  19.685  -71.813  -48.521 0.3000000119
152824  19.012  -72.134  -50.140 0.4000000060
153423  16.398  -51.011  -43.213 0.5000000000
153471  31.491  -61.649  -45.597 0.5000000000
153821  12.423  -54.448  -40.999 0.6000000238
153947  20.357  -53.300  -46.346 0.5000000000
154242  25.322  -70.961  -51.697 0.4000000060
154267  25.426  -60.074  -42.448 0.6000000238
154312  18.864  -74.800  -47.067 0.3000000119
154366  22.351  -64.323  -48.901 0.8000000119
154447  17.768  -55.566  -41.819 0.6000000238
154449  19.438  -40.428  -39.696 0.3000000119
154511  18.215  -52.007  -42.051 0.6000000238
154542  11.455  -72.076  -50.556 0.6000000238
154615  18.010  -48.178  -43.420 0.4000000060
154653  15.658  -68.580  -51.461 0.5000000000
155105  21.735  -53.564  -45.707 0.6000000238
155223  34.429  -67.766  -49.631 0.3000000119
155319  13.555  -53.772  -32.975 0.4000000060
155525  23.176  -64.515  -49.853 0.6999999881
155731  17.864  -51.030  -36.712 0.3000000119
155837  20.293  -66.746  -51.056 0.6999999881
155881  25.423  -77.567  -47.873 0.3000000119
156105  13.396  -71.580  -47.648 0.6000000238
156265  22.689  -56.614  -44.686 0.5000000000
156520  13.762  -69.734  -52.239 0.4000000060
156611  26.695  -65.766  -51.075 0.4000000060
156615  19.264  -59.572  -47.989 0.5000000000
156811  23.754  -69.878  -52.652 0.5000000000
156841  20.365  -76.606  -52.311 0.4000000060
156860  38.495  -63.418  -47.652 0.3000000119
156963  24.198  -64.816  -49.263 0.6000000238
157040  16.738  -62.782  -40.451 0.6000000238
157153  17.679  -75.933  -48.957 0.5000000000
157374  14.485  -67.946  -45.543 0.5000000000
157441  28.265  -70.402  -44.872 0.3000000119
157493  20.814  -47.835  -35.294 0.3000000119
157826  15.146  -67.150  -46.889 0.5000000000
157840  17.272  -63.274  -41.860 0.6000000238
157906  20.925  -53.432  -43.269 0.4000000060
158291  30.011  -58.500  -42.862 0.5000000000
158330  17.609  -50.453  -42.534 0.6000000238
158538  17.670  -59.988  -45.207 0.6000000238
158614  15.183  -61.147  -41.858 0.6999999881
158736  25.359  -67.834  -46.034 0.3000000119
158885  23.209  -79.175  -49.765 0.3000000119
159048  21.844  -59.071  -41.923 0.8000000119
159158  14.108  -70.359  -52.868 0.4000000060
159190  23.113  -68.937  -52.342 0.6000000238
159291  17.374  -56.042  -41.913 0.6000000238
159395  18.013  -76.202  -50.233 0.5000000000
159509  19.064  -67.348  -48.639 0.6999999881
159677  18.034  -76.267  -49.212 0.5000000000
160101  20.740  -67.239  -51.561 0.6000000238
160700  17.815  -74.009  -46.956 0.3000000119
160757  12.762  -47.339  -39.960 0.3000000119
161023  11.586  -48.095  -37.319 0.3000000119
161134  31.946  -61.655  -46.003 0.4000000060
161610  19.268  -77.934  -50.555 0.4000000060
161698  20.130  -66.427  -50.089 0.6000000238
161773  29.092  -65.024  -50.338 0.4000000060
161857  22.366  -71.673  -52.876 0.4000000060
161868  19.370  -79.267  -42.347 0.3000000119
161924  18.756  -51.261  -40.769 0.4000000060
161991  21.702  -62.816  -45.986 0.6999999881
162131  19.894  -62.455  -44.265 0.6999999881
162380  24.936  -65.127  -49.426 0.5000000000
162423  15.094  -51.799  -43.688 0.6000000238
162563  19.735  -71.840  -47.294 0.4000000060
162647  21.676  -64.742  -47.989 0.8000000119
162685  21.638  -71.484  -49.673 0.4000000060
162736  18.743  -68.613  -42.736 0.5000000000
162795  18.549  -50.913  -36.325 0.4000000060
