#Insight Transform File V1.0
#Transform 0
Transform: AffineTransform_float_3_3
Parameters: 1 -0.000191864 -0.000312194 0.000191801 0.999999 0.00138806 0.000311811 -0.0013882 0.999999 -0.0423497 0.0279399 0.0323462
FixedParameters: 0 0 0

#Transform 1
Transform: AffineTransform_float_3_3
Parameters: 1 -5.02848e-05 -0.000373982 5.05473e-05 0.999998 0.00159248 0.000373971 -0.00159254 0.999998 -0.024895 0.00303384 0.0271753
FixedParameters: 0 0 0

#Transform 2
Transform: AffineTransform_float_3_3
Parameters: 1 -2.25459e-06 -0.000388241 3.40224e-06 0.999999 0.00141 0.0003882 -0.00141 0.999999 -0.0239987 0.00117065 -0.0123406
FixedParameters: 0 0 0

#Transform 3
Transform: AffineTransform_float_3_3
Parameters: 1 -4.91103e-05 -0.000372159 4.94183e-05 0.999998 0.00166145 0.000372144 -0.0016615 0.999998 -0.0264822 -0.113871 0.0216101
FixedParameters: 0 0 0

#Transform 4
Transform: AffineTransform_float_3_3
Parameters: 1 -0.000117775 -0.000374529 0.000118691 1 0.00115239 0.000374223 -0.00115248 1 -0.0273266 -0.134546 0.0190743
FixedParameters: 0 0 0

#Transform 5
Transform: AffineTransform_float_3_3
Parameters: 1 -0.000151656 -0.000254961 0.00015225 1 0.00106176 0.000254605 -0.00106183 1 -0.0220073 -0.11654 0.0373123
FixedParameters: 0 0 0

#Transform 6
Transform: AffineTransform_float_3_3
Parameters: 1 -6.91214e-05 -0.000403089 6.95164e-05 1 0.000490028 0.000403021 -0.000490084 1 -0.0138396 0.114785 -0.0339224
FixedParameters: 0 0 0

#Transform 7
Transform: AffineTransform_float_3_3
Parameters: 1 -4.03642e-06 -5.35785e-05 4.09029e-06 1 0.00050273 5.35744e-05 -0.000502731 1 -0.0190204 0.289703 -0.0355673
FixedParameters: 0 0 0

#Transform 8
Transform: AffineTransform_float_3_3
Parameters: 1 3.50425e-05 0.000149272 -3.52284e-05 1 0.000622766 -0.000149228 -0.000622776 1 -0.0266676 -0.0145719 0.0378314
FixedParameters: 0 0 0

#Transform 9
Transform: AffineTransform_float_3_3
Parameters: 1 -0.000180064 -0.00021983 0.000180111 1 0.000105831 0.000219792 -0.00010591 1 -0.00882425 0.181187 -0.033805
FixedParameters: 0 0 0

#Transform 10
Transform: AffineTransform_float_3_3
Parameters: 1 -0.000137948 0.000138018 0.000138782 1 0.000533946 -0.000138348 -0.000533887 1 -0.0244741 -0.0829983 0.0358619
FixedParameters: 0 0 0

#Transform 11
Transform: AffineTransform_float_3_3
Parameters: 1 -0.000264375 0.000223954 0.000264332 1 9.65957e-05 -0.000224005 -9.64773e-05 1 -0.0169893 0.0691955 0.00983837
FixedParameters: 0 0 0

#Transform 12
Transform: AffineTransform_float_3_3
Parameters: 1 -0.000203901 0.000143837 0.000204004 1 0.000280767 -0.000142969 -0.000280732 1 -0.022025 0.0541519 0.0267335
FixedParameters: 0 0 0

#Transform 13
Transform: AffineTransform_float_3_3
Parameters: 1 4.4979e-05 0.000214922 -4.51629e-05 1 0.000427764 -0.000214884 -0.000427783 1 -0.0275109 -0.0624643 0.0468608
FixedParameters: 0 0 0

#Transform 14
Transform: AffineTransform_float_3_3
Parameters: 1 -1.74045e-05 -0.000126122 1.75336e-05 1 0.000511875 0.000126105 -0.000511879 1 -0.0166674 -0.056772 0.0290878
FixedParameters: 0 0 0

#Transform 15
Transform: AffineTransform_float_3_3
Parameters: 1 1.87379e-05 9.62477e-05 -1.87513e-05 1 6.91738e-05 -9.62451e-05 -6.91774e-05 1 -0.0222538 -0.0179242 0.00282888
FixedParameters: 0 0 0

#Transform 16
Transform: AffineTransform_float_3_3
Parameters: 1 -0.000119991 0.000123612 0.000119961 1 0.000122808 -0.000123641 -0.000122778 1 -0.0210732 0.0670557 0.0191361
FixedParameters: 0 0 0

#Transform 17
Transform: AffineTransform_float_3_3
Parameters: 1 -0.000196795 -0.000292603 0.000196697 1 -0.000156144 0.000292695 0.000156962 1 0.00417527 0.129229 -0.0191264
FixedParameters: 0 0 0

#Transform 18
Transform: AffineTransform_float_3_3
Parameters: 1 2.23576e-05 0.000135187 -2.22919e-05 1 -0.00024307 -0.000135198 0.000243064 1 -0.017261 0.211844 -0.0179379
FixedParameters: 0 0 0

#Transform 19
Transform: AffineTransform_float_3_3
Parameters: 1 -0.000140684 -0.000267371 0.000140399 1 -0.00053388 0.000267521 0.000533805 1 0.0154119 0.45614 -0.0780757
FixedParameters: 0 0 0

#Transform 20
Transform: AffineTransform_float_3_3
Parameters: 1 -0.000111853 0.000189925 0.000111811 1 0.000110919 -0.00018995 -0.000110877 1 -0.0140614 0.00403272 0.00617729
FixedParameters: 0 0 0

#Transform 21
Transform: AffineTransform_float_3_3
Parameters: 1 -2.47171e-05 -0.000138311 2.47415e-05 1 8.81102e-05 0.000138307 -8.8117e-05 1 -0.00174805 -0.112485 0.0217573
FixedParameters: 0 0 0

#Transform 22
Transform: AffineTransform_float_3_3
Parameters: 1 -0.000165127 0.000185518 0.000165266 1 -0.0003763 -0.000185394 0.000376362 1 -0.00183869 -0.0294781 0.0433246
FixedParameters: 0 0 0

#Transform 23
Transform: AffineTransform_float_3_3
Parameters: 1 -5.84379e-05 -0.000300441 5.83152e-05 1 -0.000204197 0.000300465 0.000204162 1 0.0134737 -0.252081 0.0629196
FixedParameters: 0 0 0

#Transform 24
Transform: AffineTransform_float_3_3
Parameters: 1 -0.000219131 5.62731e-05 0.000219216 0.999999 -0.000754181 -5.59425e-05 0.000754206 0.999999 0.0168306 0.193799 -0.0252146
FixedParameters: 0 0 0

#Transform 25
Transform: AffineTransform_float_3_3
Parameters: 1 -3.47817e-05 -3.31163e-05 3.47595e-05 1 -0.0011331 3.31618e-05 0.0011331 1 0.011316 0.0616054 -0.0319267
FixedParameters: 0 0 0

#Transform 26
Transform: AffineTransform_float_3_3
Parameters: 1 -0.000265768 0.000405668 0.000266392 0.999999 -0.000762512 -0.000405293 0.000761796 0.999999 0.0040268 0.0809099 -0.00451847
FixedParameters: 0 0 0

#Transform 27
Transform: AffineTransform_float_3_3
Parameters: 1 -5.31405e-05 -0.000133748 5.29179e-05 0.999999 -0.00083199 0.000133836 0.000831976 0.999999 0.0254135 0.279432 -0.0714819
FixedParameters: 0 0 0

#Transform 28
Transform: AffineTransform_float_3_3
Parameters: 1 -0.000419442 0.000451386 0.000419601 1 -0.00017683 -0.000451238 0.000177208 1 0.00930413 -0.00616057 0.00836285
FixedParameters: 0 0 0

#Transform 29
Transform: AffineTransform_float_3_3
Parameters: 1 -0.000347765 0.000370252 0.000347808 1 -5.88859e-05 -0.000370211 5.91434e-05 1 0.00559534 -0.0664923 0.00686805
FixedParameters: 0 0 0

#Transform 30
Transform: AffineTransform_float_3_3
Parameters: 1 -0.000372766 0.000225979 0.000372719 1 0.000103379 -0.000226056 -0.000103211 1 0.0119351 -0.297034 0.035213
FixedParameters: 0 0 0

#Transform 31
Transform: AffineTransform_float_3_3
Parameters: 1 -0.000554223 0.000351413 0.000554295 1 -0.000102896 -0.000351298 0.000103285 1 0.00887314 0.0155225 -0.0321236
FixedParameters: 0 0 0

#Transform 32
Transform: AffineTransform_float_3_3
Parameters: 0.999999 -0.000658969 0.000412633 0.000659103 0.999999 -0.000384823 -0.000413108 0.00038539 1 0.0195381 0.0481124 -0.0129304
FixedParameters: 0 0 0

#Transform 33
Transform: AffineTransform_float_3_3
Parameters: 1 -0.000678244 0.000122888 0.000678418 0.999999 -0.000711178 -0.000121923 0.000711345 0.999999 0.0358851 0.410098 -0.130253
FixedParameters: 0 0 0

#Transform 34
Transform: AffineTransform_float_3_3
Parameters: 1 -0.000547485 0.000407294 0.00054807 1 -0.000870787 -0.000407387 0.000870324 1 0.0249522 0.00445135 -0.0131701
FixedParameters: 0 0 0

#Transform 35
Transform: AffineTransform_float_3_3
Parameters: 0.999999 -0.000723806 0.000231162 0.000722675 1 -7.39183e-05 -0.000231855 7.42549e-05 1 0.0367159 -0.0770606 0.00286948
FixedParameters: 0 0 0

#Transform 36
Transform: AffineTransform_float_3_3
Parameters: 1 -0.000604382 0.00016959 0.000604534 0.999999 -0.000449505 -0.000169046 0.00044971 1 0.0386813 0.00684693 -0.059498
FixedParameters: 0 0 0

#Transform 37
Transform: AffineTransform_float_3_3
Parameters: 1 -0.000794561 0.000631522 0.00079526 1 -0.000695437 -0.000631375 0.000696104 0.999999 0.0355952 0.0326336 -0.0132643
FixedParameters: 0 0 0

#Transform 38
Transform: AffineTransform_float_3_3
Parameters: 0.999999 -0.00077753 0.000620086 0.000778618 0.999999 -0.000982391 -0.000619572 0.00098338 1 0.0511708 0.0649353 -0.0443607
FixedParameters: 0 0 0

#Transform 39
Transform: AffineTransform_float_3_3
Parameters: 1 -0.00081328 0.00085231 0.000815083 0.999998 -0.00170803 -0.000850392 0.00170849 0.999999 0.034343 0.0879358 -0.0381786
FixedParameters: 0 0 0

#Transform 40
Transform: AffineTransform_float_3_3
Parameters: 0.999999 -0.000777276 0.000448264 0.000777801 1 -0.00072705 -0.000448126 0.00072741 0.999999 0.0389641 0.0600966 -0.0181075
FixedParameters: 0 0 0

#Transform 41
Transform: AffineTransform_float_3_3
Parameters: 1 -0.000991312 0.000507517 0.000991774 0.999999 -0.00155028 -0.000505253 0.00155092 0.999998 0.0459856 0.275063 -0.0532363
FixedParameters: 0 0 0

#Transform 42
Transform: AffineTransform_float_3_3
Parameters: 1 -0.00100653 0.000543799 0.00100808 0.999998 -0.00169895 -0.000542383 0.0016988 0.999998 0.0528066 0.349886 -0.0448063
FixedParameters: 0 0 0

#Transform 43
Transform: AffineTransform_float_3_3
Parameters: 1 -0.000833483 0.000494548 0.000834434 0.999999 -0.00114728 -0.000493616 0.00114813 0.999999 0.0411036 0.0163949 -0.0143115
FixedParameters: 0 0 0

#Transform 44
Transform: AffineTransform_float_3_3
Parameters: 0.999999 -0.00106841 0.000890347 0.00106964 0.999999 -0.00140956 -0.000889157 0.00141019 0.999998 0.0427467 0.11852 0.00758529
FixedParameters: 0 0 0

#Transform 45
Transform: AffineTransform_float_3_3
Parameters: 0.999999 -0.00109117 0.000596882 0.00109108 0.999999 -0.000890487 -0.000595747 0.000890497 0.999999 0.0548985 0.0748256 -0.0274002
FixedParameters: 0 0 0

#Transform 46
Transform: AffineTransform_float_3_3
Parameters: 0.999999 -0.00104077 0.000821591 0.0010409 0.999999 -0.000781049 -0.000820742 0.0007824 0.999999 0.0443972 -0.0314334 0.0154297
FixedParameters: 0 0 0

#Transform 47
Transform: AffineTransform_float_3_3
Parameters: 0.999999 -0.00104273 0.0008946 0.00104334 0.999999 -0.0010898 -0.000894139 0.00109075 0.999999 0.0535734 0.110473 -0.0122901
FixedParameters: 0 0 0

#Transform 48
Transform: AffineTransform_float_3_3
Parameters: 0.999999 -0.00117464 0.000851181 0.00117525 0.999998 -0.00169866 -0.000848853 0.00169973 0.999999 0.0645064 0.142148 -0.0575252
FixedParameters: 0 0 0

#Transform 49
Transform: AffineTransform_float_3_3
Parameters: 0.999999 -0.00134136 0.00113429 0.00134327 0.999998 -0.00143084 -0.00113227 0.00143168 0.999998 0.0553331 0.00813984 0.00977459
FixedParameters: 0 0 0

#Transform 50
Transform: AffineTransform_float_3_3
Parameters: 0.999998 -0.00127291 0.00111475 0.00127428 0.999997 -0.0016325 -0.00111229 0.00163348 0.999998 0.0564454 0.199072 -0.0456201
FixedParameters: 0 0 0

#Transform 51
Transform: AffineTransform_float_3_3
Parameters: 0.999999 -0.000856327 0.000957361 0.000858846 0.999998 -0.0020553 -0.000956675 0.0020557 0.999997 0.053978 -0.058856 -0.0137535
FixedParameters: 0 0 0

#Transform 52
Transform: AffineTransform_float_3_3
Parameters: 0.999999 -0.00105704 0.000956303 0.00105879 0.999998 -0.00159237 -0.000954747 0.00159441 0.999999 0.0673964 -0.0120966 0.0142619
FixedParameters: 0 0 0

#Transform 53
Transform: AffineTransform_float_3_3
Parameters: 0.999998 -0.00113704 0.00109524 0.00113911 0.999996 -0.00246603 -0.00109214 0.00246723 0.999996 0.0701356 0.253354 -0.0586806
FixedParameters: 0 0 0

#Transform 54
Transform: AffineTransform_float_3_3
Parameters: 0.999998 -0.0011268 0.00113097 0.00112826 0.999997 -0.0021418 -0.00112863 0.00214342 0.999997 0.050145 0.0135222 0.0122083
FixedParameters: 0 0 0

#Transform 55
Transform: AffineTransform_float_3_3
Parameters: 0.999998 -0.00104312 0.001592 0.00104657 0.999997 -0.0024531 -0.00158922 0.00245455 0.999996 0.0620756 0.476928 -0.064878
FixedParameters: 0 0 0

#Transform 56
Transform: AffineTransform_float_3_3
Parameters: 0.999999 -0.00100644 0.00111902 0.00100948 0.999998 -0.00190868 -0.00111703 0.00190967 0.999997 0.0629106 -0.169355 0.0303912
FixedParameters: 0 0 0

#Transform 57
Transform: AffineTransform_float_3_3
Parameters: 0.999998 -0.00106288 0.00151458 0.00106633 0.999995 -0.00294701 -0.00151148 0.00294836 0.999994 0.0663767 0.171696 -0.0582136
FixedParameters: 0 0 0

#Transform 58
Transform: AffineTransform_float_3_3
Parameters: 0.999998 -0.000947927 0.00135237 0.000951495 0.999996 -0.00255181 -0.00135006 0.00255345 0.999996 0.0596644 -0.0143913 0.00620676
FixedParameters: 0 0 0

#Transform 59
Transform: AffineTransform_float_3_3
Parameters: 0.999998 -0.000889852 0.00132814 0.000892814 0.999998 -0.00201696 -0.00132726 0.00201749 0.999997 0.0623954 0.0318071 -0.0208737
FixedParameters: 0 0 0

#Transform 60
Transform: AffineTransform_float_3_3
Parameters: 0.999999 -0.000680294 0.00126312 0.000683902 0.999997 -0.00230723 -0.00126167 0.00230802 0.999996 0.0558238 0.152011 -0.050007
FixedParameters: 0 0 0

#Transform 61
Transform: AffineTransform_float_3_3
Parameters: 0.999999 -0.000557147 0.00139194 0.000560518 0.999997 -0.00229579 -0.00138991 0.00229637 0.999996 0.0624286 0.085713 -0.0176771
FixedParameters: 0 0 0

#Transform 62
Transform: AffineTransform_float_3_3
Parameters: 0.999998 -0.000618352 0.00142803 0.000621398 0.999997 -0.00257472 -0.00142722 0.00257461 0.999996 0.0656762 0.049873 -0.0359445
FixedParameters: 0 0 0

#Transform 63
Transform: AffineTransform_float_3_3
Parameters: 0.999998 -0.000616135 0.00144624 0.00062014 0.999996 -0.00249303 -0.00144469 0.00249423 0.999996 0.06046 0.125415 -0.0313117
FixedParameters: 0 0 0

#Transform 64
Transform: AffineTransform_float_3_3
Parameters: 0.999998 -0.000921593 0.00174198 0.000925925 0.999997 -0.00249517 -0.00173972 0.00249651 0.999995 0.0598695 0.177121 -0.0333023
FixedParameters: 0 0 0

#Transform 65
Transform: AffineTransform_float_3_3
Parameters: 0.999998 -0.00101106 0.00176063 0.00101526 0.999997 -0.00243196 -0.00175805 0.00243365 0.999995 0.068773 0.170432 -0.058492
FixedParameters: 0 0 0

#Transform 66
Transform: AffineTransform_float_3_3
Parameters: 0.999998 -0.00100379 0.00181235 0.00100797 0.999995 -0.00267832 -0.00181016 0.00267952 0.999995 0.0653298 0.100433 -0.068184
FixedParameters: 0 0 0

#Transform 67
Transform: AffineTransform_float_3_3
Parameters: 0.999998 -0.00101033 0.00176185 0.00101437 0.999997 -0.00238395 -0.0017594 0.00238471 0.999996 0.073695 0.0729458 -0.0542518
FixedParameters: 0 0 0

#Transform 68
Transform: AffineTransform_float_3_3
Parameters: 0.999998 -0.000969836 0.00198824 0.000974793 0.999996 -0.00260443 -0.00198533 0.00260675 0.999995 0.0642026 -0.0784458 -0.0316537
FixedParameters: 0 0 0

#Transform 69
Transform: AffineTransform_float_3_3
Parameters: 0.999998 -0.000955447 0.00206538 0.000960894 0.999996 -0.00262463 -0.00206253 0.00262611 0.999994 0.0773974 0.294949 -0.0854514
FixedParameters: 0 0 0

#Transform 70
Transform: AffineTransform_float_3_3
Parameters: 0.999998 -0.000969549 0.00197154 0.000972998 0.999997 -0.00225686 -0.00196928 0.00225914 0.999995 0.0822092 -0.0532295 -0.0432317
FixedParameters: 0 0 0

#Transform 71
Transform: AffineTransform_float_3_3
Parameters: 0.999996 -0.000893811 0.00237471 0.00089826 0.999997 -0.00229038 -0.00237259 0.0022925 0.999995 0.0609664 0.00567443 -0.0579269
FixedParameters: 0 0 0

#Transform 72
Transform: AffineTransform_float_3_3
Parameters: 0.999996 -0.000878538 0.00243266 0.00088213 0.999998 -0.00183094 -0.0024306 0.00183308 0.999995 0.0706887 -0.054008 -0.0241961
FixedParameters: 0 0 0

#Transform 73
Transform: AffineTransform_float_3_3
Parameters: 0.999997 -0.000885599 0.00242008 0.000890364 0.999997 -0.00232371 -0.00241791 0.00232587 0.999994 0.0772986 -0.175134 -0.0159243
FixedParameters: 0 0 0

#Transform 74
Transform: AffineTransform_float_3_3
Parameters: 0.999996 -0.000851751 0.00258229 0.000856466 0.999998 -0.00197734 -0.00258106 0.00197963 0.999995 0.0737506 0.0425838 -0.0445005
FixedParameters: 0 0 0

#Transform 75
Transform: AffineTransform_float_3_3
Parameters: 0.999996 -0.00106358 0.00262825 0.00106885 0.999997 -0.00204844 -0.00262602 0.00205193 0.999994 0.0826344 0.121895 -0.0940014
FixedParameters: 0 0 0

#Transform 76
Transform: AffineTransform_float_3_3
Parameters: 0.999995 -0.00128852 0.00287882 0.00129459 0.999997 -0.00220939 -0.00287611 0.00221285 0.999994 0.0819181 0.0617319 -0.124962
FixedParameters: 0 0 0

#Transform 77
Transform: AffineTransform_float_3_3
Parameters: 0.999995 -0.0013971 0.00304422 0.00140241 0.999997 -0.00178918 -0.00304137 0.00179278 0.999994 0.0843303 0.0431372 -0.0740348
FixedParameters: 0 0 0

#Transform 78
Transform: AffineTransform_float_3_3
Parameters: 0.999995 -0.001561 0.00281258 0.00156507 0.999997 -0.00170718 -0.00280941 0.00171199 0.999995 0.104884 -0.168586 -0.0474671
FixedParameters: 0 0 0

#Transform 79
Transform: AffineTransform_float_3_3
Parameters: 0.999994 -0.00167319 0.00318067 0.00167975 0.999997 -0.00208237 -0.00317669 0.00208683 0.999993 0.0846756 -0.0664016 -0.0858337
FixedParameters: 0 0 0

#Transform 80
Transform: AffineTransform_float_3_3
Parameters: 0.999994 -0.00170281 0.00300841 0.00171001 0.999996 -0.00233166 -0.00300443 0.00233667 0.999992 0.0921761 0.314992 -0.123744
FixedParameters: 0 0 0

#Transform 81
Transform: AffineTransform_float_3_3
Parameters: 0.999994 -0.00189153 0.00286824 0.00189666 0.999997 -0.00171725 -0.00286503 0.00172382 0.999995 0.11154 -0.188627 -0.0614814
FixedParameters: 0 0 0

#Transform 82
Transform: AffineTransform_float_3_3
Parameters: 0.999994 -0.00173631 0.00317662 0.00174251 0.999997 -0.00188177 -0.00317321 0.00188793 0.999993 0.104217 -0.0398556 -0.100591
FixedParameters: 0 0 0

#Transform 83
Transform: AffineTransform_float_3_3
Parameters: 0.999993 -0.00128439 0.00353151 0.00128995 0.999998 -0.00158539 -0.00352958 0.00158993 0.999992 0.077927 -0.0498302 -0.0711103
FixedParameters: 0 0 0

#Transform 84
Transform: AffineTransform_float_3_3
Parameters: 0.999993 -0.00105153 0.00373033 0.00105333 1 -0.000699591 -0.00372936 0.000703241 0.999993 0.106869 0.216448 -0.107525
FixedParameters: 0 0 0

#Transform 85
Transform: AffineTransform_float_3_3
Parameters: 0.999993 -0.00102211 0.0037353 0.00102321 0.999999 -0.000323987 -0.00373448 0.000328736 0.999993 0.104009 -0.194107 -0.0167409
FixedParameters: 0 0 0

#Transform 86
Transform: AffineTransform_float_3_3
Parameters: 0.999992 -0.0011177 0.00397306 0.00112343 0.999999 -0.00141948 -0.00397106 0.00142359 0.999991 0.0924378 0.0118866 -0.0955991
FixedParameters: 0 0 0

#Transform 87
Transform: AffineTransform_float_3_3
Parameters: 0.999991 -0.0013189 0.00397666 0.00132794 0.999997 -0.00236184 -0.00397289 0.00236753 0.99999 0.101955 0.363384 -0.130095
FixedParameters: 0 0 0

#Transform 88
Transform: AffineTransform_float_3_3
Parameters: 0.999992 -0.00114848 0.00384554 0.00115441 0.999998 -0.00163773 -0.00384378 0.00164179 0.999992 0.0974421 -0.0556887 -0.0514843
FixedParameters: 0 0 0

#Transform 89
Transform: AffineTransform_float_3_3
Parameters: 0.999992 -0.00132818 0.00388602 0.00133326 0.999998 -0.00139194 -0.00388447 0.0013975 0.999992 0.106707 -0.135867 -0.0823304
FixedParameters: 0 0 0

#Transform 90
Transform: AffineTransform_float_3_3
Parameters: 0.999991 -0.00136575 0.0041177 0.00137334 0.999998 -0.00173607 -0.00411495 0.00174163 0.99999 0.0928149 0.0504043 -0.114916
FixedParameters: 0 0 0

#Transform 91
Transform: AffineTransform_float_3_3
Parameters: 0.999991 -0.00147093 0.00390655 0.00147703 0.999998 -0.00165577 -0.00390467 0.00166122 0.999991 0.0968565 0.0915199 -0.0722844
FixedParameters: 0 0 0

#Transform 92
Transform: AffineTransform_float_3_3
Parameters: 0.999991 -0.00127223 0.00398805 0.00127842 0.999999 -0.00137163 -0.00398689 0.00137705 0.999991 0.0867848 -0.224968 -0.00496824
FixedParameters: 0 0 0

#Transform 93
Transform: AffineTransform_float_3_3
Parameters: 0.99999 -0.00138352 0.00407015 0.00139069 0.999998 -0.00169868 -0.00406745 0.00170388 0.99999 0.0943993 0.0411898 -0.131299
FixedParameters: 0 0 0

#Transform 94
Transform: AffineTransform_float_3_3
Parameters: 0.99999 -0.00153151 0.00404787 0.00153777 0.999997 -0.00148073 -0.00404554 0.00148652 0.999991 0.0850066 -0.200767 -0.0276108
FixedParameters: 0 0 0

#Transform 95
Transform: AffineTransform_float_3_3
Parameters: 0.99999 -0.00151322 0.00415019 0.00151976 0.999998 -0.00159676 -0.00414735 0.00160362 0.99999 0.0875965 -0.00277313 -0.0429877
FixedParameters: 0 0 0

#Transform 96
Transform: AffineTransform_float_3_3
Parameters: 0.999991 -0.00195388 0.00391488 0.00195912 0.999997 -0.00142205 -0.00391246 0.00143003 0.999991 0.112983 -0.0253099 -0.102966
FixedParameters: 0 0 0

#Transform 97
Transform: AffineTransform_float_3_3
Parameters: 0.99999 -0.00171383 0.00406066 0.00172153 0.999997 -0.00193165 -0.00405785 0.0019386 0.99999 0.0925532 0.0267891 -0.0772777
FixedParameters: 0 0 0

#Transform 98
Transform: AffineTransform_float_3_3
Parameters: 0.999989 -0.00188171 0.00432581 0.00189055 0.999996 -0.00206351 -0.00432168 0.00207223 0.999989 0.0979084 0.2397 -0.0612618
FixedParameters: 0 0 0

#Transform 99
Transform: AffineTransform_float_3_3
Parameters: 0.999991 -0.0019481 0.00394917 0.00195417 0.999997 -0.00150718 -0.00394648 0.00151396 0.999991 0.111912 -0.165959 -0.0570425
FixedParameters: 0 0 0

#Transform 100
Transform: AffineTransform_float_3_3
Parameters: 0.999989 -0.00192634 0.00409755 0.00193586 0.999996 -0.00227142 -0.00409344 0.00227896 0.999989 0.106991 0.258938 -0.16088
FixedParameters: 0 0 0

#Transform 101
Transform: AffineTransform_float_3_3
Parameters: 0.99999 -0.00178211 0.00419363 0.00178983 0.999997 -0.00162914 -0.004191 0.00163657 0.99999 0.100223 -0.0985181 -0.0305058
FixedParameters: 0 0 0

#Transform 102
Transform: AffineTransform_float_3_3
Parameters: 0.99999 -0.00191083 0.00413415 0.00191904 0.999997 -0.00182426 -0.00413019 0.00183216 0.99999 0.119582 0.293914 -0.134024
FixedParameters: 0 0 0

#Transform 103
Transform: AffineTransform_float_3_3
Parameters: 0.99999 -0.00188924 0.00388323 0.00189509 0.999997 -0.00150464 -0.00388072 0.00151199 0.999991 0.104645 -0.211847 -0.0528436
FixedParameters: 0 0 0

#Transform 104
Transform: AffineTransform_float_3_3
Parameters: 0.999989 -0.0019387 0.00424183 0.00194868 0.999996 -0.00225447 -0.00423774 0.0022621 0.999989 0.110699 0.353147 -0.117337
FixedParameters: 0 0 0

#Transform 105
Transform: AffineTransform_float_3_3
Parameters: 0.999989 -0.00188924 0.00411913 0.00189645 0.999997 -0.00170248 -0.00411571 0.00170978 0.99999 0.126899 0.129724 -0.115617
FixedParameters: 0 0 0

#Transform 106
Transform: AffineTransform_float_3_3
Parameters: 0.99999 -0.0017848 0.00410854 0.00179034 0.999997 -0.00136907 -0.00410587 0.00137583 0.999991 0.115076 -0.136921 -0.105663
FixedParameters: 0 0 0

#Transform 107
Transform: AffineTransform_float_3_3
Parameters: 0.999988 -0.00186624 0.00449119 0.00187226 0.999997 -0.00144561 -0.00448879 0.00145389 0.999989 0.108104 0.0400693 -0.132006
FixedParameters: 0 0 0

#Transform 108
Transform: AffineTransform_float_3_3
Parameters: 0.999989 -0.00213876 0.00421616 0.00214422 0.999997 -0.00146051 -0.00421293 0.00146934 0.99999 0.135885 -0.0329943 -0.14902
FixedParameters: 0 0 0

#Transform 109
Transform: AffineTransform_float_3_3
Parameters: 0.999987 -0.0024376 0.004625 0.00244429 0.999996 -0.00147278 -0.00462087 0.00148369 0.999989 0.126485 -0.0812672 -0.132633
FixedParameters: 0 0 0

#Transform 110
Transform: AffineTransform_float_3_3
Parameters: 0.999986 -0.00250791 0.00479516 0.00251461 0.999996 -0.00154157 -0.00479125 0.00155363 0.999987 0.12394 0.0461842 -0.117476
FixedParameters: 0 0 0

#Transform 111
Transform: AffineTransform_float_3_3
Parameters: 0.999986 -0.00258959 0.00463298 0.00259436 0.999996 -0.00104976 -0.0046309 0.00106273 0.999989 0.146789 -0.0846933 -0.136367
FixedParameters: 0 0 0

#Transform 112
Transform: AffineTransform_float_3_3
Parameters: 0.999985 -0.00268685 0.00491122 0.00269422 0.999995 -0.00157727 -0.00490658 0.0015911 0.999987 0.138479 0.122363 -0.20961
FixedParameters: 0 0 0

#Transform 113
Transform: AffineTransform_float_3_3
Parameters: 0.999986 -0.00259878 0.00470717 0.00260625 0.999996 -0.0015485 -0.00470313 0.001561 0.999988 0.135989 0.060963 -0.125403
FixedParameters: 0 0 0

#Transform 114
Transform: AffineTransform_float_3_3
Parameters: 0.999984 -0.00263812 0.00504063 0.00264425 0.999996 -0.00129826 -0.00503685 0.00131135 0.999987 0.127682 0.117761 -0.127741
FixedParameters: 0 0 0

#Transform 115
Transform: AffineTransform_float_3_3
Parameters: 0.999985 -0.0029603 0.00475712 0.00296593 0.999995 -0.00121312 -0.00475312 0.00122765 0.999988 0.153374 -0.088492 -0.188063
FixedParameters: 0 0 0

#Transform 116
Transform: AffineTransform_float_3_3
Parameters: 0.999983 -0.00277095 0.00507522 0.00278 0.999995 -0.00170934 -0.00507059 0.001724 0.999986 0.121676 0.17336 -0.204124
FixedParameters: 0 0 0

#Transform 117
Transform: AffineTransform_float_3_3
Parameters: 0.999983 -0.0030778 0.00490307 0.00308582 0.999994 -0.00153906 -0.00489763 0.00155375 0.999987 0.12448 0.165403 -0.128552
FixedParameters: 0 0 0

#Transform 118
Transform: AffineTransform_float_3_3
Parameters: 0.999984 -0.00310173 0.00475921 0.00310757 0.999994 -0.00113106 -0.00475559 0.00114604 0.999988 0.141432 -0.00350525 -0.16622
FixedParameters: 0 0 0

#Transform 119
Transform: AffineTransform_float_3_3
Parameters: 0.999984 -0.00282335 0.00502104 0.00282813 0.999995 -0.00107483 -0.0050182 0.0010884 0.999987 0.118738 -0.202915 -0.129937
FixedParameters: 0 0 0

#Transform 120
Transform: AffineTransform_float_3_3
Parameters: 0.999984 -0.00277028 0.00501815 0.00277647 0.999995 -0.0011179 -0.00501537 0.00113095 0.999986 0.114354 -0.077186 -0.12163
FixedParameters: 0 0 0

#Transform 121
Transform: AffineTransform_float_3_3
Parameters: 0.999983 -0.00309543 0.00479707 0.00310138 0.999994 -0.00123613 -0.00479263 0.00125126 0.999987 0.131242 -0.455006 -0.119642
FixedParameters: 0 0 0

#Transform 122
Transform: AffineTransform_float_3_3
Parameters: 0.999982 -0.00295944 0.00533609 0.00296409 0.999995 -0.000892969 -0.00533324 0.000909197 0.999986 0.126835 -0.0118383 -0.225478
FixedParameters: 0 0 0

#Transform 123
Transform: AffineTransform_float_3_3
Parameters: 0.999979 -0.00316408 0.00551344 0.00317127 0.999994 -0.00130468 -0.00550927 0.00132236 0.999984 0.148216 0.247969 -0.219057
FixedParameters: 0 0 0

#Transform 124
Transform: AffineTransform_float_3_3
Parameters: 0.99998 -0.00318377 0.00535939 0.00318902 0.999995 -0.000863863 -0.00535751 0.000881032 0.999985 0.161821 -0.168592 -0.195238
FixedParameters: 0 0 0

#Transform 125
Transform: AffineTransform_float_3_3
Parameters: 0.999979 -0.00316349 0.00562285 0.0031702 0.999994 -0.00124018 -0.0056191 0.00125762 0.999983 0.148211 -0.155753 -0.198343
FixedParameters: 0 0 0

#Transform 126
Transform: AffineTransform_float_3_3
Parameters: 0.999976 -0.00341245 0.00608413 0.00342314 0.999992 -0.0018312 -0.00607697 0.00185211 0.99998 0.150739 0.363798 -0.235284
FixedParameters: 0 0 0

#Transform 127
Transform: AffineTransform_float_3_3
Parameters: 0.999977 -0.00332572 0.00593578 0.0033341 0.999993 -0.00141561 -0.00593129 0.00143545 0.999982 0.149414 -0.10767 -0.216657
FixedParameters: 0 0 0

#Transform 128
Transform: AffineTransform_float_3_3
Parameters: 0.999979 -0.00297002 0.00586023 0.00298057 0.999994 -0.00180594 -0.00585501 0.00182333 0.999981 0.12674 0.03277 -0.263081
FixedParameters: 0 0 0

#Transform 129
Transform: AffineTransform_float_3_3
Parameters: 0.999977 -0.00331364 0.00590636 0.00332304 0.999993 -0.0016865 -0.00590074 0.00170563 0.999981 0.126929 0.119676 -0.230713
FixedParameters: 0 0 0

#Transform 130
Transform: AffineTransform_float_3_3
Parameters: 0.999977 -0.00329567 0.00590366 0.00330474 0.999994 -0.00165987 -0.00589824 0.0016797 0.999981 0.149141 -0.00762216 -0.266064
FixedParameters: 0 0 0

#Transform 131
Transform: AffineTransform_float_3_3
Parameters: 0.999975 -0.00307787 0.00632257 0.00308882 0.999994 -0.0017108 -0.00631761 0.00173023 0.999979 0.11927 0.104283 -0.29684
FixedParameters: 0 0 0

#Transform 132
Transform: AffineTransform_float_3_3
Parameters: 0.999975 -0.00348158 0.00617064 0.00349241 0.999992 -0.00165748 -0.00616483 0.00167896 0.999979 0.124535 0.159528 -0.237353
FixedParameters: 0 0 0

#Transform 133
Transform: AffineTransform_float_3_3
Parameters: 0.999975 -0.00354532 0.00600532 0.0035501 0.999994 -0.000725277 -0.00600286 0.000746571 0.999982 0.122612 -0.169074 -0.224265
FixedParameters: 0 0 0

#Transform 134
Transform: AffineTransform_float_3_3
Parameters: 0.999977 -0.00345356 0.00590914 0.00346317 0.999993 -0.00152631 -0.00590349 0.00154713 0.999982 0.140781 0.0462202 -0.292668
FixedParameters: 0 0 0

#Transform 135
Transform: AffineTransform_float_3_3
Parameters: 0.999974 -0.00339574 0.00638599 0.00340599 0.999993 -0.00155916 -0.00638117 0.00158047 0.999978 0.122373 0.0866676 -0.281554
FixedParameters: 0 0 0

#Transform 136
Transform: AffineTransform_float_3_3
Parameters: 0.999974 -0.00338122 0.00638989 0.00338926 0.999994 -0.00129453 -0.00638607 0.00131661 0.999979 0.131757 -0.0257622 -0.267726
FixedParameters: 0 0 0

#Transform 137
Transform: AffineTransform_float_3_3
Parameters: 0.999975 -0.0033184 0.00621499 0.00332923 0.999993 -0.00163105 -0.00620896 0.00165115 0.99998 0.144234 0.0154101 -0.308127
FixedParameters: 0 0 0

#Transform 138
Transform: AffineTransform_float_3_3
Parameters: 0.999975 -0.00325925 0.00616665 0.00326605 0.999994 -0.00112915 -0.00616246 0.0011491 0.999981 0.127048 -0.0439423 -0.227271
FixedParameters: 0 0 0

#Transform 139
Transform: AffineTransform_float_3_3
Parameters: 0.999974 -0.00347086 0.00638485 0.00348449 0.999992 -0.00217083 -0.00637775 0.00219273 0.999977 0.151305 0.291218 -0.356007
FixedParameters: 0 0 0

#Transform 140
Transform: AffineTransform_float_3_3
Parameters: 0.999975 -0.00326974 0.00636767 0.00327835 0.999993 -0.00134843 -0.00636379 0.00136929 0.999979 0.109692 -0.138164 -0.264154
FixedParameters: 0 0 0

#Transform 141
Transform: AffineTransform_float_3_3
Parameters: 0.999975 -0.00337607 0.00630332 0.0033859 0.999993 -0.00162479 -0.0062979 0.00164619 0.999979 0.131826 0.366402 -0.333028
FixedParameters: 0 0 0

#Transform 142
Transform: AffineTransform_float_3_3
Parameters: 0.999974 -0.00325259 0.00641423 0.00326195 0.999993 -0.00147396 -0.00640939 0.00149489 0.999978 0.118882 0.114196 -0.279292
FixedParameters: 0 0 0

#Transform 143
Transform: AffineTransform_float_3_3
Parameters: 0.999975 -0.00341024 0.00628083 0.00341701 0.999994 -0.00103042 -0.00627712 0.00105174 0.99998 0.144243 0.0137697 -0.241422
FixedParameters: 0 0 0

#Transform 144
Transform: AffineTransform_float_3_3
Parameters: 0.999974 -0.00330903 0.00642262 0.00331855 0.999994 -0.00148002 -0.00641758 0.00150138 0.999978 0.139546 0.000454015 -0.264091
FixedParameters: 0 0 0

#Transform 145
Transform: AffineTransform_float_3_3
Parameters: 0.999974 -0.00328709 0.00642411 0.00329485 0.999994 -0.00125631 -0.0064198 0.00127773 0.999978 0.125632 0.102072 -0.258123
FixedParameters: 0 0 0

#Transform 146
Transform: AffineTransform_float_3_3
Parameters: 0.999974 -0.00337965 0.00643867 0.00338773 0.999993 -0.0013677 -0.00643417 0.00138913 0.999978 0.135308 -0.119428 -0.293833
FixedParameters: 0 0 0

#Transform 147
Transform: AffineTransform_float_3_3
Parameters: 0.999973 -0.00341729 0.00660256 0.00342625 0.999993 -0.00140339 -0.00659774 0.00142585 0.999977 0.125541 0.0561576 -0.299699
FixedParameters: 0 0 0

#Transform 148
Transform: AffineTransform_float_3_3
Parameters: 0.999972 -0.00344118 0.00670289 0.00345027 0.999993 -0.00139596 -0.00669803 0.00141979 0.999977 0.129725 0.0229494 -0.272591
FixedParameters: 0 0 0

#Transform 149
Transform: AffineTransform_float_3_3
Parameters: 0.999972 -0.00347329 0.00672306 0.00348473 0.999992 -0.0018088 -0.00671672 0.00183227 0.999976 0.13073 -0.0394274 -0.316864
FixedParameters: 0 0 0

#Transform 150
Transform: AffineTransform_float_3_3
Parameters: 0.999969 -0.0039095 0.00680911 0.00392393 0.99999 -0.00209704 -0.00680075 0.00212319 0.999975 0.125699 0.196992 -0.316818
FixedParameters: 0 0 0

#Transform 151
Transform: AffineTransform_float_3_3
Parameters: 0.999971 -0.00335307 0.00673012 0.00336605 0.999993 -0.00184481 -0.00672417 0.00186766 0.999976 0.124938 0.0801157 -0.305621
FixedParameters: 0 0 0

#Transform 152
Transform: AffineTransform_float_3_3
Parameters: 0.999974 -0.00344906 0.00639387 0.00345807 0.999993 -0.00135903 -0.00638844 0.00138105 0.999979 0.114255 -0.1572 -0.275677
FixedParameters: 0 0 0

#Transform 153
Transform: AffineTransform_float_3_3
Parameters: 0.999972 -0.00353903 0.00667865 0.00355232 0.999992 -0.0018816 -0.00667172 0.00190494 0.999976 0.0931082 0.371624 -0.322193
FixedParameters: 0 0 0

#Transform 154
Transform: AffineTransform_float_3_3
Parameters: 0.99997 -0.00320649 0.00700695 0.00321656 0.999994 -0.00147916 -0.00700208 0.00150157 0.999974 0.0915135 -0.0897437 -0.300267
FixedParameters: 0 0 0

#Transform 155
Transform: AffineTransform_float_3_3
Parameters: 0.999971 -0.00315986 0.00688004 0.00317294 0.999993 -0.00180745 -0.00687403 0.00182936 0.999975 0.0966575 0.234859 -0.342735
FixedParameters: 0 0 0

#Transform 156
Transform: AffineTransform_float_3_3
Parameters: 0.999971 -0.0029705 0.00690104 0.00298173 0.999995 -0.00158419 -0.00689625 0.0016049 0.999975 0.0921537 0.0284274 -0.3063
FixedParameters: 0 0 0

#Transform 157
Transform: AffineTransform_float_3_3
Parameters: 0.999971 -0.00331004 0.00684506 0.00332082 0.999993 -0.00164721 -0.00683958 0.00166964 0.999975 0.0946328 0.217937 -0.340899
FixedParameters: 0 0 0

#Transform 158
Transform: AffineTransform_float_3_3
Parameters: 0.99997 -0.00329056 0.00689443 0.00330144 0.999993 -0.00164263 -0.00688907 0.00166548 0.999975 0.110707 0.0337918 -0.342773
FixedParameters: 0 0 0

#Transform 159
Transform: AffineTransform_float_3_3
Parameters: 0.999973 -0.00313809 0.00670904 0.003148 0.999994 -0.00144406 -0.00670375 0.00146514 0.999976 0.108154 -0.00704433 -0.309532
FixedParameters: 0 0 0

#Transform 160
Transform: AffineTransform_float_3_3
Parameters: 0.999974 -0.003237 0.00652656 0.00324303 0.999994 -0.00101855 -0.00652314 0.00103941 0.999979 0.110278 -0.15274 -0.280106
FixedParameters: 0 0 0

#Transform 161
Transform: AffineTransform_float_3_3
Parameters: 0.999974 -0.00315955 0.00645896 0.00316755 0.999995 -0.00126893 -0.00645488 0.00129023 0.999979 0.102669 -0.171139 -0.217875
FixedParameters: 0 0 0

#Transform 162
Transform: AffineTransform_float_3_3
Parameters: 0.999973 -0.00342635 0.00652341 0.00343133 0.999994 -0.000768323 -0.00652068 0.000790933 0.999978 0.101722 -0.25021 -0.201923
FixedParameters: 0 0 0

#Transform 163
Transform: AffineTransform_float_3_3
Parameters: 0.999976 -0.00286286 0.00632307 0.00287238 0.999995 -0.00150672 -0.0063192 0.00152436 0.999979 0.103668 0.0127656 -0.274221
FixedParameters: 0 0 0

#Transform 164
Transform: AffineTransform_float_3_3
Parameters: 0.999975 -0.00291 0.00645067 0.00291709 0.999996 -0.000959402 -0.00644858 0.000978408 0.999978 0.0991244 -0.0161637 -0.24426
FixedParameters: 0 0 0

#Transform 165
Transform: AffineTransform_float_3_3
Parameters: 0.999975 -0.0030359 0.00633377 0.00304651 0.999994 -0.00168102 -0.00632914 0.00169999 0.999979 0.112642 0.357168 -0.357374
FixedParameters: 0 0 0

#Transform 166
Transform: AffineTransform_float_3_3
Parameters: 0.999974 -0.00308753 0.00653017 0.00309419 0.999994 -0.000977921 -0.00652651 0.000998151 0.999979 0.0964829 0.0667823 -0.308065
FixedParameters: 0 0 0

#Transform 167
Transform: AffineTransform_float_3_3
Parameters: 0.999976 -0.0028474 0.00627333 0.00285605 0.999995 -0.00126862 -0.00626926 0.00128613 0.99998 0.0911038 -0.0357091 -0.270127
FixedParameters: 0 0 0

#Transform 168
Transform: AffineTransform_float_3_3
Parameters: 0.999976 -0.00306387 0.00610217 0.00307152 0.999994 -0.00130804 -0.00609812 0.00132649 0.999981 0.086489 0.129891 -0.271554
FixedParameters: 0 0 0

#Transform 169
Transform: AffineTransform_float_3_3
Parameters: 0.999977 -0.00296962 0.00606688 0.00297609 0.999995 -0.0011225 -0.00606334 0.00114016 0.999981 0.0944487 -0.248714 -0.235405
FixedParameters: 0 0 0

#Transform 170
Transform: AffineTransform_float_3_3
Parameters: 0.999977 -0.00299676 0.00611234 0.00300526 0.999995 -0.00129481 -0.0061087 0.00131347 0.999981 0.0786179 0.113616 -0.282343
FixedParameters: 0 0 0

#Transform 171
Transform: AffineTransform_float_3_3
Parameters: 0.999978 -0.00303438 0.00585188 0.00304218 0.999995 -0.00128926 -0.00584813 0.001307 0.999982 0.083015 0.044805 -0.249885
FixedParameters: 0 0 0

#Transform 172
Transform: AffineTransform_float_3_3
Parameters: 0.999978 -0.00289271 0.00583374 0.00289959 0.999995 -0.00119982 -0.00582993 0.00121613 0.999982 0.0705477 -0.0664386 -0.229901
FixedParameters: 0 0 0

#Transform 173
Transform: AffineTransform_float_3_3
Parameters: 0.999981 -0.0025882 0.00558098 0.00259602 0.999995 -0.00152873 -0.00557678 0.00154332 0.999983 0.060629 0.00221171 -0.231527
FixedParameters: 0 0 0

#Transform 174
Transform: AffineTransform_float_3_3
Parameters: 0.999981 -0.00263511 0.00559741 0.00264483 0.999995 -0.00170531 -0.00559313 0.00172018 0.999983 0.0585664 0.0873713 -0.238568
FixedParameters: 0 0 0

#Transform 175
Transform: AffineTransform_float_3_3
Parameters: 0.999983 -0.00248294 0.00530474 0.00249249 0.999995 -0.00176378 -0.00529968 0.00177734 0.999984 0.0542241 0.00718744 -0.193291
FixedParameters: 0 0 0

#Transform 176
Transform: AffineTransform_float_3_3
Parameters: 0.999983 -0.00254812 0.00532655 0.00256025 0.999994 -0.00221702 -0.00532057 0.00223046 0.999983 0.0538392 0.167083 -0.203072
FixedParameters: 0 0 0

#Transform 177
Transform: AffineTransform_float_3_3
Parameters: 0.999982 -0.00265027 0.00537834 0.00266251 0.999994 -0.00221718 -0.00537289 0.00223165 0.999983 0.0666167 0.132561 -0.192965
FixedParameters: 0 0 0

#Transform 178
Transform: AffineTransform_float_3_3
Parameters: 0.999983 -0.00250994 0.0052751 0.00252287 0.999994 -0.00250898 -0.00526845 0.00252231 0.999982 0.0915076 0.231204 -0.253807
FixedParameters: 0 0 0

#Transform 179
Transform: AffineTransform_float_3_3
Parameters: 0.999983 -0.00228992 0.00532314 0.00230217 0.999995 -0.00231872 -0.00531767 0.00233031 0.999983 0.0756472 -0.046962 -0.176362
FixedParameters: 0 0 0

#Transform 180
Transform: AffineTransform_float_3_3
Parameters: 0.999983 -0.00245913 0.00521946 0.00247097 0.999994 -0.00232451 -0.00521316 0.00233738 0.999984 0.0826081 0.149301 -0.126088
FixedParameters: 0 0 0

#Transform 181
Transform: AffineTransform_float_3_3
Parameters: 0.999985 -0.00203358 0.0049425 0.00204112 0.999996 -0.00168876 -0.00493931 0.00169922 0.999987 0.090378 0.0236915 -0.160329
FixedParameters: 0 0 0

#Transform 182
Transform: AffineTransform_float_3_3
Parameters: 0.999987 -0.00227415 0.00469391 0.00228712 0.999994 -0.0027123 -0.00468768 0.00272332 0.999986 0.0634308 0.155938 -0.143107
FixedParameters: 0 0 0

#Transform 183
Transform: AffineTransform_float_3_3
Parameters: 0.999989 -0.00235969 0.00415038 0.00236997 0.999995 -0.0024729 -0.00414415 0.00248294 0.999988 0.0687557 0.00499546 -0.0493541
FixedParameters: 0 0 0

#Transform 184
Transform: AffineTransform_float_3_3
Parameters: 0.999986 -0.0025267 0.00447343 0.00253867 0.999994 -0.00261111 -0.00446652 0.00262232 0.999986 0.0461992 -0.0936879 -0.0305685
FixedParameters: 0 0 0

#Transform 185
Transform: AffineTransform_float_3_3
Parameters: 0.999986 -0.00237679 0.00466882 0.00238833 0.999994 -0.00246758 -0.00466337 0.0024791 0.999986 0.0399099 -0.120783 -0.0424814
FixedParameters: 0 0 0

#Transform 186
Transform: AffineTransform_float_3_3
Parameters: 0.999985 -0.00236242 0.00479507 0.00237558 0.999994 -0.00278903 -0.00478884 0.00280007 0.999984 0.056348 0.158065 -0.107459
FixedParameters: 0 0 0

#Transform 187
Transform: AffineTransform_float_3_3
Parameters: 0.999984 -0.00218176 0.00518586 0.00219517 0.999995 -0.00250591 -0.00518102 0.00251765 0.999983 0.0537578 -0.0945952 -0.177112
FixedParameters: 0 0 0

#Transform 188
Transform: AffineTransform_float_3_3
Parameters: 0.999985 -0.00209311 0.005113 0.00210737 0.999994 -0.00270416 -0.00510661 0.00271463 0.999983 0.0560702 0.122086 -0.135153
FixedParameters: 0 0 0

#Transform 189
Transform: AffineTransform_float_3_3
Parameters: 0.999984 -0.00238955 0.00520042 0.00240311 0.999993 -0.0026287 -0.00519478 0.00264079 0.999983 0.0549098 0.0762901 -0.105812
FixedParameters: 0 0 0

#Transform 190
Transform: AffineTransform_float_3_3
Parameters: 0.999984 -0.00238687 0.00522562 0.00240178 0.999993 -0.00292953 -0.00521818 0.00294261 0.999982 0.0538381 0.129862 -0.114003
FixedParameters: 0 0 0

#Transform 191
Transform: AffineTransform_float_3_3
Parameters: 0.999985 -0.00234831 0.00503489 0.00236443 0.999992 -0.00316908 -0.00502754 0.00318147 0.999982 0.0647461 0.255848 -0.186489
FixedParameters: 0 0 0

#Transform 192
Transform: AffineTransform_float_3_3
Parameters: 0.999985 -0.00210073 0.00498525 0.00211412 0.999994 -0.00281499 -0.00498014 0.00282596 0.999983 0.0549483 -0.0486367 -0.166202
FixedParameters: 0 0 0

#Transform 193
Transform: AffineTransform_float_3_3
Parameters: 0.999985 -0.0023416 0.00492663 0.00235559 0.999994 -0.00278543 -0.00491957 0.00279629 0.999984 0.0546018 0.130191 -0.0900383
FixedParameters: 0 0 0

#Transform 194
Transform: AffineTransform_float_3_3
Parameters: 0.999986 -0.0021721 0.00481718 0.00218402 0.999994 -0.00252023 -0.00481135 0.00253116 0.999985 0.0490242 -0.0973075 -0.0158967
FixedParameters: 0 0 0

#Transform 195
Transform: AffineTransform_float_3_3
Parameters: 0.999987 -0.00197702 0.00479033 0.00198753 0.999996 -0.00214961 -0.00478533 0.00215855 0.999987 0.0426333 -0.177782 -0.0252668
FixedParameters: 0 0 0

#Transform 196
Transform: AffineTransform_float_3_3
Parameters: 0.999986 -0.00208597 0.00480671 0.00209693 0.999995 -0.00230392 -0.00480141 0.00231361 0.999986 0.070381 -0.0687464 -0.13227
FixedParameters: 0 0 0

#Transform 197
Transform: AffineTransform_float_3_3
Parameters: 0.999984 -0.00206693 0.00511523 0.00208084 0.999995 -0.00266378 -0.00510918 0.00267399 0.999983 0.0499214 0.068244 -0.135148
FixedParameters: 0 0 0

#Transform 198
Transform: AffineTransform_float_3_3
Parameters: 0.999984 -0.00241388 0.0050716 0.00242683 0.999993 -0.00263011 -0.00506583 0.00264276 0.999984 0.0645614 0.0200444 -0.0599837
FixedParameters: 0 0 0

#Transform 199
Transform: AffineTransform_float_3_3
Parameters: 0.999983 -0.00237819 0.00515728 0.00239194 0.999994 -0.00275501 -0.00515094 0.00276769 0.999983 0.0599109 0.179303 -0.131788
FixedParameters: 0 0 0
