#!ascii label  , from subject sub-v1s14x0051560_ses-1 vox2ras=TkReg
1014
35077  -17.609  -45.123  29.724 0.0000000000
56054  -43.641  -25.419  27.059 0.0000000000
63292  -47.458  -19.200  19.817 0.0000000000
62399  -56.354  -19.952  11.759 0.0000000000
52798  -39.644  -29.749  27.098 0.0000000000
64416  -51.987  -18.720  16.224 0.0000000000
67446  -53.530  -14.585  9.149 0.0000000000
71397  -57.168  -10.156  7.858 0.0000000000
55070  -47.162  -26.630  25.343 0.0000000000
57084  -49.553  -24.580  22.168 0.0000000000
60104  -46.100  -21.736  24.053 0.0000000000
134791  -17.888  -42.443  36.001 0.0000000000
43109  -21.077  -38.325  37.130 0.0000000000
43128  -25.961  -36.497  34.574 0.0000000000
129611  -31.028  -38.013  33.200 0.0000000000
43153  -36.728  -38.193  32.306 0.0000000000
133176  -39.303  -34.119  30.044 0.0000000000
51653  -43.015  -28.899  27.859 0.0000000000
58051  -52.875  -23.035  18.032 0.0000000000
73420  -58.381  -9.245  5.916 0.0000000000
57024  -45.791  -25.167  27.847 0.0000000000
59086  -47.405  -23.045  25.723 0.0000000000
139458  -45.962  -23.321  25.755 0.0000000000
40164  -17.788  -40.718  33.980 0.0000000000
40140  -18.954  -40.000  36.983 0.0000000000
45241  -36.739  -35.772  30.279 0.0000000000
45210  -39.019  -35.605  32.182 0.0000000000
47231  -37.053  -32.798  31.058 0.0000000000
55060  -41.012  -26.975  27.657 0.0000000000
52769  -41.284  -28.792  28.213 0.0000000000
55029  -43.242  -26.549  29.393 0.0000000000
52792  -45.157  -28.262  27.535 0.0000000000
59125  -48.260  -22.488  20.499 0.0000000000
57117  -51.164  -24.789  19.241 0.0000000000
60156  -50.438  -21.624  18.964 0.0000000000
63407  -53.891  -19.193  14.263 0.0000000000
62275  -55.314  -19.793  15.547 0.0000000000
60228  -57.604  -21.012  12.658 0.0000000000
60260  -57.548  -21.401  9.729 0.0000000000
67433  -57.082  -14.194  10.750 0.0000000000
65541  -55.948  -16.423  9.998 0.0000000000
138183  -37.974  -31.778  27.923 0.0000000000
62395  -52.165  -20.126  11.807 0.0000000000
69379  -54.947  -12.595  8.228 0.0000000000
141770  -58.251  -12.243  9.193 0.0000000000
70422  -59.270  -10.729  4.594 0.0000000000
53988  -47.938  -27.291  23.119 0.0000000000
56082  -48.787  -25.621  24.017 0.0000000000
148467  -48.275  -22.338  23.712 0.0000000000
36016  -18.326  -44.177  33.313 0.0000000000
132034  -22.967  -39.433  34.760 0.0000000000
43121  -23.293  -37.446  35.347 0.0000000000
41126  -24.277  -38.945  32.985 0.0000000000
42139  -27.389  -38.025  33.120 0.0000000000
41161  -30.300  -39.195  32.368 0.0000000000
39091  -32.685  -39.692  31.184 0.0000000000
43150  -33.374  -38.655  31.654 0.0000000000
151883  -38.703  -38.888  31.137 0.0000000000
51625  -38.869  -31.493  29.440 0.0000000000
49349  -40.272  -31.281  28.031 0.0000000000
130646  -42.369  -32.142  25.807 0.0000000000
49376  -44.039  -30.209  25.899 0.0000000000
51688  -45.652  -28.914  25.497 0.0000000000
61172  -52.944  -20.454  17.798 0.0000000000
137737  -54.481  -18.293  8.468 0.0000000000
62427  -57.097  -19.300  9.462 0.0000000000
151141  -17.484  -45.707  31.446 0.0000000000
57031  -44.958  -24.756  28.408 0.0000000000
57989  -45.946  -23.906  27.149 0.0000000000
57050  -44.867  -24.585  26.482 0.0000000000
129773  -36.902  -34.964  29.841 0.0000000000
46256  -36.775  -34.602  30.916 0.0000000000
128388  -37.036  -33.666  29.058 0.0000000000
55062  -42.463  -26.153  27.081 0.0000000000
55052  -41.672  -26.736  28.686 0.0000000000
56032  -43.125  -25.690  28.682 0.0000000000
56017  -44.672  -25.943  29.227 0.0000000000
147461  -48.907  -21.441  19.145 0.0000000000
62229  -49.002  -19.539  19.567 0.0000000000
62372  -54.927  -19.740  12.707 0.0000000000
62313  -56.487  -19.610  13.771 0.0000000000
62375  -57.281  -19.996  12.551 0.0000000000
138079  -57.914  -21.269  11.360 0.0000000000
62401  -57.907  -19.921  11.178 0.0000000000
67447  -57.523  -14.451  9.639 0.0000000000
66525  -57.227  -15.068  10.106 0.0000000000
65560  -56.621  -16.288  7.406 0.0000000000
70392  -55.090  -11.864  6.829 0.0000000000
70393  -56.326  -10.907  7.901 0.0000000000
69381  -56.830  -11.697  9.570 0.0000000000
70387  -58.114  -11.185  9.067 0.0000000000
129436  -58.747  -11.326  7.932 0.0000000000
71399  -58.637  -10.314  7.652 0.0000000000
139789  -59.180  -9.642  5.780 0.0000000000
53979  -47.728  -26.942  23.983 0.0000000000
134435  -48.624  -26.746  23.373 0.0000000000
56081  -48.301  -26.219  24.250 0.0000000000
152863  -46.918  -22.493  25.021 0.0000000000
59093  -48.062  -22.691  24.725 0.0000000000
60105  -47.608  -22.080  24.302 0.0000000000
61112  -47.430  -21.317  23.069 0.0000000000
62150  -46.537  -20.783  23.155 0.0000000000
36952  -18.569  -43.330  33.538 0.0000000000
37933  -18.323  -42.157  35.472 0.0000000000
41099  -20.388  -39.327  37.063 0.0000000000
45175  -25.011  -35.827  34.913 0.0000000000
126974  -24.415  -36.511  34.659 0.0000000000
42111  -24.078  -37.794  34.348 0.0000000000
43136  -25.100  -37.216  33.803 0.0000000000
42138  -26.069  -37.860  32.791 0.0000000000
42122  -26.882  -37.466  33.524 0.0000000000
41127  -30.879  -38.844  32.850 0.0000000000
40198  -31.672  -39.294  31.668 0.0000000000
41142  -31.614  -38.889  32.211 0.0000000000
44162  -35.829  -37.882  31.148 0.0000000000
44161  -34.385  -37.957  31.124 0.0000000000
43152  -35.508  -38.604  31.649 0.0000000000
41145  -34.333  -38.910  31.724 0.0000000000
41146  -35.925  -39.051  31.949 0.0000000000
127539  -37.208  -39.674  31.907 0.0000000000
41164  -37.707  -38.886  32.155 0.0000000000
46246  -39.074  -35.456  30.851 0.0000000000
44181  -39.833  -36.299  31.555 0.0000000000
46258  -39.266  -35.365  30.405 0.0000000000
144741  -39.431  -34.410  29.378 0.0000000000
50482  -38.218  -31.574  28.766 0.0000000000
52766  -38.946  -30.754  28.030 0.0000000000
52778  -41.818  -28.586  28.815 0.0000000000
50475  -40.918  -29.919  27.877 0.0000000000
50495  -40.908  -30.539  27.419 0.0000000000
148389  -40.653  -31.721  27.214 0.0000000000
50496  -41.972  -30.206  26.874 0.0000000000
50498  -43.979  -29.410  26.903 0.0000000000
53947  -46.022  -27.563  26.732 0.0000000000
51678  -45.821  -28.322  26.083 0.0000000000
134665  -46.309  -28.036  25.119 0.0000000000
134720  -46.782  -27.529  24.388 0.0000000000
37939  -17.093  -42.299  34.876 0.0000000000
37930  -17.301  -42.747  35.643 0.0000000000
35037  -17.907  -44.742  34.154 0.0000000000
55103  -49.641  -26.686  22.288 0.0000000000
55119  -50.273  -26.591  20.977 0.0000000000
136556  -52.368  -23.644  18.428 0.0000000000
64383  -51.259  -18.446  17.786 0.0000000000
64340  -51.215  -18.831  18.428 0.0000000000
63346  -52.803  -19.268  16.922 0.0000000000
59188  -56.016  -22.187  13.920 0.0000000000
59177  -54.942  -22.374  15.436 0.0000000000
64508  -56.343  -16.943  9.335 0.0000000000
148442  -54.600  -17.321  9.137 0.0000000000
63451  -56.404  -18.352  8.746 0.0000000000
62445  -56.190  -19.067  8.981 0.0000000000
62446  -57.084  -18.772  8.917 0.0000000000
62447  -57.903  -19.724  8.813 0.0000000000
71409  -56.665  -10.013  5.635 0.0000000000
72446  -57.784  -9.668  7.180 0.0000000000
72459  -57.289  -9.443  5.209 0.0000000000
73436  -58.190  -8.517  4.238 0.0000000000
56034  -46.439  -26.126  26.994 0.0000000000
56043  -47.398  -25.261  26.106 0.0000000000
57984  -46.739  -24.128  26.685 0.0000000000
59084  -46.818  -23.167  25.845 0.0000000000
59092  -46.146  -22.661  25.124 0.0000000000
137686  -17.698  -40.856  35.334 0.0000000000
39055  -18.446  -41.103  36.389 0.0000000000
43116  -20.226  -37.927  36.305 0.0000000000
44163  -37.178  -36.816  31.648 0.0000000000
44164  -37.897  -36.628  32.571 0.0000000000
45208  -37.614  -35.583  31.418 0.0000000000
46244  -37.472  -34.468  31.286 0.0000000000
47233  -38.520  -33.040  31.143 0.0000000000
52799  -39.917  -27.923  27.592 0.0000000000
52777  -40.371  -28.972  27.843 0.0000000000
53945  -40.584  -27.771  28.516 0.0000000000
131498  -41.930  -27.677  29.406 0.0000000000
52779  -42.651  -28.212  29.117 0.0000000000
52790  -44.000  -28.728  28.062 0.0000000000
53934  -44.580  -27.576  28.790 0.0000000000
55044  -45.700  -26.705  27.759 0.0000000000
40163  -17.474  -41.264  33.597 0.0000000000
58025  -48.701  -23.219  21.290 0.0000000000
57098  -50.035  -25.152  20.566 0.0000000000
58048  -49.257  -23.596  19.712 0.0000000000
59140  -50.120  -22.651  18.944 0.0000000000
131512  -51.974  -21.944  18.757 0.0000000000
63380  -52.859  -19.120  15.408 0.0000000000
146963  -53.841  -19.407  15.932 0.0000000000
133169  -55.121  -19.498  14.983 0.0000000000
61219  -56.483  -20.479  14.432 0.0000000000
68412  -55.034  -14.189  10.594 0.0000000000
66512  -54.193  -15.538  10.348 0.0000000000
66514  -55.983  -15.178  10.921 0.0000000000
65542  -56.580  -16.307  9.631 0.0000000000
55077  -43.125  -26.388  25.530 0.0000000000
55076  -41.656  -27.086  25.863 0.0000000000
64318  -48.839  -18.583  19.289 0.0000000000
62311  -50.769  -18.936  14.604 0.0000000000
63405  -52.167  -19.109  14.084 0.0000000000
62370  -52.835  -19.748  12.610 0.0000000000
62397  -54.260  -20.196  11.817 0.0000000000
68431  -54.620  -13.290  8.971 0.0000000000
69367  -56.611  -13.062  10.621 0.0000000000
142507  -57.675  -13.046  10.118 0.0000000000
150324  -57.899  -13.392  8.570 0.0000000000
72448  -58.791  -9.890  7.076 0.0000000000
70413  -59.207  -10.648  5.704 0.0000000000
54002  -48.606  -27.362  22.590 0.0000000000
55102  -49.204  -26.956  22.667 0.0000000000
57072  -49.223  -24.979  23.410 0.0000000000
57060  -48.371  -24.188  24.858 0.0000000000
139240  -48.706  -23.615  23.844 0.0000000000
58019  -48.972  -23.683  23.055 0.0000000000
60126  -48.052  -21.981  22.139 0.0000000000
60125  -47.529  -21.242  21.664 0.0000000000
57064  -45.431  -24.934  24.644 0.0000000000
58012  -45.777  -23.677  23.575 0.0000000000
61109  -45.164  -20.639  22.563 0.0000000000
142403  -17.944  -44.873  31.908 0.0000000000
36027  -18.422  -43.890  32.250 0.0000000000
39079  -23.599  -39.787  32.655 0.0000000000
43135  -20.549  -37.687  34.368 0.0000000000
44113  -21.448  -37.273  36.015 0.0000000000
43111  -22.431  -38.035  36.393 0.0000000000
41125  -23.576  -38.994  34.037 0.0000000000
41176  -28.079  -39.207  31.229 0.0000000000
40195  -29.104  -39.454  31.478 0.0000000000
44158  -31.555  -37.308  31.885 0.0000000000
44159  -32.355  -37.804  31.406 0.0000000000
127146  -32.560  -38.511  31.864 0.0000000000
41144  -33.132  -39.037  31.758 0.0000000000
39093  -33.988  -39.999  30.845 0.0000000000
142417  -38.839  -37.068  32.266 0.0000000000
136124  -37.280  -32.313  29.769 0.0000000000
49323  -37.840  -31.595  30.995 0.0000000000
48255  -39.090  -32.305  30.259 0.0000000000
152457  -39.871  -30.825  28.283 0.0000000000
49338  -40.098  -31.155  28.430 0.0000000000
48256  -39.431  -32.456  29.535 0.0000000000
146127  -39.934  -32.869  28.140 0.0000000000
47293  -40.750  -33.372  26.736 0.0000000000
49407  -45.021  -30.723  24.874 0.0000000000
51665  -44.569  -29.190  26.770 0.0000000000
50522  -45.104  -29.527  25.738 0.0000000000
50569  -45.423  -30.060  24.486 0.0000000000
51714  -45.803  -28.942  24.186 0.0000000000
34096  -17.731  -45.130  33.286 0.0000000000
62210  -50.402  -18.930  19.304 0.0000000000
61170  -51.595  -20.126  18.775 0.0000000000
60169  -53.283  -21.990  17.758 0.0000000000
62265  -54.375  -19.932  16.716 0.0000000000
60177  -54.118  -21.761  17.124 0.0000000000
58068  -53.706  -23.042  16.499 0.0000000000
61279  -53.215  -20.638  10.654 0.0000000000
61304  -54.805  -20.398  10.179 0.0000000000
138978  -53.365  -16.396  9.663 0.0000000000
64526  -53.631  -17.702  8.639 0.0000000000
61342  -54.148  -19.844  8.596 0.0000000000
61328  -55.025  -20.103  9.423 0.0000000000
61282  -56.539  -19.925  10.876 0.0000000000
62416  -58.183  -20.094  10.118 0.0000000000
34133  -17.323  -45.700  29.452 0.0000000000
57039  -44.105  -24.898  27.612 0.0000000000
145039  -44.672  -24.621  27.199 0.0000000000
57049  -44.180  -24.956  26.779 0.0000000000
45271  -36.910  -35.446  28.056 0.0000000000
46266  -37.025  -34.036  29.869 0.0000000000
47276  -37.176  -33.748  28.258 0.0000000000
56053  -43.073  -25.746  27.261 0.0000000000
56041  -42.698  -25.904  27.911 0.0000000000
56042  -43.469  -25.449  27.868 0.0000000000
57030  -44.074  -24.917  28.529 0.0000000000
137605  -47.900  -19.183  19.863 0.0000000000
61167  -48.292  -20.256  19.676 0.0000000000
62228  -48.166  -19.515  19.858 0.0000000000
62373  -56.062  -19.676  12.760 0.0000000000
62374  -57.073  -19.795  12.605 0.0000000000
148385  -57.600  -20.021  11.904 0.0000000000
62400  -57.327  -19.876  11.547 0.0000000000
67454  -57.343  -14.702  8.714 0.0000000000
71403  -56.237  -10.673  7.020 0.0000000000
70394  -57.031  -10.647  8.567 0.0000000000
71390  -57.805  -10.536  8.630 0.0000000000
71391  -58.405  -10.722  8.409 0.0000000000
71398  -58.122  -10.096  7.927 0.0000000000
53970  -47.290  -26.939  24.631 0.0000000000
146259  -47.879  -26.656  24.228 0.0000000000
55079  -47.570  -26.597  24.699 0.0000000000
60094  -46.667  -22.113  24.495 0.0000000000
60095  -47.214  -22.340  24.772 0.0000000000
144189  -47.077  -21.747  24.218 0.0000000000
61098  -47.149  -21.306  23.594 0.0000000000
61097  -46.476  -21.298  23.744 0.0000000000
37932  -18.139  -42.594  35.573 0.0000000000
37926  -18.195  -41.787  35.851 0.0000000000
146841  -20.938  -38.863  37.279 0.0000000000
40142  -20.807  -39.367  36.866 0.0000000000
44128  -26.072  -36.106  35.023 0.0000000000
44127  -25.327  -36.215  34.936 0.0000000000
43127  -24.889  -36.979  34.175 0.0000000000
42121  -25.854  -37.387  33.365 0.0000000000
43137  -26.398  -37.082  34.092 0.0000000000
43140  -30.434  -37.649  33.603 0.0000000000
42125  -30.603  -38.283  33.280 0.0000000000
42126  -31.360  -38.507  32.578 0.0000000000
43167  -36.304  -38.108  31.720 0.0000000000
42146  -35.986  -38.801  31.797 0.0000000000
42159  -37.283  -38.394  32.383 0.0000000000
46257  -39.129  -34.870  30.414 0.0000000000
47249  -39.498  -33.342  29.482 0.0000000000
52788  -39.178  -30.517  27.461 0.0000000000
52776  -39.717  -29.829  27.363 0.0000000000
51644  -41.906  -29.069  28.080 0.0000000000
50484  -41.056  -29.702  27.862 0.0000000000
50485  -41.573  -29.722  27.497 0.0000000000
152448  -42.300  -29.435  27.431 0.0000000000
50508  -42.732  -30.355  26.361 0.0000000000
50497  -43.066  -29.541  26.942 0.0000000000
128052  -46.650  -26.935  25.866 0.0000000000
52801  -46.460  -27.505  25.671 0.0000000000
53963  -46.940  -27.020  25.194 0.0000000000
53969  -46.887  -27.341  24.599 0.0000000000
37931  -17.452  -42.109  35.963 0.0000000000
148089  -17.066  -42.362  35.678 0.0000000000
37925  -17.563  -42.600  35.910 0.0000000000
36925  -18.053  -43.133  35.418 0.0000000000
56108  -49.745  -25.982  22.350 0.0000000000
144605  -50.043  -26.322  21.725 0.0000000000
57085  -49.875  -25.417  21.702 0.0000000000
57119  -52.180  -24.151  18.428 0.0000000000
57137  -52.519  -23.977  17.921 0.0000000000
57138  -52.934  -23.401  17.489 0.0000000000
64402  -51.667  -18.559  16.954 0.0000000000
64384  -51.698  -18.790  17.663 0.0000000000
64385  -52.377  -19.044  16.912 0.0000000000
67445  -52.850  -15.490  9.310 0.0000000000
148242  -57.064  -17.792  8.259 0.0000000000
64528  -56.358  -17.600  8.894 0.0000000000
139184  -46.283  -25.399  27.356 0.0000000000
57035  -46.786  -25.129  26.827 0.0000000000
57034  -46.302  -24.513  27.323 0.0000000000
57998  -45.958  -23.631  26.507 0.0000000000
59070  -46.092  -23.392  26.209 0.0000000000
59083  -46.480  -23.190  25.855 0.0000000000
139576  -45.863  -23.081  25.126 0.0000000000
40154  -17.763  -40.695  34.710 0.0000000000
42109  -19.683  -38.390  35.668 0.0000000000
45224  -36.377  -36.739  30.584 0.0000000000
44180  -36.719  -36.957  31.019 0.0000000000
45225  -36.843  -35.828  30.930 0.0000000000
45207  -37.253  -36.136  31.245 0.0000000000
46243  -36.980  -33.814  31.166 0.0000000000
47232  -37.609  -33.190  31.267 0.0000000000
46245  -38.340  -34.170  31.197 0.0000000000
53954  -40.560  -27.745  27.208 0.0000000000
133849  -40.472  -27.649  28.007 0.0000000000
55051  -40.911  -27.127  28.477 0.0000000000
55041  -42.490  -26.685  29.303 0.0000000000
55040  -41.761  -26.902  29.199 0.0000000000
55028  -42.571  -27.169  29.511 0.0000000000
53920  -42.641  -27.618  29.383 0.0000000000
53921  -43.398  -27.103  29.404 0.0000000000
53933  -43.630  -27.760  29.143 0.0000000000
53922  -44.252  -27.084  29.204 0.0000000000
57023  -45.431  -25.051  28.612 0.0000000000
55043  -45.341  -26.511  28.394 0.0000000000
56027  -45.508  -25.864  28.212 0.0000000000
55053  -46.138  -26.801  27.185 0.0000000000
40153  -17.487  -41.193  34.479 0.0000000000
58034  -49.178  -23.822  20.563 0.0000000000
58033  -48.674  -23.162  20.000 0.0000000000
135776  -49.719  -20.976  19.069 0.0000000000
60155  -49.390  -22.037  18.997 0.0000000000
59141  -51.173  -22.263  18.915 0.0000000000
60157  -51.445  -21.255  18.858 0.0000000000
63394  -53.504  -19.185  14.796 0.0000000000
63381  -53.716  -19.294  15.345 0.0000000000
63395  -54.259  -19.285  14.728 0.0000000000
62347  -57.090  -19.902  13.146 0.0000000000
61234  -56.815  -20.036  13.792 0.0000000000
60227  -57.178  -21.363  13.102 0.0000000000
59189  -56.605  -21.828  13.420 0.0000000000
59213  -57.257  -21.749  11.855 0.0000000000
68413  -56.040  -13.881  10.917 0.0000000000
67431  -55.516  -14.686  10.938 0.0000000000
66515  -56.866  -14.915  10.718 0.0000000000
65550  -56.805  -16.594  8.953 0.0000000000
127288  -42.435  -26.545  26.180 0.0000000000
63404  -51.280  -19.108  13.936 0.0000000000
62394  -51.183  -19.880  11.928 0.0000000000
62371  -53.852  -19.767  12.636 0.0000000000
62396  -53.208  -20.285  11.662 0.0000000000
140350  -54.779  -12.444  7.332 0.0000000000
153029  -54.563  -12.820  7.633 0.0000000000
68439  -54.319  -13.203  7.923 0.0000000000
148190  -55.344  -12.674  9.232 0.0000000000
68424  -55.465  -13.271  10.121 0.0000000000
70380  -58.133  -11.945  9.406 0.0000000000
69375  -57.735  -12.525  9.918 0.0000000000
68426  -57.982  -12.577  9.698 0.0000000000
68433  -57.940  -13.058  9.636 0.0000000000
68441  -58.180  -12.791  8.772 0.0000000000
68440  -57.842  -13.131  7.956 0.0000000000
72454  -58.183  -9.376  6.510 0.0000000000
72447  -58.433  -9.768  7.190 0.0000000000
72455  -58.622  -9.555  6.579 0.0000000000
71418  -59.423  -10.149  5.317 0.0000000000
71410  -59.276  -10.109  6.083 0.0000000000
52848  -47.733  -27.848  21.979 0.0000000000
149891  -48.559  -27.941  21.740 0.0000000000
54001  -48.322  -27.604  22.333 0.0000000000
55085  -48.691  -26.312  23.691 0.0000000000
53990  -48.793  -27.060  22.896 0.0000000000
56095  -49.046  -25.828  23.584 0.0000000000
55094  -49.374  -26.094  22.979 0.0000000000
145545  -47.872  -24.357  25.703 0.0000000000
57999  -47.911  -23.352  25.498 0.0000000000
59099  -48.323  -22.611  24.076 0.0000000000
59100  -48.465  -23.095  24.220 0.0000000000
59106  -48.672  -23.222  23.602 0.0000000000
59112  -48.781  -23.173  23.087 0.0000000000
59111  -48.574  -22.744  22.503 0.0000000000
60117  -48.242  -22.206  23.094 0.0000000000
62164  -46.767  -20.635  22.636 0.0000000000
61124  -47.710  -21.558  22.662 0.0000000000
35055  -18.194  -44.454  32.552 0.0000000000
145208  -18.200  -44.452  31.899 0.0000000000
144822  -18.458  -43.872  32.911 0.0000000000
37947  -18.759  -42.301  34.131 0.0000000000
139804  -18.584  -40.641  36.668 0.0000000000
128567  -19.132  -40.341  36.705 0.0000000000
40167  -22.550  -39.483  34.440 0.0000000000
40178  -22.942  -39.839  33.218 0.0000000000
40179  -23.077  -39.558  33.566 0.0000000000
44135  -21.171  -37.152  34.566 0.0000000000
151679  -20.851  -37.472  35.070 0.0000000000
43120  -22.885  -37.756  35.869 0.0000000000
42098  -22.747  -38.448  36.150 0.0000000000
42104  -23.247  -38.130  35.560 0.0000000000
42120  -24.122  -38.266  33.747 0.0000000000
42119  -23.659  -38.696  34.531 0.0000000000
40169  -24.058  -39.215  33.025 0.0000000000
40170  -24.900  -40.036  33.015 0.0000000000
40181  -24.949  -40.544  32.765 0.0000000000
42158  -26.762  -38.237  32.235 0.0000000000
42157  -25.693  -38.370  32.143 0.0000000000
41175  -27.002  -39.090  30.988 0.0000000000
41158  -27.421  -38.674  31.681 0.0000000000
41140  -29.603  -38.884  33.027 0.0000000000
41139  -28.848  -38.794  32.674 0.0000000000
41160  -29.417  -39.170  32.234 0.0000000000
40196  -30.062  -39.508  31.661 0.0000000000
39090  -32.098  -39.562  31.273 0.0000000000
40216  -31.499  -39.654  31.174 0.0000000000
39105  -32.114  -39.914  30.752 0.0000000000
127164  -32.445  -40.306  30.407 0.0000000000
39106  -32.888  -40.043  30.778 0.0000000000
43165  -33.911  -38.111  31.337 0.0000000000
44160  -33.221  -37.830  31.154 0.0000000000
43164  -32.728  -38.223  31.684 0.0000000000
42143  -32.845  -38.850  31.788 0.0000000000
42144  -33.924  -38.896  32.122 0.0000000000
40187  -34.746  -39.171  31.432 0.0000000000
131631  -34.448  -39.656  30.987 0.0000000000
39094  -34.652  -39.745  30.779 0.0000000000
39108  -34.116  -40.006  30.695 0.0000000000
41177  -37.865  -39.220  31.200 0.0000000000
40219  -37.055  -39.216  30.968 0.0000000000
40233  -37.315  -38.849  30.511 0.0000000000
44165  -38.573  -36.364  32.383 0.0000000000
43170  -38.268  -37.099  32.447 0.0000000000
44166  -39.228  -36.175  32.186 0.0000000000
48268  -37.317  -32.343  29.051 0.0000000000
49358  -37.708  -31.930  28.442 0.0000000000
51624  -38.666  -31.596  29.468 0.0000000000
50461  -38.392  -31.749  30.376 0.0000000000
49324  -38.362  -31.577  30.814 0.0000000000
49325  -38.725  -31.763  30.291 0.0000000000
53918  -40.749  -28.400  28.165 0.0000000000
52768  -40.361  -29.755  27.720 0.0000000000
51636  -40.532  -29.944  27.843 0.0000000000
50483  -40.518  -30.532  27.880 0.0000000000
50474  -40.228  -30.489  28.136 0.0000000000
150373  -40.093  -31.151  28.345 0.0000000000
49348  -39.859  -31.991  28.645 0.0000000000
48269  -39.689  -32.667  28.779 0.0000000000
48270  -40.067  -32.158  28.073 0.0000000000
48284  -41.433  -31.908  26.404 0.0000000000
148246  -40.879  -32.507  26.734 0.0000000000
47294  -41.559  -32.874  26.204 0.0000000000
139442  -43.593  -30.633  25.812 0.0000000000
49392  -44.386  -30.722  25.448 0.0000000000
52791  -44.679  -28.497  27.892 0.0000000000
51654  -44.382  -28.932  27.428 0.0000000000
51655  -44.876  -28.687  27.239 0.0000000000
51689  -45.967  -28.386  25.583 0.0000000000
51677  -45.468  -28.862  25.940 0.0000000000
50535  -45.273  -29.744  25.333 0.0000000000
51701  -45.725  -29.218  24.954 0.0000000000
52824  -47.042  -27.465  23.723 0.0000000000
52833  -46.478  -28.050  23.544 0.0000000000
52834  -47.352  -27.591  22.857 0.0000000000
35041  -18.062  -44.421  34.111 0.0000000000
35040  -17.844  -44.880  33.803 0.0000000000
35048  -18.005  -44.704  32.996 0.0000000000
144166  -17.895  -44.899  32.424 0.0000000000
145326  -50.409  -24.843  19.720 0.0000000000
56137  -50.515  -25.482  19.910 0.0000000000
56149  -51.126  -25.355  19.306 0.0000000000
64337  -49.233  -18.379  19.200 0.0000000000
63295  -49.830  -18.668  19.367 0.0000000000
62233  -52.466  -19.811  17.931 0.0000000000
62232  -51.784  -19.574  18.433 0.0000000000
61171  -52.346  -20.312  18.247 0.0000000000
140010  -52.798  -20.977  17.995 0.0000000000
61184  -53.301  -21.243  17.672 0.0000000000
63364  -54.932  -19.601  15.529 0.0000000000
63348  -54.225  -19.512  16.063 0.0000000000
62266  -54.877  -19.818  16.146 0.0000000000
59160  -54.561  -21.572  16.677 0.0000000000
58075  -54.302  -22.643  16.089 0.0000000000
146477  -53.898  -22.667  16.745 0.0000000000
141113  -53.964  -20.587  10.367 0.0000000000
61327  -54.053  -20.400  9.377 0.0000000000
65528  -54.566  -15.937  10.423 0.0000000000
65539  -53.869  -15.998  10.128 0.0000000000
147061  -53.643  -16.987  9.376 0.0000000000
64525  -52.664  -17.768  8.413 0.0000000000
62460  -53.383  -18.610  8.058 0.0000000000
62444  -53.462  -19.531  8.100 0.0000000000
128622  -54.360  -19.122  8.225 0.0000000000
62425  -55.085  -19.531  8.806 0.0000000000
62426  -55.977  -19.640  9.455 0.0000000000
61305  -55.737  -20.065  10.156 0.0000000000
62413  -56.746  -19.690  10.137 0.0000000000
62415  -57.957  -19.830  10.433 0.0000000000
62428  -57.878  -19.633  9.628 0.0000000000
57032  -45.470  -24.658  28.137 0.0000000000
57982  -45.837  -24.066  27.535 0.0000000000
57981  -45.517  -24.332  27.771 0.0000000000
57988  -45.357  -24.151  26.949 0.0000000000
57997  -45.510  -24.017  26.165 0.0000000000
47247  -36.880  -33.380  30.791 0.0000000000
55069  -41.766  -26.770  26.879 0.0000000000
150994  -41.374  -26.838  28.209 0.0000000000
56040  -42.312  -26.134  28.532 0.0000000000
56023  -43.082  -25.934  29.255 0.0000000000
56016  -43.869  -25.886  29.316 0.0000000000
57020  -43.830  -25.350  29.061 0.0000000000
57021  -44.562  -24.928  29.033 0.0000000000
60143  -47.957  -21.654  20.100 0.0000000000
59138  -48.542  -22.211  19.498 0.0000000000
60154  -48.336  -21.175  19.505 0.0000000000
61168  -48.986  -20.518  19.286 0.0000000000
62344  -54.487  -19.353  13.569 0.0000000000
63408  -54.883  -19.269  14.272 0.0000000000
62345  -55.576  -19.356  13.644 0.0000000000
146194  -56.957  -19.732  13.190 0.0000000000
61262  -57.563  -20.410  12.467 0.0000000000
59214  -57.606  -21.537  11.721 0.0000000000
131090  -57.975  -20.590  11.745 0.0000000000
61283  -58.161  -20.639  11.099 0.0000000000
61306  -58.183  -20.651  10.432 0.0000000000
67441  -57.361  -14.202  10.408 0.0000000000
66539  -56.884  -15.783  8.268 0.0000000000
69387  -55.546  -11.774  7.846 0.0000000000
69380  -55.800  -11.996  8.950 0.0000000000
70385  -56.444  -11.260  8.730 0.0000000000
70386  -57.405  -11.070  9.156 0.0000000000
69388  -58.477  -11.938  8.557 0.0000000000
70388  -58.510  -11.403  8.750 0.0000000000
144731  -58.742  -10.842  8.153 0.0000000000
70395  -58.884  -10.649  7.527 0.0000000000
74381  -58.248  -8.962  5.150 0.0000000000
73421  -58.783  -9.410  5.990 0.0000000000
73426  -59.134  -9.275  5.204 0.0000000000
72461  -59.436  -9.536  4.933 0.0000000000
71426  -59.479  -10.570  3.911 0.0000000000
53978  -47.483  -27.159  23.887 0.0000000000
53989  -48.272  -27.018  23.347 0.0000000000
55084  -48.299  -26.649  23.784 0.0000000000
60081  -47.411  -22.886  25.526 0.0000000000
129625  -47.746  -22.856  25.309 0.0000000000
60096  -47.608  -22.622  25.026 0.0000000000
133497  -47.958  -22.409  24.498 0.0000000000
60106  -48.061  -22.178  24.043 0.0000000000
61113  -47.948  -21.935  23.470 0.0000000000
61099  -47.709  -21.793  23.742 0.0000000000
36007  -18.299  -43.910  34.333 0.0000000000
138540  -18.402  -43.858  33.896 0.0000000000
36941  -18.623  -42.996  34.076 0.0000000000
149622  -18.572  -42.666  34.683 0.0000000000
37941  -18.747  -41.797  34.857 0.0000000000
41110  -22.843  -39.351  35.611 0.0000000000
43126  -23.807  -37.414  34.840 0.0000000000
127499  -24.934  -37.817  33.004 0.0000000000
42137  -25.018  -38.507  32.533 0.0000000000
41141  -30.418  -39.038  32.890 0.0000000000
40197  -30.932  -39.379  31.733 0.0000000000
40182  -31.113  -39.057  32.278 0.0000000000
40183  -31.841  -39.030  31.876 0.0000000000
40199  -32.348  -39.364  31.560 0.0000000000
44178  -34.963  -37.742  30.824 0.0000000000
44177  -33.890  -37.838  30.923 0.0000000000
43166  -35.091  -38.113  31.376 0.0000000000
43151  -34.431  -38.664  31.587 0.0000000000
41162  -35.590  -39.231  31.464 0.0000000000
42167  -38.392  -38.593  31.779 0.0000000000
45227  -39.567  -35.589  31.793 0.0000000000
46247  -39.550  -35.592  31.094 0.0000000000
45228  -39.993  -35.713  31.203 0.0000000000
45272  -39.554  -35.170  28.788 0.0000000000
46275  -39.759  -34.278  28.172 0.0000000000
50494  -38.159  -31.581  27.917 0.0000000000
50493  -37.912  -31.762  28.692 0.0000000000
51642  -38.581  -31.084  28.065 0.0000000000
51633  -38.742  -31.296  28.948 0.0000000000
51634  -38.910  -30.963  28.775 0.0000000000
139092  -41.248  -28.917  28.343 0.0000000000
51643  -41.323  -29.130  28.320 0.0000000000
49359  -41.334  -31.072  26.747 0.0000000000
49374  -42.111  -31.110  26.246 0.0000000000
49375  -42.897  -30.968  25.902 0.0000000000
50509  -43.449  -30.060  26.290 0.0000000000
50510  -44.035  -29.789  26.332 0.0000000000
53946  -45.678  -27.682  27.208 0.0000000000
51656  -45.287  -28.437  26.901 0.0000000000
52800  -46.038  -28.021  26.168 0.0000000000
52809  -46.247  -27.925  25.688 0.0000000000
52815  -46.244  -28.204  24.903 0.0000000000
37946  -17.112  -42.443  34.395 0.0000000000
36933  -17.330  -42.957  34.948 0.0000000000
36917  -17.286  -43.161  35.362 0.0000000000
35987  -17.993  -44.008  34.945 0.0000000000
57118  -51.816  -24.484  18.844 0.0000000000
56150  -51.624  -24.967  18.896 0.0000000000
64382  -50.337  -18.111  17.808 0.0000000000
64339  -50.660  -18.582  18.719 0.0000000000
64360  -51.184  -18.618  18.255 0.0000000000
64361  -51.592  -18.857  18.011 0.0000000000
63326  -52.634  -19.573  17.562 0.0000000000
132805  -55.855  -21.564  15.044 0.0000000000
60185  -55.089  -21.300  16.134 0.0000000000
65540  -55.045  -16.539  10.006 0.0000000000
64507  -55.694  -17.149  9.364 0.0000000000
64527  -55.535  -17.931  8.803 0.0000000000
63450  -55.386  -18.753  8.565 0.0000000000
137729  -57.603  -19.243  9.072 0.0000000000
71404  -56.882  -10.008  6.710 0.0000000000
72453  -57.521  -9.505  6.209 0.0000000000
72460  -57.846  -9.223  5.611 0.0000000000
72467  -57.839  -9.000  4.731 0.0000000000
73432  -58.197  -8.852  4.856 0.0000000000
55063  -46.749  -26.675  25.996 0.0000000000
132580  -47.327  -26.113  25.655 0.0000000000
132978  -46.855  -26.116  26.327 0.0000000000
57041  -47.167  -24.218  26.427 0.0000000000
57990  -47.144  -23.644  26.315 0.0000000000
57983  -46.159  -23.962  27.105 0.0000000000
59072  -46.764  -23.567  26.375 0.0000000000
59085  -47.100  -23.178  25.869 0.0000000000
60079  -46.656  -22.653  25.224 0.0000000000
59098  -45.952  -22.171  24.358 0.0000000000
145725  -17.773  -41.499  36.044 0.0000000000
128120  -17.881  -42.001  36.063 0.0000000000
40147  -17.910  -40.826  36.380 0.0000000000
40139  -18.044  -40.179  36.640 0.0000000000
41097  -18.943  -39.297  36.933 0.0000000000
42102  -19.140  -38.828  36.518 0.0000000000
42103  -19.787  -38.450  36.568 0.0000000000
43108  -20.256  -38.283  36.983 0.0000000000
43148  -31.013  -37.391  33.165 0.0000000000
44179  -35.898  -37.406  30.752 0.0000000000
136190  -36.771  -37.455  31.582 0.0000000000
43168  -37.224  -37.252  32.225 0.0000000000
134021  -37.629  -36.343  32.131 0.0000000000
45209  -38.252  -35.934  32.228 0.0000000000
45226  -36.953  -34.971  31.183 0.0000000000
46229  -38.418  -35.315  31.105 0.0000000000
147380  -38.778  -34.923  30.812 0.0000000000
132324  -38.905  -34.155  30.710 0.0000000000
47234  -39.009  -33.015  30.750 0.0000000000
53943  -40.073  -28.831  27.490 0.0000000000
53930  -40.156  -28.774  27.521 0.0000000000
53944  -40.066  -28.121  27.981 0.0000000000
53931  -40.315  -28.163  28.228 0.0000000000
131650  -41.125  -28.122  28.706 0.0000000000
55039  -41.127  -27.350  28.902 0.0000000000
53919  -41.428  -27.680  29.116 0.0000000000
52770  -41.458  -28.209  28.960 0.0000000000
146778  -42.559  -28.637  28.613 0.0000000000
52780  -43.394  -28.447  28.663 0.0000000000
52781  -44.272  -28.202  28.539 0.0000000000
52782  -44.958  -27.993  28.213 0.0000000000
145525  -44.643  -26.590  29.164 0.0000000000
55042  -45.196  -26.935  28.510 0.0000000000
52783  -45.362  -27.809  27.741 0.0000000000
53937  -45.870  -27.297  27.261 0.0000000000
153122  -46.164  -27.164  26.887 0.0000000000
39070  -17.184  -41.860  34.077 0.0000000000
39060  -17.166  -41.893  35.670 0.0000000000
58026  -49.285  -23.946  21.709 0.0000000000
57097  -49.588  -24.577  21.079 0.0000000000
57116  -49.749  -24.331  19.903 0.0000000000
130182  -49.906  -23.538  19.219 0.0000000000
59139  -49.180  -22.940  19.248 0.0000000000
145263  -50.639  -24.158  19.239 0.0000000000
58049  -51.810  -23.791  18.847 0.0000000000
131086  -51.957  -22.759  18.801 0.0000000000
58050  -52.549  -23.000  18.458 0.0000000000
64417  -52.545  -18.986  15.948 0.0000000000
64404  -52.694  -19.163  16.155 0.0000000000
63363  -54.325  -19.429  15.351 0.0000000000
62289  -55.583  -19.668  15.029 0.0000000000
63383  -55.704  -19.508  14.425 0.0000000000
61233  -56.208  -19.759  14.400 0.0000000000
61207  -55.853  -20.218  15.135 0.0000000000
60202  -56.410  -21.508  14.299 0.0000000000
67440  -54.197  -14.439  10.050 0.0000000000
67439  -53.733  -15.158  10.022 0.0000000000
67430  -54.541  -14.917  10.645 0.0000000000
66513  -55.003  -15.359  10.793 0.0000000000
65529  -55.459  -15.834  10.597 0.0000000000
66524  -56.829  -15.520  10.196 0.0000000000
65530  -56.329  -15.659  10.459 0.0000000000
64529  -56.766  -17.228  8.803 0.0000000000
132256  -43.853  -25.490  26.400 0.0000000000
57056  -44.383  -25.184  26.005 0.0000000000
56065  -43.864  -25.858  25.727 0.0000000000
148062  -39.952  -29.089  26.807 0.0000000000
55068  -41.094  -27.286  26.663 0.0000000000
56064  -43.173  -25.902  26.442 0.0000000000
64316  -47.246  -18.991  19.532 0.0000000000
63293  -48.495  -18.816  19.500 0.0000000000
64357  -48.692  -18.130  18.899 0.0000000000
64380  -48.869  -17.960  18.211 0.0000000000
63361  -50.255  -18.401  16.401 0.0000000000
64415  -51.177  -18.517  16.371 0.0000000000
133881  -51.491  -18.686  15.804 0.0000000000
63392  -51.758  -18.939  14.704 0.0000000000
63393  -52.662  -19.048  14.864 0.0000000000
63406  -53.094  -19.156  14.239 0.0000000000
62342  -52.513  -19.352  13.417 0.0000000000
62343  -53.470  -19.358  13.492 0.0000000000
62398  -55.278  -20.090  11.811 0.0000000000
68430  -53.908  -13.824  8.420 0.0000000000
68422  -54.126  -13.946  9.278 0.0000000000
68423  -54.635  -13.791  9.819 0.0000000000
68414  -56.917  -13.722  10.789 0.0000000000
69374  -57.179  -12.396  10.140 0.0000000000
69368  -57.337  -13.096  10.415 0.0000000000
68415  -57.333  -13.621  10.493 0.0000000000
149580  -57.667  -13.746  9.868 0.0000000000
68432  -57.827  -13.718  9.116 0.0000000000
67464  -57.430  -13.983  8.133 0.0000000000
69395  -58.343  -12.244  7.737 0.0000000000
70396  -58.933  -10.167  7.178 0.0000000000
72456  -58.994  -9.817  6.567 0.0000000000
70404  -59.106  -10.481  6.694 0.0000000000
54003  -49.036  -27.436  22.314 0.0000000000
57078  -49.539  -25.232  22.662 0.0000000000
127420  -47.874  -25.899  25.015 0.0000000000
56067  -48.470  -25.318  24.534 0.0000000000
57065  -48.766  -24.696  24.209 0.0000000000
59094  -48.238  -23.202  24.836 0.0000000000
58008  -48.605  -23.778  24.263 0.0000000000
57071  -48.885  -24.306  23.824 0.0000000000
58013  -48.939  -23.981  23.456 0.0000000000
57077  -49.281  -24.366  22.942 0.0000000000
142115  -49.252  -24.007  22.540 0.0000000000
58018  -48.963  -23.486  22.466 0.0000000000
59118  -48.270  -22.479  21.484 0.0000000000
60135  -47.827  -21.855  21.049 0.0000000000
133134  -47.171  -19.465  20.376 0.0000000000
57058  -45.655  -23.931  25.223 0.0000000000
146140  -45.718  -24.130  24.395 0.0000000000
58007  -45.769  -23.279  24.534 0.0000000000
142374  -45.888  -22.635  24.652 0.0000000000
59104  -45.697  -22.521  23.877 0.0000000000
60116  -45.636  -21.727  23.686 0.0000000000
61096  -45.761  -21.145  23.541 0.0000000000
61110  -45.469  -20.757  23.100 0.0000000000
35069  -17.764  -45.044  30.526 0.0000000000
35062  -18.048  -44.721  31.288 0.0000000000
36033  -18.385  -44.013  31.403 0.0000000000
153227  -18.519  -41.238  36.167 0.0000000000
37934  -18.692  -41.518  35.441 0.0000000000
138200  -20.325  -37.830  35.338 0.0000000000
148052  -20.843  -37.534  35.806 0.0000000000
43117  -20.910  -37.827  36.531 0.0000000000
43110  -21.929  -38.184  36.893 0.0000000000
40150  -22.980  -39.440  35.153 0.0000000000
42110  -23.542  -38.486  35.088 0.0000000000
40158  -23.232  -39.160  34.420 0.0000000000
40168  -23.489  -39.269  33.507 0.0000000000
42123  -27.976  -37.678  33.810 0.0000000000
41138  -27.948  -38.459  32.494 0.0000000000
41159  -28.471  -39.018  32.013 0.0000000000
40215  -30.709  -39.779  31.064 0.0000000000
39104  -31.278  -40.112  30.583 0.0000000000
130348  -31.022  -36.964  32.509 0.0000000000
44147  -31.244  -37.209  32.568 0.0000000000
44176  -32.962  -37.685  30.984 0.0000000000
44148  -31.831  -37.758  32.048 0.0000000000
43141  -31.561  -38.050  32.785 0.0000000000
42127  -32.074  -38.502  32.202 0.0000000000
40184  -32.506  -39.102  31.749 0.0000000000
40200  -32.835  -39.640  31.395 0.0000000000
137247  -33.782  -39.080  31.888 0.0000000000
40201  -33.631  -39.766  31.189 0.0000000000
39092  -33.260  -39.978  30.946 0.0000000000
39107  -33.523  -40.089  30.751 0.0000000000
43169  -37.591  -37.487  32.467 0.0000000000
42160  -38.231  -37.896  32.283 0.0000000000
42161  -39.171  -37.915  31.508 0.0000000000
137428  -39.477  -36.908  31.727 0.0000000000
135863  -39.178  -38.629  30.641 0.0000000000
128321  -37.198  -33.012  28.707 0.0000000000
47263  -37.083  -32.991  29.702 0.0000000000
48254  -37.072  -32.516  30.486 0.0000000000
50471  -37.866  -31.883  29.480 0.0000000000
49335  -37.507  -32.103  30.066 0.0000000000
48241  -37.502  -32.276  31.088 0.0000000000
48242  -38.082  -32.106  31.183 0.0000000000
48243  -38.703  -32.123  30.918 0.0000000000
47248  -39.311  -33.137  30.147 0.0000000000
51635  -39.484  -30.942  28.415 0.0000000000
50463  -39.262  -31.458  29.109 0.0000000000
50473  -39.637  -31.203  28.637 0.0000000000
145269  -39.074  -31.637  29.587 0.0000000000
49337  -39.284  -31.660  29.441 0.0000000000
47264  -39.695  -33.481  28.626 0.0000000000
47277  -40.071  -33.457  27.694 0.0000000000
48283  -40.354  -32.672  27.413 0.0000000000
134751  -43.792  -29.107  27.474 0.0000000000
50511  -44.478  -29.626  26.193 0.0000000000
132254  -45.039  -28.834  26.732 0.0000000000
50512  -44.994  -29.234  26.244 0.0000000000
50521  -44.638  -29.888  25.767 0.0000000000
51724  -45.465  -29.021  22.718 0.0000000000
52823  -46.338  -28.150  24.405 0.0000000000
51725  -45.861  -28.668  23.361 0.0000000000
34100  -17.679  -45.295  32.663 0.0000000000
34114  -17.676  -45.334  31.234 0.0000000000
56123  -50.217  -25.900  20.884 0.0000000000
62208  -48.971  -19.179  19.597 0.0000000000
62230  -49.978  -19.731  19.366 0.0000000000
61169  -50.754  -20.478  19.077 0.0000000000
63310  -50.814  -19.051  18.962 0.0000000000
60158  -52.307  -21.202  18.430 0.0000000000
59142  -52.549  -22.198  18.427 0.0000000000
59143  -52.978  -22.437  18.042 0.0000000000
64386  -53.117  -19.300  16.320 0.0000000000
63327  -53.233  -19.569  17.119 0.0000000000
62252  -53.819  -20.114  17.195 0.0000000000
149239  -54.317  -21.148  17.001 0.0000000000
149537  -53.872  -21.048  17.321 0.0000000000
60170  -53.656  -21.868  17.468 0.0000000000
59151  -53.318  -22.547  17.606 0.0000000000
58059  -53.068  -23.064  17.659 0.0000000000
61278  -52.421  -20.561  10.900 0.0000000000
142789  -53.828  -20.510  11.120 0.0000000000
61280  -54.590  -20.418  11.020 0.0000000000
61281  -55.523  -20.207  10.935 0.0000000000
66523  -53.403  -15.807  9.857 0.0000000000
65538  -52.597  -16.343  9.325 0.0000000000
140692  -54.126  -16.479  9.824 0.0000000000
64505  -52.119  -17.076  8.984 0.0000000000
61343  -54.578  -20.043  8.982 0.0000000000
62414  -57.468  -19.750  10.721 0.0000000000
62402  -58.159  -20.128  10.824 0.0000000000
60261  -58.024  -20.953  9.987 0.0000000000
62429  -58.117  -20.105  9.459 0.0000000000
139684  -57.817  -21.129  9.375 0.0000000000
60265  -57.485  -21.352  9.066 0.0000000000
34108  -17.639  -45.435  31.951 0.0000000000
34123  -17.447  -45.636  30.057 0.0000000000
35045  -18.118  -44.453  33.719 0.0000000000
35998  -18.106  -44.082  34.577 0.0000000000
36918  -17.568  -43.137  35.469 0.0000000000
37940  -18.565  -42.443  34.823 0.0000000000
39054  -18.033  -41.236  36.459 0.0000000000
39064  -17.075  -41.793  34.767 0.0000000000
40157  -22.697  -39.476  35.510 0.0000000000
40185  -33.390  -39.254  31.600 0.0000000000
40186  -34.086  -39.250  31.525 0.0000000000
40202  -35.080  -39.440  31.050 0.0000000000
40232  -36.610  -39.128  30.337 0.0000000000
41143  -32.208  -38.826  31.967 0.0000000000
41147  -36.552  -38.750  32.328 0.0000000000
42094  -19.636  -38.827  37.024 0.0000000000
42095  -20.313  -38.816  37.174 0.0000000000
42096  -21.610  -38.725  37.145 0.0000000000
43119  -22.226  -37.584  36.294 0.0000000000
43149  -32.020  -38.167  32.232 0.0000000000
44144  -20.995  -37.157  33.765 0.0000000000
45162  -25.605  -35.975  35.059 0.0000000000
48240  -37.358  -32.067  30.766 0.0000000000
49336  -37.868  -31.819  30.281 0.0000000000
49347  -37.583  -32.029  29.294 0.0000000000
50462  -38.699  -31.808  30.031 0.0000000000
50472  -38.284  -31.744  29.572 0.0000000000
50506  -37.983  -31.717  27.652 0.0000000000
50507  -38.348  -31.328  27.424 0.0000000000
51666  -45.397  -28.631  26.407 0.0000000000
51667  -45.668  -28.212  26.523 0.0000000000
52767  -39.907  -30.307  28.066 0.0000000000
52771  -41.988  -28.071  29.279 0.0000000000
52789  -39.757  -29.670  27.243 0.0000000000
52793  -45.500  -28.051  27.070 0.0000000000
52794  -45.849  -27.851  26.675 0.0000000000
53923  -44.856  -26.993  28.846 0.0000000000
53932  -40.873  -27.916  28.660 0.0000000000
53935  -45.124  -27.434  28.372 0.0000000000
53936  -45.487  -27.247  27.909 0.0000000000
53948  -46.354  -27.236  26.335 0.0000000000
53955  -46.242  -27.598  26.203 0.0000000000
53962  -46.674  -27.404  25.173 0.0000000000
55027  -41.979  -27.253  29.459 0.0000000000
55030  -44.055  -26.520  29.354 0.0000000000
55031  -45.015  -26.442  28.868 0.0000000000
55054  -46.426  -26.785  26.614 0.0000000000
55061  -41.902  -26.500  27.869 0.0000000000
55093  -48.956  -26.564  23.227 0.0000000000
56022  -42.333  -26.232  29.027 0.0000000000
56024  -44.406  -25.415  29.178 0.0000000000
56025  -44.978  -25.220  29.107 0.0000000000
56026  -45.202  -25.768  28.899 0.0000000000
56033  -45.976  -26.061  27.566 0.0000000000
57022  -45.150  -24.868  28.840 0.0000000000
57033  -45.786  -24.648  27.920 0.0000000000
57040  -44.825  -24.606  27.847 0.0000000000
57059  -48.168  -25.050  25.091 0.0000000000
57149  -52.688  -23.829  17.327 0.0000000000
58060  -53.441  -22.934  17.167 0.0000000000
58137  -57.152  -21.784  11.570 0.0000000000
59071  -46.280  -23.794  26.763 0.0000000000
59105  -48.533  -22.707  23.426 0.0000000000
59152  -53.803  -22.370  17.166 0.0000000000
59159  -54.256  -22.232  16.705 0.0000000000
59168  -54.745  -22.049  16.128 0.0000000000
59169  -55.329  -21.821  15.538 0.0000000000
59228  -57.618  -21.458  10.886 0.0000000000
60080  -47.160  -22.748  25.418 0.0000000000
60093  -46.307  -22.302  24.596 0.0000000000
60115  -45.245  -21.203  23.158 0.0000000000
60159  -52.930  -21.695  18.030 0.0000000000
60186  -55.637  -21.063  15.512 0.0000000000
60201  -56.137  -20.973  14.959 0.0000000000
60214  -56.965  -20.866  13.808 0.0000000000
60240  -57.445  -21.512  12.278 0.0000000000
60241  -57.872  -21.130  12.070 0.0000000000
61111  -45.993  -20.667  23.204 0.0000000000
61206  -55.278  -20.416  15.902 0.0000000000
61247  -57.285  -20.530  13.183 0.0000000000
61329  -58.125  -20.677  9.738 0.0000000000
61345  -57.980  -20.602  8.999 0.0000000000
62163  -46.173  -20.324  22.674 0.0000000000
62209  -49.640  -18.863  19.594 0.0000000000
62231  -51.128  -19.263  18.866 0.0000000000
62251  -53.139  -19.956  17.542 0.0000000000
62312  -55.816  -19.390  14.153 0.0000000000
62346  -56.510  -19.548  13.531 0.0000000000
62376  -57.964  -20.177  11.449 0.0000000000
63294  -49.284  -18.608  19.421 0.0000000000
63308  -49.695  -18.541  19.261 0.0000000000
63311  -51.930  -19.225  17.987 0.0000000000
63347  -53.537  -19.474  16.493 0.0000000000
63362  -53.415  -19.324  15.799 0.0000000000
63379  -52.173  -18.866  15.508 0.0000000000
63382  -54.410  -19.379  15.027 0.0000000000
63396  -55.074  -19.402  14.643 0.0000000000
64317  -48.149  -18.813  19.300 0.0000000000
64359  -50.631  -18.327  18.470 0.0000000000
64362  -52.094  -19.077  17.468 0.0000000000
64401  -50.839  -18.281  17.164 0.0000000000
64403  -52.334  -18.943  16.479 0.0000000000
64418  -52.957  -19.183  15.822 0.0000000000
64506  -52.896  -17.041  9.231 0.0000000000
66531  -57.176  -15.339  9.177 0.0000000000
67432  -56.489  -14.449  10.911 0.0000000000
68425  -57.552  -13.485  10.167 0.0000000000
70379  -57.688  -11.787  9.592 0.0000000000
73425  -58.574  -9.112  5.458 0.0000000000
127369  -50.869  -19.550  19.141 0.0000000000
129011  -56.198  -12.396  9.935 0.0000000000
129836  -31.533  -37.705  32.596 0.0000000000
130650  -50.942  -23.234  18.974 0.0000000000
132290  -47.403  -23.463  26.012 0.0000000000
132548  -51.377  -18.802  15.235 0.0000000000
133786  -49.018  -25.093  23.848 0.0000000000
135771  -52.692  -23.510  17.999 0.0000000000
136785  -51.879  -18.757  17.230 0.0000000000
137074  -53.964  -19.741  16.748 0.0000000000
137185  -56.956  -17.188  8.335 0.0000000000
139012  -55.627  -22.461  13.704 0.0000000000
140040  -22.624  -37.463  36.011 0.0000000000
140571  -47.787  -25.381  25.481 0.0000000000
144716  -46.703  -23.476  26.224 0.0000000000
144753  -53.444  -20.546  17.501 0.0000000000
145466  -47.083  -23.275  26.032 0.0000000000
146003  -18.607  -41.354  35.854 0.0000000000
146304  -39.160  -33.799  30.430 0.0000000000
147242  -51.352  -19.084  18.546 0.0000000000
148303  -54.244  -20.555  17.017 0.0000000000
149154  -52.513  -19.342  17.379 0.0000000000
149367  -57.666  -20.193  11.988 0.0000000000
150134  -45.366  -29.239  25.682 0.0000000000
150150  -18.207  -43.614  34.939 0.0000000000
150739  -36.196  -38.504  31.909 0.0000000000
151411  -57.553  -19.610  10.057 0.0000000000
152011  -23.561  -39.467  33.005 0.0000000000
153088  -53.926  -19.374  15.416 0.0000000000
153215  -56.825  -21.440  13.653 0.0000000000
153430  -46.692  -24.392  26.836 0.0000000000
