#!ascii label  , from subject sub-v1s14x0051560_ses-1 vox2ras=TkReg
1845
94197  -36.188  14.849  -6.709 0.0000000000
89308  -45.888  9.248  -22.328 0.0000000000
127452  -43.102  25.426  -11.799 0.0000000000
146133  -45.269  8.799  -12.031 0.0000000000
89993  -47.603  9.654  -2.490 0.0000000000
95655  -43.055  16.160  -14.375 0.0000000000
101321  -46.428  24.433  -23.801 0.0000000000
105348  -43.088  30.376  -17.353 0.0000000000
141952  -47.582  8.468  8.672 0.0000000000
89152  -39.721  8.750  -9.222 0.0000000000
91964  -40.226  11.471  -13.396 0.0000000000
94899  -42.139  15.313  -9.509 0.0000000000
100534  -48.553  23.427  -12.251 0.0000000000
102691  -44.571  26.458  -17.960 0.0000000000
102730  -50.341  27.161  -19.211 0.0000000000
104693  -44.914  29.260  -20.433 0.0000000000
103284  -48.802  27.277  -14.961 0.0000000000
128263  -41.493  8.419  -23.346 0.0000000000
97035  -33.854  18.203  -3.757 0.0000000000
99163  -37.793  21.922  -10.361 0.0000000000
89185  -52.411  8.972  -12.091 0.0000000000
88244  -46.926  6.985  -8.069 0.0000000000
130958  -39.165  5.786  -4.993 0.0000000000
88128  -43.775  7.481  2.347 0.0000000000
129361  -41.527  10.291  -18.834 0.0000000000
149352  -42.933  14.790  -20.094 0.0000000000
98486  -42.122  20.944  -14.911 0.0000000000
98509  -47.997  20.009  -18.196 0.0000000000
96432  -44.844  17.670  -20.358 0.0000000000
99245  -41.975  21.781  -20.325 0.0000000000
101289  -39.710  24.729  -18.943 0.0000000000
136105  -38.079  11.345  -7.696 0.0000000000
92752  -39.969  12.952  -8.859 0.0000000000
94882  -38.874  15.251  -8.165 0.0000000000
152349  -50.956  22.144  -11.083 0.0000000000
101262  -50.059  24.196  -15.857 0.0000000000
101264  -52.649  23.805  -16.021 0.0000000000
103299  -50.252  27.669  -17.699 0.0000000000
89305  -43.458  8.922  -23.224 0.0000000000
97667  -36.897  19.245  -3.078 0.0000000000
99813  -33.827  22.865  -5.617 0.0000000000
89116  -46.078  8.911  -5.831 0.0000000000
87327  -43.274  6.069  -5.927 0.0000000000
88197  -43.213  7.682  -3.673 0.0000000000
89006  -45.914  8.776  5.495 0.0000000000
90869  -39.636  10.093  0.515 0.0000000000
91884  -38.482  11.819  -2.471 0.0000000000
91866  -41.611  11.934  -0.460 0.0000000000
90996  -45.639  10.615  -14.647 0.0000000000
141394  -40.126  14.205  -13.907 0.0000000000
91016  -40.753  10.747  -16.399 0.0000000000
93568  -39.966  13.023  -16.842 0.0000000000
92822  -40.337  12.389  -19.340 0.0000000000
94964  -42.303  15.053  -17.215 0.0000000000
101204  -38.990  24.713  -12.061 0.0000000000
99185  -40.281  21.263  -12.843 0.0000000000
132026  -40.481  24.286  -15.069 0.0000000000
101310  -45.529  24.756  -21.153 0.0000000000
99927  -44.847  22.514  -18.911 0.0000000000
99945  -48.078  22.182  -21.191 0.0000000000
97154  -47.084  18.833  -19.979 0.0000000000
98549  -46.653  21.067  -21.640 0.0000000000
97786  -43.815  19.436  -19.265 0.0000000000
131740  -44.480  22.853  -23.078 0.0000000000
104676  -43.741  29.604  -19.109 0.0000000000
103338  -41.972  27.397  -20.268 0.0000000000
103967  -40.961  28.116  -19.270 0.0000000000
145205  -38.893  27.016  -18.042 0.0000000000
104662  -39.788  29.407  -17.431 0.0000000000
89169  -42.658  8.348  -10.743 0.0000000000
90074  -43.013  9.778  -12.435 0.0000000000
90946  -39.829  9.987  -11.036 0.0000000000
93531  -40.598  13.757  -10.884 0.0000000000
94915  -43.759  15.695  -11.365 0.0000000000
128512  -46.037  24.291  -11.964 0.0000000000
132302  -43.899  25.748  -14.835 0.0000000000
102009  -47.325  25.114  -15.150 0.0000000000
135019  -47.927  26.550  -18.302 0.0000000000
103347  -47.303  27.257  -22.970 0.0000000000
102750  -45.845  26.574  -23.478 0.0000000000
104696  -47.948  29.016  -21.013 0.0000000000
104679  -46.729  29.682  -18.809 0.0000000000
104642  -46.240  29.602  -15.885 0.0000000000
90169  -39.935  9.929  -22.449 0.0000000000
96333  -34.606  17.343  -5.526 0.0000000000
97063  -37.727  18.537  -7.900 0.0000000000
98427  -35.493  21.070  -8.049 0.0000000000
101181  -36.701  24.520  -9.243 0.0000000000
101920  -40.834  25.475  -9.246 0.0000000000
147810  -41.889  25.734  -6.678 0.0000000000
101909  -44.487  24.966  -8.858 0.0000000000
88293  -49.202  7.336  -12.712 0.0000000000
88257  -50.106  7.973  -10.002 0.0000000000
87376  -45.943  6.771  -10.233 0.0000000000
87347  -42.679  6.023  -8.627 0.0000000000
88233  -39.033  6.758  -7.102 0.0000000000
90872  -49.329  10.648  0.991 0.0000000000
88987  -50.413  8.886  7.490 0.0000000000
89037  -47.821  8.326  3.709 0.0000000000
134092  -45.423  8.181  -0.792 0.0000000000
130521  -40.632  6.643  -2.168 0.0000000000
135761  -33.773  11.191  -4.328 0.0000000000
91077  -46.059  10.736  -20.724 0.0000000000
91005  -43.281  10.660  -15.406 0.0000000000
127661  -43.656  10.354  -18.340 0.0000000000
91075  -44.594  10.188  -21.393 0.0000000000
91085  -41.822  10.119  -22.455 0.0000000000
134590  -40.610  11.951  -22.734 0.0000000000
92837  -40.734  13.718  -23.052 0.0000000000
132208  -40.760  19.593  -9.309 0.0000000000
97731  -43.205  18.831  -11.370 0.0000000000
97096  -45.754  17.889  -12.460 0.0000000000
151953  -42.253  24.108  -17.484 0.0000000000
98498  -45.135  20.275  -16.384 0.0000000000
142605  -46.857  17.595  -15.051 0.0000000000
95696  -45.882  16.815  -18.513 0.0000000000
94989  -43.868  15.932  -21.722 0.0000000000
95716  -41.997  16.057  -22.875 0.0000000000
102073  -42.575  24.760  -21.997 0.0000000000
100600  -40.768  23.355  -20.894 0.0000000000
98513  -38.848  21.136  -18.164 0.0000000000
148205  -37.987  22.756  -17.339 0.0000000000
101257  -37.273  24.351  -15.965 0.0000000000
92738  -36.534  13.145  -6.933 0.0000000000
93491  -38.221  13.563  -7.673 0.0000000000
94201  -37.654  14.520  -7.545 0.0000000000
99894  -51.953  22.549  -14.146 0.0000000000
102011  -52.108  25.133  -15.823 0.0000000000
89307  -45.069  8.941  -22.525 0.0000000000
89998  -46.724  9.432  -4.131 0.0000000000
89107  -45.127  8.652  -4.811 0.0000000000
89099  -45.070  8.584  -3.590 0.0000000000
90871  -41.315  10.789  0.881 0.0000000000
91850  -40.970  11.264  0.129 0.0000000000
90079  -46.903  9.046  -13.169 0.0000000000
90088  -45.843  9.983  -13.457 0.0000000000
94931  -41.616  15.368  -13.718 0.0000000000
93557  -39.982  13.596  -15.506 0.0000000000
94944  -41.855  15.392  -15.473 0.0000000000
94270  -41.634  14.716  -16.851 0.0000000000
94945  -42.774  15.830  -15.793 0.0000000000
101961  -41.314  25.692  -12.450 0.0000000000
101230  -40.324  24.912  -13.907 0.0000000000
127423  -41.685  25.671  -13.904 0.0000000000
102076  -47.034  25.486  -22.977 0.0000000000
100604  -46.307  23.691  -21.342 0.0000000000
99952  -47.691  22.652  -22.760 0.0000000000
98551  -47.962  21.577  -21.915 0.0000000000
99274  -46.645  22.159  -23.120 0.0000000000
99267  -44.879  22.086  -22.212 0.0000000000
99969  -45.406  23.398  -23.741 0.0000000000
104666  -43.415  29.948  -18.211 0.0000000000
104683  -42.231  29.001  -19.364 0.0000000000
104674  -41.861  29.337  -18.615 0.0000000000
104673  -40.943  29.214  -18.396 0.0000000000
105347  -42.157  30.275  -17.166 0.0000000000
89153  -40.531  8.339  -9.635 0.0000000000
90052  -41.251  9.007  -10.926 0.0000000000
90050  -39.687  9.661  -10.151 0.0000000000
93504  -41.182  14.009  -8.931 0.0000000000
92773  -39.769  12.646  -9.958 0.0000000000
94223  -41.939  14.440  -9.916 0.0000000000
128195  -41.892  14.569  -10.914 0.0000000000
94907  -42.924  15.375  -10.355 0.0000000000
151915  -47.367  23.885  -12.390 0.0000000000
128109  -47.200  24.481  -13.819 0.0000000000
101234  -48.102  24.117  -13.714 0.0000000000
102035  -50.562  25.395  -17.982 0.0000000000
102033  -48.807  25.672  -17.293 0.0000000000
140966  -48.936  26.487  -18.750 0.0000000000
103331  -47.719  27.369  -20.623 0.0000000000
103342  -48.816  27.937  -20.535 0.0000000000
103989  -47.587  28.086  -21.881 0.0000000000
103971  -49.228  28.129  -20.156 0.0000000000
103298  -49.325  28.060  -16.906 0.0000000000
152871  -48.143  29.184  -18.542 0.0000000000
103940  -47.686  28.778  -16.773 0.0000000000
104668  -46.421  29.820  -17.754 0.0000000000
103932  -47.471  28.550  -15.840 0.0000000000
90170  -40.566  9.521  -22.965 0.0000000000
97046  -33.935  18.234  -4.846 0.0000000000
97058  -35.209  18.672  -6.621 0.0000000000
97695  -33.858  19.510  -5.824 0.0000000000
101152  -35.439  24.501  -6.345 0.0000000000
100483  -35.098  23.694  -7.559 0.0000000000
101901  -37.106  25.138  -7.900 0.0000000000
101918  -38.483  25.470  -9.464 0.0000000000
135125  -39.703  25.488  -8.030 0.0000000000
142320  -41.970  26.237  -5.433 0.0000000000
101894  -43.231  25.454  -7.529 0.0000000000
101895  -44.821  25.148  -7.582 0.0000000000
152903  -46.140  24.375  -8.861 0.0000000000
101154  -46.275  24.813  -7.397 0.0000000000
88305  -50.461  7.583  -14.072 0.0000000000
128349  -51.001  7.480  -12.379 0.0000000000
89148  -49.875  9.181  -8.986 0.0000000000
87353  -48.126  7.167  -8.899 0.0000000000
87379  -48.463  6.961  -10.531 0.0000000000
87363  -46.486  6.522  -9.508 0.0000000000
87361  -44.683  6.370  -9.477 0.0000000000
86437  -44.818  5.828  -8.264 0.0000000000
86415  -41.580  5.694  -5.698 0.0000000000
86430  -41.139  5.550  -6.965 0.0000000000
87324  -38.689  6.316  -6.322 0.0000000000
140215  -48.933  8.340  8.723 0.0000000000
88097  -46.785  7.937  4.928 0.0000000000
88130  -45.716  7.655  2.682 0.0000000000
89054  -46.659  8.380  1.498 0.0000000000
88160  -44.299  7.576  0.658 0.0000000000
88181  -43.449  7.531  -1.456 0.0000000000
87249  -42.572  7.263  0.119 0.0000000000
92718  -34.011  12.854  -3.176 0.0000000000
91881  -35.416  11.800  -2.406 0.0000000000
92038  -47.753  11.475  -20.927 0.0000000000
90980  -41.665  10.768  -13.523 0.0000000000
90981  -42.742  10.578  -13.684 0.0000000000
144693  -41.411  11.141  -14.221 0.0000000000
91032  -40.503  10.759  -17.247 0.0000000000
91034  -42.136  10.374  -17.068 0.0000000000
144540  -42.605  10.155  -18.739 0.0000000000
128177  -43.741  10.114  -20.254 0.0000000000
127007  -42.675  9.944  -20.641 0.0000000000
90158  -42.483  9.885  -21.871 0.0000000000
91058  -41.281  10.492  -19.897 0.0000000000
93582  -40.821  13.082  -19.836 0.0000000000
92036  -40.913  11.432  -21.634 0.0000000000
93588  -41.052  13.187  -21.497 0.0000000000
92833  -40.623  12.916  -22.770 0.0000000000
93589  -41.604  13.987  -21.752 0.0000000000
98438  -37.741  20.692  -9.218 0.0000000000
137036  -39.091  19.357  -8.800 0.0000000000
98448  -38.942  20.765  -10.029 0.0000000000
99193  -41.142  21.016  -13.844 0.0000000000
98464  -41.520  20.325  -12.504 0.0000000000
145953  -42.843  19.857  -13.166 0.0000000000
97094  -44.205  18.553  -11.685 0.0000000000
97751  -43.867  19.587  -13.836 0.0000000000
102675  -44.607  26.024  -16.171 0.0000000000
102019  -42.429  25.529  -16.469 0.0000000000
102042  -42.830  25.190  -18.041 0.0000000000
99236  -46.299  21.515  -18.647 0.0000000000
99225  -44.972  21.185  -17.600 0.0000000000
98499  -46.157  20.203  -16.749 0.0000000000
97760  -46.563  19.130  -15.764 0.0000000000
97129  -47.560  18.555  -16.672 0.0000000000
95690  -46.602  17.306  -16.839 0.0000000000
96416  -47.660  18.066  -17.869 0.0000000000
97152  -45.909  18.615  -20.129 0.0000000000
95712  -45.463  17.154  -20.320 0.0000000000
96440  -44.825  17.048  -20.907 0.0000000000
94994  -42.789  16.058  -22.379 0.0000000000
95710  -43.614  16.399  -21.683 0.0000000000
146981  -42.139  16.220  -21.910 0.0000000000
96431  -43.916  17.670  -19.922 0.0000000000
98537  -42.907  21.633  -20.357 0.0000000000
97782  -42.926  19.193  -18.637 0.0000000000
102745  -44.898  27.134  -22.400 0.0000000000
102749  -44.646  26.137  -22.804 0.0000000000
103345  -43.786  27.387  -21.525 0.0000000000
152501  -40.486  25.809  -19.549 0.0000000000
102065  -41.043  24.740  -20.553 0.0000000000
101293  -40.017  23.979  -19.616 0.0000000000
99232  -39.842  22.046  -19.461 0.0000000000
100587  -39.225  23.306  -18.585 0.0000000000
99914  -38.183  22.236  -17.597 0.0000000000
100580  -38.712  23.801  -17.807 0.0000000000
103307  -38.225  27.417  -17.447 0.0000000000
135206  -38.206  24.990  -16.877 0.0000000000
102680  -37.577  26.487  -16.451 0.0000000000
102000  -36.733  25.341  -15.287 0.0000000000
90032  -38.614  10.011  -8.425 0.0000000000
91935  -39.002  11.042  -9.032 0.0000000000
91917  -38.778  11.846  -8.217 0.0000000000
139304  -39.797  13.626  -8.299 0.0000000000
95608  -40.311  16.139  -8.669 0.0000000000
100556  -49.167  23.784  -14.136 0.0000000000
100547  -50.850  22.847  -14.002 0.0000000000
100569  -51.956  23.730  -16.369 0.0000000000
146234  -51.609  25.488  -17.717 0.0000000000
103309  -50.457  27.502  -18.685 0.0000000000
102686  -51.491  26.255  -17.301 0.0000000000
102668  -50.827  26.272  -15.551 0.0000000000
89304  -42.650  8.611  -23.532 0.0000000000
97665  -35.035  19.066  -2.970 0.0000000000
98416  -33.400  20.677  -5.013 0.0000000000
98398  -34.156  20.594  -3.923 0.0000000000
88224  -46.221  7.585  -6.803 0.0000000000
87341  -45.076  6.184  -7.275 0.0000000000
88222  -44.785  7.018  -6.032 0.0000000000
149781  -43.319  7.138  -4.937 0.0000000000
87296  -41.514  6.540  -4.397 0.0000000000
130467  -47.764  10.168  8.505 0.0000000000
89018  -44.141  8.923  4.302 0.0000000000
89973  -37.673  9.579  -0.681 0.0000000000
91883  -36.889  11.130  -2.276 0.0000000000
90885  -38.820  10.962  -1.166 0.0000000000
91874  -40.164  11.929  -1.597 0.0000000000
91971  -39.571  12.481  -13.611 0.0000000000
90992  -40.740  11.278  -14.777 0.0000000000
92801  -39.567  12.111  -15.185 0.0000000000
91990  -39.681  11.764  -16.734 0.0000000000
91999  -39.773  11.774  -17.546 0.0000000000
92011  -40.390  11.194  -18.977 0.0000000000
92812  -40.192  13.006  -17.680 0.0000000000
128333  -41.706  14.274  -18.322 0.0000000000
148621  -42.453  14.611  -18.915 0.0000000000
100521  -38.365  23.493  -11.828 0.0000000000
99175  -38.810  21.808  -11.317 0.0000000000
100532  -39.278  23.309  -12.975 0.0000000000
100554  -39.935  23.414  -14.242 0.0000000000
99902  -40.784  22.939  -15.332 0.0000000000
102726  -44.828  26.302  -19.630 0.0000000000
101295  -43.740  24.640  -19.383 0.0000000000
100603  -45.189  24.134  -20.662 0.0000000000
99936  -46.021  22.603  -19.738 0.0000000000
99248  -48.225  21.020  -19.553 0.0000000000
97788  -48.233  19.421  -19.171 0.0000000000
129319  -47.941  20.271  -20.721 0.0000000000
98541  -47.063  20.205  -21.053 0.0000000000
97792  -45.704  19.354  -20.257 0.0000000000
97787  -44.827  19.307  -19.831 0.0000000000
98539  -44.876  20.881  -20.650 0.0000000000
99258  -44.360  21.748  -21.306 0.0000000000
99265  -42.945  22.540  -22.014 0.0000000000
104685  -43.986  29.250  -19.939 0.0000000000
103339  -42.954  27.529  -20.771 0.0000000000
103969  -42.686  28.644  -19.954 0.0000000000
150008  -41.330  27.627  -19.710 0.0000000000
102723  -40.072  26.188  -19.074 0.0000000000
102040  -39.205  25.192  -18.161 0.0000000000
103318  -39.527  27.470  -18.438 0.0000000000
103960  -39.613  28.356  -18.265 0.0000000000
103950  -38.867  28.573  -17.688 0.0000000000
89182  -43.954  8.817  -11.512 0.0000000000
90064  -44.319  9.348  -12.117 0.0000000000
90062  -42.615  9.348  -11.815 0.0000000000
90956  -40.524  9.967  -11.891 0.0000000000
148329  -40.420  10.535  -12.438 0.0000000000
91946  -39.285  11.830  -9.945 0.0000000000
92780  -39.333  12.146  -10.884 0.0000000000
92787  -39.501  12.508  -12.694 0.0000000000
93542  -40.045  13.794  -12.439 0.0000000000
94921  -42.181  15.435  -12.795 0.0000000000
94933  -43.416  15.821  -12.882 0.0000000000
101964  -44.646  24.956  -12.421 0.0000000000
101976  -43.508  25.574  -13.327 0.0000000000
101231  -45.806  24.809  -13.433 0.0000000000
102008  -46.326  25.255  -14.843 0.0000000000
102021  -46.353  25.892  -16.274 0.0000000000
101261  -49.038  24.611  -15.615 0.0000000000
102685  -47.125  26.079  -16.773 0.0000000000
131628  -46.028  26.732  -18.132 0.0000000000
102727  -45.652  26.614  -19.978 0.0000000000
102739  -46.710  26.577  -21.495 0.0000000000
102077  -47.110  26.261  -23.802 0.0000000000
102087  -46.028  25.124  -24.061 0.0000000000
103353  -47.203  27.029  -23.366 0.0000000000
132902  -46.984  28.326  -22.173 0.0000000000
104695  -46.574  29.355  -20.925 0.0000000000
136909  -49.336  28.439  -19.560 0.0000000000
104680  -47.790  29.419  -19.225 0.0000000000
104686  -45.702  29.593  -20.110 0.0000000000
104678  -45.319  29.985  -18.667 0.0000000000
105350  -44.866  30.358  -17.695 0.0000000000
105343  -44.514  30.708  -16.805 0.0000000000
94874  -35.341  15.863  -5.926 0.0000000000
95601  -37.110  16.842  -7.345 0.0000000000
97059  -36.013  18.148  -6.858 0.0000000000
97702  -36.266  19.443  -7.583 0.0000000000
99140  -36.898  21.299  -9.125 0.0000000000
99130  -33.985  21.633  -6.941 0.0000000000
99830  -35.690  22.650  -8.660 0.0000000000
99853  -36.941  23.245  -10.235 0.0000000000
101192  -38.007  24.803  -10.865 0.0000000000
127453  -40.018  25.671  -10.910 0.0000000000
101935  -42.479  25.436  -10.596 0.0000000000
101875  -39.312  25.640  -6.558 0.0000000000
101906  -41.601  25.381  -8.019 0.0000000000
101923  -43.339  25.246  -9.382 0.0000000000
101205  -44.152  24.983  -10.645 0.0000000000
101194  -45.660  24.369  -10.566 0.0000000000
100512  -46.757  23.944  -10.276 0.0000000000
100504  -48.184  23.363  -9.764 0.0000000000
151404  -48.987  8.056  -13.988 0.0000000000
88291  -47.376  8.026  -12.602 0.0000000000
89158  -51.025  9.281  -10.094 0.0000000000
89173  -51.165  8.473  -10.781 0.0000000000
88270  -49.777  7.200  -11.293 0.0000000000
88281  -47.610  7.337  -11.698 0.0000000000
88279  -45.838  7.821  -11.453 0.0000000000
88267  -43.859  7.680  -10.470 0.0000000000
88252  -42.606  7.344  -9.721 0.0000000000
88251  -40.928  7.709  -9.333 0.0000000000
87339  -42.449  5.602  -7.710 0.0000000000
87345  -40.945  6.461  -8.209 0.0000000000
89138  -39.021  8.256  -8.170 0.0000000000
90026  -37.935  9.374  -7.429 0.0000000000
89010  -51.010  9.109  5.952 0.0000000000
88996  -48.656  9.185  6.616 0.0000000000
89009  -49.457  9.157  6.003 0.0000000000
139408  -50.085  9.717  4.104 0.0000000000
89056  -48.280  9.333  1.788 0.0000000000
89069  -47.317  9.153  0.361 0.0000000000
89084  -46.311  8.723  -1.654 0.0000000000
89090  -44.747  8.074  -2.213 0.0000000000
131504  -42.701  7.452  -3.003 0.0000000000
87284  -40.439  6.553  -3.481 0.0000000000
141648  -34.949  13.058  -5.868 0.0000000000
140707  -34.262  13.953  -5.082 0.0000000000
142147  -34.022  15.264  -4.245 0.0000000000
94862  -34.314  15.971  -3.102 0.0000000000
95573  -35.283  16.893  -2.529 0.0000000000
91090  -48.592  11.110  -21.969 0.0000000000
91089  -47.678  10.981  -22.124 0.0000000000
91088  -46.419  10.596  -22.153 0.0000000000
90983  -44.646  10.288  -13.614 0.0000000000
144234  -44.061  10.600  -14.698 0.0000000000
91003  -41.153  10.858  -15.539 0.0000000000
127664  -43.042  10.434  -16.876 0.0000000000
91035  -44.662  10.556  -18.095 0.0000000000
91062  -45.296  10.566  -19.906 0.0000000000
91076  -45.274  10.480  -20.848 0.0000000000
91087  -44.943  10.014  -22.244 0.0000000000
91100  -44.080  9.481  -22.605 0.0000000000
90185  -43.233  9.237  -23.152 0.0000000000
144242  -41.690  9.805  -23.255 0.0000000000
91072  -41.225  10.761  -21.261 0.0000000000
91084  -41.298  10.416  -23.058 0.0000000000
91099  -41.225  10.035  -23.259 0.0000000000
91097  -40.338  11.204  -23.086 0.0000000000
92045  -40.213  11.648  -23.060 0.0000000000
92831  -39.809  12.794  -22.793 0.0000000000
96338  -38.206  17.790  -7.943 0.0000000000
96346  -39.693  17.279  -8.448 0.0000000000
96357  -41.597  18.062  -9.482 0.0000000000
98450  -40.567  20.251  -10.215 0.0000000000
97721  -41.606  19.420  -10.183 0.0000000000
141027  -42.484  18.268  -10.222 0.0000000000
96366  -44.397  17.355  -11.006 0.0000000000
95640  -45.360  16.730  -12.072 0.0000000000
95648  -45.304  16.194  -13.010 0.0000000000
102004  -41.961  25.689  -15.203 0.0000000000
100575  -41.428  24.547  -16.202 0.0000000000
99215  -41.996  21.934  -16.120 0.0000000000
100589  -43.486  23.515  -18.763 0.0000000000
99223  -43.123  21.932  -17.225 0.0000000000
98488  -43.753  20.341  -15.456 0.0000000000
97752  -45.574  19.039  -14.613 0.0000000000
97117  -46.608  17.945  -14.222 0.0000000000
95667  -45.047  16.609  -14.839 0.0000000000
129985  -44.964  16.613  -15.935 0.0000000000
94974  -44.166  15.576  -19.388 0.0000000000
96424  -46.565  17.475  -18.936 0.0000000000
94975  -44.808  16.007  -19.695 0.0000000000
136242  -43.678  15.481  -21.139 0.0000000000
94299  -42.734  15.475  -22.393 0.0000000000
94313  -41.401  15.203  -23.092 0.0000000000
97141  -43.486  18.350  -19.040 0.0000000000
101314  -44.437  24.234  -23.483 0.0000000000
100614  -43.589  23.546  -23.006 0.0000000000
99948  -42.135  22.860  -21.938 0.0000000000
102067  -42.379  25.793  -21.311 0.0000000000
151338  -41.497  23.658  -21.559 0.0000000000
151732  -41.184  22.451  -20.827 0.0000000000
99233  -40.311  21.632  -19.471 0.0000000000
97780  -39.557  20.558  -18.194 0.0000000000
150408  -38.715  19.900  -17.247 0.0000000000
101279  -38.330  24.202  -17.220 0.0000000000
101270  -37.757  24.057  -16.622 0.0000000000
105333  -44.350  30.830  -15.499 0.0000000000
105332  -43.302  31.244  -15.923 0.0000000000
105340  -41.882  30.710  -16.366 0.0000000000
104652  -39.426  29.725  -16.740 0.0000000000
104651  -38.572  29.504  -16.687 0.0000000000
139796  -37.195  13.823  -7.302 0.0000000000
94200  -36.862  14.648  -7.175 0.0000000000
90893  -48.044  10.118  -3.335 0.0000000000
89999  -47.591  9.958  -4.155 0.0000000000
134333  -47.361  9.598  -3.428 0.0000000000
89100  -45.874  8.869  -3.577 0.0000000000
89992  -46.773  9.170  -3.026 0.0000000000
91829  -43.413  11.145  2.172 0.0000000000
89192  -45.678  9.082  -12.445 0.0000000000
90078  -46.142  9.435  -13.003 0.0000000000
90077  -45.441  9.632  -12.889 0.0000000000
94932  -42.493  15.813  -13.841 0.0000000000
94939  -41.667  15.421  -14.552 0.0000000000
94940  -42.454  15.842  -14.853 0.0000000000
95666  -43.168  16.233  -15.010 0.0000000000
101962  -42.196  25.684  -12.164 0.0000000000
127642  -41.902  25.760  -13.038 0.0000000000
127641  -42.866  25.603  -12.719 0.0000000000
100617  -46.876  24.533  -23.456 0.0000000000
100610  -46.849  24.010  -22.466 0.0000000000
100611  -47.053  23.499  -23.315 0.0000000000
99960  -46.881  22.775  -23.351 0.0000000000
100625  -46.505  23.512  -23.703 0.0000000000
153144  -46.108  22.652  -23.507 0.0000000000
100624  -46.043  23.785  -24.031 0.0000000000
105349  -43.991  30.436  -17.546 0.0000000000
104665  -42.486  29.784  -17.964 0.0000000000
104664  -41.549  29.690  -17.781 0.0000000000
90040  -40.091  8.979  -9.905 0.0000000000
90039  -39.542  9.404  -9.549 0.0000000000
94891  -41.588  15.059  -9.099 0.0000000000
94217  -41.652  14.433  -9.378 0.0000000000
94218  -42.305  14.890  -9.806 0.0000000000
94900  -42.730  15.604  -9.906 0.0000000000
100533  -47.808  23.617  -11.973 0.0000000000
100544  -47.959  23.783  -12.763 0.0000000000
102044  -50.343  26.028  -18.639 0.0000000000
102034  -49.605  25.846  -18.220 0.0000000000
102712  -49.815  26.493  -19.016 0.0000000000
102728  -49.156  26.875  -19.382 0.0000000000
103333  -49.332  27.611  -19.859 0.0000000000
103343  -49.328  27.922  -20.084 0.0000000000
103962  -50.086  27.599  -19.431 0.0000000000
103292  -48.971  27.662  -15.994 0.0000000000
103933  -48.339  28.263  -16.326 0.0000000000
103291  -48.076  27.945  -15.403 0.0000000000
88404  -41.883  7.860  -22.954 0.0000000000
89295  -41.350  8.080  -22.519 0.0000000000
151417  -41.312  8.844  -23.493 0.0000000000
97045  -33.739  18.597  -4.284 0.0000000000
97054  -34.088  18.620  -5.526 0.0000000000
97053  -33.716  19.062  -4.999 0.0000000000
101153  -36.157  24.882  -6.729 0.0000000000
101161  -36.333  24.760  -7.599 0.0000000000
101888  -37.754  25.374  -7.357 0.0000000000
101902  -37.897  25.394  -8.102 0.0000000000
101889  -38.410  25.481  -7.599 0.0000000000
101881  -45.536  25.189  -7.069 0.0000000000
101162  -45.591  24.800  -7.905 0.0000000000
89195  -52.299  8.399  -12.851 0.0000000000
88295  -51.530  7.748  -13.036 0.0000000000
89194  -51.745  8.089  -12.187 0.0000000000
152761  -47.529  6.879  -8.832 0.0000000000
87352  -46.934  6.674  -8.719 0.0000000000
142672  -45.407  6.119  -8.725 0.0000000000
87350  -45.642  6.209  -8.091 0.0000000000
86403  -40.166  5.775  -4.952 0.0000000000
86413  -39.841  5.610  -5.709 0.0000000000
87308  -39.097  5.793  -5.809 0.0000000000
87323  -37.986  6.684  -6.079 0.0000000000
136893  -38.276  6.231  -4.751 0.0000000000
88976  -48.303  8.950  8.851 0.0000000000
88120  -45.433  7.606  3.619 0.0000000000
88129  -44.728  7.526  2.733 0.0000000000
88143  -45.321  7.709  1.812 0.0000000000
129505  -43.615  7.384  1.382 0.0000000000
88159  -43.531  7.427  0.282 0.0000000000
129697  -42.817  7.285  1.104 0.0000000000
90891  -35.403  10.072  -2.160 0.0000000000
91891  -34.274  11.122  -2.904 0.0000000000
134973  -35.125  11.016  -2.391 0.0000000000
91049  -46.214  10.912  -18.703 0.0000000000
90967  -40.717  10.879  -13.087 0.0000000000
90979  -40.852  11.271  -13.816 0.0000000000
91046  -41.012  10.411  -17.942 0.0000000000
91047  -41.928  10.248  -17.949 0.0000000000
150583  -42.868  10.043  -19.667 0.0000000000
91059  -42.022  10.058  -19.754 0.0000000000
93583  -41.490  13.676  -20.337 0.0000000000
94292  -42.224  14.316  -20.854 0.0000000000
98439  -38.586  20.492  -9.484 0.0000000000
99164  -38.503  21.484  -10.577 0.0000000000
98477  -41.878  20.724  -14.132 0.0000000000
98469  -41.685  20.533  -13.353 0.0000000000
98470  -42.405  20.266  -13.620 0.0000000000
98471  -43.141  19.941  -13.786 0.0000000000
98478  -42.664  20.419  -14.376 0.0000000000
102683  -44.540  26.241  -17.078 0.0000000000
102690  -43.852  26.139  -17.452 0.0000000000
127195  -43.989  26.239  -18.280 0.0000000000
98518  -46.934  20.896  -18.276 0.0000000000
98507  -46.470  20.556  -17.481 0.0000000000
98500  -46.940  20.097  -17.098 0.0000000000
97770  -46.779  19.645  -16.495 0.0000000000
97777  -47.518  19.500  -17.266 0.0000000000
96407  -47.692  18.021  -16.997 0.0000000000
97135  -47.819  18.689  -17.570 0.0000000000
131222  -45.370  17.744  -20.309 0.0000000000
96439  -44.420  17.122  -20.901 0.0000000000
96438  -43.688  16.990  -20.893 0.0000000000
98528  -42.496  20.991  -19.482 0.0000000000
98527  -41.557  21.151  -19.393 0.0000000000
103986  -44.504  28.016  -21.576 0.0000000000
102052  -40.115  25.361  -19.272 0.0000000000
102053  -40.579  25.074  -19.877 0.0000000000
137407  -40.204  24.635  -19.588 0.0000000000
100593  -39.796  23.281  -19.475 0.0000000000
144186  -39.601  23.914  -18.984 0.0000000000
101288  -39.218  24.277  -18.332 0.0000000000
150480  -37.803  27.913  -17.193 0.0000000000
145535  -37.985  26.790  -17.037 0.0000000000
91916  -38.369  10.977  -8.049 0.0000000000
137922  -38.461  11.717  -7.906 0.0000000000
94202  -38.535  14.456  -7.884 0.0000000000
139208  -38.908  13.898  -7.948 0.0000000000
94203  -39.453  14.356  -8.197 0.0000000000
94210  -40.361  14.187  -8.454 0.0000000000
94883  -39.874  15.131  -8.431 0.0000000000
99877  -50.604  22.690  -13.028 0.0000000000
129348  -51.119  22.343  -12.271 0.0000000000
100570  -52.557  23.534  -15.913 0.0000000000
144805  -51.879  23.344  -15.851 0.0000000000
100576  -52.425  24.126  -16.579 0.0000000000
101273  -51.803  24.404  -17.057 0.0000000000
102025  -52.278  24.819  -16.922 0.0000000000
102696  -51.833  25.500  -17.323 0.0000000000
102677  -51.957  25.487  -16.624 0.0000000000
101994  -52.213  24.768  -14.936 0.0000000000
102010  -51.595  25.795  -15.934 0.0000000000
89296  -44.757  8.364  -22.252 0.0000000000
88406  -43.334  8.186  -22.983 0.0000000000
97666  -35.959  19.211  -2.951 0.0000000000
97674  -34.484  19.709  -3.447 0.0000000000
97675  -35.494  19.960  -3.334 0.0000000000
90019  -46.740  9.382  -6.117 0.0000000000
89127  -46.466  8.577  -6.418 0.0000000000
89126  -45.777  8.110  -6.099 0.0000000000
89115  -45.444  8.514  -5.480 0.0000000000
88204  -43.778  7.938  -4.249 0.0000000000
88210  -43.733  7.561  -4.853 0.0000000000
87298  -43.092  7.339  -4.447 0.0000000000
87297  -42.295  6.851  -4.452 0.0000000000
88196  -42.483  7.315  -3.794 0.0000000000
89966  -40.097  9.595  1.156 0.0000000000
89975  -38.878  9.618  0.262 0.0000000000
89974  -38.160  9.050  -0.028 0.0000000000
90877  -38.400  10.080  -0.468 0.0000000000
90876  -37.979  10.455  -1.276 0.0000000000
90878  -39.209  10.569  -0.279 0.0000000000
91865  -40.580  11.640  -0.732 0.0000000000
91875  -41.017  12.237  -1.357 0.0000000000
94242  -39.631  13.347  -13.830 0.0000000000
93548  -39.532  12.681  -14.500 0.0000000000
93549  -39.766  13.499  -14.659 0.0000000000
93561  -39.698  12.958  -16.097 0.0000000000
148886  -39.658  12.434  -16.574 0.0000000000
92000  -40.004  11.248  -17.386 0.0000000000
92811  -39.759  12.347  -17.267 0.0000000000
92816  -39.948  12.236  -18.221 0.0000000000
93569  -40.571  13.667  -17.131 0.0000000000
94277  -41.258  14.223  -17.396 0.0000000000
94278  -41.869  14.623  -17.561 0.0000000000
94279  -42.432  14.817  -18.067 0.0000000000
147482  -38.803  23.222  -12.332 0.0000000000
101218  -39.406  24.483  -12.787 0.0000000000
101244  -40.014  24.212  -14.357 0.0000000000
100555  -40.333  23.567  -14.892 0.0000000000
99893  -40.314  22.644  -14.426 0.0000000000
102069  -45.170  25.355  -20.723 0.0000000000
102068  -44.300  25.056  -19.974 0.0000000000
101304  -44.790  24.767  -20.478 0.0000000000
99944  -47.060  22.921  -20.976 0.0000000000
99937  -47.307  22.282  -20.291 0.0000000000
99246  -46.838  21.947  -19.448 0.0000000000
99247  -48.022  21.595  -20.205 0.0000000000
134244  -48.253  20.855  -20.334 0.0000000000
99260  -48.172  21.563  -21.221 0.0000000000
99268  -47.200  21.625  -22.314 0.0000000000
98550  -47.603  20.972  -21.507 0.0000000000
97793  -46.456  19.487  -20.483 0.0000000000
98540  -45.993  20.360  -20.829 0.0000000000
140419  -45.189  20.035  -20.250 0.0000000000
99259  -45.474  21.378  -21.473 0.0000000000
145931  -44.368  22.574  -22.709 0.0000000000
99266  -43.835  22.387  -22.107 0.0000000000
132657  -43.339  22.065  -21.275 0.0000000000
99950  -43.624  22.768  -22.605 0.0000000000
103970  -43.398  28.833  -20.141 0.0000000000
104684  -43.120  29.158  -19.590 0.0000000000
103968  -41.348  28.788  -19.067 0.0000000000
103328  -41.834  28.268  -19.726 0.0000000000
103327  -40.710  27.374  -19.392 0.0000000000
102706  -40.104  27.024  -18.963 0.0000000000
103319  -40.214  27.857  -18.864 0.0000000000
103951  -40.082  29.068  -18.145 0.0000000000
149360  -39.424  28.932  -17.847 0.0000000000
89170  -43.511  8.265  -10.937 0.0000000000
89181  -43.099  8.808  -11.356 0.0000000000
89180  -42.179  8.882  -11.177 0.0000000000
90060  -40.665  9.487  -11.279 0.0000000000
90061  -41.532  9.495  -11.736 0.0000000000
90966  -39.809  10.649  -11.816 0.0000000000
92751  -39.157  12.012  -8.669 0.0000000000
137562  -39.228  11.646  -9.229 0.0000000000
92762  -39.600  12.367  -9.175 0.0000000000
93523  -40.576  13.412  -9.857 0.0000000000
93530  -39.811  13.094  -10.997 0.0000000000
144159  -39.434  12.422  -11.821 0.0000000000
93536  -39.655  13.174  -12.100 0.0000000000
93537  -40.131  13.638  -11.638 0.0000000000
94231  -42.760  15.066  -10.956 0.0000000000
94236  -41.448  14.858  -12.189 0.0000000000
94922  -43.031  15.510  -12.108 0.0000000000
94923  -43.795  15.674  -11.980 0.0000000000
101219  -45.244  24.594  -11.936 0.0000000000
101978  -45.164  24.842  -12.874 0.0000000000
129785  -45.926  24.494  -12.630 0.0000000000
101992  -47.017  24.843  -14.460 0.0000000000
101245  -46.443  24.828  -13.999 0.0000000000
151160  -46.585  25.505  -15.572 0.0000000000
102007  -45.616  25.748  -15.663 0.0000000000
101248  -49.660  24.008  -15.066 0.0000000000
101247  -48.628  24.332  -14.671 0.0000000000
150128  -48.641  26.165  -17.951 0.0000000000
102694  -47.917  26.130  -17.374 0.0000000000
102693  -46.992  26.514  -17.729 0.0000000000
102709  -45.977  26.886  -19.176 0.0000000000
102710  -47.042  26.907  -18.863 0.0000000000
103340  -47.524  27.381  -21.859 0.0000000000
102740  -47.332  26.887  -22.875 0.0000000000
102746  -47.188  26.347  -23.010 0.0000000000
102747  -47.243  26.785  -23.596 0.0000000000
102752  -47.033  26.373  -23.812 0.0000000000
104703  -47.624  28.556  -21.553 0.0000000000
103988  -47.329  28.116  -22.198 0.0000000000
104702  -47.118  28.752  -21.649 0.0000000000
104701  -46.390  28.800  -21.569 0.0000000000
133485  -47.236  29.420  -20.596 0.0000000000
103954  -49.948  28.152  -18.661 0.0000000000
104669  -47.320  29.430  -18.200 0.0000000000
144871  -46.502  29.597  -20.158 0.0000000000
128660  -46.086  29.768  -19.354 0.0000000000
152216  -45.470  29.759  -19.407 0.0000000000
147973  -46.024  29.949  -18.478 0.0000000000
104656  -46.381  29.740  -16.759 0.0000000000
104667  -45.663  30.197  -17.751 0.0000000000
147153  -45.943  30.186  -17.089 0.0000000000
105344  -45.327  30.467  -16.928 0.0000000000
104655  -45.754  30.175  -16.358 0.0000000000
89293  -40.324  9.106  -22.090 0.0000000000
138267  -39.860  10.795  -22.776 0.0000000000
95595  -34.993  16.615  -5.701 0.0000000000
95597  -35.703  16.609  -6.270 0.0000000000
96334  -35.257  17.328  -6.064 0.0000000000
98421  -34.696  20.141  -7.123 0.0000000000
97701  -35.364  19.451  -7.154 0.0000000000
98424  -35.594  20.254  -7.704 0.0000000000
98428  -36.260  21.074  -8.534 0.0000000000
99806  -33.510  21.958  -5.368 0.0000000000
99129  -33.478  21.403  -6.029 0.0000000000
99818  -33.966  22.705  -6.630 0.0000000000
142235  -36.211  24.110  -8.900 0.0000000000
100490  -35.346  23.263  -8.218 0.0000000000
100491  -35.912  23.452  -8.829 0.0000000000
99831  -36.213  22.783  -9.273 0.0000000000
101190  -36.870  24.318  -9.860 0.0000000000
101191  -37.368  24.473  -10.371 0.0000000000
101930  -37.839  25.136  -10.088 0.0000000000
148669  -39.983  25.543  -9.253 0.0000000000
101932  -39.426  25.597  -10.422 0.0000000000
101933  -41.050  25.591  -10.239 0.0000000000
127643  -41.746  25.584  -10.846 0.0000000000
101934  -42.048  25.436  -10.067 0.0000000000
101862  -41.572  26.019  -6.061 0.0000000000
101860  -39.843  25.876  -5.791 0.0000000000
101876  -40.283  25.670  -6.588 0.0000000000
144631  -40.658  25.513  -7.189 0.0000000000
130472  -41.794  25.518  -7.295 0.0000000000
136705  -44.058  25.202  -8.099 0.0000000000
149095  -43.026  25.297  -8.835 0.0000000000
101924  -44.096  25.052  -9.428 0.0000000000
148118  -43.703  25.137  -10.029 0.0000000000
101183  -44.351  24.901  -10.003 0.0000000000
101193  -44.913  24.657  -10.424 0.0000000000
149935  -44.887  24.745  -9.536 0.0000000000
101172  -46.698  24.163  -8.883 0.0000000000
146786  -46.317  24.232  -9.281 0.0000000000
100502  -46.903  23.948  -9.568 0.0000000000
100513  -47.466  23.643  -10.249 0.0000000000
100503  -47.594  23.649  -9.514 0.0000000000
88328  -51.058  7.968  -15.287 0.0000000000
130185  -49.847  7.440  -13.426 0.0000000000
88316  -49.561  7.880  -14.188 0.0000000000
88304  -49.067  7.720  -13.549 0.0000000000
88303  -48.335  7.797  -13.094 0.0000000000
89156  -49.726  8.350  -9.355 0.0000000000
150665  -50.682  9.594  -9.589 0.0000000000
89172  -50.630  8.425  -10.261 0.0000000000
88271  -50.461  7.723  -10.843 0.0000000000
131439  -49.691  7.366  -10.456 0.0000000000
87378  -47.735  6.830  -10.319 0.0000000000
87388  -47.908  7.028  -10.961 0.0000000000
88280  -47.182  7.120  -11.009 0.0000000000
88290  -46.614  7.759  -11.790 0.0000000000
88269  -46.296  7.262  -10.962 0.0000000000
88268  -45.339  7.485  -10.860 0.0000000000
87360  -43.851  6.452  -9.431 0.0000000000
88253  -43.424  7.195  -9.880 0.0000000000
88243  -42.183  6.776  -9.127 0.0000000000
132484  -41.764  7.482  -9.548 0.0000000000
88242  -41.325  7.008  -8.921 0.0000000000
87340  -44.405  6.068  -6.825 0.0000000000
86432  -44.232  5.762  -7.471 0.0000000000
86425  -42.747  5.569  -6.662 0.0000000000
87336  -39.828  6.217  -7.251 0.0000000000
87337  -40.632  5.942  -7.457 0.0000000000
88234  -40.124  6.713  -7.971 0.0000000000
88240  -39.591  7.504  -8.207 0.0000000000
134968  -39.029  7.563  -7.711 0.0000000000
90027  -38.483  9.091  -7.944 0.0000000000
89137  -38.545  8.222  -7.609 0.0000000000
89978  -48.368  10.112  -0.115 0.0000000000
88074  -50.233  8.177  7.692 0.0000000000
88085  -50.438  7.831  6.873 0.0000000000
88099  -50.991  8.619  5.512 0.0000000000
88997  -50.666  8.973  6.768 0.0000000000
89894  -47.351  10.465  7.630 0.0000000000
89895  -48.290  9.788  7.793 0.0000000000
88995  -47.573  9.274  6.639 0.0000000000
89020  -47.609  8.151  4.744 0.0000000000
89021  -48.493  8.640  5.448 0.0000000000
137306  -48.450  8.567  4.560 0.0000000000
89022  -49.567  9.231  4.986 0.0000000000
89038  -49.006  9.059  3.884 0.0000000000
89933  -49.641  9.760  3.194 0.0000000000
89046  -48.420  8.984  2.755 0.0000000000
89076  -45.817  8.274  0.058 0.0000000000
89068  -46.607  8.603  0.633 0.0000000000
89077  -46.710  8.826  -0.255 0.0000000000
127226  -46.108  8.572  -0.914 0.0000000000
89083  -45.560  8.358  -1.724 0.0000000000
88183  -44.806  7.919  -1.225 0.0000000000
87268  -41.810  7.039  -1.399 0.0000000000
132392  -43.027  7.462  -2.183 0.0000000000
132750  -41.441  6.899  -2.239 0.0000000000
127170  -41.001  6.786  -2.952 0.0000000000
151893  -40.325  6.572  -2.768 0.0000000000
90906  -34.026  10.236  -4.303 0.0000000000
90002  -34.453  9.385  -4.491 0.0000000000
90911  -34.147  10.855  -5.146 0.0000000000
91901  -34.616  11.548  -5.708 0.0000000000
91900  -33.949  11.769  -4.998 0.0000000000
93477  -34.307  13.261  -5.246 0.0000000000
92724  -33.906  12.654  -4.717 0.0000000000
93469  -34.344  13.600  -2.913 0.0000000000
94185  -33.947  14.472  -3.877 0.0000000000
129265  -37.816  11.457  -2.387 0.0000000000
92711  -37.096  11.873  -2.474 0.0000000000
93459  -36.982  12.803  -2.472 0.0000000000
94850  -36.377  15.309  -2.409 0.0000000000
140123  -35.669  16.120  -2.464 0.0000000000
137898  -36.546  16.149  -2.414 0.0000000000
96307  -35.816  17.606  -2.517 0.0000000000
91091  -49.665  11.282  -21.744 0.0000000000
92048  -49.325  11.676  -21.584 0.0000000000
92037  -46.906  11.112  -20.951 0.0000000000
134894  -47.369  11.153  -21.790 0.0000000000
135650  -46.600  10.858  -21.737 0.0000000000
92047  -46.992  10.831  -22.172 0.0000000000
90075  -43.863  9.789  -12.551 0.0000000000
90076  -44.678  9.815  -12.832 0.0000000000
90970  -43.337  10.191  -13.079 0.0000000000
90994  -43.047  10.718  -14.510 0.0000000000
91983  -40.338  11.202  -15.724 0.0000000000
91017  -41.661  10.573  -16.255 0.0000000000
127662  -42.882  10.314  -17.686 0.0000000000
127663  -43.910  10.516  -17.219 0.0000000000
91048  -45.372  10.644  -18.880 0.0000000000
91061  -44.406  10.401  -19.246 0.0000000000
130353  -44.667  10.361  -20.310 0.0000000000
91101  -44.956  9.706  -22.368 0.0000000000
91086  -44.128  9.779  -22.200 0.0000000000
90173  -43.173  9.624  -22.669 0.0000000000
150745  -42.277  9.774  -22.863 0.0000000000
90172  -42.354  9.352  -23.402 0.0000000000
92023  -40.125  11.759  -18.932 0.0000000000
91057  -40.783  10.980  -20.076 0.0000000000
92024  -40.523  11.700  -20.154 0.0000000000
92828  -40.796  12.280  -21.784 0.0000000000
91083  -41.020  11.173  -22.777 0.0000000000
91098  -40.778  10.845  -23.020 0.0000000000
92046  -40.481  11.551  -22.973 0.0000000000
136881  -40.320  12.249  -22.953 0.0000000000
92832  -40.364  13.238  -22.925 0.0000000000
92044  -39.614  11.933  -22.613 0.0000000000
93603  -40.552  13.976  -23.149 0.0000000000
96337  -37.406  17.710  -7.533 0.0000000000
95602  -37.874  16.949  -7.745 0.0000000000
97705  -39.943  19.351  -8.874 0.0000000000
97069  -39.326  18.741  -8.585 0.0000000000
97070  -40.173  18.842  -8.750 0.0000000000
96348  -40.992  17.915  -9.046 0.0000000000
97707  -40.908  19.368  -9.283 0.0000000000
99184  -39.606  21.815  -12.513 0.0000000000
98456  -39.930  20.816  -10.970 0.0000000000
99177  -40.025  21.018  -11.956 0.0000000000
98459  -42.137  19.687  -11.847 0.0000000000
97729  -41.758  19.627  -10.928 0.0000000000
97722  -42.156  19.018  -10.482 0.0000000000
97714  -41.789  19.034  -10.058 0.0000000000
97080  -42.611  18.600  -10.555 0.0000000000
97081  -43.337  18.045  -10.546 0.0000000000
97087  -43.524  18.429  -10.963 0.0000000000
141531  -44.999  18.405  -12.216 0.0000000000
97095  -45.068  18.027  -11.761 0.0000000000
95649  -45.824  16.509  -12.753 0.0000000000
151581  -46.304  17.423  -12.972 0.0000000000
128228  -44.145  25.595  -13.935 0.0000000000
101989  -43.194  25.816  -14.248 0.0000000000
127285  -42.900  25.837  -15.218 0.0000000000
101282  -42.341  24.780  -17.433 0.0000000000
102030  -41.987  25.047  -16.723 0.0000000000
101281  -41.880  24.310  -16.890 0.0000000000
153133  -41.654  23.257  -16.431 0.0000000000
99916  -42.043  23.362  -16.992 0.0000000000
100596  -43.837  23.925  -19.384 0.0000000000
100595  -43.263  24.192  -18.828 0.0000000000
99926  -43.856  22.810  -18.543 0.0000000000
99218  -44.521  20.873  -17.002 0.0000000000
99224  -44.119  21.621  -17.590 0.0000000000
99217  -43.599  21.200  -16.785 0.0000000000
98497  -44.098  20.580  -16.237 0.0000000000
98480  -44.254  19.884  -15.050 0.0000000000
97759  -45.281  19.793  -15.736 0.0000000000
97120  -47.014  18.015  -15.049 0.0000000000
97753  -46.439  18.595  -14.952 0.0000000000
96393  -46.687  17.473  -14.385 0.0000000000
95658  -46.057  16.677  -14.234 0.0000000000
95668  -45.919  16.943  -15.238 0.0000000000
148556  -43.896  16.340  -15.579 0.0000000000
95689  -45.824  16.853  -17.426 0.0000000000
95679  -44.992  16.551  -16.994 0.0000000000
128138  -45.135  16.403  -18.043 0.0000000000
94967  -44.588  15.958  -18.661 0.0000000000
97147  -47.627  18.757  -19.371 0.0000000000
96425  -47.383  18.083  -18.761 0.0000000000
96434  -46.898  18.161  -19.548 0.0000000000
95711  -44.728  16.692  -20.961 0.0000000000
95704  -45.112  16.528  -20.204 0.0000000000
145041  -44.496  15.944  -20.790 0.0000000000
94293  -42.997  15.012  -21.609 0.0000000000
94988  -43.368  15.888  -22.050 0.0000000000
146714  -42.296  15.955  -22.694 0.0000000000
94999  -41.959  15.757  -22.907 0.0000000000
94993  -41.473  15.768  -22.767 0.0000000000
141901  -40.313  14.101  -23.030 0.0000000000
94986  -40.723  15.367  -22.291 0.0000000000
98530  -44.380  20.303  -19.888 0.0000000000
97145  -44.417  18.424  -19.655 0.0000000000
97140  -42.600  18.282  -18.391 0.0000000000
102758  -46.574  26.070  -23.899 0.0000000000
101319  -45.460  24.321  -23.884 0.0000000000
102080  -45.525  25.663  -23.646 0.0000000000
102074  -43.429  25.666  -22.215 0.0000000000
101313  -43.440  24.468  -22.768 0.0000000000
101309  -42.641  23.763  -22.406 0.0000000000
100608  -42.791  23.066  -22.485 0.0000000000
100607  -42.019  23.273  -21.971 0.0000000000
102737  -42.438  26.751  -20.812 0.0000000000
102736  -41.768  26.352  -20.522 0.0000000000
101303  -41.009  23.815  -21.092 0.0000000000
100601  -41.348  23.111  -21.472 0.0000000000
99255  -40.833  22.823  -20.837 0.0000000000
136070  -40.588  22.286  -20.180 0.0000000000
99231  -39.207  21.885  -18.756 0.0000000000
150064  -38.985  20.386  -17.736 0.0000000000
98505  -38.374  20.603  -17.469 0.0000000000
148628  -38.110  21.454  -17.502 0.0000000000
99907  -37.692  22.180  -17.126 0.0000000000
99906  -37.173  22.171  -16.514 0.0000000000
102704  -39.050  26.117  -18.084 0.0000000000
101280  -38.750  24.681  -17.625 0.0000000000
102029  -38.645  25.592  -17.529 0.0000000000
137750  -37.653  24.812  -16.298 0.0000000000
100565  -37.172  23.599  -16.082 0.0000000000
100564  -36.653  23.373  -15.545 0.0000000000
105975  -42.848  31.404  -15.295 0.0000000000
105330  -41.701  31.144  -15.709 0.0000000000
105338  -39.905  30.302  -16.142 0.0000000000
92743  -36.995  12.248  -7.171 0.0000000000
92744  -38.016  12.093  -7.597 0.0000000000
93490  -37.622  12.982  -7.458 0.0000000000
94881  -38.000  15.302  -7.779 0.0000000000
99878  -51.813  22.328  -13.152 0.0000000000
99895  -52.652  22.707  -14.237 0.0000000000
148577  -52.553  24.434  -15.729 0.0000000000
101249  -52.720  23.991  -14.928 0.0000000000
139138  -52.597  24.162  -14.455 0.0000000000
101235  -51.936  24.604  -13.909 0.0000000000
89306  -44.212  8.563  -22.733 0.0000000000
152503  -37.542  19.219  -3.231 0.0000000000
97676  -36.590  20.272  -3.615 0.0000000000
90005  -47.173  9.993  -4.916 0.0000000000
90004  -46.462  9.529  -5.061 0.0000000000
89108  -45.833  9.096  -4.548 0.0000000000
141014  -45.243  8.768  -4.177 0.0000000000
89098  -44.572  8.280  -3.162 0.0000000000
90870  -40.468  10.498  0.691 0.0000000000
90879  -40.059  10.990  -0.066 0.0000000000
90090  -47.321  9.476  -13.824 0.0000000000
90089  -46.590  9.861  -13.706 0.0000000000
90985  -46.132  10.351  -14.118 0.0000000000
94930  -40.841  14.936  -14.166 0.0000000000
94251  -40.343  14.294  -14.868 0.0000000000
94252  -41.049  14.941  -15.158 0.0000000000
93562  -40.267  13.658  -16.320 0.0000000000
94269  -40.926  14.279  -16.586 0.0000000000
94262  -41.344  14.844  -16.036 0.0000000000
94954  -42.095  15.258  -16.363 0.0000000000
94955  -42.827  15.544  -16.776 0.0000000000
101960  -40.530  25.426  -12.483 0.0000000000
101973  -40.095  24.966  -13.069 0.0000000000
101974  -40.934  25.476  -13.319 0.0000000000
101986  -41.009  25.368  -14.276 0.0000000000
102075  -46.116  25.194  -21.709 0.0000000000
100609  -46.024  24.289  -21.511 0.0000000000
99951  -47.402  23.276  -22.234 0.0000000000
147738  -47.951  22.629  -21.941 0.0000000000
99953  -48.072  22.113  -22.055 0.0000000000
99275  -47.540  22.155  -22.677 0.0000000000
134637  -46.080  21.778  -22.419 0.0000000000
99273  -45.390  22.434  -23.057 0.0000000000
100616  -44.713  23.133  -23.378 0.0000000000
105352  -44.355  30.036  -18.468 0.0000000000
104675  -42.791  29.486  -18.834 0.0000000000
103961  -40.498  28.585  -18.701 0.0000000000
104663  -40.632  29.578  -17.595 0.0000000000
89168  -41.773  8.450  -10.529 0.0000000000
89167  -40.876  8.634  -10.272 0.0000000000
90051  -40.365  9.270  -10.603 0.0000000000
90945  -39.390  10.355  -10.271 0.0000000000
93503  -40.473  13.666  -8.612 0.0000000000
92763  -40.167  12.999  -9.215 0.0000000000
93515  -40.700  13.546  -8.995 0.0000000000
93532  -41.328  14.021  -10.224 0.0000000000
151551  -41.130  14.163  -10.904 0.0000000000
94224  -42.560  14.950  -10.393 0.0000000000
94225  -43.160  15.371  -10.843 0.0000000000
101220  -46.692  24.145  -12.364 0.0000000000
101232  -46.566  24.447  -13.216 0.0000000000
101233  -47.311  24.132  -13.040 0.0000000000
101246  -47.723  24.585  -14.492 0.0000000000
101272  -50.750  24.727  -17.279 0.0000000000
101271  -49.884  24.651  -16.513 0.0000000000
102024  -49.763  25.228  -17.297 0.0000000000
102711  -48.267  26.908  -19.287 0.0000000000
103321  -47.731  27.118  -19.789 0.0000000000
103332  -48.578  27.523  -20.160 0.0000000000
103341  -48.069  27.856  -21.119 0.0000000000
103348  -47.503  27.764  -22.048 0.0000000000
103349  -48.076  28.085  -21.181 0.0000000000
103981  -48.743  28.150  -20.564 0.0000000000
104689  -48.608  28.584  -20.433 0.0000000000
130115  -49.959  27.434  -16.570 0.0000000000
103942  -49.501  28.279  -17.801 0.0000000000
103941  -48.621  28.542  -17.285 0.0000000000
103952  -47.943  28.994  -17.729 0.0000000000
104657  -47.079  29.323  -17.237 0.0000000000
104643  -46.905  29.153  -16.315 0.0000000000
132462  -40.839  8.371  -21.860 0.0000000000
96332  -34.143  17.438  -4.877 0.0000000000
97055  -34.738  18.091  -5.968 0.0000000000
139117  -34.272  17.947  -5.351 0.0000000000
97698  -34.558  19.456  -6.593 0.0000000000
98423  -34.180  20.746  -6.944 0.0000000000
100474  -34.307  23.461  -6.263 0.0000000000
100482  -34.503  23.279  -7.104 0.0000000000
101160  -35.571  24.354  -7.215 0.0000000000
101169  -37.291  25.122  -8.801 0.0000000000
101917  -37.764  25.239  -9.377 0.0000000000
128977  -38.121  25.418  -8.796 0.0000000000
101904  -39.326  25.538  -8.854 0.0000000000
101905  -40.276  25.464  -8.603 0.0000000000
101878  -42.495  25.626  -7.034 0.0000000000
101170  -44.963  24.882  -8.344 0.0000000000
149988  -45.148  24.733  -8.923 0.0000000000
101163  -46.353  24.456  -8.255 0.0000000000
88318  -51.103  7.744  -14.652 0.0000000000
88306  -51.277  7.629  -13.878 0.0000000000
88294  -50.715  7.416  -13.251 0.0000000000
141457  -50.155  7.259  -12.614 0.0000000000
88247  -49.246  7.935  -9.131 0.0000000000
88256  -49.469  7.604  -9.723 0.0000000000
87366  -49.022  7.111  -10.105 0.0000000000
87365  -48.314  6.929  -9.761 0.0000000000
87364  -47.463  6.716  -9.466 0.0000000000
87377  -46.866  6.784  -10.274 0.0000000000
87375  -45.072  6.851  -10.094 0.0000000000
87362  -45.534  6.363  -9.415 0.0000000000
86451  -44.963  6.021  -8.985 0.0000000000
87348  -43.489  5.937  -8.800 0.0000000000
86416  -42.407  5.861  -5.779 0.0000000000
131519  -41.977  5.575  -6.292 0.0000000000
86424  -41.282  5.522  -6.366 0.0000000000
87326  -40.410  5.607  -6.557 0.0000000000
88232  -38.576  7.534  -7.268 0.0000000000
88221  -38.304  7.064  -6.747 0.0000000000
88095  -45.345  8.273  4.818 0.0000000000
89007  -46.685  8.509  5.695 0.0000000000
88108  -45.573  7.771  4.373 0.0000000000
137336  -46.158  7.688  4.260 0.0000000000
88132  -47.033  7.932  3.287 0.0000000000
89045  -47.478  8.355  2.791 0.0000000000
88144  -46.049  7.960  1.893 0.0000000000
88161  -45.113  7.817  0.841 0.0000000000
88173  -44.838  7.808  -0.175 0.0000000000
88172  -44.034  7.616  -0.707 0.0000000000
150659  -44.192  7.602  0.006 0.0000000000
88170  -42.632  7.309  -0.592 0.0000000000
87258  -41.331  6.904  -0.585 0.0000000000
89089  -34.897  8.394  -3.133 0.0000000000
90900  -34.217  10.205  -3.302 0.0000000000
90899  -33.896  10.841  -3.621 0.0000000000
91895  -33.690  12.045  -4.161 0.0000000000
91890  -33.806  11.581  -3.512 0.0000000000
139579  -34.084  12.078  -2.984 0.0000000000
92708  -34.490  12.743  -2.709 0.0000000000
92039  -48.836  11.938  -20.785 0.0000000000
92025  -47.144  11.251  -19.987 0.0000000000
150439  -46.545  10.955  -20.115 0.0000000000
90969  -42.393  10.232  -12.944 0.0000000000
132412  -42.129  10.907  -14.316 0.0000000000
91033  -41.224  10.463  -17.067 0.0000000000
151289  -41.558  10.368  -17.508 0.0000000000
91060  -43.455  10.203  -19.206 0.0000000000
91074  -43.480  9.877  -21.527 0.0000000000
91073  -41.801  10.213  -21.085 0.0000000000
141680  -40.671  12.559  -20.519 0.0000000000
93597  -41.132  13.747  -22.840 0.0000000000
93598  -41.552  14.455  -22.767 0.0000000000
131793  -37.567  20.024  -8.561 0.0000000000
97068  -38.204  19.258  -8.432 0.0000000000
98430  -38.625  19.957  -8.991 0.0000000000
146017  -39.604  19.702  -9.042 0.0000000000
97712  -40.279  19.682  -9.110 0.0000000000
99192  -40.584  21.344  -13.518 0.0000000000
98463  -40.771  20.663  -12.223 0.0000000000
98468  -40.949  20.802  -13.086 0.0000000000
98465  -42.242  20.049  -12.847 0.0000000000
127563  -42.844  19.208  -11.727 0.0000000000
97738  -43.543  19.063  -12.113 0.0000000000
128152  -44.371  18.856  -12.552 0.0000000000
97743  -44.506  19.094  -13.413 0.0000000000
102020  -43.030  25.797  -16.142 0.0000000000
102682  -43.783  26.004  -16.614 0.0000000000
102031  -42.604  25.413  -17.252 0.0000000000
101290  -42.710  24.374  -18.142 0.0000000000
145891  -45.765  22.068  -18.973 0.0000000000
99235  -45.108  21.727  -18.269 0.0000000000
99226  -45.833  21.087  -17.911 0.0000000000
98506  -45.481  20.693  -17.187 0.0000000000
97769  -45.975  19.741  -16.076 0.0000000000
97771  -47.147  18.949  -16.247 0.0000000000
96400  -47.195  17.815  -15.694 0.0000000000
95681  -46.675  17.393  -15.698 0.0000000000
96406  -47.249  17.704  -16.437 0.0000000000
96415  -47.243  17.640  -17.335 0.0000000000
95697  -46.567  17.243  -17.866 0.0000000000
97153  -46.476  18.835  -20.129 0.0000000000
96442  -46.450  18.326  -19.942 0.0000000000
96441  -45.827  17.925  -20.117 0.0000000000
131895  -45.205  17.240  -20.543 0.0000000000
94990  -44.187  16.287  -21.498 0.0000000000
94995  -43.689  16.097  -21.897 0.0000000000
95719  -44.080  16.480  -21.507 0.0000000000
95717  -42.776  16.059  -22.372 0.0000000000
94987  -41.655  15.948  -22.371 0.0000000000
95703  -42.880  16.560  -21.090 0.0000000000
98529  -43.445  20.691  -19.630 0.0000000000
97785  -42.981  20.092  -19.029 0.0000000000
97139  -42.235  19.143  -18.243 0.0000000000
103346  -45.671  27.810  -22.340 0.0000000000
102744  -43.921  26.618  -22.030 0.0000000000
102735  -41.051  25.829  -20.085 0.0000000000
101294  -40.517  24.098  -20.321 0.0000000000
100594  -40.338  23.329  -20.260 0.0000000000
99933  -40.189  22.704  -19.948 0.0000000000
99924  -39.532  22.570  -19.173 0.0000000000
99222  -38.613  21.977  -18.121 0.0000000000
99923  -39.007  22.492  -18.533 0.0000000000
99915  -38.545  22.859  -17.901 0.0000000000
102689  -38.477  26.510  -17.527 0.0000000000
132102  -38.141  26.002  -16.925 0.0000000000
102018  -37.685  25.570  -16.332 0.0000000000
102001  -37.271  25.106  -15.801 0.0000000000
101256  -36.848  24.571  -15.444 0.0000000000
90033  -39.164  9.599  -8.996 0.0000000000
91924  -38.706  11.069  -8.535 0.0000000000
92746  -39.272  12.637  -8.302 0.0000000000
92745  -38.764  12.348  -7.939 0.0000000000
93492  -39.146  13.074  -8.025 0.0000000000
93502  -39.778  13.213  -8.394 0.0000000000
94890  -40.881  14.876  -8.722 0.0000000000
95617  -41.647  15.965  -9.274 0.0000000000
100545  -48.806  23.591  -13.171 0.0000000000
100535  -49.469  23.133  -12.582 0.0000000000
100546  -49.815  23.265  -13.579 0.0000000000
100557  -50.261  23.398  -14.576 0.0000000000
100558  -51.478  23.058  -14.934 0.0000000000
101263  -50.897  24.128  -16.529 0.0000000000
102036  -51.093  25.784  -18.213 0.0000000000
102714  -50.723  26.542  -18.661 0.0000000000
152627  -50.364  27.427  -19.146 0.0000000000
103323  -50.745  26.997  -18.734 0.0000000000
103310  -50.893  26.976  -17.936 0.0000000000
103300  -50.811  26.934  -17.040 0.0000000000
102676  -51.319  26.326  -16.444 0.0000000000
145434  -49.633  27.209  -15.747 0.0000000000
89303  -42.021  8.391  -23.629 0.0000000000
138670  -34.406  18.841  -3.222 0.0000000000
97685  -33.652  19.450  -4.387 0.0000000000
97673  -33.893  19.813  -3.911 0.0000000000
99124  -33.750  21.409  -4.542 0.0000000000
99118  -34.634  21.555  -3.939 0.0000000000
151266  -34.329  22.197  -4.228 0.0000000000
100470  -34.353  23.561  -5.539 0.0000000000
89139  -46.959  8.063  -7.119 0.0000000000
88235  -46.614  7.187  -7.516 0.0000000000
87342  -45.922  6.734  -7.373 0.0000000000
88223  -45.422  7.065  -6.510 0.0000000000
87329  -44.778  6.511  -6.549 0.0000000000
87328  -44.154  6.471  -6.094 0.0000000000
146453  -44.861  8.195  -5.230 0.0000000000
88211  -44.366  7.474  -5.408 0.0000000000
87310  -41.939  6.249  -5.098 0.0000000000
87309  -41.093  5.898  -4.997 0.0000000000
87295  -40.665  6.353  -4.270 0.0000000000
89872  -47.445  10.276  8.625 0.0000000000
89881  -47.111  10.870  8.237 0.0000000000
89893  -46.649  10.963  6.760 0.0000000000
89905  -45.986  9.996  5.730 0.0000000000
89005  -45.257  9.017  5.150 0.0000000000
89036  -44.234  8.183  4.026 0.0000000000
89984  -37.070  9.906  -1.348 0.0000000000
145135  -36.774  10.452  -1.894 0.0000000000
90884  -37.560  10.749  -1.932 0.0000000000
91872  -38.497  11.261  -2.039 0.0000000000
91864  -39.674  11.350  -0.955 0.0000000000
91873  -39.355  11.609  -1.842 0.0000000000
91885  -39.095  11.936  -2.368 0.0000000000
150751  -39.864  11.871  -13.727 0.0000000000
91972  -40.221  11.645  -14.182 0.0000000000
92796  -39.708  12.039  -14.382 0.0000000000
91978  -39.946  11.636  -15.042 0.0000000000
91982  -39.759  11.659  -15.881 0.0000000000
93556  -39.567  12.807  -15.320 0.0000000000
92805  -39.551  12.230  -15.961 0.0000000000
91991  -40.088  11.188  -16.573 0.0000000000
91045  -40.365  10.885  -18.080 0.0000000000
132980  -40.794  10.672  -18.915 0.0000000000
92010  -40.028  11.464  -18.162 0.0000000000
93574  -40.475  13.012  -18.651 0.0000000000
93570  -40.865  13.666  -18.011 0.0000000000
93575  -41.212  13.628  -19.036 0.0000000000
94285  -41.972  14.222  -19.519 0.0000000000
99866  -38.081  23.000  -11.365 0.0000000000
99867  -38.608  22.640  -11.790 0.0000000000
99876  -39.138  22.596  -12.457 0.0000000000
133516  -39.534  22.518  -13.046 0.0000000000
101229  -39.706  24.378  -13.539 0.0000000000
99892  -39.742  22.920  -13.672 0.0000000000
99191  -40.039  22.006  -13.501 0.0000000000
99200  -40.680  21.696  -14.176 0.0000000000
99208  -40.964  22.078  -14.979 0.0000000000
99209  -41.663  21.623  -15.367 0.0000000000
102725  -44.170  26.089  -19.106 0.0000000000
102054  -43.827  25.352  -19.315 0.0000000000
100602  -44.352  24.389  -19.939 0.0000000000
100597  -44.638  23.658  -19.838 0.0000000000
99943  -45.647  23.349  -20.310 0.0000000000
99237  -47.527  21.295  -19.125 0.0000000000
98519  -48.017  20.619  -18.737 0.0000000000
97783  -48.133  19.422  -18.240 0.0000000000
98520  -48.478  20.043  -18.924 0.0000000000
98531  -48.393  20.104  -19.800 0.0000000000
97795  -47.857  19.461  -20.003 0.0000000000
98542  -48.108  21.071  -21.186 0.0000000000
97794  -47.204  19.485  -20.499 0.0000000000
97146  -45.258  18.458  -20.092 0.0000000000
98538  -43.903  21.308  -20.443 0.0000000000
99257  -42.429  22.252  -21.239 0.0000000000
103978  -44.119  28.649  -20.693 0.0000000000
144491  -43.666  28.030  -21.002 0.0000000000
103977  -43.196  28.323  -20.469 0.0000000000
103329  -42.492  28.075  -20.261 0.0000000000
102724  -41.234  26.876  -19.897 0.0000000000
141429  -40.595  26.541  -19.499 0.0000000000
102041  -39.617  25.708  -18.667 0.0000000000
102705  -39.541  26.597  -18.535 0.0000000000
103308  -38.863  27.862  -17.911 0.0000000000
145145  -38.201  28.211  -17.432 0.0000000000
131113  -44.702  8.812  -11.771 0.0000000000
90065  -45.021  9.278  -12.336 0.0000000000
90063  -43.524  9.344  -11.919 0.0000000000
90073  -42.178  9.781  -12.329 0.0000000000
90968  -41.336  10.205  -12.590 0.0000000000
90935  -39.208  10.180  -9.506 0.0000000000
90955  -39.276  11.030  -10.834 0.0000000000
91963  -39.436  11.517  -11.777 0.0000000000
153135  -39.522  11.866  -12.434 0.0000000000
141284  -39.714  11.850  -13.103 0.0000000000
93541  -39.595  13.225  -12.998 0.0000000000
133101  -39.923  13.825  -13.235 0.0000000000
94230  -40.765  14.235  -11.692 0.0000000000
94243  -40.516  14.425  -12.905 0.0000000000
152826  -40.623  14.652  -13.580 0.0000000000
94244  -41.156  14.998  -13.232 0.0000000000
95646  -43.449  16.117  -13.751 0.0000000000
101963  -43.868  25.269  -12.377 0.0000000000
101977  -44.398  25.233  -13.097 0.0000000000
127337  -45.008  25.223  -13.665 0.0000000000
101990  -44.816  25.531  -14.470 0.0000000000
101991  -45.649  25.215  -14.209 0.0000000000
102006  -44.677  25.757  -15.305 0.0000000000
102684  -45.397  26.164  -16.634 0.0000000000
102692  -45.269  26.488  -17.559 0.0000000000
101260  -48.157  24.758  -15.119 0.0000000000
102023  -48.940  25.181  -16.464 0.0000000000
132935  -48.132  25.175  -15.765 0.0000000000
127055  -47.254  25.547  -15.993 0.0000000000
127168  -46.141  26.352  -17.167 0.0000000000
126912  -45.264  26.672  -18.351 0.0000000000
102708  -44.845  26.586  -18.913 0.0000000000
102738  -45.432  26.115  -20.524 0.0000000000
103330  -46.780  26.955  -20.466 0.0000000000
102070  -46.334  25.788  -21.718 0.0000000000
102081  -46.664  25.627  -23.816 0.0000000000
134379  -46.349  25.214  -23.934 0.0000000000
102088  -46.609  25.816  -23.902 0.0000000000
102751  -46.780  26.804  -23.695 0.0000000000
103996  -47.254  27.561  -22.658 0.0000000000
103995  -47.022  27.827  -22.719 0.0000000000
103351  -46.076  27.214  -23.146 0.0000000000
103979  -45.354  28.643  -21.403 0.0000000000
104694  -45.739  29.258  -20.905 0.0000000000
103322  -50.073  27.915  -19.250 0.0000000000
149716  -48.576  29.006  -19.811 0.0000000000
103953  -48.949  28.707  -18.414 0.0000000000
104681  -48.655  29.044  -19.165 0.0000000000
104688  -47.935  29.269  -20.209 0.0000000000
104677  -44.779  29.672  -19.472 0.0000000000
141494  -35.546  15.079  -6.161 0.0000000000
94877  -36.634  15.320  -7.040 0.0000000000
94876  -36.107  15.776  -6.600 0.0000000000
96336  -36.631  17.553  -7.090 0.0000000000
97062  -36.767  18.521  -7.414 0.0000000000
97061  -35.928  18.836  -7.138 0.0000000000
97704  -37.212  19.352  -7.974 0.0000000000
98429  -37.012  20.631  -8.737 0.0000000000
99151  -37.406  21.563  -9.689 0.0000000000
98417  -33.551  20.547  -5.761 0.0000000000
134520  -33.750  20.903  -6.460 0.0000000000
99134  -34.858  21.746  -7.771 0.0000000000
151869  -34.827  23.077  -7.728 0.0000000000
99825  -35.096  22.521  -8.064 0.0000000000
99138  -35.584  21.832  -8.378 0.0000000000
99139  -36.224  21.947  -8.937 0.0000000000
99150  -36.747  22.122  -9.489 0.0000000000
99843  -37.156  22.402  -10.071 0.0000000000
100520  -37.835  23.657  -11.243 0.0000000000
101203  -38.291  24.301  -11.575 0.0000000000
101944  -38.672  25.045  -11.328 0.0000000000
101931  -38.622  25.375  -10.476 0.0000000000
146411  -39.161  25.480  -11.007 0.0000000000
101945  -39.413  25.318  -11.617 0.0000000000
101946  -40.896  25.682  -11.239 0.0000000000
101947  -41.559  25.691  -11.671 0.0000000000
101948  -42.398  25.529  -11.310 0.0000000000
101890  -39.114  25.543  -7.435 0.0000000000
135124  -40.648  25.432  -7.859 0.0000000000
144936  -41.023  25.408  -8.493 0.0000000000
101893  -42.447  25.411  -7.786 0.0000000000
101907  -42.402  25.353  -8.494 0.0000000000
101921  -41.621  25.438  -9.513 0.0000000000
136965  -42.909  25.327  -10.001 0.0000000000
126941  -43.259  25.277  -10.813 0.0000000000
101949  -43.937  25.116  -11.442 0.0000000000
101206  -44.660  24.770  -11.237 0.0000000000
135326  -45.256  24.515  -11.103 0.0000000000
101207  -45.835  24.311  -11.320 0.0000000000
130815  -45.691  24.475  -9.280 0.0000000000
101195  -46.314  24.119  -10.756 0.0000000000
101208  -46.497  24.083  -11.531 0.0000000000
100522  -46.973  23.866  -10.951 0.0000000000
100523  -47.654  23.572  -11.155 0.0000000000
100514  -48.323  23.301  -10.588 0.0000000000
129247  -48.082  23.489  -9.083 0.0000000000
88317  -50.296  7.979  -14.897 0.0000000000
89213  -49.494  8.411  -14.804 0.0000000000
89212  -48.827  8.597  -14.402 0.0000000000
89202  -47.717  8.598  -13.437 0.0000000000
89193  -46.406  8.657  -12.495 0.0000000000
88283  -50.403  7.374  -11.770 0.0000000000
88282  -49.734  7.171  -12.041 0.0000000000
87380  -49.122  7.013  -10.898 0.0000000000
87390  -49.099  7.083  -11.775 0.0000000000
88292  -48.316  7.366  -12.249 0.0000000000
89183  -45.816  8.412  -11.981 0.0000000000
88278  -45.212  8.268  -11.550 0.0000000000
89171  -44.435  8.120  -11.117 0.0000000000
88266  -43.039  7.804  -10.337 0.0000000000
88254  -44.243  6.998  -9.995 0.0000000000
89155  -42.203  7.900  -10.161 0.0000000000
89154  -41.350  8.058  -9.933 0.0000000000
88250  -40.243  8.054  -9.122 0.0000000000
86436  -43.904  5.683  -8.202 0.0000000000
86435  -43.197  5.681  -8.162 0.0000000000
130547  -41.845  5.470  -6.929 0.0000000000
87338  -41.475  5.747  -7.602 0.0000000000
87346  -41.819  6.204  -8.410 0.0000000000
88241  -40.401  7.384  -8.664 0.0000000000
89145  -39.655  8.149  -8.693 0.0000000000
137538  -39.066  8.964  -8.596 0.0000000000
90923  -38.176  10.031  -7.820 0.0000000000
90922  -37.711  10.009  -7.407 0.0000000000
91915  -37.332  11.316  -7.287 0.0000000000
91909  -36.478  11.627  -6.866 0.0000000000
92737  -35.655  12.985  -6.396 0.0000000000
89986  -47.516  9.541  -1.465 0.0000000000
88123  -50.328  7.593  4.017 0.0000000000
88110  -51.033  8.537  4.562 0.0000000000
89919  -51.182  9.581  4.451 0.0000000000
89873  -48.156  9.796  8.818 0.0000000000
89882  -48.608  9.564  8.481 0.0000000000
89896  -49.275  9.472  7.767 0.0000000000
89008  -47.565  8.468  5.643 0.0000000000
89907  -49.855  9.346  6.817 0.0000000000
89908  -50.372  9.397  5.793 0.0000000000
89039  -50.788  9.737  4.625 0.0000000000
89935  -51.266  9.966  3.882 0.0000000000
89934  -50.748  10.229  3.543 0.0000000000
89945  -50.129  10.453  2.481 0.0000000000
89952  -49.048  10.117  1.535 0.0000000000
89055  -47.505  8.682  1.931 0.0000000000
148504  -47.735  9.094  1.418 0.0000000000
89967  -47.919  9.657  0.263 0.0000000000
89977  -47.535  9.469  -0.475 0.0000000000
89976  -46.843  9.014  -1.131 0.0000000000
89985  -46.860  9.107  -2.034 0.0000000000
89092  -46.139  8.718  -2.473 0.0000000000
88198  -43.893  8.047  -3.489 0.0000000000
88182  -44.141  7.731  -1.737 0.0000000000
88189  -43.416  7.707  -2.869 0.0000000000
87286  -41.878  6.967  -3.905 0.0000000000
87285  -41.243  6.754  -3.704 0.0000000000
127344  -39.650  6.271  -4.058 0.0000000000
87248  -41.685  7.115  0.193 0.0000000000
87257  -40.489  6.739  -0.601 0.0000000000
133317  -40.152  6.568  -1.402 0.0000000000
87266  -39.329  6.555  -1.471 0.0000000000
138620  -39.863  6.485  -2.188 0.0000000000
148156  -39.682  6.434  -3.023 0.0000000000
87283  -38.781  6.323  -3.307 0.0000000000
87294  -38.782  6.171  -4.213 0.0000000000
92731  -35.182  12.280  -6.115 0.0000000000
145878  -35.392  13.543  -6.163 0.0000000000
94194  -35.093  14.578  -5.801 0.0000000000
141493  -34.902  15.196  -5.581 0.0000000000
141495  -34.336  15.222  -4.950 0.0000000000
93473  -33.924  13.613  -4.415 0.0000000000
94191  -34.122  14.497  -4.622 0.0000000000
94871  -34.217  15.978  -4.619 0.0000000000
95589  -33.937  16.820  -3.743 0.0000000000
96315  -34.038  17.537  -3.484 0.0000000000
91882  -36.014  11.395  -2.316 0.0000000000
92709  -35.262  12.511  -2.446 0.0000000000
94849  -35.195  15.304  -2.549 0.0000000000
138634  -34.672  16.996  -2.755 0.0000000000
96316  -34.421  17.563  -2.981 0.0000000000
97026  -34.683  18.278  -2.892 0.0000000000
97027  -35.444  18.356  -2.700 0.0000000000
97028  -36.389  18.404  -2.669 0.0000000000
95575  -37.162  16.671  -2.422 0.0000000000
96309  -37.974  17.363  -2.582 0.0000000000
97029  -37.487  18.484  -2.822 0.0000000000
90176  -48.871  10.595  -22.001 0.0000000000
127889  -48.290  11.412  -21.699 0.0000000000
90189  -47.877  10.525  -22.200 0.0000000000
150663  -47.241  10.607  -22.261 0.0000000000
90188  -47.088  10.157  -22.368 0.0000000000
90187  -46.308  9.890  -22.383 0.0000000000
90087  -45.225  10.026  -13.323 0.0000000000
90984  -45.414  10.340  -13.885 0.0000000000
90982  -43.769  10.459  -13.811 0.0000000000
144815  -44.347  10.496  -14.099 0.0000000000
90995  -44.852  10.537  -14.352 0.0000000000
90993  -41.535  11.015  -14.804 0.0000000000
91004  -42.212  10.787  -15.289 0.0000000000
91019  -43.589  10.566  -16.242 0.0000000000
128008  -45.013  10.716  -17.092 0.0000000000
91063  -46.014  10.778  -19.594 0.0000000000
133425  -45.726  10.484  -21.798 0.0000000000
91102  -45.843  10.141  -22.286 0.0000000000
90186  -45.434  9.541  -22.395 0.0000000000
132498  -44.399  9.225  -22.690 0.0000000000
151552  -43.759  9.235  -22.955 0.0000000000
89314  -42.710  9.035  -23.562 0.0000000000
89313  -42.157  8.990  -23.822 0.0000000000
90171  -41.703  9.401  -23.574 0.0000000000
140135  -41.465  10.516  -22.235 0.0000000000
90184  -41.186  9.413  -23.424 0.0000000000
90183  -40.607  10.343  -23.110 0.0000000000
94880  -37.227  15.319  -7.412 0.0000000000
140364  -37.539  16.100  -7.592 0.0000000000
95603  -38.338  16.142  -7.992 0.0000000000
97064  -38.523  18.528  -8.287 0.0000000000
96345  -39.022  17.924  -8.305 0.0000000000
95604  -39.261  16.167  -8.346 0.0000000000
139668  -40.441  17.243  -8.748 0.0000000000
95609  -40.996  16.663  -9.041 0.0000000000
140129  -41.643  17.050  -9.404 0.0000000000
99165  -39.210  21.129  -10.775 0.0000000000
98449  -39.796  20.512  -10.069 0.0000000000
98457  -40.636  20.472  -11.230 0.0000000000
98451  -41.218  19.945  -10.503 0.0000000000
97713  -41.131  19.470  -9.631 0.0000000000
139500  -41.278  19.228  -9.606 0.0000000000
97079  -41.755  18.628  -9.780 0.0000000000
95618  -42.313  16.260  -9.630 0.0000000000
95619  -42.985  16.485  -10.004 0.0000000000
95625  -43.556  16.562  -10.422 0.0000000000
94909  -44.253  16.122  -11.376 0.0000000000
97088  -44.440  18.028  -11.187 0.0000000000
95633  -44.683  16.703  -11.448 0.0000000000
94916  -44.412  15.923  -11.911 0.0000000000
94924  -44.480  15.948  -12.548 0.0000000000
95647  -44.388  16.126  -13.352 0.0000000000
101975  -42.550  25.773  -13.630 0.0000000000
101988  -42.292  25.787  -14.482 0.0000000000
102003  -41.229  25.341  -15.068 0.0000000000
147199  -42.369  25.667  -15.796 0.0000000000
101259  -41.684  25.299  -15.890 0.0000000000
101258  -40.953  24.763  -15.494 0.0000000000
100567  -41.319  23.167  -15.981 0.0000000000
99903  -41.393  22.395  -15.701 0.0000000000
99210  -42.420  21.245  -15.693 0.0000000000
102043  -43.231  24.892  -18.756 0.0000000000
100588  -42.952  23.759  -18.389 0.0000000000
100581  -42.577  23.585  -17.819 0.0000000000
99234  -44.261  22.211  -18.231 0.0000000000
99918  -43.496  22.393  -17.901 0.0000000000
99917  -42.712  22.753  -17.545 0.0000000000
99216  -42.754  21.560  -16.463 0.0000000000
98487  -42.940  20.628  -15.177 0.0000000000
98479  -43.585  20.049  -14.576 0.0000000000
135453  -44.576  19.432  -14.347 0.0000000000
97744  -45.384  18.772  -13.795 0.0000000000
136637  -45.831  19.328  -15.363 0.0000000000
97116  -46.141  18.462  -14.159 0.0000000000
97103  -46.190  18.103  -13.359 0.0000000000
133554  -46.028  16.501  -13.436 0.0000000000
95657  -45.251  16.375  -13.829 0.0000000000
95656  -44.021  16.357  -14.383 0.0000000000
94946  -43.408  15.967  -16.402 0.0000000000
95680  -45.830  16.962  -16.349 0.0000000000
94973  -43.208  15.129  -18.873 0.0000000000
97142  -47.895  18.710  -18.506 0.0000000000
139816  -47.137  17.659  -18.156 0.0000000000
96433  -46.136  17.679  -19.810 0.0000000000
95705  -45.769  16.961  -19.563 0.0000000000
95695  -45.260  16.372  -19.143 0.0000000000
139298  -43.755  15.309  -20.064 0.0000000000
94298  -42.183  14.706  -22.173 0.0000000000
94306  -42.030  14.908  -22.881 0.0000000000
94307  -42.192  15.785  -22.814 0.0000000000
94314  -41.733  15.369  -23.021 0.0000000000
93604  -41.170  14.548  -23.145 0.0000000000
96423  -43.089  17.776  -19.031 0.0000000000
101320  -46.047  24.483  -24.051 0.0000000000
100615  -44.698  23.583  -23.559 0.0000000000
102079  -44.398  25.150  -23.174 0.0000000000
99958  -43.772  23.036  -22.967 0.0000000000
99949  -42.875  22.818  -22.330 0.0000000000
99942  -42.249  22.647  -21.741 0.0000000000
102743  -43.105  26.655  -21.428 0.0000000000
102066  -41.614  25.334  -20.827 0.0000000000
102072  -41.958  24.871  -21.436 0.0000000000
101308  -41.943  24.064  -21.820 0.0000000000
99941  -41.575  22.698  -21.409 0.0000000000
99256  -41.720  22.349  -21.062 0.0000000000
99244  -41.105  21.859  -20.172 0.0000000000
98526  -40.793  21.227  -19.299 0.0000000000
98515  -40.234  20.871  -18.748 0.0000000000
98514  -39.620  21.359  -18.805 0.0000000000
97774  -39.560  19.737  -17.514 0.0000000000
98504  -37.685  20.778  -17.021 0.0000000000
100579  -38.125  23.451  -17.271 0.0000000000
100574  -37.527  23.011  -16.724 0.0000000000
100553  -36.479  23.990  -15.177 0.0000000000
105334  -44.979  30.661  -16.020 0.0000000000
105342  -43.669  30.843  -16.669 0.0000000000
105318  -44.183  30.671  -14.841 0.0000000000
105341  -42.783  30.831  -16.537 0.0000000000
104654  -41.228  30.143  -16.972 0.0000000000
105339  -40.907  30.638  -16.112 0.0000000000
104653  -40.306  29.955  -16.823 0.0000000000
104661  -38.994  29.202  -17.340 0.0000000000
103949  -38.229  28.900  -17.198 0.0000000000
86414  -40.735  5.576  -5.695 0.0000000000
86426  -43.718  5.810  -6.730 0.0000000000
86431  -43.384  5.597  -7.496 0.0000000000
87201  -49.835  7.276  7.435 0.0000000000
87259  -42.119  7.174  -0.589 0.0000000000
87267  -40.987  6.739  -1.403 0.0000000000
87276  -42.256  7.219  -2.229 0.0000000000
87307  -38.456  6.158  -5.558 0.0000000000
87311  -42.834  6.629  -5.159 0.0000000000
87312  -43.622  6.876  -5.358 0.0000000000
87325  -39.458  5.889  -6.465 0.0000000000
87349  -44.299  5.916  -8.903 0.0000000000
87351  -46.385  6.600  -8.090 0.0000000000
87359  -43.026  6.609  -9.289 0.0000000000
87389  -48.429  7.063  -11.350 0.0000000000
88075  -50.577  8.516  7.044 0.0000000000
88086  -50.771  8.549  6.370 0.0000000000
88096  -46.013  7.959  5.004 0.0000000000
88098  -50.503  7.776  5.961 0.0000000000
88121  -46.302  7.674  3.422 0.0000000000
88122  -46.942  7.773  4.080 0.0000000000
88131  -46.670  8.039  2.470 0.0000000000
88142  -44.461  7.523  1.641 0.0000000000
88171  -43.153  7.409  -0.611 0.0000000000
88180  -42.644  7.320  -1.300 0.0000000000
88188  -41.863  7.083  -3.151 0.0000000000
88190  -44.065  7.895  -2.619 0.0000000000
88212  -45.108  7.760  -5.755 0.0000000000
88246  -48.740  7.924  -8.687 0.0000000000
88255  -48.840  7.371  -9.381 0.0000000000
88975  -47.620  9.552  8.847 0.0000000000
88985  -46.784  8.580  8.464 0.0000000000
89019  -44.704  8.631  4.603 0.0000000000
89023  -51.258  9.277  4.862 0.0000000000
89067  -45.924  8.122  1.106 0.0000000000
89088  -34.581  9.324  -2.923 0.0000000000
89091  -45.325  8.463  -2.800 0.0000000000
89106  -44.508  8.442  -4.084 0.0000000000
89114  -44.363  8.125  -4.772 0.0000000000
89125  -38.007  7.955  -7.012 0.0000000000
89136  -38.145  8.718  -7.406 0.0000000000
89140  -47.476  8.701  -7.199 0.0000000000
89157  -50.349  8.937  -9.615 0.0000000000
89203  -48.487  8.289  -13.764 0.0000000000
89294  -40.900  8.736  -22.992 0.0000000000
89312  -41.661  8.915  -23.695 0.0000000000
89874  -48.874  9.245  8.671 0.0000000000
89884  -50.178  9.197  7.811 0.0000000000
89897  -50.045  9.328  7.490 0.0000000000
89898  -50.360  9.149  7.220 0.0000000000
89906  -46.742  9.592  6.357 0.0000000000
89909  -50.538  9.235  6.526 0.0000000000
89944  -49.103  9.733  2.332 0.0000000000
89951  -47.987  9.480  0.992 0.0000000000
89965  -39.376  9.039  0.928 0.0000000000
89968  -48.586  10.109  0.645 0.0000000000
89997  -34.312  9.590  -3.754 0.0000000000
90003  -45.852  9.065  -5.245 0.0000000000
90010  -46.437  9.364  -5.606 0.0000000000
90091  -48.032  9.088  -14.107 0.0000000000
90892  -36.041  10.652  -2.125 0.0000000000
90919  -37.192  10.400  -7.145 0.0000000000
90928  -38.902  10.374  -8.855 0.0000000000
90971  -44.075  10.144  -13.157 0.0000000000
91082  -39.885  11.394  -22.942 0.0000000000
91103  -46.691  10.410  -22.288 0.0000000000
91880  -34.683  11.883  -2.600 0.0000000000
92710  -36.173  12.147  -2.402 0.0000000000
92712  -37.921  12.210  -2.607 0.0000000000
92717  -33.750  12.848  -3.863 0.0000000000
92730  -34.425  12.425  -5.480 0.0000000000
93468  -33.977  13.628  -3.511 0.0000000000
93483  -35.611  14.223  -6.296 0.0000000000
93484  -35.910  13.591  -6.531 0.0000000000
93524  -41.317  13.997  -9.417 0.0000000000
94193  -34.537  14.546  -5.298 0.0000000000
94211  -40.979  14.127  -8.707 0.0000000000
94212  -41.423  14.430  -9.011 0.0000000000
94237  -42.453  15.158  -11.675 0.0000000000
94261  -40.618  14.315  -15.757 0.0000000000
94305  -40.970  15.122  -23.102 0.0000000000
94312  -40.822  14.563  -23.170 0.0000000000
94873  -34.656  15.917  -5.321 0.0000000000
94901  -43.208  15.890  -10.288 0.0000000000
94908  -43.611  15.857  -10.773 0.0000000000
94914  -43.216  15.403  -11.411 0.0000000000
94965  -42.999  15.325  -17.702 0.0000000000
95572  -34.743  16.190  -2.709 0.0000000000
95582  -34.270  16.753  -3.122 0.0000000000
95594  -34.391  16.671  -5.081 0.0000000000
95598  -36.414  16.699  -6.834 0.0000000000
95626  -44.129  16.614  -10.874 0.0000000000
95639  -45.093  16.208  -12.368 0.0000000000
95659  -46.504  16.898  -13.874 0.0000000000
95669  -46.517  17.178  -14.652 0.0000000000
95718  -43.348  16.162  -22.023 0.0000000000
96306  -34.984  17.612  -2.649 0.0000000000
96326  -33.852  17.648  -4.190 0.0000000000
96335  -35.938  17.376  -6.575 0.0000000000
96339  -38.705  17.052  -8.133 0.0000000000
96347  -40.309  18.109  -8.690 0.0000000000
96358  -42.343  17.477  -9.815 0.0000000000
96359  -43.169  17.390  -10.248 0.0000000000
96365  -43.842  17.348  -10.571 0.0000000000
96373  -44.965  17.377  -11.539 0.0000000000
96374  -45.488  17.405  -12.048 0.0000000000
96379  -46.013  17.057  -12.519 0.0000000000
96385  -46.386  16.843  -13.149 0.0000000000
96386  -46.537  17.385  -13.636 0.0000000000
96401  -47.498  18.021  -16.299 0.0000000000
97036  -34.192  18.235  -3.322 0.0000000000
97057  -34.425  18.853  -6.142 0.0000000000
97071  -40.716  18.881  -8.969 0.0000000000
97072  -41.212  18.834  -9.313 0.0000000000
97102  -45.307  18.581  -12.896 0.0000000000
97121  -47.258  18.292  -15.899 0.0000000000
97694  -33.521  19.922  -5.087 0.0000000000
97706  -40.541  19.381  -9.043 0.0000000000
97723  -42.736  18.799  -10.855 0.0000000000
97730  -42.365  19.204  -10.960 0.0000000000
97737  -42.867  19.532  -12.468 0.0000000000
97758  -44.989  19.587  -15.138 0.0000000000
97761  -46.928  18.552  -15.567 0.0000000000
98399  -35.033  20.739  -3.668 0.0000000000
98411  -33.655  20.321  -4.434 0.0000000000
98420  -34.034  20.206  -6.481 0.0000000000
98425  -36.577  20.195  -8.184 0.0000000000
98431  -39.532  20.136  -9.364 0.0000000000
98440  -40.459  19.979  -9.432 0.0000000000
98441  -41.029  19.732  -9.678 0.0000000000
98458  -41.342  20.128  -11.540 0.0000000000
98489  -44.561  20.071  -15.673 0.0000000000
98496  -43.229  20.889  -15.988 0.0000000000
98508  -47.413  20.296  -17.804 0.0000000000
99127  -33.403  21.206  -5.336 0.0000000000
99152  -38.142  21.135  -9.891 0.0000000000
99176  -39.418  21.439  -11.603 0.0000000000
99201  -41.379  21.321  -14.585 0.0000000000
99807  -33.927  22.482  -4.781 0.0000000000
99817  -33.548  22.153  -6.141 0.0000000000
99824  -34.467  22.509  -7.429 0.0000000000
99842  -36.636  22.826  -9.789 0.0000000000
99854  -37.575  22.870  -10.753 0.0000000000
99855  -38.219  22.263  -11.035 0.0000000000
99908  -41.772  22.726  -16.355 0.0000000000
99909  -42.365  22.349  -16.810 0.0000000000
99925  -43.110  23.126  -18.195 0.0000000000
99934  -44.230  23.234  -19.165 0.0000000000
99935  -45.013  23.041  -19.579 0.0000000000
99959  -45.332  22.938  -23.476 0.0000000000
99970  -46.082  23.149  -23.757 0.0000000000
100475  -34.863  23.963  -6.754 0.0000000000
100501  -36.475  23.673  -9.591 0.0000000000
100510  -36.907  23.910  -10.215 0.0000000000
100511  -37.319  23.755  -10.693 0.0000000000
100543  -39.577  23.728  -13.701 0.0000000000
100559  -52.585  23.026  -15.120 0.0000000000
100566  -40.889  23.876  -15.673 0.0000000000
100568  -50.914  23.580  -15.658 0.0000000000
101167  -35.791  24.076  -8.158 0.0000000000
101168  -36.531  24.661  -8.453 0.0000000000
101171  -45.653  24.607  -8.605 0.0000000000
101173  -47.375  23.831  -8.967 0.0000000000
101182  -37.273  24.851  -9.638 0.0000000000
101184  -45.465  24.477  -9.929 0.0000000000
101202  -37.707  24.230  -10.991 0.0000000000
101209  -47.149  23.835  -11.746 0.0000000000
101283  -51.393  25.075  -17.677 0.0000000000
101284  -51.980  24.943  -17.304 0.0000000000
101311  -46.495  24.708  -22.247 0.0000000000
101315  -45.243  24.859  -23.732 0.0000000000
101877  -41.161  25.674  -6.754 0.0000000000
101880  -44.752  25.487  -6.677 0.0000000000
101887  -36.949  25.199  -7.048 0.0000000000
101891  -39.969  25.516  -7.280 0.0000000000
101892  -41.180  25.476  -7.431 0.0000000000
101903  -38.758  25.514  -8.218 0.0000000000
101908  -43.702  25.186  -8.809 0.0000000000
101919  -39.312  25.602  -9.733 0.0000000000
101922  -42.452  25.348  -9.280 0.0000000000
101950  -44.482  24.925  -11.876 0.0000000000
101959  -39.740  25.110  -12.325 0.0000000000
101987  -41.606  25.603  -14.604 0.0000000000
102002  -40.582  24.878  -14.734 0.0000000000
102005  -43.781  25.868  -15.737 0.0000000000
102022  -48.014  25.609  -16.577 0.0000000000
102032  -43.284  25.792  -17.751 0.0000000000
102055  -44.526  25.743  -19.862 0.0000000000
102602  -41.253  26.255  -5.239 0.0000000000
102681  -43.118  25.828  -16.959 0.0000000000
102695  -51.314  26.226  -18.078 0.0000000000
102707  -43.492  25.618  -18.565 0.0000000000
102713  -50.291  26.662  -19.058 0.0000000000
102729  -49.840  26.994  -19.444 0.0000000000
103293  -50.446  26.847  -16.084 0.0000000000
103320  -46.992  27.052  -19.764 0.0000000000
103334  -49.795  27.595  -19.603 0.0000000000
103352  -46.726  27.482  -23.101 0.0000000000
103972  -49.669  28.063  -19.674 0.0000000000
103980  -48.087  28.437  -21.133 0.0000000000
103987  -46.441  28.176  -22.284 0.0000000000
104687  -47.024  29.599  -19.751 0.0000000000
105331  -42.469  31.240  -15.805 0.0000000000
127029  -45.425  25.513  -14.896 0.0000000000
127268  -39.141  11.002  -9.790 0.0000000000
128418  -47.284  8.893  1.108 0.0000000000
128652  -46.154  24.203  -9.931 0.0000000000
128813  -40.106  25.639  -9.953 0.0000000000
130919  -34.742  20.914  -7.503 0.0000000000
131068  -41.499  23.771  -16.384 0.0000000000
131350  -45.591  23.896  -23.941 0.0000000000
131450  -34.109  16.203  -3.477 0.0000000000
131682  -37.875  10.683  -7.583 0.0000000000
131896  -44.589  7.440  -10.510 0.0000000000
132907  -50.955  9.369  5.353 0.0000000000
135351  -43.150  25.317  -8.267 0.0000000000
135911  -39.739  18.187  -8.525 0.0000000000
136144  -44.116  31.078  -16.028 0.0000000000
136959  -41.675  25.376  -8.822 0.0000000000
137054  -33.885  18.989  -3.676 0.0000000000
137524  -35.974  20.862  -3.753 0.0000000000
137642  -46.082  6.338  -8.776 0.0000000000
138065  -48.349  23.363  -11.424 0.0000000000
138782  -43.992  17.932  -10.770 0.0000000000
138874  -35.444  17.921  -6.418 0.0000000000
139376  -40.216  25.538  -11.773 0.0000000000
140551  -41.094  15.697  -8.960 0.0000000000
140701  -36.383  14.050  -6.838 0.0000000000
140704  -34.852  13.875  -5.694 0.0000000000
140949  -44.800  16.279  -11.846 0.0000000000
141003  -41.844  14.725  -9.372 0.0000000000
141412  -36.819  16.010  -7.182 0.0000000000
141524  -38.368  12.820  -7.726 0.0000000000
142423  -52.407  24.583  -16.364 0.0000000000
144142  -41.464  24.399  -21.233 0.0000000000
144890  -47.386  29.115  -21.233 0.0000000000
146091  -33.800  12.280  -3.477 0.0000000000
146570  -39.941  11.215  -12.599 0.0000000000
146922  -39.089  22.039  -11.960 0.0000000000
146986  -38.829  23.952  -12.442 0.0000000000
147753  -39.286  23.989  -13.136 0.0000000000
148914  -43.584  19.424  -13.054 0.0000000000
149031  -39.501  6.946  -7.695 0.0000000000
149368  -48.400  20.537  -19.473 0.0000000000
150566  -38.676  25.508  -8.815 0.0000000000
150593  -38.760  18.967  -8.550 0.0000000000
151161  -36.554  11.630  -2.391 0.0000000000
151356  -40.875  25.689  -11.944 0.0000000000
151376  -51.300  22.556  -13.589 0.0000000000
151711  -38.067  13.128  -7.624 0.0000000000
152099  -35.987  20.637  -8.149 0.0000000000
152370  -43.629  7.642  -2.177 0.0000000000
153053  -52.285  24.527  -17.003 0.0000000000
