#!ascii label  , from subject sub-v1s14x0051560_ses-1 vox2ras=TkReg
229
77650  24.831  0.833  -56.050 0.0000000000
70503  23.138  -6.207  -49.040 0.0000000000
83455  22.340  6.095  -55.898 0.0000000000
92388  20.187  15.822  -56.286 0.0000000000
69569  21.930  -7.813  -47.739 0.0000000000
85497  24.288  8.321  -55.852 0.0000000000
88687  23.265  11.238  -55.266 0.0000000000
75514  23.411  -1.053  -53.974 0.0000000000
74463  24.122  -3.066  -53.029 0.0000000000
76599  25.987  -1.165  -55.399 0.0000000000
80627  25.790  3.110  -57.807 0.0000000000
77685  27.431  0.482  -58.637 0.0000000000
128448  23.666  3.928  -55.985 0.0000000000
131685  25.001  5.918  -55.700 0.0000000000
149827  21.010  13.593  -56.471 0.0000000000
90678  22.934  13.885  -56.126 0.0000000000
72498  25.386  -4.282  -50.380 0.0000000000
87668  22.762  9.983  -55.568 0.0000000000
87669  22.145  10.689  -55.574 0.0000000000
141229  24.440  0.179  -55.277 0.0000000000
75513  24.744  -1.437  -54.559 0.0000000000
77628  25.084  -0.201  -55.764 0.0000000000
69579  22.958  -6.915  -48.380 0.0000000000
81606  23.257  5.040  -56.241 0.0000000000
81604  24.231  4.588  -57.007 0.0000000000
82548  23.985  5.813  -56.851 0.0000000000
141137  24.527  9.751  -54.728 0.0000000000
85482  24.852  8.619  -54.821 0.0000000000
92376  19.298  15.704  -55.677 0.0000000000
147584  19.665  13.500  -56.298 0.0000000000
91568  20.427  14.469  -56.382 0.0000000000
93139  22.592  16.903  -58.935 0.0000000000
93127  24.077  16.321  -57.747 0.0000000000
92384  23.453  15.344  -56.566 0.0000000000
142697  24.128  15.310  -56.406 0.0000000000
91553  24.319  14.108  -55.605 0.0000000000
74462  25.446  -2.612  -52.694 0.0000000000
73453  24.665  -3.620  -51.745 0.0000000000
68584  21.745  -8.312  -47.217 0.0000000000
83470  23.466  7.134  -56.515 0.0000000000
85498  23.330  8.647  -56.255 0.0000000000
86603  23.833  9.528  -55.299 0.0000000000
88686  23.985  11.153  -54.897 0.0000000000
73476  22.591  -2.951  -52.939 0.0000000000
75496  23.728  -1.858  -53.559 0.0000000000
131425  25.459  -1.788  -54.087 0.0000000000
139624  26.300  -1.558  -53.691 0.0000000000
79623  24.969  2.422  -57.789 0.0000000000
77667  25.434  0.706  -57.627 0.0000000000
78681  26.806  1.827  -58.774 0.0000000000
78638  23.428  1.795  -55.022 0.0000000000
79626  23.297  2.984  -55.342 0.0000000000
128738  24.167  2.483  -55.790 0.0000000000
80628  24.994  3.422  -57.885 0.0000000000
138831  25.488  4.487  -56.307 0.0000000000
82519  26.661  5.597  -54.812 0.0000000000
84446  24.339  7.398  -56.136 0.0000000000
83451  25.419  6.610  -55.048 0.0000000000
129392  21.099  12.208  -56.315 0.0000000000
92386  21.624  15.655  -56.758 0.0000000000
148518  21.698  14.941  -56.596 0.0000000000
90679  22.225  13.462  -56.303 0.0000000000
89708  21.670  12.033  -56.026 0.0000000000
89706  23.161  12.615  -55.562 0.0000000000
134627  24.670  12.761  -54.836 0.0000000000
71513  23.317  -5.300  -50.367 0.0000000000
72523  23.036  -4.105  -52.255 0.0000000000
77647  26.977  -0.538  -56.546 0.0000000000
76597  27.335  -0.753  -54.652 0.0000000000
87670  21.347  10.324  -55.795 0.0000000000
87680  21.464  11.032  -55.800 0.0000000000
67445  21.349  -9.466  -45.580 0.0000000000
67469  21.911  -9.100  -46.149 0.0000000000
82537  23.179  5.645  -56.393 0.0000000000
82536  23.788  5.257  -56.774 0.0000000000
83453  23.635  5.856  -56.690 0.0000000000
87655  25.051  10.486  -54.571 0.0000000000
86592  25.488  9.848  -54.554 0.0000000000
91555  19.117  14.703  -55.719 0.0000000000
91569  19.716  14.200  -56.222 0.0000000000
92387  20.872  15.163  -56.485 0.0000000000
92398  23.969  15.939  -56.905 0.0000000000
92383  24.799  15.401  -56.759 0.0000000000
74461  26.249  -2.408  -52.312 0.0000000000
74450  25.719  -2.867  -52.044 0.0000000000
70504  22.081  -6.653  -48.957 0.0000000000
142529  22.969  7.984  -56.319 0.0000000000
85499  22.056  8.585  -55.869 0.0000000000
136572  22.832  10.699  -55.413 0.0000000000
86604  23.317  9.312  -55.775 0.0000000000
87667  23.377  10.279  -55.217 0.0000000000
87666  24.153  10.352  -54.786 0.0000000000
93123  19.744  16.526  -56.037 0.0000000000
75497  22.827  -1.523  -53.573 0.0000000000
75512  25.447  -1.403  -54.975 0.0000000000
75511  26.097  -1.438  -54.630 0.0000000000
68567  22.371  -8.637  -46.685 0.0000000000
150379  25.269  2.904  -58.127 0.0000000000
79646  25.525  2.388  -58.258 0.0000000000
79645  26.295  2.477  -58.370 0.0000000000
78639  22.536  1.112  -54.707 0.0000000000
129012  22.847  3.869  -55.453 0.0000000000
79625  24.079  3.374  -56.143 0.0000000000
79624  24.525  3.137  -57.106 0.0000000000
80630  24.138  3.962  -56.913 0.0000000000
127462  24.443  4.971  -56.830 0.0000000000
81603  24.825  4.411  -57.078 0.0000000000
82534  25.059  5.138  -56.176 0.0000000000
82533  25.946  4.943  -55.413 0.0000000000
82520  25.709  5.741  -55.182 0.0000000000
84447  23.851  7.982  -56.483 0.0000000000
84461  23.980  7.124  -56.587 0.0000000000
84433  25.401  7.397  -54.818 0.0000000000
83441  26.451  6.451  -54.671 0.0000000000
137873  20.040  12.940  -56.414 0.0000000000
90682  19.315  12.947  -56.235 0.0000000000
89727  20.374  12.301  -56.440 0.0000000000
90680  20.898  12.984  -56.422 0.0000000000
93129  22.503  16.641  -57.957 0.0000000000
93120  22.310  16.139  -57.171 0.0000000000
92385  22.511  15.308  -56.703 0.0000000000
137205  22.970  14.688  -56.425 0.0000000000
89726  21.794  12.744  -56.242 0.0000000000
90670  22.630  13.006  -56.020 0.0000000000
89707  22.388  12.153  -55.785 0.0000000000
90669  23.245  13.324  -55.735 0.0000000000
91552  25.025  14.292  -55.777 0.0000000000
90668  23.939  13.271  -55.204 0.0000000000
90667  25.094  13.595  -55.218 0.0000000000
71514  22.406  -5.560  -50.688 0.0000000000
74476  23.576  -2.711  -53.163 0.0000000000
73466  23.472  -3.440  -52.702 0.0000000000
73442  25.012  -3.918  -51.008 0.0000000000
72510  24.236  -4.212  -51.322 0.0000000000
72499  24.604  -4.472  -50.557 0.0000000000
71512  24.181  -5.008  -50.055 0.0000000000
77666  26.208  0.187  -57.825 0.0000000000
77648  25.883  -0.315  -56.828 0.0000000000
77665  27.201  -0.103  -57.811 0.0000000000
86606  21.664  9.453  -55.751 0.0000000000
136767  22.148  9.922  -55.644 0.0000000000
88688  22.589  11.359  -55.513 0.0000000000
76602  23.056  -0.313  -54.371 0.0000000000
76601  24.017  -0.618  -54.613 0.0000000000
76600  24.866  -0.839  -55.177 0.0000000000
148931  25.454  -0.935  -55.492 0.0000000000
69568  22.810  -7.533  -47.794 0.0000000000
70491  23.719  -7.227  -47.803 0.0000000000
141367  26.467  3.460  -56.553 0.0000000000
79622  26.806  2.870  -57.299 0.0000000000
127958  22.625  4.597  -55.620 0.0000000000
81605  23.761  4.582  -56.624 0.0000000000
145137  24.123  5.238  -56.939 0.0000000000
82535  24.416  5.701  -56.496 0.0000000000
86593  24.294  9.050  -55.266 0.0000000000
141583  24.903  9.271  -54.678 0.0000000000
138954  25.762  9.121  -54.538 0.0000000000
90681  20.409  13.695  -56.434 0.0000000000
93138  23.390  16.598  -58.352 0.0000000000
93128  23.260  16.267  -57.486 0.0000000000
93119  23.143  15.836  -56.961 0.0000000000
91565  23.720  14.621  -56.072 0.0000000000
91554  23.640  13.864  -55.705 0.0000000000
91564  24.558  14.769  -56.124 0.0000000000
91563  25.330  14.684  -56.369 0.0000000000
133242  24.736  -2.892  -52.943 0.0000000000
73465  24.331  -3.388  -52.511 0.0000000000
73464  25.072  -3.129  -52.243 0.0000000000
73452  25.550  -3.357  -51.449 0.0000000000
68568  21.514  -8.721  -46.723 0.0000000000
69570  21.192  -7.989  -47.610 0.0000000000
69580  22.004  -7.287  -48.348 0.0000000000
84448  22.644  6.985  -56.179 0.0000000000
83454  23.206  6.313  -56.482 0.0000000000
131772  23.830  8.776  -56.012 0.0000000000
86605  22.671  9.194  -55.916 0.0000000000
88668  24.710  11.028  -54.653 0.0000000000
74475  24.351  -2.507  -53.354 0.0000000000
149299  24.120  -1.359  -54.076 0.0000000000
75495  24.616  -1.927  -53.866 0.0000000000
74474  25.090  -2.344  -53.405 0.0000000000
75484  25.848  -2.047  -53.161 0.0000000000
75483  26.642  -1.776  -52.856 0.0000000000
78657  24.979  1.296  -57.219 0.0000000000
78669  25.283  1.668  -58.020 0.0000000000
78668  25.922  1.472  -58.462 0.0000000000
77686  26.726  0.851  -58.653 0.0000000000
79644  27.182  2.412  -58.173 0.0000000000
79657  27.644  1.960  -58.869 0.0000000000
78680  27.409  1.266  -59.058 0.0000000000
140389  23.525  0.564  -54.793 0.0000000000
78637  24.214  1.320  -55.496 0.0000000000
78658  24.630  1.945  -56.607 0.0000000000
80629  24.544  3.933  -57.485 0.0000000000
149753  24.928  3.927  -57.579 0.0000000000
128823  25.488  3.880  -57.140 0.0000000000
81602  26.313  4.163  -55.728 0.0000000000
81590  26.772  4.849  -55.014 0.0000000000
83469  23.788  6.429  -56.665 0.0000000000
83468  24.154  6.497  -56.522 0.0000000000
83452  24.641  6.534  -55.866 0.0000000000
141108  24.809  7.818  -55.118 0.0000000000
84445  24.888  7.143  -55.351 0.0000000000
88704  20.596  11.707  -56.340 0.0000000000
151257  20.893  15.899  -56.645 0.0000000000
93121  21.262  16.307  -57.009 0.0000000000
91567  21.177  14.227  -56.501 0.0000000000
91566  22.169  14.276  -56.479 0.0000000000
138260  21.554  13.526  -56.426 0.0000000000
88703  21.239  11.580  -56.069 0.0000000000
88689  21.894  11.480  -55.743 0.0000000000
131348  23.046  11.883  -55.469 0.0000000000
89705  23.826  12.109  -55.109 0.0000000000
89693  24.930  11.878  -54.675 0.0000000000
71502  22.781  -5.789  -49.886 0.0000000000
71501  23.725  -5.571  -49.553 0.0000000000
72512  22.367  -4.658  -51.823 0.0000000000
73454  23.865  -3.912  -52.076 0.0000000000
72511  23.373  -4.468  -51.610 0.0000000000
72501  22.884  -5.051  -51.160 0.0000000000
77649  25.247  0.258  -56.597 0.0000000000
76613  26.417  -0.784  -55.891 0.0000000000
77646  27.994  -0.127  -56.482 0.0000000000
77627  27.061  -0.742  -55.504 0.0000000000
76598  26.642  -1.098  -55.083 0.0000000000
76581  26.817  -1.120  -54.137 0.0000000000
76614  25.669  -0.588  -56.017 0.0000000000
80631  23.303  4.454  -55.927 0.0000000000
152554  22.867  8.628  -56.194 0.0000000000
