#!ascii label  , from subject sub-v1s14x0051559_ses-1 vox2ras=TkReg
1164
60986  24.369  -28.704  31.554 0.0000000000
81313  37.677  -9.510  18.126 0.0000000000
70794  30.312  -19.521  25.223 0.0000000000
43556  11.925  -45.028  37.895 0.0000000000
53654  24.775  -35.761  31.759 0.0000000000
72831  32.442  -17.490  22.499 0.0000000000
149026  16.601  -40.346  34.069 0.0000000000
43576  17.244  -45.591  36.577 0.0000000000
50591  21.086  -39.019  33.238 0.0000000000
82459  42.167  -8.599  18.049 0.0000000000
64207  28.920  -26.119  30.270 0.0000000000
159147  30.984  -26.492  27.094 0.0000000000
151950  29.673  -28.830  31.726 0.0000000000
86608  40.303  -4.281  15.951 0.0000000000
86628  43.669  -4.958  13.161 0.0000000000
81291  33.731  -9.460  20.769 0.0000000000
77218  38.519  -13.228  21.428 0.0000000000
75011  34.653  -16.022  21.150 0.0000000000
70809  35.307  -19.612  24.659 0.0000000000
52664  29.155  -36.096  32.673 0.0000000000
40371  12.127  -48.549  40.497 0.0000000000
38495  8.254  -50.547  42.550 0.0000000000
38474  6.431  -50.138  46.195 0.0000000000
57998  24.300  -31.361  32.940 0.0000000000
158019  25.665  -38.434  33.227 0.0000000000
69614  27.143  -20.145  27.245 0.0000000000
67522  32.652  -22.245  28.680 0.0000000000
88718  46.951  -1.622  10.971 0.0000000000
81320  40.017  -9.160  17.921 0.0000000000
80207  40.312  -10.288  20.701 0.0000000000
63122  26.059  -26.565  31.177 0.0000000000
152622  27.816  -27.592  29.778 0.0000000000
60965  26.732  -29.017  32.067 0.0000000000
83556  37.228  -7.388  18.506 0.0000000000
137485  39.803  -5.797  17.696 0.0000000000
163787  38.638  -6.982  16.409 0.0000000000
83586  40.313  -7.125  15.727 0.0000000000
34436  8.923  -54.898  45.305 0.0000000000
141135  33.852  -13.058  20.563 0.0000000000
77222  32.894  -13.561  21.205 0.0000000000
70840  31.063  -18.716  23.151 0.0000000000
141426  33.332  -18.706  22.478 0.0000000000
69630  33.263  -20.458  24.732 0.0000000000
70753  33.074  -20.065  27.453 0.0000000000
43565  14.812  -45.595  37.137 0.0000000000
42422  17.193  -46.688  38.610 0.0000000000
42412  14.022  -47.210  39.309 0.0000000000
161610  13.792  -47.867  40.572 0.0000000000
41417  12.404  -47.571  39.355 0.0000000000
40341  8.716  -47.944  41.844 0.0000000000
38482  7.167  -51.022  44.054 0.0000000000
55825  25.979  -33.795  31.923 0.0000000000
52725  25.515  -35.613  29.226 0.0000000000
51716  23.962  -36.873  30.141 0.0000000000
48623  21.162  -40.977  36.011 0.0000000000
48633  23.062  -40.476  35.611 0.0000000000
63134  32.707  -26.320  30.318 0.0000000000
65345  32.217  -24.223  27.224 0.0000000000
75003  33.040  -15.322  22.507 0.0000000000
73905  30.647  -16.775  24.478 0.0000000000
73923  28.503  -16.961  24.248 0.0000000000
46787  19.132  -42.362  35.417 0.0000000000
145217  19.224  -44.210  36.434 0.0000000000
45741  17.141  -43.644  35.202 0.0000000000
45730  14.314  -43.111  35.965 0.0000000000
45719  12.448  -42.696  37.684 0.0000000000
155328  21.419  -37.009  31.389 0.0000000000
52672  19.505  -36.829  32.668 0.0000000000
49636  18.766  -39.936  33.786 0.0000000000
66427  30.253  -23.235  30.013 0.0000000000
66453  28.278  -23.301  27.505 0.0000000000
64231  29.421  -25.819  28.170 0.0000000000
61003  30.747  -27.968  29.617 0.0000000000
138374  43.849  -2.145  12.953 0.0000000000
163948  41.640  -4.261  13.662 0.0000000000
140925  42.565  -6.589  15.607 0.0000000000
81302  35.586  -9.330  19.101 0.0000000000
79211  37.659  -10.979  20.300 0.0000000000
149000  36.301  -11.795  20.372 0.0000000000
76095  36.436  -14.172  21.032 0.0000000000
73930  36.988  -16.940  23.270 0.0000000000
73949  33.444  -16.479  21.315 0.0000000000
141145  35.162  -18.212  22.992 0.0000000000
56924  26.906  -32.366  29.992 0.0000000000
58006  27.246  -31.575  32.895 0.0000000000
82430  36.955  -7.938  20.385 0.0000000000
43532  10.091  -45.606  40.141 0.0000000000
155838  10.028  -47.616  40.167 0.0000000000
39421  9.748  -49.535  41.215 0.0000000000
38487  10.724  -51.258  42.738 0.0000000000
36455  9.022  -52.503  43.248 0.0000000000
36442  7.502  -52.901  44.819 0.0000000000
149439  6.775  -53.194  46.323 0.0000000000
35428  5.830  -52.765  46.923 0.0000000000
59012  23.433  -30.003  30.866 0.0000000000
55864  26.667  -33.682  28.989 0.0000000000
51657  27.105  -37.306  32.575 0.0000000000
49670  23.233  -38.957  33.138 0.0000000000
70796  28.170  -18.800  25.550 0.0000000000
67553  28.650  -23.438  25.822 0.0000000000
68560  29.145  -21.641  26.486 0.0000000000
70755  30.413  -19.764  27.706 0.0000000000
59932  28.331  -30.209  34.222 0.0000000000
88727  48.750  -1.652  9.757 0.0000000000
87673  45.582  -3.289  11.711 0.0000000000
86652  47.761  -4.049  11.725 0.0000000000
81312  38.525  -9.413  17.911 0.0000000000
80220  39.766  -9.828  19.316 0.0000000000
149799  38.984  -9.940  19.064 0.0000000000
62053  25.476  -27.268  31.303 0.0000000000
61007  26.437  -27.532  30.809 0.0000000000
60984  25.972  -28.595  31.564 0.0000000000
82472  37.164  -8.241  17.776 0.0000000000
155665  37.844  -7.231  17.515 0.0000000000
146030  37.854  -8.561  17.464 0.0000000000
82470  39.050  -8.652  17.182 0.0000000000
34437  8.022  -54.696  45.783 0.0000000000
78214  32.764  -12.135  21.961 0.0000000000
78204  33.483  -12.550  23.248 0.0000000000
70813  31.106  -19.637  23.685 0.0000000000
70812  31.912  -20.059  23.811 0.0000000000
70792  32.282  -20.369  24.681 0.0000000000
136382  32.757  -20.468  25.572 0.0000000000
137291  31.806  -20.133  25.638 0.0000000000
43567  12.821  -45.254  37.449 0.0000000000
43554  14.482  -46.067  37.844 0.0000000000
42413  12.967  -46.545  38.385 0.0000000000
157513  13.075  -47.154  39.066 0.0000000000
42414  12.160  -46.810  38.779 0.0000000000
159899  25.864  -34.927  31.805 0.0000000000
53689  24.427  -35.807  29.748 0.0000000000
53672  23.494  -36.209  31.039 0.0000000000
47743  21.027  -41.658  36.609 0.0000000000
68527  28.157  -21.448  30.274 0.0000000000
64193  33.285  -25.340  30.974 0.0000000000
73921  29.782  -16.898  24.178 0.0000000000
73891  29.282  -16.033  26.243 0.0000000000
47755  18.642  -41.758  34.729 0.0000000000
46789  18.330  -42.606  34.992 0.0000000000
46800  16.998  -42.053  34.510 0.0000000000
46792  14.747  -41.863  35.587 0.0000000000
160984  13.891  -41.654  36.697 0.0000000000
45731  13.543  -43.307  36.381 0.0000000000
137645  20.717  -36.514  32.426 0.0000000000
49637  17.013  -39.546  33.736 0.0000000000
49657  17.946  -38.667  33.407 0.0000000000
48648  17.710  -40.320  33.849 0.0000000000
48636  19.416  -41.032  34.811 0.0000000000
65321  30.014  -24.662  28.714 0.0000000000
64221  28.783  -26.401  29.075 0.0000000000
145826  28.950  -28.687  31.045 0.0000000000
61023  29.402  -28.160  29.306 0.0000000000
145126  29.912  -28.646  30.776 0.0000000000
155279  31.458  -28.364  31.495 0.0000000000
60960  31.302  -28.718  32.327 0.0000000000
86609  39.882  -4.999  16.508 0.0000000000
88690  41.871  -2.989  13.910 0.0000000000
87651  40.603  -4.047  14.658 0.0000000000
83578  41.636  -7.658  16.508 0.0000000000
84567  41.816  -6.536  15.265 0.0000000000
83577  42.472  -7.492  16.679 0.0000000000
81303  34.766  -9.207  19.527 0.0000000000
80210  35.873  -10.830  20.013 0.0000000000
80211  34.775  -10.711  20.055 0.0000000000
156831  33.971  -13.900  20.494 0.0000000000
76101  35.756  -13.908  20.676 0.0000000000
76096  35.645  -14.697  20.961 0.0000000000
73938  36.880  -16.012  22.374 0.0000000000
73939  36.202  -16.470  22.230 0.0000000000
73931  32.990  -16.366  22.821 0.0000000000
155801  32.942  -15.668  21.702 0.0000000000
72842  32.786  -17.458  22.091 0.0000000000
70823  34.287  -19.579  23.520 0.0000000000
71818  34.610  -18.798  23.102 0.0000000000
71817  35.430  -18.621  23.592 0.0000000000
71816  36.206  -18.280  23.932 0.0000000000
55834  28.532  -33.730  31.020 0.0000000000
139630  28.918  -33.425  31.958 0.0000000000
82431  34.773  -8.619  21.134 0.0000000000
82438  35.074  -8.385  20.416 0.0000000000
83534  35.970  -8.002  19.451 0.0000000000
44708  18.386  -44.700  36.064 0.0000000000
43562  18.370  -45.906  37.562 0.0000000000
41391  13.102  -48.168  40.565 0.0000000000
40355  13.510  -48.345  42.115 0.0000000000
152530  12.821  -48.732  42.141 0.0000000000
40357  11.983  -49.134  41.628 0.0000000000
43518  9.956  -45.291  41.272 0.0000000000
42401  10.022  -46.810  40.043 0.0000000000
42389  9.205  -46.736  41.331 0.0000000000
40328  8.044  -48.891  42.852 0.0000000000
40359  9.189  -48.636  41.219 0.0000000000
38499  9.330  -50.156  41.687 0.0000000000
39408  10.391  -50.203  41.654 0.0000000000
38494  8.894  -50.724  42.123 0.0000000000
37516  9.627  -51.941  42.947 0.0000000000
37524  8.561  -51.146  42.519 0.0000000000
37501  6.715  -50.902  45.195 0.0000000000
143674  7.322  -51.995  44.404 0.0000000000
37505  6.908  -52.008  45.261 0.0000000000
36443  6.884  -52.632  45.786 0.0000000000
37502  6.485  -51.414  46.201 0.0000000000
58983  23.342  -30.152  34.717 0.0000000000
59935  22.987  -28.482  34.018 0.0000000000
59000  23.450  -30.531  32.616 0.0000000000
58044  24.573  -31.150  29.597 0.0000000000
56926  24.417  -31.930  30.248 0.0000000000
51700  25.543  -37.033  30.529 0.0000000000
52685  26.319  -36.710  30.864 0.0000000000
51658  26.344  -37.556  32.268 0.0000000000
144626  21.000  -38.366  32.327 0.0000000000
153553  22.444  -38.092  31.385 0.0000000000
49671  22.407  -38.861  32.965 0.0000000000
48632  24.076  -40.301  35.495 0.0000000000
78222  37.952  -12.583  21.073 0.0000000000
79205  38.922  -11.323  21.006 0.0000000000
77217  39.397  -13.128  21.669 0.0000000000
144359  27.158  -18.026  27.784 0.0000000000
72784  26.983  -17.570  26.179 0.0000000000
70777  27.228  -18.931  26.242 0.0000000000
65347  28.615  -24.383  26.575 0.0000000000
66466  27.770  -23.159  26.904 0.0000000000
65367  29.211  -24.608  25.681 0.0000000000
67530  32.432  -22.742  27.960 0.0000000000
67538  31.381  -23.087  26.664 0.0000000000
68550  31.019  -21.326  27.880 0.0000000000
70756  29.660  -19.931  27.355 0.0000000000
68545  30.713  -20.418  28.242 0.0000000000
70739  31.334  -19.796  28.698 0.0000000000
58982  27.803  -30.520  33.952 0.0000000000
158975  48.003  -1.598  10.142 0.0000000000
87665  43.413  -3.338  12.530 0.0000000000
88703  44.291  -2.462  12.335 0.0000000000
136869  44.669  -4.265  12.262 0.0000000000
86638  47.114  -4.641  12.215 0.0000000000
86637  48.109  -4.606  12.235 0.0000000000
49638  16.194  -39.230  34.439 0.0000000000
48649  15.919  -40.620  34.512 0.0000000000
82460  41.354  -8.866  18.113 0.0000000000
81298  42.655  -9.093  19.493 0.0000000000
149865  41.372  -9.461  19.461 0.0000000000
63137  27.180  -26.629  30.518 0.0000000000
63153  27.247  -26.898  30.093 0.0000000000
62068  26.686  -27.028  30.356 0.0000000000
61025  27.307  -27.965  30.443 0.0000000000
60963  28.646  -28.971  32.146 0.0000000000
158591  39.848  -6.650  18.738 0.0000000000
84540  38.505  -6.717  18.028 0.0000000000
85543  38.820  -6.278  17.241 0.0000000000
85558  39.426  -5.516  16.259 0.0000000000
84584  39.943  -5.743  15.227 0.0000000000
83587  39.516  -6.973  15.820 0.0000000000
82481  40.262  -8.221  16.855 0.0000000000
34445  9.244  -54.278  44.732 0.0000000000
81281  33.761  -9.499  21.596 0.0000000000
79215  33.547  -10.901  20.727 0.0000000000
78223  33.089  -11.814  21.293 0.0000000000
77229  33.314  -13.634  20.735 0.0000000000
76104  33.329  -14.452  20.711 0.0000000000
71830  31.675  -18.357  22.816 0.0000000000
71836  32.610  -18.136  22.312 0.0000000000
70838  32.257  -19.211  22.685 0.0000000000
70824  33.383  -19.745  23.288 0.0000000000
138138  34.082  -20.338  24.737 0.0000000000
156524  33.822  -20.486  25.632 0.0000000000
70752  34.017  -20.033  27.708 0.0000000000
51641  29.026  -37.011  33.823 0.0000000000
156863  15.679  -45.668  36.990 0.0000000000
43552  17.259  -46.365  37.844 0.0000000000
43553  15.616  -46.175  37.713 0.0000000000
42411  15.559  -46.945  39.183 0.0000000000
42400  14.968  -47.265  39.730 0.0000000000
41416  13.352  -47.755  39.816 0.0000000000
41403  11.756  -47.942  39.738 0.0000000000
41376  8.940  -47.140  41.934 0.0000000000
40327  8.064  -47.978  43.708 0.0000000000
153459  7.808  -48.881  43.739 0.0000000000
38488  7.892  -50.965  43.153 0.0000000000
39390  7.461  -49.240  44.436 0.0000000000
39380  7.129  -49.137  45.490 0.0000000000
39367  6.740  -49.235  46.264 0.0000000000
56895  25.104  -31.984  32.930 0.0000000000
55836  24.989  -32.792  30.178 0.0000000000
54743  25.201  -34.403  29.322 0.0000000000
52727  24.468  -36.478  29.790 0.0000000000
51677  24.486  -37.574  30.757 0.0000000000
48645  20.709  -40.020  34.537 0.0000000000
141700  22.421  -39.640  34.296 0.0000000000
138812  22.124  -40.672  35.784 0.0000000000
76085  38.540  -14.497  22.332 0.0000000000
69607  27.116  -20.388  28.289 0.0000000000
63163  32.137  -26.359  28.797 0.0000000000
153349  32.076  -24.976  27.196 0.0000000000
140220  32.662  -25.138  28.868 0.0000000000
65318  33.099  -24.171  29.714 0.0000000000
90768  46.733  -0.704  11.813 0.0000000000
34418  6.547  -54.665  47.116 0.0000000000
73919  33.319  -16.579  23.705 0.0000000000
73920  32.485  -16.959  23.501 0.0000000000
72821  31.241  -17.548  23.470 0.0000000000
72822  30.296  -17.737  23.637 0.0000000000
72823  29.552  -17.724  23.842 0.0000000000
71811  29.236  -18.430  24.199 0.0000000000
47732  19.902  -42.253  36.088 0.0000000000
46757  20.331  -43.254  37.703 0.0000000000
45725  19.404  -43.396  36.194 0.0000000000
163927  18.010  -44.128  35.434 0.0000000000
45727  17.416  -44.513  35.653 0.0000000000
46791  15.563  -42.367  35.141 0.0000000000
45742  15.984  -43.289  35.286 0.0000000000
44711  15.742  -44.573  36.073 0.0000000000
44712  14.523  -44.148  36.185 0.0000000000
44695  13.207  -44.638  36.976 0.0000000000
44696  12.333  -44.317  37.381 0.0000000000
53656  22.906  -36.441  31.381 0.0000000000
140918  21.336  -36.611  31.803 0.0000000000
51679  20.600  -37.113  31.759 0.0000000000
50610  20.119  -38.111  32.378 0.0000000000
51645  18.429  -37.222  33.496 0.0000000000
50593  19.423  -38.521  32.914 0.0000000000
49654  20.418  -39.476  33.690 0.0000000000
48646  20.043  -40.509  34.730 0.0000000000
47753  20.435  -41.627  36.063 0.0000000000
67498  29.683  -22.417  30.419 0.0000000000
67499  29.016  -21.979  29.783 0.0000000000
67511  29.590  -22.849  29.413 0.0000000000
65332  29.129  -24.813  27.252 0.0000000000
63181  29.579  -26.442  27.630 0.0000000000
62098  28.328  -27.020  28.997 0.0000000000
62096  29.293  -27.410  28.490 0.0000000000
62094  30.757  -27.298  28.093 0.0000000000
62080  31.884  -27.197  29.739 0.0000000000
62051  32.693  -27.336  31.429 0.0000000000
88688  43.169  -2.100  14.498 0.0000000000
88697  42.513  -2.752  13.402 0.0000000000
139922  42.844  -4.662  13.284 0.0000000000
85584  40.933  -5.345  14.437 0.0000000000
140385  42.478  -5.647  14.318 0.0000000000
81301  36.417  -9.507  18.745 0.0000000000
80222  37.617  -10.394  19.555 0.0000000000
79221  36.799  -10.696  19.836 0.0000000000
79212  36.801  -11.277  20.250 0.0000000000
77225  37.191  -12.929  20.838 0.0000000000
78230  34.675  -12.486  20.402 0.0000000000
77226  36.360  -13.311  20.663 0.0000000000
77220  37.173  -13.702  21.122 0.0000000000
76086  37.756  -14.911  22.151 0.0000000000
74995  37.951  -15.908  23.269 0.0000000000
76087  32.802  -14.364  22.420 0.0000000000
146817  32.866  -15.020  21.418 0.0000000000
73955  33.755  -16.032  20.964 0.0000000000
71835  33.216  -18.045  22.084 0.0000000000
72840  33.944  -17.660  21.872 0.0000000000
73947  34.879  -16.702  21.607 0.0000000000
72829  36.195  -17.160  22.787 0.0000000000
59024  25.354  -30.557  30.633 0.0000000000
59010  25.765  -30.186  31.834 0.0000000000
137535  27.252  -32.100  31.947 0.0000000000
146178  28.440  -32.686  33.198 0.0000000000
83548  37.290  -7.486  19.159 0.0000000000
82450  36.239  -8.181  18.857 0.0000000000
44680  11.291  -44.422  38.515 0.0000000000
43531  10.560  -44.700  39.841 0.0000000000
43542  10.881  -44.973  38.983 0.0000000000
41419  10.581  -46.520  39.396 0.0000000000
41404  10.734  -47.619  39.680 0.0000000000
40372  10.426  -48.298  40.205 0.0000000000
41392  9.125  -47.628  41.189 0.0000000000
40358  10.078  -48.892  40.709 0.0000000000
39420  10.791  -49.523  41.181 0.0000000000
39407  11.384  -49.920  42.031 0.0000000000
38492  11.006  -50.623  42.371 0.0000000000
36450  9.589  -53.168  43.815 0.0000000000
37510  8.004  -51.900  43.551 0.0000000000
36451  8.323  -52.921  43.960 0.0000000000
35457  9.075  -53.640  44.201 0.0000000000
35447  8.351  -53.706  44.587 0.0000000000
35448  7.565  -53.717  45.420 0.0000000000
35440  7.165  -54.005  46.184 0.0000000000
36435  6.389  -52.271  46.596 0.0000000000
35435  6.633  -53.523  46.675 0.0000000000
34406  6.329  -53.699  46.838 0.0000000000
62039  24.302  -27.348  32.395 0.0000000000
60947  23.480  -27.744  33.712 0.0000000000
60987  23.824  -28.842  31.537 0.0000000000
58030  25.172  -30.945  29.598 0.0000000000
161130  27.265  -32.920  29.679 0.0000000000
53668  28.390  -35.163  31.166 0.0000000000
53723  25.908  -34.528  28.752 0.0000000000
53669  27.542  -35.607  30.835 0.0000000000
52665  28.354  -36.413  32.379 0.0000000000
52707  22.549  -36.906  30.875 0.0000000000
152480  23.356  -38.341  31.625 0.0000000000
50589  24.495  -38.713  32.947 0.0000000000
49616  23.375  -39.741  34.644 0.0000000000
49633  24.175  -39.403  34.144 0.0000000000
49649  25.235  -38.985  33.973 0.0000000000
79209  39.425  -10.695  20.754 0.0000000000
163699  27.754  -16.285  26.216 0.0000000000
71812  27.631  -17.713  24.808 0.0000000000
138340  28.973  -18.793  25.122 0.0000000000
68546  27.986  -22.026  28.169 0.0000000000
68547  27.481  -21.863  27.410 0.0000000000
67542  27.638  -22.140  26.638 0.0000000000
66478  31.081  -23.870  26.187 0.0000000000
67540  28.768  -22.663  26.010 0.0000000000
69619  27.716  -20.403  26.568 0.0000000000
69618  28.589  -20.103  26.664 0.0000000000
70774  29.279  -19.593  26.590 0.0000000000
141934  29.905  -19.389  26.241 0.0000000000
157262  31.194  -19.602  27.791 0.0000000000
58991  26.913  -29.860  32.879 0.0000000000
147875  28.012  -29.532  32.879 0.0000000000
60946  28.990  -29.409  32.988 0.0000000000
59931  29.459  -29.936  34.696 0.0000000000
162807  30.287  -29.498  33.535 0.0000000000
89757  49.396  -1.251  9.182 0.0000000000
89746  45.364  -1.689  12.302 0.0000000000
88709  46.080  -2.512  11.529 0.0000000000
139294  46.133  -4.884  12.389 0.0000000000
87672  46.568  -3.327  11.505 0.0000000000
88708  46.985  -2.524  11.140 0.0000000000
87680  48.766  -3.008  10.817 0.0000000000
87679  49.665  -3.336  10.693 0.0000000000
80231  38.438  -9.810  18.570 0.0000000000
62054  24.893  -27.734  31.592 0.0000000000
60985  25.325  -28.054  31.463 0.0000000000
59969  25.303  -29.195  31.544 0.0000000000
81323  37.363  -8.912  17.786 0.0000000000
153909  37.952  -9.120  17.652 0.0000000000
81322  38.492  -8.883  17.421 0.0000000000
34428  7.975  -55.536  46.306 0.0000000000
137125  30.270  -19.347  24.261 0.0000000000
70793  31.191  -19.926  24.685 0.0000000000
139485  30.849  -19.698  25.959 0.0000000000
146570  12.610  -45.758  37.965 0.0000000000
43555  13.465  -45.946  37.915 0.0000000000
42426  11.995  -45.977  38.292 0.0000000000
53653  25.708  -35.361  32.255 0.0000000000
53670  25.383  -35.099  31.311 0.0000000000
47720  21.064  -42.503  37.666 0.0000000000
146856  21.291  -41.993  37.247 0.0000000000
68515  27.948  -21.335  31.363 0.0000000000
47763  17.575  -41.315  34.240 0.0000000000
162456  17.803  -42.129  34.586 0.0000000000
47764  16.501  -41.284  34.364 0.0000000000
48647  18.568  -40.845  34.243 0.0000000000
64219  29.991  -25.318  29.275 0.0000000000
139003  29.077  -26.011  29.403 0.0000000000
138053  30.601  -28.649  31.512 0.0000000000
60961  30.323  -28.905  32.383 0.0000000000
86594  40.575  -4.615  16.867 0.0000000000
86607  40.999  -3.950  16.471 0.0000000000
87638  40.765  -3.687  15.666 0.0000000000
87644  41.151  -3.216  15.196 0.0000000000
86615  40.279  -4.329  15.247 0.0000000000
82467  42.098  -8.085  17.261 0.0000000000
83565  42.841  -7.766  17.252 0.0000000000
35455  10.651  -53.730  44.801 0.0000000000
81290  34.137  -9.263  20.058 0.0000000000
80225  34.291  -9.877  19.839 0.0000000000
80212  33.732  -9.959  20.330 0.0000000000
75020  34.833  -15.142  20.814 0.0000000000
75010  35.575  -15.505  21.286 0.0000000000
73946  35.542  -16.261  21.658 0.0000000000
73932  32.410  -17.154  22.871 0.0000000000
73941  32.711  -16.915  22.208 0.0000000000
70822  35.029  -19.316  23.884 0.0000000000
71810  35.726  -18.999  24.313 0.0000000000
53667  29.208  -34.881  31.751 0.0000000000
55833  29.240  -34.096  31.748 0.0000000000
53651  29.637  -35.344  32.348 0.0000000000
82432  34.062  -8.961  21.125 0.0000000000
82439  34.308  -8.843  20.500 0.0000000000
82452  34.749  -8.731  19.895 0.0000000000
44709  17.658  -45.098  36.185 0.0000000000
44691  18.262  -45.518  36.782 0.0000000000
43563  17.692  -45.979  37.336 0.0000000000
40356  12.902  -48.532  41.357 0.0000000000
145483  9.579  -46.221  40.777 0.0000000000
39409  8.426  -49.796  42.170 0.0000000000
139686  24.057  -30.750  33.839 0.0000000000
58992  23.280  -30.183  33.670 0.0000000000
58008  23.980  -31.326  31.820 0.0000000000
58017  23.868  -31.103  30.768 0.0000000000
158985  24.287  -31.819  31.115 0.0000000000
51659  25.573  -37.799  31.957 0.0000000000
51675  25.988  -37.328  31.389 0.0000000000
146644  25.951  -38.046  32.782 0.0000000000
50606  26.256  -38.312  33.535 0.0000000000
49672  21.669  -38.774  32.836 0.0000000000
49653  21.911  -39.289  33.621 0.0000000000
78221  38.897  -12.287  21.282 0.0000000000
70740  27.075  -19.543  28.180 0.0000000000
71775  27.128  -18.726  28.064 0.0000000000
70757  27.065  -19.353  27.381 0.0000000000
71782  27.026  -18.651  27.176 0.0000000000
70758  27.138  -19.266  26.747 0.0000000000
63196  29.581  -25.553  26.231 0.0000000000
64272  29.168  -25.044  25.882 0.0000000000
64261  30.141  -25.330  25.860 0.0000000000
67531  31.664  -22.381  27.406 0.0000000000
67523  31.938  -21.784  28.244 0.0000000000
68544  31.401  -20.758  28.630 0.0000000000
68535  31.725  -20.351  29.339 0.0000000000
90771  47.643  -0.415  10.638 0.0000000000
89752  48.094  -0.775  9.921 0.0000000000
89753  47.489  -1.193  10.487 0.0000000000
86640  43.900  -4.195  12.503 0.0000000000
86627  44.550  -5.008  12.799 0.0000000000
49618  15.784  -39.007  35.541 0.0000000000
49607  15.858  -39.010  36.699 0.0000000000
50563  16.265  -38.412  35.323 0.0000000000
81319  40.715  -9.105  18.184 0.0000000000
81310  41.182  -9.275  18.750 0.0000000000
81311  40.296  -9.459  18.620 0.0000000000
80219  40.301  -9.869  19.951 0.0000000000
80206  41.062  -9.752  20.228 0.0000000000
138748  26.669  -26.539  30.969 0.0000000000
63138  26.590  -26.811  30.609 0.0000000000
60983  26.845  -28.504  31.346 0.0000000000
60982  27.879  -28.620  31.254 0.0000000000
60964  27.529  -29.025  32.129 0.0000000000
84533  37.897  -7.187  18.632 0.0000000000
84532  38.684  -7.098  18.821 0.0000000000
83566  38.276  -7.254  16.862 0.0000000000
84548  38.281  -6.814  17.402 0.0000000000
84558  38.703  -6.571  16.643 0.0000000000
85559  39.042  -5.988  16.628 0.0000000000
83588  38.962  -6.715  16.086 0.0000000000
84570  39.450  -6.265  15.669 0.0000000000
83581  38.961  -7.408  16.391 0.0000000000
82469  39.775  -8.701  17.312 0.0000000000
82468  40.696  -8.707  17.558 0.0000000000
81272  33.351  -10.325  22.251 0.0000000000
80202  33.029  -10.740  21.470 0.0000000000
80193  32.904  -10.974  22.179 0.0000000000
77213  32.702  -13.135  22.047 0.0000000000
143761  32.907  -12.697  21.476 0.0000000000
164240  33.016  -14.007  20.835 0.0000000000
70839  31.631  -19.017  22.775 0.0000000000
138517  32.851  -20.235  23.883 0.0000000000
70811  33.808  -20.135  24.031 0.0000000000
70771  33.026  -20.390  26.483 0.0000000000
70737  33.035  -19.817  28.478 0.0000000000
81271  34.187  -9.702  22.365 0.0000000000
42425  14.045  -46.672  38.480 0.0000000000
42424  15.098  -46.645  38.427 0.0000000000
151891  14.745  -46.933  39.038 0.0000000000
41402  12.558  -48.018  39.989 0.0000000000
38478  6.658  -49.795  45.580 0.0000000000
56893  26.306  -33.321  33.572 0.0000000000
56894  25.702  -32.483  33.719 0.0000000000
55816  25.711  -32.962  32.633 0.0000000000
146011  25.421  -33.542  30.865 0.0000000000
53707  24.092  -36.328  29.948 0.0000000000
51702  24.368  -37.055  30.142 0.0000000000
51678  23.733  -37.378  30.487 0.0000000000
139809  20.710  -40.606  35.165 0.0000000000
48634  21.426  -40.376  35.179 0.0000000000
70723  27.065  -19.656  29.140 0.0000000000
69595  27.198  -20.464  29.409 0.0000000000
63150  32.275  -26.652  29.639 0.0000000000
64205  32.604  -25.813  29.436 0.0000000000
146245  33.493  -24.815  31.345 0.0000000000
65308  33.258  -24.695  30.492 0.0000000000
149154  33.361  -23.926  30.377 0.0000000000
33343  6.563  -55.583  47.332 0.0000000000
72811  31.224  -17.076  23.977 0.0000000000
72812  30.418  -17.255  23.887 0.0000000000
73922  29.060  -16.602  24.420 0.0000000000
73933  29.177  -17.139  24.010 0.0000000000
72824  28.896  -17.559  24.042 0.0000000000
71820  29.372  -18.159  23.915 0.0000000000
71821  28.719  -18.046  24.198 0.0000000000
46779  19.509  -42.784  35.970 0.0000000000
150403  17.489  -42.762  34.856 0.0000000000
45740  18.107  -43.436  35.190 0.0000000000
152894  15.269  -40.515  35.253 0.0000000000
47765  15.731  -41.228  34.711 0.0000000000
47756  15.286  -41.509  35.168 0.0000000000
143703  14.242  -42.209  36.031 0.0000000000
45743  14.952  -42.796  35.507 0.0000000000
45729  15.309  -43.712  35.705 0.0000000000
45718  12.745  -43.573  36.941 0.0000000000
159176  13.565  -44.153  36.509 0.0000000000
161280  12.149  -43.466  37.613 0.0000000000
52669  22.162  -36.408  32.050 0.0000000000
157925  22.720  -36.492  32.815 0.0000000000
52671  20.047  -36.609  32.499 0.0000000000
52687  20.627  -36.827  31.906 0.0000000000
51680  20.050  -36.930  32.139 0.0000000000
50629  20.068  -37.423  32.132 0.0000000000
50611  19.446  -37.780  32.553 0.0000000000
49656  18.653  -38.994  33.273 0.0000000000
49655  19.549  -39.332  33.426 0.0000000000
49635  19.801  -39.952  34.123 0.0000000000
47754  19.652  -41.691  35.383 0.0000000000
66440  30.176  -23.797  29.098 0.0000000000
65331  29.451  -24.801  27.977 0.0000000000
64232  29.425  -25.973  27.767 0.0000000000
62083  27.591  -27.085  29.697 0.0000000000
63152  28.040  -26.870  29.435 0.0000000000
61024  28.260  -27.380  29.210 0.0000000000
61004  30.056  -28.404  29.832 0.0000000000
157077  29.559  -27.833  28.806 0.0000000000
61022  30.076  -28.075  29.037 0.0000000000
62095  30.014  -27.594  28.294 0.0000000000
62082  30.682  -27.674  28.811 0.0000000000
62081  31.345  -27.516  29.333 0.0000000000
62067  31.545  -27.683  30.140 0.0000000000
60980  32.187  -28.053  31.762 0.0000000000
62052  31.864  -27.816  30.985 0.0000000000
144727  40.497  -5.696  18.127 0.0000000000
88687  44.018  -1.826  15.017 0.0000000000
87658  41.642  -3.599  13.749 0.0000000000
87657  42.147  -3.268  13.409 0.0000000000
86629  42.240  -4.000  13.229 0.0000000000
85600  42.153  -4.922  13.689 0.0000000000
84569  40.036  -6.436  15.382 0.0000000000
84583  40.522  -5.872  14.923 0.0000000000
84568  40.853  -6.556  15.245 0.0000000000
163798  41.977  -5.953  14.719 0.0000000000
84581  42.611  -6.088  15.038 0.0000000000
80233  36.924  -10.116  19.045 0.0000000000
80223  36.062  -10.087  19.277 0.0000000000
78227  37.257  -11.988  20.611 0.0000000000
78228  36.613  -12.532  20.558 0.0000000000
78231  33.717  -12.072  20.703 0.0000000000
79214  34.296  -11.389  20.389 0.0000000000
76094  37.173  -14.525  21.488 0.0000000000
75002  37.562  -15.648  22.572 0.0000000000
159293  37.325  -16.305  22.957 0.0000000000
73950  33.004  -16.496  21.699 0.0000000000
75012  33.199  -15.732  21.224 0.0000000000
71828  32.742  -18.659  22.429 0.0000000000
71826  34.592  -17.973  22.415 0.0000000000
72839  34.697  -17.318  21.937 0.0000000000
72830  35.331  -17.578  22.551 0.0000000000
73940  35.483  -16.943  22.108 0.0000000000
72819  35.824  -17.874  23.249 0.0000000000
58029  26.023  -31.403  29.981 0.0000000000
58016  25.990  -31.008  31.258 0.0000000000
58015  26.682  -31.755  31.089 0.0000000000
55823  29.673  -33.723  32.402 0.0000000000
56901  28.489  -32.945  32.423 0.0000000000
83532  37.535  -7.757  19.833 0.0000000000
83533  36.660  -7.771  19.654 0.0000000000
82451  35.481  -8.594  19.349 0.0000000000
81314  36.129  -8.811  18.683 0.0000000000
45717  19.817  -43.644  37.034 0.0000000000
45710  19.925  -43.994  38.022 0.0000000000
160949  19.568  -44.373  37.179 0.0000000000
160764  14.399  -47.864  41.531 0.0000000000
45704  11.437  -43.553  38.710 0.0000000000
43517  10.431  -44.616  40.811 0.0000000000
44658  11.012  -44.000  40.500 0.0000000000
43543  10.578  -45.556  39.365 0.0000000000
42415  11.218  -46.090  38.808 0.0000000000
157760  8.715  -47.439  42.488 0.0000000000
38493  9.939  -50.905  42.135 0.0000000000
36454  10.283  -52.558  43.492 0.0000000000
142448  7.331  -50.227  43.855 0.0000000000
37494  6.064  -51.180  47.051 0.0000000000
36431  6.091  -52.026  46.860 0.0000000000
35427  6.167  -52.755  46.775 0.0000000000
34407  5.905  -53.786  46.983 0.0000000000
63096  24.746  -26.842  32.693 0.0000000000
59947  22.905  -28.997  33.318 0.0000000000
60948  23.173  -28.406  33.042 0.0000000000
60966  23.477  -28.566  32.162 0.0000000000
59958  23.420  -29.302  31.514 0.0000000000
59984  24.055  -30.192  30.400 0.0000000000
59027  23.709  -30.099  30.579 0.0000000000
56941  25.934  -32.291  28.759 0.0000000000
56940  26.696  -32.808  29.101 0.0000000000
55849  27.902  -33.821  30.203 0.0000000000
54754  27.380  -34.374  29.693 0.0000000000
54756  25.409  -34.393  28.946 0.0000000000
55866  25.370  -33.527  29.038 0.0000000000
53705  25.439  -34.963  28.918 0.0000000000
51674  26.733  -36.990  31.770 0.0000000000
52703  26.703  -35.978  30.413 0.0000000000
52666  27.510  -36.680  32.089 0.0000000000
52683  27.939  -35.985  31.636 0.0000000000
51656  27.854  -36.998  32.887 0.0000000000
51642  28.234  -37.364  33.574 0.0000000000
52686  22.162  -36.696  31.328 0.0000000000
144793  22.318  -37.359  31.020 0.0000000000
50608  22.840  -38.601  32.251 0.0000000000
50607  24.254  -38.429  32.024 0.0000000000
50590  23.710  -38.691  32.561 0.0000000000
49617  22.350  -40.035  35.002 0.0000000000
48631  25.001  -40.164  35.599 0.0000000000
49615  24.496  -39.757  34.902 0.0000000000
49632  24.951  -39.373  34.383 0.0000000000
80209  38.234  -10.489  19.976 0.0000000000
79210  38.566  -10.883  20.529 0.0000000000
154511  28.481  -16.035  26.864 0.0000000000
73879  27.624  -16.486  26.940 0.0000000000
70798  27.099  -18.464  25.822 0.0000000000
71800  27.204  -18.118  25.342 0.0000000000
71799  27.814  -18.310  25.088 0.0000000000
70815  28.645  -18.428  24.699 0.0000000000
67512  28.799  -22.377  28.831 0.0000000000
67524  28.369  -22.707  28.050 0.0000000000
143999  27.837  -22.932  26.510 0.0000000000
67533  27.553  -22.413  26.896 0.0000000000
155056  27.394  -21.790  26.960 0.0000000000
65330  32.525  -24.840  27.990 0.0000000000
65346  31.591  -24.658  26.503 0.0000000000
66464  31.771  -23.812  26.686 0.0000000000
67532  30.505  -22.115  26.903 0.0000000000
156936  29.675  -22.602  26.221 0.0000000000
148091  28.230  -22.018  26.218 0.0000000000
68561  28.231  -21.081  26.460 0.0000000000
68552  29.087  -20.561  26.863 0.0000000000
157180  29.981  -19.589  27.106 0.0000000000
70773  30.586  -19.557  27.041 0.0000000000
58007  26.584  -31.076  32.239 0.0000000000
58999  26.627  -30.256  32.675 0.0000000000
58998  26.908  -30.798  33.078 0.0000000000
59933  27.832  -29.972  33.606 0.0000000000
59944  28.509  -29.839  33.695 0.0000000000
59930  30.260  -29.748  34.258 0.0000000000
60930  31.042  -29.465  33.730 0.0000000000
89758  48.799  -0.842  9.465 0.0000000000
88726  49.669  -2.081  9.517 0.0000000000
88695  43.904  -1.877  13.972 0.0000000000
87674  44.803  -2.844  11.933 0.0000000000
160220  44.849  -2.196  12.194 0.0000000000
88710  45.359  -2.330  11.848 0.0000000000
89750  45.890  -1.746  11.772 0.0000000000
86653  46.318  -4.113  11.853 0.0000000000
157763  47.035  -3.936  11.662 0.0000000000
153067  47.423  -3.377  11.343 0.0000000000
87681  47.894  -2.783  10.920 0.0000000000
87671  48.258  -3.510  11.290 0.0000000000
81321  39.206  -9.135  17.639 0.0000000000
80230  39.331  -9.574  18.398 0.0000000000
162331  39.748  -10.148  20.135 0.0000000000
63123  25.654  -26.912  31.112 0.0000000000
62069  26.000  -27.121  30.858 0.0000000000
83557  36.828  -7.851  18.374 0.0000000000
84541  37.748  -7.027  17.999 0.0000000000
83567  37.365  -7.513  17.904 0.0000000000
146853  37.745  -7.821  17.317 0.0000000000
82471  38.502  -8.134  17.011 0.0000000000
80184  33.113  -11.077  22.582 0.0000000000
79187  33.259  -11.683  22.930 0.0000000000
78213  32.947  -12.374  22.607 0.0000000000
70827  30.551  -19.101  23.512 0.0000000000
70826  31.730  -19.579  23.128 0.0000000000
163012  32.264  -20.176  26.312 0.0000000000
43566  13.808  -45.456  37.269 0.0000000000
163863  13.525  -46.906  38.814 0.0000000000
40294  7.530  -48.217  45.283 0.0000000000
54712  25.698  -34.429  31.432 0.0000000000
53671  24.425  -35.644  30.564 0.0000000000
53690  23.836  -36.257  30.401 0.0000000000
47742  21.666  -41.534  36.782 0.0000000000
141826  27.680  -21.071  29.603 0.0000000000
63117  33.204  -26.570  31.599 0.0000000000
63133  33.138  -26.024  30.977 0.0000000000
64180  33.496  -25.645  31.707 0.0000000000
73906  29.931  -16.439  24.866 0.0000000000
73907  29.116  -16.207  25.231 0.0000000000
73908  28.321  -16.467  24.816 0.0000000000
47745  14.728  -40.999  35.850 0.0000000000
47734  14.308  -41.377  36.383 0.0000000000
52650  19.503  -36.541  33.227 0.0000000000
153462  17.254  -37.863  34.451 0.0000000000
50577  17.416  -38.227  33.794 0.0000000000
161455  17.344  -38.938  33.595 0.0000000000
143869  17.883  -39.484  33.527 0.0000000000
139905  19.361  -40.484  34.302 0.0000000000
64220  29.460  -25.589  28.617 0.0000000000
143680  28.895  -26.647  28.721 0.0000000000
61006  28.252  -28.272  30.263 0.0000000000
137646  28.582  -28.004  29.479 0.0000000000
61005  29.196  -28.443  30.069 0.0000000000
60981  30.881  -28.289  30.597 0.0000000000
60959  32.257  -28.514  32.538 0.0000000000
85541  40.137  -5.258  17.317 0.0000000000
86593  41.373  -4.371  17.282 0.0000000000
88683  42.474  -2.341  15.014 0.0000000000
88684  41.726  -2.832  14.638 0.0000000000
87650  41.190  -3.455  14.459 0.0000000000
87659  41.094  -4.083  14.088 0.0000000000
83579  40.732  -7.701  16.340 0.0000000000
83585  41.235  -7.160  15.816 0.0000000000
83584  42.100  -7.088  16.002 0.0000000000
84557  42.884  -6.857  16.222 0.0000000000
83576  43.225  -7.248  16.906 0.0000000000
80224  35.120  -9.989  19.500 0.0000000000
79213  35.297  -11.621  20.283 0.0000000000
77228  34.544  -13.386  20.443 0.0000000000
76102  34.905  -14.153  20.528 0.0000000000
149043  36.373  -15.045  21.410 0.0000000000
75008  37.015  -15.336  21.971 0.0000000000
75009  36.291  -15.780  21.801 0.0000000000
163216  36.735  -16.588  22.720 0.0000000000
161675  32.989  -16.114  22.203 0.0000000000
70836  33.765  -19.120  22.860 0.0000000000
55835  27.724  -33.098  30.374 0.0000000000
56911  28.019  -32.952  31.608 0.0000000000
82419  35.563  -8.871  21.976 0.0000000000
159294  35.690  -8.281  21.091 0.0000000000
82437  35.938  -7.962  20.232 0.0000000000
160333  35.388  -8.293  19.832 0.0000000000
44689  19.067  -44.970  36.866 0.0000000000
44690  18.903  -45.532  37.527 0.0000000000
41390  13.779  -48.005  41.354 0.0000000000
40339  12.524  -49.022  42.770 0.0000000000
40340  12.048  -49.517  42.621 0.0000000000
41405  9.493  -47.184  40.585 0.0000000000
39423  8.532  -48.796  41.987 0.0000000000
39422  8.980  -49.396  41.597 0.0000000000
37522  10.008  -51.526  42.599 0.0000000000
37523  9.230  -51.393  42.431 0.0000000000
37517  8.657  -51.730  42.862 0.0000000000
147310  6.861  -49.997  44.719 0.0000000000
58993  23.065  -29.659  32.958 0.0000000000
59001  23.126  -29.829  31.871 0.0000000000
58031  23.964  -30.564  30.306 0.0000000000
58009  23.442  -30.535  31.343 0.0000000000
56943  24.580  -31.671  29.648 0.0000000000
56942  25.488  -32.626  28.824 0.0000000000
52704  25.747  -36.333  29.853 0.0000000000
51643  27.424  -37.591  33.356 0.0000000000
51644  26.658  -37.799  33.093 0.0000000000
50627  21.515  -37.673  31.566 0.0000000000
50609  21.936  -38.433  32.086 0.0000000000
48621  23.683  -40.852  36.266 0.0000000000
48620  24.636  -40.670  36.160 0.0000000000
78226  38.178  -11.697  20.852 0.0000000000
71774  27.340  -17.801  28.760 0.0000000000
72783  27.210  -17.100  26.816 0.0000000000
71789  27.026  -17.822  27.012 0.0000000000
71790  26.987  -18.444  26.311 0.0000000000
70776  27.579  -19.268  26.259 0.0000000000
66465  28.317  -23.872  26.983 0.0000000000
65348  28.110  -23.672  26.480 0.0000000000
65359  28.448  -24.237  26.073 0.0000000000
66491  29.329  -24.035  25.595 0.0000000000
66450  32.656  -23.732  28.083 0.0000000000
66463  32.128  -23.315  27.250 0.0000000000
68551  30.020  -20.710  27.507 0.0000000000
69613  30.358  -20.024  28.112 0.0000000000
161053  30.779  -19.848  28.317 0.0000000000
69606  30.985  -20.003  28.827 0.0000000000
56892  27.759  -31.923  33.619 0.0000000000
57996  27.407  -31.016  33.564 0.0000000000
57987  27.848  -31.235  34.192 0.0000000000
58981  28.312  -30.766  34.587 0.0000000000
88716  48.339  -2.291  10.345 0.0000000000
155524  43.717  -2.706  12.490 0.0000000000
87664  44.196  -3.342  12.192 0.0000000000
147054  44.914  -3.591  11.998 0.0000000000
85609  47.682  -5.186  12.834 0.0000000000
86651  48.572  -4.086  11.740 0.0000000000
49639  15.677  -39.820  34.788 0.0000000000
49619  15.357  -39.578  35.936 0.0000000000
50578  16.775  -38.525  34.249 0.0000000000
81309  42.462  -8.853  18.770 0.0000000000
153872  41.823  -8.961  18.561 0.0000000000
81299  41.928  -9.218  19.134 0.0000000000
81300  40.671  -9.611  19.361 0.0000000000
63136  28.023  -26.365  30.744 0.0000000000
64208  28.015  -26.554  29.871 0.0000000000
158679  27.121  -27.301  30.111 0.0000000000
84539  39.261  -6.667  18.435 0.0000000000
85533  39.266  -6.232  17.767 0.0000000000
85542  39.393  -5.656  17.048 0.0000000000
86616  39.854  -4.909  15.773 0.0000000000
86622  39.970  -5.041  15.192 0.0000000000
85573  39.567  -5.572  15.670 0.0000000000
82482  39.362  -8.165  16.775 0.0000000000
83580  39.809  -7.632  16.255 0.0000000000
82480  41.163  -8.181  17.010 0.0000000000
143018  41.505  -8.513  17.591 0.0000000000
80213  33.363  -10.150  20.858 0.0000000000
79197  32.806  -11.412  21.884 0.0000000000
77221  33.236  -12.825  20.943 0.0000000000
76103  34.090  -14.782  20.591 0.0000000000
75021  34.117  -15.502  20.765 0.0000000000
72832  31.863  -17.772  22.895 0.0000000000
71837  32.241  -17.956  22.491 0.0000000000
71829  32.179  -18.572  22.542 0.0000000000
70837  33.007  -19.267  22.722 0.0000000000
70825  32.505  -19.775  23.190 0.0000000000
70810  34.593  -19.880  24.280 0.0000000000
141129  34.748  -20.165  26.043 0.0000000000
70770  34.829  -20.011  27.002 0.0000000000
136743  33.953  -20.340  26.717 0.0000000000
52643  29.533  -36.451  33.282 0.0000000000
137880  29.837  -35.775  32.917 0.0000000000
52624  29.887  -36.710  33.964 0.0000000000
81280  34.500  -9.099  21.781 0.0000000000
44692  16.215  -45.387  36.498 0.0000000000
43564  16.614  -45.960  37.243 0.0000000000
153932  16.565  -46.424  37.978 0.0000000000
42423  16.105  -46.694  38.517 0.0000000000
142935  8.386  -48.060  42.658 0.0000000000
39401  7.769  -49.818  43.190 0.0000000000
57997  25.016  -31.536  34.055 0.0000000000
164588  24.513  -31.714  32.399 0.0000000000
56914  24.872  -32.536  30.977 0.0000000000
55850  25.218  -33.532  29.725 0.0000000000
54757  24.973  -35.245  29.205 0.0000000000
54723  25.281  -34.542  30.265 0.0000000000
54744  24.861  -35.217  29.653 0.0000000000
52726  24.964  -36.159  29.357 0.0000000000
52705  24.974  -36.764  29.884 0.0000000000
51676  25.233  -37.541  31.079 0.0000000000
50624  24.776  -37.985  31.561 0.0000000000
142761  21.173  -39.520  33.899 0.0000000000
49634  21.672  -39.789  34.420 0.0000000000
48622  22.006  -41.073  36.441 0.0000000000
148043  22.763  -40.960  36.386 0.0000000000
77211  38.936  -13.797  21.945 0.0000000000
63178  31.481  -26.269  27.386 0.0000000000
64245  31.597  -25.548  26.879 0.0000000000
63177  31.969  -26.159  28.070 0.0000000000
64230  32.385  -25.667  28.444 0.0000000000
64204  32.966  -25.516  30.327 0.0000000000
64218  32.899  -24.957  29.630 0.0000000000
65319  32.795  -24.406  28.884 0.0000000000
66438  32.920  -23.592  29.053 0.0000000000
149734  32.986  -22.784  29.241 0.0000000000
89749  46.472  -1.265  11.558 0.0000000000
85598  44.468  -5.562  13.551 0.0000000000
33342  7.252  -55.546  47.095 0.0000000000
76080  33.381  -14.481  23.111 0.0000000000
74997  33.462  -15.717  23.174 0.0000000000
72820  31.770  -17.196  23.538 0.0000000000
72833  31.046  -18.076  23.210 0.0000000000
158998  29.768  -17.374  23.915 0.0000000000
71819  30.219  -18.342  23.582 0.0000000000
46766  20.630  -42.752  37.430 0.0000000000
46767  20.015  -42.839  36.787 0.0000000000
46788  18.880  -43.075  35.528 0.0000000000
45726  18.707  -43.891  35.704 0.0000000000
44710  16.798  -44.895  36.076 0.0000000000
46801  16.076  -41.927  34.733 0.0000000000
46790  16.551  -42.698  34.970 0.0000000000
45728  16.410  -44.163  35.581 0.0000000000
44693  15.199  -45.060  36.590 0.0000000000
44694  14.191  -44.861  36.755 0.0000000000
53655  23.759  -36.161  31.440 0.0000000000
52668  23.189  -36.400  32.178 0.0000000000
52670  21.399  -36.450  32.435 0.0000000000
160839  20.997  -37.289  31.619 0.0000000000
50628  20.703  -37.609  31.908 0.0000000000
50592  20.259  -38.797  32.995 0.0000000000
51661  19.027  -37.272  32.821 0.0000000000
50595  17.933  -37.911  33.466 0.0000000000
50594  18.603  -38.055  33.011 0.0000000000
48635  20.213  -41.002  35.425 0.0000000000
47731  20.619  -42.225  36.857 0.0000000000
68526  29.011  -21.746  30.811 0.0000000000
66441  29.214  -23.318  28.413 0.0000000000
66451  29.639  -24.111  28.375 0.0000000000
66452  29.054  -24.017  27.629 0.0000000000
64246  29.151  -25.155  26.866 0.0000000000
63197  29.444  -25.778  26.899 0.0000000000
63180  29.850  -26.409  27.021 0.0000000000
61039  28.926  -27.700  28.963 0.0000000000
62097  28.709  -27.238  28.787 0.0000000000
62112  29.110  -26.832  28.374 0.0000000000
62111  29.668  -27.040  27.848 0.0000000000
62110  30.222  -27.010  27.569 0.0000000000
62109  30.909  -26.819  27.473 0.0000000000
63164  31.510  -26.789  28.192 0.0000000000
62066  32.329  -27.146  30.452 0.0000000000
63118  32.804  -26.685  30.983 0.0000000000
88696  43.109  -2.292  13.530 0.0000000000
88689  42.391  -2.459  14.119 0.0000000000
88704  43.151  -2.658  12.880 0.0000000000
86642  42.701  -3.278  12.943 0.0000000000
86641  43.088  -4.083  12.816 0.0000000000
86621  40.321  -4.629  14.812 0.0000000000
86630  40.727  -4.689  14.403 0.0000000000
85601  41.337  -4.802  14.031 0.0000000000
84582  41.276  -5.968  14.759 0.0000000000
85583  41.662  -5.458  14.263 0.0000000000
85599  43.093  -5.355  13.780 0.0000000000
142895  43.837  -5.566  13.873 0.0000000000
163484  37.091  -9.688  18.518 0.0000000000
80232  37.684  -9.988  18.805 0.0000000000
77219  37.769  -13.314  21.199 0.0000000000
162288  34.032  -10.518  20.238 0.0000000000
78229  35.793  -12.519  20.421 0.0000000000
77227  35.357  -13.309  20.458 0.0000000000
76093  38.002  -14.007  21.638 0.0000000000
75001  38.216  -15.204  22.843 0.0000000000
162271  32.707  -13.793  22.282 0.0000000000
76088  32.679  -14.184  21.781 0.0000000000
75004  32.775  -15.079  22.004 0.0000000000
76097  32.896  -14.361  21.075 0.0000000000
75023  33.057  -15.012  20.963 0.0000000000
75022  33.519  -15.295  20.794 0.0000000000
72841  33.361  -17.187  21.618 0.0000000000
71827  33.888  -18.403  22.405 0.0000000000
73948  34.067  -16.842  21.347 0.0000000000
72818  36.593  -17.602  23.573 0.0000000000
155682  24.387  -29.534  31.130 0.0000000000
59011  24.938  -29.867  31.093 0.0000000000
56902  27.812  -32.406  32.654 0.0000000000
83547  38.116  -7.461  19.322 0.0000000000
83549  36.608  -7.672  18.977 0.0000000000
82461  36.650  -8.447  18.278 0.0000000000
142148  36.817  -9.115  18.180 0.0000000000
142685  19.680  -44.641  38.535 0.0000000000
44679  11.668  -43.903  37.969 0.0000000000
44669  11.070  -43.890  39.459 0.0000000000
42427  11.407  -45.325  38.431 0.0000000000
41418  11.446  -47.165  39.186 0.0000000000
160582  11.252  -48.347  40.083 0.0000000000
148224  11.119  -48.918  40.598 0.0000000000
40373  9.634  -48.089  40.564 0.0000000000
39400  11.844  -50.175  43.071 0.0000000000
37515  10.557  -51.859  43.119 0.0000000000
143443  8.438  -54.322  45.074 0.0000000000
34417  7.146  -54.567  46.706 0.0000000000
164310  6.261  -50.417  46.828 0.0000000000
156406  6.370  -52.789  46.671 0.0000000000
67497  30.380  -22.785  30.904 0.0000000000
63108  25.323  -26.600  31.833 0.0000000000
160402  24.675  -27.449  31.809 0.0000000000
62029  23.683  -27.818  32.740 0.0000000000
62040  24.177  -28.060  31.891 0.0000000000
59025  24.643  -30.404  30.323 0.0000000000
58043  25.024  -31.233  29.131 0.0000000000
56925  26.242  -32.052  29.231 0.0000000000
54742  28.183  -34.411  30.601 0.0000000000
53652  28.824  -35.637  31.984 0.0000000000
55867  25.006  -32.468  29.436 0.0000000000
55879  25.721  -33.646  28.672 0.0000000000
54755  26.448  -34.408  29.022 0.0000000000
53688  26.323  -35.567  29.587 0.0000000000
53703  26.693  -34.933  29.453 0.0000000000
53687  27.133  -35.235  30.033 0.0000000000
53686  27.768  -34.961  30.446 0.0000000000
52644  28.691  -36.750  33.114 0.0000000000
53673  23.041  -36.587  30.863 0.0000000000
51703  23.090  -37.106  30.528 0.0000000000
50626  23.067  -37.727  30.885 0.0000000000
50625  23.930  -37.983  31.136 0.0000000000
146931  25.148  -38.359  32.543 0.0000000000
49652  22.824  -39.336  33.740 0.0000000000
147642  23.531  -39.317  33.814 0.0000000000
49651  23.982  -39.043  33.389 0.0000000000
49650  24.669  -39.042  33.707 0.0000000000
50588  25.164  -38.712  33.381 0.0000000000
50576  25.744  -38.705  33.845 0.0000000000
80221  38.334  -10.170  19.297 0.0000000000
80208  38.998  -10.267  19.896 0.0000000000
77210  39.777  -13.659  22.229 0.0000000000
73892  28.357  -16.129  25.723 0.0000000000
72814  27.785  -16.971  24.681 0.0000000000
73893  27.279  -16.756  26.145 0.0000000000
72797  27.201  -17.326  25.377 0.0000000000
72813  28.264  -17.505  24.374 0.0000000000
70814  29.453  -18.795  24.482 0.0000000000
70795  29.594  -19.146  25.153 0.0000000000
68536  28.181  -21.670  29.187 0.0000000000
67525  27.763  -22.585  27.397 0.0000000000
68537  27.460  -21.263  28.466 0.0000000000
68553  27.265  -21.145  27.413 0.0000000000
64260  30.939  -25.466  26.233 0.0000000000
65358  30.659  -24.685  25.887 0.0000000000
67539  30.444  -23.170  26.178 0.0000000000
66480  29.485  -23.354  25.787 0.0000000000
67541  28.009  -22.673  26.158 0.0000000000
68562  27.784  -21.678  26.469 0.0000000000
68563  27.440  -21.112  26.848 0.0000000000
69615  27.431  -19.806  26.735 0.0000000000
70775  28.247  -19.492  26.225 0.0000000000
152712  29.014  -19.107  25.843 0.0000000000
70772  31.448  -19.786  26.705 0.0000000000
140335  32.163  -19.906  27.190 0.0000000000
70754  32.072  -19.692  28.192 0.0000000000
59957  26.345  -29.565  32.201 0.0000000000
59956  27.167  -29.518  32.559 0.0000000000
58990  27.259  -30.301  33.284 0.0000000000
59945  27.435  -29.834  33.089 0.0000000000
60962  29.504  -29.059  32.464 0.0000000000
58973  28.908  -30.407  34.925 0.0000000000
148772  28.843  -29.971  34.334 0.0000000000
59943  29.434  -29.717  33.786 0.0000000000
60945  29.866  -29.273  32.990 0.0000000000
60944  30.750  -29.027  33.042 0.0000000000
60943  31.647  -28.920  33.161 0.0000000000
89747  44.647  -1.891  12.660 0.0000000000
136810  45.791  -1.250  12.627 0.0000000000
89745  46.081  -1.190  12.099 0.0000000000
159959  46.403  -1.903  11.372 0.0000000000
86639  45.318  -4.991  12.539 0.0000000000
86654  45.509  -4.272  12.074 0.0000000000
88717  47.563  -2.020  10.571 0.0000000000
88715  49.218  -2.544  10.197 0.0000000000
51660  19.594  -37.217  32.404 0.0000000000
51701  24.931  -37.250  30.405 0.0000000000
52651  19.031  -36.827  33.166 0.0000000000
52684  27.131  -36.345  31.296 0.0000000000
52706  23.427  -36.684  30.439 0.0000000000
53704  26.072  -35.056  29.041 0.0000000000
53706  24.630  -35.936  29.457 0.0000000000
54710  29.818  -34.537  32.304 0.0000000000
54711  26.166  -34.619  32.299 0.0000000000
54722  28.768  -34.448  31.256 0.0000000000
54773  26.058  -33.933  28.578 0.0000000000
54774  25.716  -34.304  28.732 0.0000000000
55824  29.082  -33.224  32.785 0.0000000000
55865  26.088  -33.132  28.559 0.0000000000
56903  24.825  -32.172  31.920 0.0000000000
56912  27.383  -32.466  30.973 0.0000000000
56913  25.415  -33.044  31.670 0.0000000000
58042  25.585  -31.613  29.145 0.0000000000
59026  24.603  -30.812  29.815 0.0000000000
59946  22.885  -29.452  34.005 0.0000000000
59970  23.778  -29.572  30.987 0.0000000000
62028  24.102  -27.236  33.239 0.0000000000
63109  24.759  -26.989  32.007 0.0000000000
63124  25.126  -27.129  31.511 0.0000000000
63139  26.173  -26.893  30.751 0.0000000000
63151  31.748  -26.971  29.073 0.0000000000
63179  30.499  -26.496  27.030 0.0000000000
63194  30.999  -26.140  26.731 0.0000000000
63195  30.290  -25.983  26.423 0.0000000000
64244  32.071  -25.597  27.632 0.0000000000
64262  28.977  -24.967  26.266 0.0000000000
64270  29.855  -24.641  25.613 0.0000000000
64271  29.565  -25.093  25.768 0.0000000000
65368  28.830  -24.626  25.873 0.0000000000
66479  30.170  -23.964  25.667 0.0000000000
66481  28.222  -23.515  26.068 0.0000000000
66492  28.694  -24.105  25.766 0.0000000000
70797  27.390  -18.633  25.708 0.0000000000
70828  29.834  -18.741  23.928 0.0000000000
71801  26.969  -18.009  25.734 0.0000000000
73909  27.650  -16.533  25.392 0.0000000000
77212  32.967  -13.442  22.806 0.0000000000
79196  32.928  -11.568  22.400 0.0000000000
81324  36.959  -8.700  17.950 0.0000000000
82466  42.852  -8.173  17.779 0.0000000000
84571  39.094  -6.074  16.106 0.0000000000
85585  40.365  -5.233  14.770 0.0000000000
87645  40.647  -3.701  15.059 0.0000000000
140174  24.946  -31.750  29.104 0.0000000000
141348  25.386  -31.855  28.939 0.0000000000
143448  33.346  -9.964  21.360 0.0000000000
145478  31.190  -19.260  23.170 0.0000000000
146230  31.247  -27.318  28.666 0.0000000000
148020  23.090  -29.090  32.427 0.0000000000
148517  24.231  -31.258  30.083 0.0000000000
157560  40.472  -3.977  15.451 0.0000000000
158201  27.363  -33.453  29.575 0.0000000000
159609  28.172  -18.027  24.578 0.0000000000
160060  25.030  -35.582  29.162 0.0000000000
160817  23.601  -30.500  30.755 0.0000000000
161549  31.810  -28.469  32.074 0.0000000000
163260  32.806  -23.040  28.564 0.0000000000
