#!ascii label  , from subject sub-v1s14x0051576_ses-1 vox2ras=TkReg
414
73753  27.729  -1.889  -50.972 0.0000000000
67753  23.090  -8.455  -46.861 0.0000000000
81469  23.029  6.489  -47.150 0.0000000000
91826  22.444  17.570  -48.505 0.0000000000
65684  21.640  -9.622  -44.920 0.0000000000
83514  26.307  8.582  -46.598 0.0000000000
86330  23.995  11.628  -46.996 0.0000000000
72731  25.008  -2.251  -49.580 0.0000000000
70867  24.410  -4.421  -51.111 0.0000000000
127073  27.719  -4.825  -51.774 0.0000000000
133998  29.308  -0.175  -51.615 0.0000000000
70901  32.377  -3.590  -55.153 0.0000000000
77674  26.678  2.883  -47.489 0.0000000000
80523  28.202  5.124  -48.583 0.0000000000
89108  21.110  14.474  -48.817 0.0000000000
89088  26.038  15.039  -47.747 0.0000000000
68814  25.393  -8.885  -49.591 0.0000000000
132380  22.739  10.778  -47.456 0.0000000000
141992  22.776  12.111  -47.784 0.0000000000
73745  26.982  -2.159  -50.544 0.0000000000
72748  26.684  -3.372  -50.492 0.0000000000
71827  28.329  -3.639  -52.678 0.0000000000
66773  21.975  -9.230  -45.535 0.0000000000
79562  25.322  4.577  -46.434 0.0000000000
151758  27.375  4.067  -47.798 0.0000000000
81478  26.095  6.109  -46.409 0.0000000000
128050  27.547  9.628  -48.083 0.0000000000
83538  27.702  8.178  -48.553 0.0000000000
128094  19.718  17.275  -48.232 0.0000000000
89110  19.415  14.863  -48.795 0.0000000000
145465  21.925  16.133  -48.455 0.0000000000
92606  25.680  18.772  -52.210 0.0000000000
129762  26.504  17.123  -50.690 0.0000000000
90059  26.101  16.072  -48.001 0.0000000000
140385  26.999  15.850  -50.065 0.0000000000
89104  27.043  14.017  -48.610 0.0000000000
145193  26.483  -5.413  -51.051 0.0000000000
68860  24.502  -6.571  -51.003 0.0000000000
65674  20.378  -9.776  -43.824 0.0000000000
83517  23.976  7.822  -46.796 0.0000000000
84497  23.293  9.043  -47.078 0.0000000000
85434  24.742  10.297  -46.533 0.0000000000
86338  27.493  11.536  -47.837 0.0000000000
72763  21.764  -2.657  -51.034 0.0000000000
71791  24.080  -3.267  -50.135 0.0000000000
147141  26.276  -4.640  -50.320 0.0000000000
133205  27.838  -5.034  -50.705 0.0000000000
74749  28.642  -0.513  -51.294 0.0000000000
72792  29.502  -2.602  -53.792 0.0000000000
131640  30.154  -2.685  -53.073 0.0000000000
74730  26.144  -0.405  -49.721 0.0000000000
77676  25.302  2.065  -46.635 0.0000000000
76720  26.860  0.969  -50.095 0.0000000000
77707  27.645  2.310  -50.389 0.0000000000
77706  28.332  2.726  -50.866 0.0000000000
78632  29.351  3.975  -51.111 0.0000000000
81476  27.396  7.083  -47.444 0.0000000000
81499  28.639  6.444  -49.702 0.0000000000
87244  20.821  13.086  -49.084 0.0000000000
91825  24.177  17.711  -48.529 0.0000000000
150632  23.736  16.364  -47.965 0.0000000000
89091  23.586  14.526  -47.727 0.0000000000
88143  23.582  13.226  -47.628 0.0000000000
135430  25.635  13.390  -47.290 0.0000000000
87228  27.083  12.882  -47.789 0.0000000000
68800  21.988  -8.587  -48.257 0.0000000000
69951  21.373  -5.810  -51.112 0.0000000000
70896  30.728  -4.571  -54.187 0.0000000000
68873  29.873  -6.218  -52.035 0.0000000000
86340  21.634  11.530  -48.370 0.0000000000
139613  21.324  12.113  -48.694 0.0000000000
144652  27.511  -2.829  -50.837 0.0000000000
72762  28.230  -2.739  -51.353 0.0000000000
141770  19.535  -10.619  -42.846 0.0000000000
64584  20.217  -11.092  -43.170 0.0000000000
67735  22.639  -8.575  -46.301 0.0000000000
80507  24.108  5.865  -46.590 0.0000000000
80515  25.897  5.215  -46.394 0.0000000000
81467  24.346  6.523  -46.584 0.0000000000
148372  27.580  9.926  -48.812 0.0000000000
84523  27.618  9.097  -48.971 0.0000000000
90974  20.490  16.984  -48.455 0.0000000000
135275  20.513  16.077  -48.606 0.0000000000
144512  22.447  16.824  -48.373 0.0000000000
145468  26.753  16.421  -50.398 0.0000000000
90074  26.812  15.565  -50.855 0.0000000000
126661  26.921  -5.993  -50.012 0.0000000000
68846  26.368  -6.483  -50.486 0.0000000000
67755  21.699  -7.986  -46.322 0.0000000000
83531  22.748  8.346  -47.433 0.0000000000
84498  22.502  9.207  -47.529 0.0000000000
132161  23.725  10.750  -46.857 0.0000000000
132795  24.803  11.229  -46.654 0.0000000000
85432  26.781  10.883  -46.732 0.0000000000
86328  25.959  11.694  -46.726 0.0000000000
92571  21.504  18.702  -48.977 0.0000000000
71780  23.884  -2.768  -49.813 0.0000000000
71779  24.880  -2.985  -49.846 0.0000000000
126613  28.018  -4.360  -51.220 0.0000000000
125852  25.571  -3.708  -50.258 0.0000000000
125849  27.394  -4.414  -50.494 0.0000000000
125854  28.110  -5.442  -51.341 0.0000000000
65685  20.936  -9.692  -44.548 0.0000000000
65673  21.272  -10.194  -44.309 0.0000000000
144723  29.179  -0.961  -51.604 0.0000000000
72774  29.722  -2.333  -52.436 0.0000000000
74748  29.854  -0.835  -51.940 0.0000000000
75725  25.778  0.074  -49.058 0.0000000000
78595  25.375  3.806  -46.509 0.0000000000
77675  26.046  2.408  -46.877 0.0000000000
76703  26.421  1.636  -48.433 0.0000000000
77699  26.817  2.135  -49.054 0.0000000000
76719  27.419  1.450  -50.595 0.0000000000
77687  27.212  2.894  -48.513 0.0000000000
79586  27.758  4.559  -48.130 0.0000000000
78634  28.084  3.177  -49.938 0.0000000000
144824  28.520  3.962  -49.885 0.0000000000
78633  28.724  3.575  -50.572 0.0000000000
79597  28.538  4.722  -49.389 0.0000000000
83515  25.742  8.214  -46.433 0.0000000000
82482  25.536  7.518  -46.405 0.0000000000
82481  26.491  7.849  -46.624 0.0000000000
82503  27.886  7.101  -48.432 0.0000000000
80543  29.284  5.485  -50.733 0.0000000000
89109  20.240  14.668  -48.939 0.0000000000
141969  18.865  14.128  -48.977 0.0000000000
89124  19.710  14.183  -49.089 0.0000000000
88184  19.529  13.514  -49.267 0.0000000000
88168  20.448  13.763  -49.106 0.0000000000
92593  26.106  18.369  -50.451 0.0000000000
92601  25.991  18.824  -51.281 0.0000000000
92567  25.523  17.964  -49.084 0.0000000000
91824  25.163  17.552  -48.605 0.0000000000
90051  25.311  15.637  -47.607 0.0000000000
137215  25.214  14.910  -47.503 0.0000000000
135402  23.288  13.832  -47.789 0.0000000000
131458  23.909  13.896  -47.573 0.0000000000
88142  24.643  13.558  -47.363 0.0000000000
89089  25.555  14.206  -47.459 0.0000000000
88183  27.284  13.738  -49.316 0.0000000000
88164  27.250  13.265  -48.541 0.0000000000
142026  27.394  12.762  -49.423 0.0000000000
87243  27.518  11.966  -49.276 0.0000000000
68801  21.615  -7.510  -47.412 0.0000000000
152152  23.295  -4.273  -51.152 0.0000000000
70869  21.051  -4.313  -51.472 0.0000000000
69964  22.836  -5.228  -51.208 0.0000000000
67795  24.867  -8.988  -50.688 0.0000000000
68848  23.997  -7.801  -50.911 0.0000000000
66808  24.494  -9.353  -50.382 0.0000000000
66803  23.879  -9.448  -49.885 0.0000000000
71832  31.240  -3.726  -54.669 0.0000000000
151832  30.513  -3.899  -54.303 0.0000000000
70895  31.801  -4.425  -54.568 0.0000000000
85435  22.241  10.055  -47.659 0.0000000000
85452  21.939  10.834  -47.953 0.0000000000
86331  23.199  11.529  -47.400 0.0000000000
73746  26.236  -2.204  -50.231 0.0000000000
72749  25.658  -2.776  -50.106 0.0000000000
72747  27.885  -3.671  -50.858 0.0000000000
145613  28.009  -4.164  -52.025 0.0000000000
137467  21.925  -9.897  -44.518 0.0000000000
65683  22.170  -9.448  -45.094 0.0000000000
135845  22.736  -8.970  -44.877 0.0000000000
76724  29.424  1.685  -52.063 0.0000000000
75740  30.140  0.110  -52.030 0.0000000000
79563  24.429  4.331  -46.449 0.0000000000
149777  27.193  3.480  -47.852 0.0000000000
79574  26.101  4.266  -46.597 0.0000000000
79573  26.712  4.856  -46.799 0.0000000000
80514  27.203  5.519  -47.131 0.0000000000
84493  27.301  9.140  -47.445 0.0000000000
83527  27.414  8.367  -47.675 0.0000000000
133636  27.559  8.875  -48.134 0.0000000000
83548  27.636  8.370  -49.582 0.0000000000
90061  20.776  15.281  -48.736 0.0000000000
141396  21.612  15.237  -48.578 0.0000000000
91845  26.301  17.916  -50.949 0.0000000000
91841  26.399  17.647  -50.183 0.0000000000
91823  25.976  17.468  -48.920 0.0000000000
135942  26.669  15.990  -48.755 0.0000000000
90058  26.592  15.333  -48.422 0.0000000000
89105  26.654  14.535  -48.244 0.0000000000
89123  27.059  14.770  -49.116 0.0000000000
89136  27.240  14.218  -50.089 0.0000000000
143404  24.991  -5.495  -51.123 0.0000000000
69963  23.883  -5.362  -51.152 0.0000000000
69950  25.568  -6.524  -50.874 0.0000000000
68832  26.116  -7.468  -50.132 0.0000000000
64596  19.957  -10.346  -43.340 0.0000000000
66761  20.316  -8.899  -44.088 0.0000000000
151179  21.511  -9.084  -45.212 0.0000000000
127311  21.981  -8.742  -46.136 0.0000000000
151937  22.549  -8.726  -47.123 0.0000000000
82495  22.192  7.598  -47.698 0.0000000000
82484  23.767  6.990  -46.838 0.0000000000
82494  23.080  7.468  -47.248 0.0000000000
83530  23.451  8.291  -47.063 0.0000000000
84478  25.458  8.923  -46.474 0.0000000000
130012  23.044  9.930  -47.155 0.0000000000
128576  23.913  9.730  -46.696 0.0000000000
84495  25.649  9.816  -46.474 0.0000000000
140563  26.498  10.159  -46.616 0.0000000000
85450  27.591  10.588  -48.142 0.0000000000
91828  20.145  17.663  -48.308 0.0000000000
142844  21.618  18.004  -48.619 0.0000000000
92570  22.371  18.332  -48.777 0.0000000000
71792  23.138  -2.537  -50.547 0.0000000000
70854  23.860  -3.344  -50.911 0.0000000000
150124  25.509  -4.210  -50.311 0.0000000000
143676  25.730  -4.322  -50.766 0.0000000000
126449  26.652  -5.223  -50.826 0.0000000000
125857  26.995  -5.534  -50.216 0.0000000000
125858  27.803  -5.168  -50.034 0.0000000000
73752  28.627  -1.609  -51.417 0.0000000000
72775  29.263  -2.850  -52.447 0.0000000000
72761  29.121  -2.469  -51.830 0.0000000000
73771  30.687  -2.435  -53.787 0.0000000000
71838  31.832  -2.892  -55.150 0.0000000000
73750  30.316  -1.518  -52.279 0.0000000000
72790  31.931  -2.033  -54.823 0.0000000000
70900  33.539  -3.346  -55.292 0.0000000000
74741  25.973  -1.336  -49.900 0.0000000000
128031  26.555  -1.522  -50.281 0.0000000000
74739  27.141  -1.080  -50.541 0.0000000000
75717  26.104  0.866  -48.739 0.0000000000
75733  26.829  -0.073  -50.192 0.0000000000
74750  27.961  -0.872  -50.946 0.0000000000
75743  28.057  0.055  -50.935 0.0000000000
76726  28.012  0.957  -51.048 0.0000000000
75742  28.661  0.408  -51.362 0.0000000000
77698  27.402  2.609  -49.513 0.0000000000
76718  28.028  1.869  -51.118 0.0000000000
76725  28.641  1.336  -51.547 0.0000000000
77715  28.727  2.243  -51.588 0.0000000000
129344  29.656  3.476  -51.836 0.0000000000
81466  25.268  6.620  -46.393 0.0000000000
81477  26.962  6.396  -46.818 0.0000000000
81488  27.593  6.251  -47.653 0.0000000000
82492  27.553  7.705  -47.845 0.0000000000
147361  28.370  6.520  -48.985 0.0000000000
137612  28.551  5.743  -49.124 0.0000000000
80534  28.894  5.551  -49.933 0.0000000000
139653  21.394  12.764  -48.774 0.0000000000
148307  23.062  18.568  -48.903 0.0000000000
92569  23.873  18.415  -48.840 0.0000000000
142608  23.225  17.987  -48.600 0.0000000000
133806  23.355  17.094  -48.294 0.0000000000
140159  22.893  16.218  -48.186 0.0000000000
90060  22.467  15.381  -48.287 0.0000000000
90963  25.270  16.338  -47.838 0.0000000000
140821  23.472  15.509  -47.857 0.0000000000
89106  22.848  14.791  -48.077 0.0000000000
88166  22.201  13.721  -48.398 0.0000000000
141575  22.095  13.090  -48.438 0.0000000000
87214  22.774  12.755  -47.923 0.0000000000
137617  23.617  12.332  -47.435 0.0000000000
86329  24.760  12.212  -46.933 0.0000000000
88165  26.747  13.709  -47.953 0.0000000000
88140  26.399  13.149  -47.415 0.0000000000
87211  26.636  12.395  -47.204 0.0000000000
138216  27.243  12.182  -47.625 0.0000000000
86355  27.594  11.390  -48.768 0.0000000000
67771  22.023  -8.511  -47.321 0.0000000000
67770  22.946  -8.940  -47.680 0.0000000000
68850  20.730  -5.850  -50.563 0.0000000000
68861  23.348  -6.325  -51.091 0.0000000000
68849  22.563  -6.884  -50.930 0.0000000000
68834  22.118  -7.447  -50.204 0.0000000000
67783  22.745  -8.913  -49.186 0.0000000000
67782  23.273  -9.445  -48.811 0.0000000000
71835  29.042  -3.167  -53.428 0.0000000000
70897  29.809  -4.040  -54.124 0.0000000000
70890  29.897  -4.964  -53.630 0.0000000000
69990  31.431  -5.120  -54.146 0.0000000000
69984  30.839  -5.364  -53.470 0.0000000000
69971  28.801  -5.434  -52.259 0.0000000000
125853  28.525  -5.677  -51.698 0.0000000000
67754  22.143  -8.665  -46.766 0.0000000000
67790  24.954  -9.539  -50.255 0.0000000000
67796  23.973  -8.925  -50.553 0.0000000000
68833  25.631  -8.645  -50.212 0.0000000000
68847  25.305  -7.699  -50.613 0.0000000000
68858  29.221  -6.108  -51.651 0.0000000000
68859  25.879  -5.702  -51.107 0.0000000000
68862  22.316  -5.918  -51.174 0.0000000000
69965  21.698  -5.139  -51.356 0.0000000000
69969  30.156  -5.689  -52.673 0.0000000000
69970  29.465  -5.723  -52.297 0.0000000000
69983  31.910  -5.570  -53.342 0.0000000000
69985  29.312  -5.229  -52.901 0.0000000000
70838  24.813  -3.664  -50.148 0.0000000000
70853  24.754  -3.785  -50.533 0.0000000000
70868  22.194  -4.246  -51.257 0.0000000000
70891  28.585  -4.743  -52.755 0.0000000000
70892  28.137  -4.372  -52.424 0.0000000000
71802  22.599  -3.090  -51.069 0.0000000000
71803  21.576  -3.413  -51.193 0.0000000000
71825  29.142  -3.686  -53.632 0.0000000000
71826  28.524  -3.816  -53.134 0.0000000000
71833  30.408  -3.250  -54.325 0.0000000000
71834  29.574  -3.156  -54.076 0.0000000000
71837  32.956  -2.596  -55.300 0.0000000000
71839  31.137  -3.109  -54.890 0.0000000000
72750  22.108  -2.261  -50.841 0.0000000000
72751  21.229  -2.506  -51.014 0.0000000000
72760  29.735  -1.955  -52.167 0.0000000000
72764  21.125  -2.823  -51.099 0.0000000000
72773  30.908  -2.240  -52.656 0.0000000000
72776  28.516  -3.454  -51.886 0.0000000000
72782  31.750  -2.651  -53.831 0.0000000000
72783  31.089  -2.797  -53.258 0.0000000000
72784  29.718  -2.511  -53.486 0.0000000000
72785  29.068  -3.043  -52.924 0.0000000000
72791  29.983  -2.560  -54.132 0.0000000000
72798  32.597  -2.238  -55.171 0.0000000000
72799  32.068  -2.218  -55.168 0.0000000000
72800  30.928  -2.580  -54.370 0.0000000000
73747  25.660  -2.048  -49.860 0.0000000000
73751  29.455  -1.611  -51.820 0.0000000000
73762  31.098  -2.475  -53.942 0.0000000000
73763  30.280  -2.275  -53.736 0.0000000000
73769  32.096  -1.979  -55.022 0.0000000000
73770  31.700  -2.232  -54.654 0.0000000000
73772  30.051  -2.457  -53.599 0.0000000000
74740  26.510  -0.869  -50.138 0.0000000000
75724  26.353  0.475  -49.564 0.0000000000
75732  27.419  0.537  -50.599 0.0000000000
75741  29.314  0.727  -51.802 0.0000000000
75753  29.903  0.979  -52.142 0.0000000000
76692  26.331  1.977  -47.508 0.0000000000
76704  25.990  1.202  -47.746 0.0000000000
76711  26.976  1.869  -49.937 0.0000000000
76712  26.547  1.341  -49.355 0.0000000000
77714  29.469  2.638  -51.982 0.0000000000
78604  27.661  3.766  -48.491 0.0000000000
78605  26.822  3.924  -47.194 0.0000000000
78606  26.157  3.334  -46.779 0.0000000000
78617  28.154  3.848  -49.242 0.0000000000
78627  27.709  3.255  -49.143 0.0000000000
78641  29.016  3.110  -51.341 0.0000000000
79572  27.302  4.703  -47.432 0.0000000000
79585  28.094  4.390  -48.759 0.0000000000
79605  29.013  4.564  -50.348 0.0000000000
80506  24.810  5.293  -46.423 0.0000000000
80508  23.322  5.817  -46.835 0.0000000000
80524  27.733  5.360  -47.859 0.0000000000
81465  26.251  6.967  -46.478 0.0000000000
81468  23.695  6.342  -46.781 0.0000000000
81487  28.123  6.030  -48.409 0.0000000000
81509  28.946  6.303  -50.491 0.0000000000
82483  24.601  7.270  -46.547 0.0000000000
82493  27.194  7.799  -47.198 0.0000000000
82502  28.260  7.168  -49.432 0.0000000000
83516  24.893  8.102  -46.485 0.0000000000
83528  26.993  8.522  -46.975 0.0000000000
83529  24.217  8.779  -46.696 0.0000000000
84494  26.605  9.325  -46.735 0.0000000000
84496  24.768  9.514  -46.521 0.0000000000
84513  27.295  10.099  -47.154 0.0000000000
85433  25.761  10.687  -46.522 0.0000000000
85436  21.661  10.167  -48.158 0.0000000000
85451  27.377  10.960  -47.281 0.0000000000
85453  21.297  10.781  -48.492 0.0000000000
86332  22.349  11.536  -47.869 0.0000000000
86339  27.065  11.647  -47.073 0.0000000000
87212  25.751  12.649  -47.032 0.0000000000
87213  25.024  12.938  -47.146 0.0000000000
87227  27.459  12.315  -48.424 0.0000000000
88141  26.189  13.763  -47.534 0.0000000000
88144  22.742  13.448  -48.025 0.0000000000
88167  21.450  13.607  -48.779 0.0000000000
89090  24.563  14.387  -47.483 0.0000000000
89092  22.762  14.119  -48.071 0.0000000000
89107  22.066  14.465  -48.476 0.0000000000
89137  26.934  14.596  -50.875 0.0000000000
90052  24.440  15.183  -47.560 0.0000000000
90067  27.126  15.119  -50.080 0.0000000000
90068  26.959  15.619  -49.399 0.0000000000
90964  24.467  16.030  -47.671 0.0000000000
90970  26.344  16.734  -48.760 0.0000000000
90971  25.628  16.877  -48.322 0.0000000000
90972  24.558  16.888  -48.117 0.0000000000
90973  21.152  16.421  -48.558 0.0000000000
90975  19.600  16.503  -48.392 0.0000000000
90981  26.750  16.445  -49.529 0.0000000000
91827  20.820  17.770  -48.510 0.0000000000
91846  25.922  17.985  -51.762 0.0000000000
92568  24.784  18.187  -48.915 0.0000000000
92581  24.479  18.812  -49.282 0.0000000000
125851  27.191  -5.070  -50.218 0.0000000000
125855  28.148  -5.145  -52.141 0.0000000000
126417  26.721  -5.604  -49.424 0.0000000000
126474  25.406  -4.774  -51.144 0.0000000000
132781  20.943  18.420  -48.647 0.0000000000
132822  24.312  12.843  -47.323 0.0000000000
134259  34.089  -2.728  -55.365 0.0000000000
136996  21.569  -6.524  -50.517 0.0000000000
137546  24.763  6.035  -46.450 0.0000000000
137583  22.037  12.289  -48.305 0.0000000000
138541  21.217  15.816  -48.595 0.0000000000
139548  26.721  2.291  -48.187 0.0000000000
139672  29.189  -4.404  -53.359 0.0000000000
139685  32.977  -4.421  -54.899 0.0000000000
139906  26.945  7.232  -46.818 0.0000000000
140415  25.363  5.856  -46.382 0.0000000000
142312  31.587  -2.578  -55.066 0.0000000000
145001  26.602  5.612  -46.653 0.0000000000
145345  27.485  -0.268  -50.637 0.0000000000
146143  24.738  3.460  -46.454 0.0000000000
149700  26.292  14.272  -47.750 0.0000000000
149736  25.891  -7.071  -50.490 0.0000000000
150022  28.674  -3.390  -53.088 0.0000000000
153078  26.840  15.452  -48.903 0.0000000000
